test suite1
bestAPFD:0.932588
bestSuite:1908,2966,3976,4090,4112,2598,1771,1468,3808,3099,1837,1246,356,2618,4017,2276,3010

test suite2
bestAPFD:0.929066
bestSuite:1947,3251,2754,93,342,561,3605,4092,810,4127,1161,697,3853,3912,1809,1806,1387,1940

test suite3
bestAPFD:0.915925
bestSuite:1791,2604,4068,2759,4081,2138,4125,3925,3940,2352,3752,3175,2360,313,2514,2508,184,3667,2513,2507,3109,746

test suite4
bestAPFD:0.927308
bestSuite:3159,1854,2474,739,4073,799,4120,3257,2132,1612,1096,2594,236,2926,3719

test suite5
bestAPFD:0.935350
bestSuite:1947,3731,4104,2246,2559,4088,2393,3343,1512,1901,778,3417,2311,1390,3657,3208,3078,1108

test suite6
bestAPFD:0.928366
bestSuite:1908,2336,4077,2712,4120,1724,739,1070,1910,3138,3510,1576,2576,3848,4030

test suite7
bestAPFD:0.935859
bestSuite:2786,1908,4127,3403,3882,4099,3379,2367,1804,3811,3454,45,3112,3245,2725,1988,1181,1911

test suite8
bestAPFD:0.930930
bestSuite:2986,4006,793,4114,82,4076,3856,1332,3006,3551,1430,1824,3386,2074,2271

test suite9
bestAPFD:0.924426
bestSuite:1908,164,2968,3198,4084,82,3788,4127,3426,1669,4061,1768,2170,3312,2891,3006

test suite10
bestAPFD:0.931388
bestSuite:2425,1947,3352,687,3788,4116,4077,2340,1945,3684,3919,3002,979,2269,3178,1972,2419,643

test suite11
bestAPFD:0.926399
bestSuite:1908,2254,4075,2533,3762,4130,3913,2610,3816,4046,868,353,3709,64,1620

test suite12
bestAPFD:0.906261
bestSuite:3272,2716,2500,3683,3497,1983,2376,191,4106,3661,2021,3838,1604,224,1781,1072,2035,4073,3925

test suite13
bestAPFD:0.929247
bestSuite:1947,2512,2375,4094,4114,846,2644,2146,776,3503,1997,1486,3332,301

test suite14
bestAPFD:0.933685
bestSuite:1947,3669,2568,4078,4104,806,861,2487,725,3347,948,1546,531,3937,2424,2714,1788

test suite15
bestAPFD:0.917255
bestSuite:2524,3752,2056,1723,3325,1450,2300,4121,99,2964,3518,3283,2246,2098,946,958,3928,2806,617

test suite16
bestAPFD:0.931484
bestSuite:2166,2986,82,2291,4085,2500,4125,3146,909,2146,3767,3050,3791,1749

test suite17
bestAPFD:0.909316
bestSuite:2842,3655,2718,3860,164,4101,2338,1977,3752,1283,3278,2704,3437,4075,3069

test suite18
bestAPFD:0.930933
bestSuite:2524,1795,3438,311,1908,4091,4117,1093,3891,1995,3425,1676,1716,2848,1097,3699

test suite19
bestAPFD:0.931049
bestSuite:3565,1947,4111,149,3577,4088,2834,636,1732,3185,3956,3719,2982,2871

test suite20
bestAPFD:0.933866
bestSuite:2786,1658,2989,4076,2186,3667,4123,2067,3359,3771,2419,2411,3135,1711,788,2424,3218,3480,2514

test suite21
bestAPFD:0.931941
bestSuite:2621,2986,2610,2291,4088,909,4119,2526,3356,1882,847,923,324,4067,2902,1716,1377

test suite22
bestAPFD:0.911588
bestSuite:2084,2141,2926,1884,1979,4084,224,967,2480,2535,38,4116,3108,2839,2811

test suite23
bestAPFD:0.925108
bestSuite:2986,3860,1482,2788,4078,4104,474,1751,3436,846,3459,2716

test suite24
bestAPFD:0.922153
bestSuite:1658,3594,99,3457,3938,2291,2076,4076,3683,963,4129,1721,1540,874,234

test suite25
bestAPFD:0.920128
bestSuite:2650,2729,2830,3683,1668,2931,2627,4123,4073,4007,2539,3289,1587,960,3029,741,3486,2248

test suite26
bestAPFD:0.905663
bestSuite:3112,2451,2377,3976,1832,3683,4072,2732,2361,4123,3686,3910,1472,732,3156,2439,3145,124,803,4011,3290

test suite27
bestAPFD:0.915825
bestSuite:3731,1444,1906,2098,3885,4121,3752,4094,2568,3510,3224,360,1861,3853,3317,291

test suite28
bestAPFD:0.930383
bestSuite:1618,3101,2729,1120,4110,3051,4093,3476,3351,1910,2415,2494,3666,1380,1594

test suite29
bestAPFD:0.930174
bestSuite:3565,2986,391,2512,2364,4084,4111,3325,3207,3676,2419,3233,1600,3118

test suite30
bestAPFD:0.934041
bestSuite:3292,3456,3050,2610,4097,4104,3838,293,1629,3012,3471,433,977,3886,3170,3942,1385,1542,3750,3137,575,2333

test suite31
bestAPFD:0.911843
bestSuite:1947,2731,3913,99,4087,4112,2347,3427,2082

test suite32
bestAPFD:0.922323
bestSuite:1908,1444,3156,4077,583,4127,3910,1619,3803,3444,58,2367,1885,3800,1543

test suite33
bestAPFD:0.915393
bestSuite:2621,3688,901,2439,4101,3752,674,2291,4098,722,3268,3550,3638,826

test suite34
bestAPFD:0.935823
bestSuite:2222,2731,2696,4077,4105,2598,3595,1716,663,3502,2571,2301,153,2523,1135,3510

test suite35
bestAPFD:0.923554
bestSuite:3528,4042,4096,739,2926,2961,3883,3919,3359,2211,4120,3138,3638,2884,869,102,328,1324,718

test suite36
bestAPFD:0.932267
bestSuite:3786,1658,3976,4119,2749,4097,2524,3496,2572,3878,2805,2435,2509,1080,3215

test suite37
bestAPFD:0.934387
bestSuite:3292,2291,2610,4114,4085,3883,1020,1801,2053,3159,2041,1593,3069,421,2723,3895,1721,860,2062

test suite38
bestAPFD:0.931281
bestSuite:1947,3175,2147,93,3014,2964,2424,4109,1594,17,2839,2494,3225,2377,2815,1083,3908

test suite39
bestAPFD:0.934683
bestSuite:2222,2610,3905,814,4118,4087,3598,1474,561,3314,611,170,1218,829,2839,2463

test suite40
bestAPFD:0.931295
bestSuite:1908,3684,3527,921,2788,4080,2988,4114,2524,3819,2707,3062,648,582,2931,1045,1239,632

test suite41
bestAPFD:0.934053
bestSuite:2181,1947,4094,2910,223,4107,855,2734,3090,3341,1536,279,3332,3766

test suite42
bestAPFD:0.902073
bestSuite:3214,3683,3007,1824,4096,2568,3250,4128,2365,3911,1164,3132,3268,3563,3867,3198,253,3161

test suite43
bestAPFD:0.928674
bestSuite:1854,2564,4090,3454,311,971,2269,2102,4123,3535,2148,2915,849,2613,1558,400,381,1713

test suite44
bestAPFD:0.937198
bestSuite:2181,1854,4088,149,4113,1853,3808,2060,2768,752,1840,631,3371,2550,207,1333,3704,3699,1804

test suite45
bestAPFD:0.924295
bestSuite:2215,3686,1463,2246,4085,4123,224,3033,3930,2081,2333,3266,4007,743,3382,3538,186

test suite46
bestAPFD:0.912379
bestSuite:3856,2926,1579,2514,2376,2262,2026,4092,1885,3447,4111,2666,2439,3675,81,334,1326,2734,739

test suite47
bestAPFD:0.931987
bestSuite:3292,3655,3860,2514,4107,4092,1543,4005,2816,3660,591,1480,2419,1734,3129,3498

test suite48
bestAPFD:0.913427
bestSuite:1618,2844,4063,3655,4117,759,4079,386,2357

test suite49
bestAPFD:0.908506
bestSuite:3688,3112,2389,716,4116,4091,3175,2926,861,3822,3853,1282,3974,77,220,2248,4063

test suite50
bestAPFD:0.925231
bestSuite:1658,3855,4130,3066,4078,3788,3033,904,784,1426,2407,809,2873,2023,3712,2325,345,2749

test suite51
bestAPFD:0.933258
bestSuite:3292,2474,3883,4105,4082,3732,2166,126,2170,654,734,3874,1478,1449,441,2930,3483,2840

test suite52
bestAPFD:0.931615
bestSuite:1618,3854,4075,2474,2375,4129,3050,1927,185,3740,1896,3217,2065,2262,1428

test suite53
bestAPFD:0.933960
bestSuite:1947,2363,4088,4125,93,3033,2490,2485,1745,2589,1788,2646,3762,2509,310,2630,3246,2078,1418,31,2795,4024

test suite54
bestAPFD:0.926534
bestSuite:1908,3004,2554,1526,3576,4080,1633,4127,1936,334,1625,2778,2963,3241,2944,2043,1785

test suite55
bestAPFD:0.922253
bestSuite:3565,1980,646,1714,2474,2472,4079,4125,3825,785,3947,286,3070,3872,3683

test suite56
bestAPFD:0.936077
bestSuite:2222,4096,2375,2474,2762,3198,4118,2560,2205,1463,1579,747,1451,866,3762,2646,3099,419,386,855

test suite57
bestAPFD:0.931200
bestSuite:1947,2830,4094,2598,2449,4130,2966,2327,1704,1434,2796,1705,2395,2021,3684,276

test suite58
bestAPFD:0.935138
bestSuite:2222,1968,3175,4129,4091,570,1447,2888,831,3814,433,344,955,2356,2040,4013,3894,2950

test suite59
bestAPFD:0.912100
bestSuite:2842,1556,1939,2788,1898,3752,3812,2598,2605,4097,2839,653,4117,3165,2072,2007,2349,1535

test suite60
bestAPFD:0.932485
bestSuite:1618,2473,3070,99,4085,3214,3507,4116,3268,3813,1492,3564,750,2686,1037,3026,3619

test suite61
bestAPFD:0.920326
bestSuite:2284,2896,3051,2747,3803,4091,3112,4117,2926,2698,1436,3564,1977,2177,1252,423

test suite62
bestAPFD:0.935353
bestSuite:2181,4084,2986,2610,1886,4124,313,3207,2367,1555,3993,2401,1733,2171,1531,3750,1362,3651,3095,1229

test suite63
bestAPFD:0.933665
bestSuite:2986,2502,570,4114,4082,3050,2840,2336,583,1827,2712,943,3867,2820,3237

test suite64
bestAPFD:0.908112
bestSuite:1658,3860,3606,4080,2376,4127,2642,3160,3077

test suite65
bestAPFD:0.896294
bestSuite:2208,3050,3752,3738,4023,983,3203,2492,3524,4042,3005,4086,3940,4110,406,3176,2674,3357,738,933,3462,3714

test suite66
bestAPFD:0.908298
bestSuite:2080,1822,863,2141,3911,4105,3345,774,2953,2926,4098,3131,3533,240,556,3785,518,135,2902

test suite67
bestAPFD:0.909592
bestSuite:1463,2363,2762,4083,2486,726,308,4104,751,3503,2396,3319

test suite68
bestAPFD:0.933319
bestSuite:1618,3819,2696,3527,4084,106,2011,4124,1990,389,985,3184,2515,2950,2235,1369,427,1400

test suite69
bestAPFD:0.934957
bestSuite:2222,3803,1952,4097,589,2925,4118,3768,3609,633,3014,1877,3534,2590,549,2839,895

test suite70
bestAPFD:0.932832
bestSuite:3292,2246,3605,659,311,4110,4080,3285,3101,379,2083,2511,36,40,2122,2922,3141,723

test suite71
bestAPFD:0.926159
bestSuite:3883,2474,2650,3683,4100,4046,4107,3639,170,3439,2909,3316,3010,2057,1061,1596,1873,3885

test suite72
bestAPFD:0.925034
bestSuite:2986,2514,3187,2375,1642,4101,2656,4063,3932,2316,3850,3207,3339,4075

test suite73
bestAPFD:0.931721
bestSuite:1947,2604,4075,468,3359,4108,80,1480,3190,3745,2824,1445,2842,37,1490

test suite74
bestAPFD:0.929225
bestSuite:1854,2512,2092,4078,3767,93,1636,4102,1912,2557,2968,3644,801,2185,2694,2000,3066,706

test suite75
bestAPFD:0.932479
bestSuite:2166,1854,3940,3655,4102,4073,3452,3410,2500,2339,3691,2716,1472,1084,4039

test suite76
bestAPFD:0.932302
bestSuite:2986,3688,2788,1589,4077,4116,2515,727,1986,1626,669,119,2920,525,3354,1606,3520

test suite77
bestAPFD:0.934131
bestSuite:3292,646,3792,3888,4087,4129,3808,2104,3858,2495,911,3804,1894,3912,3373,1785,1530

test suite78
bestAPFD:0.911412
bestSuite:4039,2775,2264,3683,3380,2480,4075,3021,4118,3910,1978,2393,3332,2823,335,3252

test suite79
bestAPFD:0.924269
bestSuite:1908,3031,1872,2512,2842,3940,520,4088,2165,995,1606,2379,4060,3332,4128

test suite80
bestAPFD:0.919416
bestSuite:1658,2775,1741,350,1724,4086,149,1580,1053,4117,497,1464,399,1191,2694,3075,3540

test suite81
bestAPFD:0.934564
bestSuite:2222,3050,3688,4082,2599,3251,4109,3198,3282,3133,3145,2759,3060,578,2612,2732,2550,3105,2197

test suite82
bestAPFD:0.929163
bestSuite:1908,2696,2907,2552,4077,646,4112,2348,2576,3510,875,2141,2962,1449,2796,2744,3442,2101,374

test suite83
bestAPFD:0.934854
bestSuite:2986,2450,4128,2375,4077,1933,1881,3576,2469,955,3142,946,433,3815,1507,455

test suite84
bestAPFD:0.920416
bestSuite:1908,2974,1681,2579,3655,821,4077,570,4101,2119,3100,2830,3828,1840,855

test suite85
bestAPFD:0.907737
bestSuite:2254,1791,1619,3463,2926,2436,1526,4093,3352,972,4130,3659,186,2377,2515

test suite86
bestAPFD:0.928603
bestSuite:1854,2509,3976,690,55,4078,4119,3410,312,3489,2338,2760,3428,344,2330,227,1671,1161,1396

test suite87
bestAPFD:0.918576
bestSuite:2336,1597,3752,2030,4088,1781,4124,2729,93,505,839,2857,2083,79,2381,3875,2764,3365

test suite88
bestAPFD:0.934313
bestSuite:2639,1658,4078,3438,3472,4104,812,2356,1447,1825,3358,1539,90,553,305,3520,874

test suite89
bestAPFD:0.929650
bestSuite:1618,3303,4077,2474,2650,4126,877,3907,3792,484,1976,3410,3070,2114

test suite90
bestAPFD:0.909804
bestSuite:3476,1551,4128,2706,1761,1998,2520,308,3577,1339,2926,4084,3483,3155,312,2703,933,3354,3750,90,1938,1226

test suite91
bestAPFD:0.926625
bestSuite:1618,3298,3803,4108,646,4074,2347,2356,1494,2036,1229,2947

test suite92
bestAPFD:0.932795
bestSuite:3292,3976,3051,2141,4118,4074,1771,3421,1627,1500,2783,3184,506,1619,3313,473,3125

test suite93
bestAPFD:0.911044
bestSuite:1463,2762,2138,312,4097,1596,82,1858,2376,2211,2989,3112,974,1919,3323,868,4102,3793,952

test suite94
bestAPFD:0.932619
bestSuite:2181,4077,3752,1805,2657,4117,391,2336,3765,2863,2514,2405,3001,1511,286,4009,576,1042,3920

test suite95
bestAPFD:0.933543
bestSuite:1618,3688,3251,4117,4094,3381,3142,3343,153,3239,2720,3966,2407,3955,1066

test suite96
bestAPFD:0.926508
bestSuite:1908,1423,3940,3187,3033,4074,4104,1647,3977,3016,846,1800,2750,3336

test suite97
bestAPFD:0.919608
bestSuite:3292,2788,3565,3688,4084,4105,2430,3216,827,849

test suite98
bestAPFD:0.896155
bestSuite:1642,3648,3683,3303,1806,3632,2991,468,4042,4127,138,1925,4090,779,2338,259,1596

test suite99
bestAPFD:0.933863
bestSuite:2986,2524,149,4119,2186,4090,3753,3227,2461,2341,1612,3388,3749,1244,1696,1500

test suite100
bestAPFD:0.929423
bestSuite:3796,1463,3979,2568,1861,4085,4128,923,3572,3675,2338,2630,3076,3621,1792,3878,2719,3955,855

test suite101
bestAPFD:0.935309
bestSuite:1618,3669,4084,4117,3913,909,433,1494,2515,2411,2621,2291,3981,2684,642,2518,1329

test suite102
bestAPFD:0.917477
bestSuite:3033,1499,3636,223,3766,2291,2926,4099,4111,2141,3349,4026,2073,3745,2948,1392,393

test suite103
bestAPFD:0.896838
bestSuite:3688,2716,1481,3752,3010,963,4106,3394,1478,2217,1964,2721,3788,2317,3354,2654,4088

test suite104
bestAPFD:0.912313
bestSuite:1463,2907,646,3976,4112,2010,2229,3920,3975,2369,4072

test suite105
bestAPFD:0.929068
bestSuite:3860,1658,1520,4072,3187,2177,4103,1888,743,2684,4061,2047,727,3551,1342,3217,924,3754,531,1193,1277,1863

test suite106
bestAPFD:0.932133
bestSuite:3292,1637,3476,2964,2749,4130,3888,3786,3562,1896,494,3941,2837,605,3197,3302,3435,928

test suite107
bestAPFD:0.917509
bestSuite:1463,3185,2509,3413,3688,2474,3217,4117,2716,4093,395,1783,2573,3205,2971

test suite108
bestAPFD:0.930174
bestSuite:1908,1749,3662,99,2568,2769,4122,4096,3184,2849,3919,3895,1319,874,1006,3647,2150

test suite109
bestAPFD:0.929075
bestSuite:2786,3267,2566,4075,2926,3398,2117,2547,2956,4118,2354,1634,223,3909,1169,189

test suite110
bestAPFD:0.932636
bestSuite:1947,2502,4106,4072,290,2098,2404,484,3364,2839,1836,3322,2789,2822,1506,2535,2423,3630,978,1359

test suite111
bestAPFD:0.931195
bestSuite:1854,3586,2568,4098,224,4103,1607,3000,3313,2152,2520,3363,3966,3619,3690,1583,2317

test suite112
bestAPFD:0.921423
bestSuite:2768,3883,3752,4121,3860,3187,4073,763,1528,4046,2896,2393

test suite113
bestAPFD:0.909244
bestSuite:3398,907,2373,1677,3403,2754,3752,2002,224,4129,3748,4077,2209,3613,426,3417,4066,2262

test suite114
bestAPFD:0.936019
bestSuite:2786,1908,4072,4104,2474,2514,2182,2164,3516,3719,2658,3317,2544,3071,3527,2150,261

test suite115
bestAPFD:0.930497
bestSuite:2731,1463,2650,4094,4110,2729,2880,3217,1479,1720,958,2171,2439,1663,1972,900,1731,3964,2620,1330,2025,3787

test suite116
bestAPFD:0.923190
bestSuite:1854,3163,3503,3712,2473,224,3104,4128,4083,3778,2428,352,3493,3755,1943

test suite117
bestAPFD:0.907132
bestSuite:3033,3200,2926,1797,4100,2749,4113,2467,2278,283,3020,3976

test suite118
bestAPFD:0.931903
bestSuite:3565,1658,3975,4126,1526,308,2834,1980,4073,552,172,3966,2777,1698,3166,2023

test suite119
bestAPFD:0.909583
bestSuite:3476,2117,4002,1486,712,4124,3640,1443,3752,2554,3582,4099,2193,3343,3700,2283,2341,2862

test suite120
bestAPFD:0.908205
bestSuite:1494,3203,2926,1511,993,2469,3905,2094,4090,934,4114,2073,2092,3977,2718,739

test suite121
bestAPFD:0.922518
bestSuite:1487,2830,1526,2860,4118,3911,3683,3223,1629,3100,3210,2798,2931,4088,1732,4028,304,3537,2868

test suite122
bestAPFD:0.929431
bestSuite:1854,3480,3810,1526,4113,391,2759,2964,3510,5,4020,3649,1582,1411,979,3213,1875,2855,81,3615,3910

test suite123
bestAPFD:0.926778
bestSuite:1854,2254,93,3803,4112,3320,4095,2071,2665,2084,56,1799,3033,497

test suite124
bestAPFD:0.929603
bestSuite:1658,3276,2186,3910,4078,3586,3028,3283,2067,1601,732,896,3394,2391,585,2036,1085,4109

test suite125
bestAPFD:0.921976
bestSuite:3731,2351,3338,3752,4115,814,2902,2363,4073,2401,2974,1960,1744,2527,1948,2118,598,3781

test suite126
bestAPFD:0.934993
bestSuite:2639,1658,739,3251,4086,3505,4126,737,45,1468,754,3012,3332,1984,2578,1729,1892,1106,1103,142

test suite127
bestAPFD:0.934584
bestSuite:3292,3456,2610,3050,4118,4074,3502,4005,983,1726,1805,2849,2934,2023,3303,3526,2818,2026

test suite128
bestAPFD:0.924041
bestSuite:1908,3910,3470,4116,3247,2474,3376,780,3189,300,3205,3994,2514,4087,580

test suite129
bestAPFD:0.927665
bestSuite:2524,1658,4106,4074,2598,1724,1877,2104,1395,3598,3318,1603,3844

test suite130
bestAPFD:0.923162
bestSuite:2222,2639,3911,2604,4079,4103,3138,3008,1509,3476

test suite131
bestAPFD:0.935556
bestSuite:2786,1658,4097,1670,2186,4123,1888,3567,1565,2182,2053,2961,989,1525,3433,193,1909,3171,998

test suite132
bestAPFD:0.931453
bestSuite:3292,2621,3669,3605,3788,4098,4109,1512,663,3956,1864,2083,2558,3056,1811,176,2215

test suite133
bestAPFD:0.930794
bestSuite:1854,3175,3979,4117,4082,3074,2527,2367,3464,1821,2269,1551,3454,2720,3122,769,2853

test suite134
bestAPFD:0.933195
bestSuite:2986,2533,2953,3472,4085,3454,4107,2639,1021,2360,865,759,1751,2173,4002,1608,2199,2472

test suite135
bestAPFD:0.905197
bestSuite:3586,2619,1777,3752,3156,224,2604,3033,4077,4107,3022,2553,3376,3275,1811

test suite136
bestAPFD:0.931805
bestSuite:2986,3251,2396,412,4083,4117,1621,1771,1781,3670,755,2351,389,1009,2839,297

test suite137
bestAPFD:0.930937
bestSuite:3292,3655,4127,2830,3911,4092,2500,3101,3371,2082,1788,3719,3378,1968,2693

test suite138
bestAPFD:0.933389
bestSuite:3292,2450,4117,3979,3033,140,4088,1715,654,1733,997,3851,1556,4019,2959,1,2602,3939,2915

test suite139
bestAPFD:0.921781
bestSuite:3223,1736,311,3808,4099,3752,1752,1526,4114,1918,858,671,474,2683,798,3749,862,3928,3392,285,1676

test suite140
bestAPFD:0.909779
bestSuite:3688,3683,1724,2435,1941,3069,2356,4085,3133,236,1805,2576,783,3713,552,562,2300,845,3537,2077,2418,4101

test suite141
bestAPFD:0.927951
bestSuite:1854,2474,3926,468,4094,2347,4128,2570,2658,2830,1021,3632,477,89,3900,1741

test suite142
bestAPFD:0.894417
bestSuite:2435,3979,2816,2016,2356,3683,3538,3772,4119,4080,2294,3617,3672,746,603,2788

test suite143
bestAPFD:0.932190
bestSuite:2181,1463,4099,3352,4130,2552,3313,2182,2389,2379,3126,1993,1878

test suite144
bestAPFD:0.928303
bestSuite:1947,45,287,4082,3547,93,2176,4128,3438,3687,2283,1459,2716,639,2611,30,893,680,1045

test suite145
bestAPFD:0.910846
bestSuite:4006,3033,2926,322,652,2870,2749,4079,290,526,4112,1366,3266,2950

test suite146
bestAPFD:0.929159
bestSuite:2986,2367,4090,3175,2650,4106,1723,2514,2114,3540,1812,3823,3387

test suite147
bestAPFD:0.930679
bestSuite:2986,3686,785,4123,4082,2610,3403,2329,1499,963,118,2830,4061,3180,1213,3376,57

test suite148
bestAPFD:0.934349
bestSuite:2222,3910,4081,3052,3905,4124,1974,2993,2860,826,3050,966,3900,295,2409,3197,3843

test suite149
bestAPFD:0.929580
bestSuite:1947,3417,3403,4099,570,3065,4106,1104,1902,4058,3450,1564,885,1808

test suite150
bestAPFD:0.918598
bestSuite:2768,3112,3752,2512,657,4125,1946,2602,3051,4086,2104,2314,2879,92,3734,2673,3872

test suite151
bestAPFD:0.928492
bestSuite:1854,3684,4081,4122,3644,2554,2816,1791,3096,3426,642,117,3317,2526

test suite152
bestAPFD:0.921371
bestSuite:2284,3824,3644,3883,3683,4116,308,4085,153,671,2177,2114,422,3441,3624

test suite153
bestAPFD:0.931761
bestSuite:1947,3214,55,1678,4104,2291,4092,1821,886,3744,1506,2409,3256,3894,2902,2176,3336

test suite154
bestAPFD:0.919513
bestSuite:1658,2790,3144,4083,2796,2962,961,3401,4130,2515,2602,2598,2004,2293,2480,33

test suite155
bestAPFD:0.934530
bestSuite:2222,2474,646,4080,3567,4110,3887,814,1496,2083,2157,3165,973,3621,1685,950

test suite156
bestAPFD:0.926812
bestSuite:1908,3688,2788,3370,3359,2301,4127,2840,479,3926,3672,3268,2467,949,691,3084,236,4095

test suite157
bestAPFD:0.937999
bestSuite:2222,2375,4090,2450,4108,2155,3458,1714,2396,2902,3627,2371,3653,602,3420,666,3302,1957

test suite158
bestAPFD:0.935860
bestSuite:2222,1716,4085,4042,99,4124,3918,1474,3471,2931,2925,3964,2080,1730,2271,3332,1481,3469,3499

test suite159
bestAPFD:0.929055
bestSuite:1908,3033,2650,3788,4128,2205,4087,3469,3234,523,1934,701,949,3725,146,2547,2670,3338

test suite160
bestAPFD:0.929449
bestSuite:1658,3981,2749,4093,4006,1557,4109,3808,3428,3796,2184,1673,1262,1553,3252,2584

test suite161
bestAPFD:0.928166
bestSuite:3239,3731,3022,3752,3644,2256,4092,3510,4102,3334,331,2143,3616,3858,3975,1239,1297,3205

test suite162
bestAPFD:0.934757
bestSuite:1947,3669,2379,4077,4107,3605,2696,3288,754,3243,3904,2089,679,440,3962,1973,3966,1191,3953,1337,3332

test suite163
bestAPFD:0.929963
bestSuite:1854,4006,739,4089,4109,2117,3632,2946,2870,3767,1911,4019,2902,2138

test suite164
bestAPFD:0.925301
bestSuite:1947,2512,4082,4102,2892,2195,391,688,2256,1650,3384,2059,3492,2685,1158

test suite165
bestAPFD:0.917100
bestSuite:2336,3295,2568,4092,1687,4110,1719,93,3752,1489,2256,2514,3624,1926,2889,1615,2872,871,1637,2833

test suite166
bestAPFD:0.928104
bestSuite:1658,2117,3476,3940,4095,2552,4124,433,2866,2443,3909,714,3448,4007,134,3649

test suite167
bestAPFD:0.929265
bestSuite:1854,3591,2490,4115,4042,1795,55,4098,344,2801,502,1627,1257,2004,297,888,3518,3332,2350,2892,1879,1275,1402

test suite168
bestAPFD:0.936520
bestSuite:2597,2986,4094,4107,2117,55,1844,3337,2373,2716,2374,3156,2381,830,1721,1361

test suite169
bestAPFD:0.903490
bestSuite:2656,3476,1798,2502,2746,1786,55,734,4112,3752,4075,3691,921,806,3173,4055,2602,255,509

test suite170
bestAPFD:0.934979
bestSuite:2986,2037,3788,3688,4073,1808,4126,1864,3033,1940,1555,2615,3609,1689,56,1644,2774,1224,2443

test suite171
bestAPFD:0.934593
bestSuite:3292,2844,4094,2716,4127,3913,2254,795,1453,3544,3831,1525,312,3834,3829,2313,3602,3779,1160,1998,3856

test suite172
bestAPFD:0.935919
bestSuite:2222,4111,2786,4074,2186,3398,1459,996,770,1997,989,1978,400,3384,2557,1322,2623,2283

test suite173
bestAPFD:0.930436
bestSuite:2425,1618,2449,4093,4102,2598,2104,629,2851,1972,1450,2926,504,1709,3937

test suite174
bestAPFD:0.932496
bestSuite:2181,3940,2768,3683,4099,4122,1700,2997,1511,1709,2857,1481,2966,750,2716

test suite175
bestAPFD:0.931247
bestSuite:1658,3159,3905,4112,311,3447,4077,1903,2760,1856,3033,1688,1473,3594,709,235,1599,3210,3862,3027,2492

test suite176
bestAPFD:0.935422
bestSuite:2222,3352,1713,2473,4094,2083,4104,2208,3184,3028,3214,1623,301,2458,942,3893,2925

test suite177
bestAPFD:0.933457
bestSuite:2597,308,3913,3292,3483,4078,4105,1772,2284,685,3050,322,1813,2189,3259,742

test suite178
bestAPFD:0.928844
bestSuite:2768,3227,1854,4092,4101,3803,3352,3427,2492,1904,3743,1785,1366,3619,2081,1931

test suite179
bestAPFD:0.932334
bestSuite:1658,3669,3175,4072,4119,2657,4064,3676,3948,2580,3624,3423,1435,1752,2269,507,3790,195

test suite180
bestAPFD:0.933123
bestSuite:1947,3669,3976,2896,4076,778,4104,1939,2174,3268,1913,2213,2996,3882,1765,1989,680

test suite181
bestAPFD:0.903085
bestSuite:3085,233,3683,3905,322,468,2775,2338,3150,4128,4079,3869,678,2708,2370,2399,45,3904,3130

test suite182
bestAPFD:0.932811
bestSuite:2597,3438,2083,3472,4102,3292,4098,2488,2946,1758,2823,2698,651,2368,1333

test suite183
bestAPFD:0.916281
bestSuite:3731,2480,3476,1604,4112,3752,756,646,999,3311,1832,4081,3301,778,2676,56,287,3017,2073

test suite184
bestAPFD:0.934108
bestSuite:1947,3329,2246,3910,4108,4099,3565,3380,2182,428,2906,1649,1939,3344,1524,2904,3895,527

test suite185
bestAPFD:0.914282
bestSuite:3186,1435,3796,3470,2984,2502,4091,3752,2598,2234,3126,2174,4103,1572,2515,1056,3572

test suite186
bestAPFD:0.932419
bestSuite:3732,1658,4100,2117,4112,3450,1818,3091,2177,1999,3214,3502,3137,3995,1811,1608

test suite187
bestAPFD:0.934553
bestSuite:2222,3112,2786,2500,2512,4090,3320,4110,2946,1920,393,2397,3340,778,3480,3661,60,2149,1894

test suite188
bestAPFD:0.911565
bestSuite:1463,2431,2243,2759,3989,3911,4074,2716,3888,2973,1763,2624,3157,3243,3171,607,1567,2331,4126

test suite189
bestAPFD:0.932811
bestSuite:2639,4080,646,1908,1870,4114,2604,3399,2304,1433,3907,511,2120,3464,762,205,1254,598,378

test suite190
bestAPFD:0.930246
bestSuite:1854,3175,2114,82,3657,4093,4111,1729,2983,3819,2763,3332,1043,3020,964,3048,789

test suite191
bestAPFD:0.933322
bestSuite:1908,2375,4074,2953,4108,3298,2545,3919,670,1954,690,1362,54,2238,2902

test suite192
bestAPFD:0.932731
bestSuite:2986,2683,3669,2964,1724,2256,4119,1861,3534,920,301,3344,3660,556,3145,20,1333,2514

test suite193
bestAPFD:0.933854
bestSuite:3292,2375,3796,2363,4122,2956,4093,3050,3450,3825,1815,1614,934,452,1855,2959,3672,3218,984

test suite194
bestAPFD:0.928890
bestSuite:3292,2473,4123,2514,223,1913,692,3341,3581,4097,1502,2076,511,2619

test suite195
bestAPFD:0.891875
bestSuite:2089,1731,3580,3752,3209,1704,2439,1871,2288,2967,3888,308,2338,4084,3594,2073,3923,1306,4109

test suite196
bestAPFD:0.930252
bestSuite:1947,3688,3399,4118,2568,4095,2092,3425,3223,1976,2490,3636,1871,1870,3306

test suite197
bestAPFD:0.925120
bestSuite:3239,1947,4042,4126,2610,4097,2275,2759,2372,2789,691

test suite198
bestAPFD:0.928700
bestSuite:1908,2114,2731,3765,2749,1724,4091,2469,4123,1329,3033,3800,40,1481,3454,260,2031,1087,2537,3126

test suite199
bestAPFD:0.933315
bestSuite:2986,2117,3051,4109,4087,2953,2864,3932,2083,2779,2471,2938,3726,2602,1440

test suite200
bestAPFD:0.914987
bestSuite:3669,1902,2926,1471,3000,4126,3644,2987,2716,2084,4074,4057,3713,2211,843,2358

test suite201
bestAPFD:0.928821
bestSuite:1947,2186,3987,99,4125,4096,923,859,2625,3439,3753,1689,1014,2386

test suite202
bestAPFD:0.910098
bestSuite:1910,2182,4062,2982,1860,2246,3683,4116,2749,4084,1827,3204,3510,3714,118,1166,3609,2071

test suite203
bestAPFD:0.931531
bestSuite:1947,2037,3910,2246,4084,3233,1432,3351,2839,4107,1974,3557,3757,3113,130,3146,1933

test suite204
bestAPFD:0.927897
bestSuite:1908,2864,411,2953,4093,223,2839,749,3014,3515,275,2560,4108,1290,1768,3987

test suite205
bestAPFD:0.927837
bestSuite:1947,4077,3250,3683,3976,3100,4108,3910,777,1467,3934,3809,497,3605,3797,1307,141,3283

test suite206
bestAPFD:0.931204
bestSuite:2986,2559,4083,1951,4119,391,1970,2997,2696,901,1693,3198,1199,3124,638,3137,2261,3037,3026,3262,78,1360

test suite207
bestAPFD:0.904966
bestSuite:3581,2799,2449,2141,2970,3767,2926,2964,3527,3195,938,291,4103,532,3702,887,2839,659

test suite208
bestAPFD:0.929242
bestSuite:2222,4042,93,1840,4125,2084,3883,2637,4095,564,3191,2089,3623

test suite209
bestAPFD:0.933948
bestSuite:3292,2604,4113,224,4081,2931,1986,3649,3402,3922,2888,1796,3332,2351,1742,3852,2523,596

test suite210
bestAPFD:0.929016
bestSuite:1618,2363,4085,223,743,4120,3942,2731,3623,1717,3112,3834,2860

test suite211
bestAPFD:0.929979
bestSuite:1658,4006,4127,2016,4095,3185,589,791,3576,2360,2505,3252,4068,3699,1117,1569,2671

test suite212
bestAPFD:0.934247
bestSuite:1618,2363,4084,4125,412,1470,1466,3626,3087,4,1539,3624,2127,1282,3653,1972,2921

test suite213
bestAPFD:0.935685
bestSuite:2222,4079,2941,4122,857,2696,224,3367,3247,2410,3870,3859,3332,2584,3223,2660,1381,1370,24

test suite214
bestAPFD:0.913754
bestSuite:2707,2634,1671,2926,290,4086,2514,2512,2501,4121,746,980,3561,1362,3346,1509

test suite215
bestAPFD:0.931202
bestSuite:1618,4006,4096,4108,2844,3050,1727,1579,3701,1879,4040,2862,2839

test suite216
bestAPFD:0.930705
bestSuite:3292,2783,2269,4094,3913,3979,4110,2690,2929,743,2835,2989,613,797,3165,2970

test suite217
bestAPFD:0.932797
bestSuite:3292,1526,4103,4089,2514,2114,2749,3570,3356,2698,1699,829,2796,2687,3449,2137,1131

test suite218
bestAPFD:0.931428
bestSuite:3292,799,4119,3940,4074,2684,3644,937,4069,1968,3469,1356,3883,1762,3283,2196,924,1647

test suite219
bestAPFD:0.908843
bestSuite:3101,2769,1463,2789,1774,4129,2376,4086,224,1555,424,3766,70,151,3071,1818

test suite220
bestAPFD:0.925460
bestSuite:1947,3268,2574,3803,4099,2711,3891,4102,1939,1831,4038,1864,2458,1849,3304,1676,570

test suite221
bestAPFD:0.931835
bestSuite:3292,2844,3187,4089,3343,4110,2335,1713,3808,1612,794,3764,1633,2315,1995

test suite222
bestAPFD:0.932920
bestSuite:1618,3855,3803,3352,4089,4104,4046,2037,1884,1010,818,322,597,341,964,3222

test suite223
bestAPFD:0.932440
bestSuite:3292,3655,2839,4130,976,4087,1877,3352,3272,667,2071,811,3006,2436,2802,2500,1241,2810,457,2395,417

test suite224
bestAPFD:0.929429
bestSuite:1658,2637,3808,4074,4042,149,4125,2010,3534,1587,1080,1009,4038,2077,2454,2665,286,3624,1930

test suite225
bestAPFD:0.924181
bestSuite:3565,1618,3788,4080,3910,4106,826,2950,2509,3319,3694

test suite226
bestAPFD:0.935611
bestSuite:1618,3688,4124,4086,2729,2783,2773,1469,1744,2513,828,1007,422,3053,2023,2073,2207,2795,2602

test suite227
bestAPFD:0.926938
bestSuite:3565,589,1840,3470,2926,2568,4092,1754,4128,2374,2988,3064,3197,3947,958,3056,3531

test suite228
bestAPFD:0.935240
bestSuite:2222,676,3438,4107,2749,4094,3565,751,992,3681,3243,1800,2271,2570,1624,3870,2820,2240,3705,1017

test suite229
bestAPFD:0.911472
bestSuite:1463,2450,1896,4075,93,3734,1770,4130,3656,2533,3692,1903

test suite230
bestAPFD:0.935180
bestSuite:2786,1658,4096,2729,660,4124,1919,2968,3812,3421,681,2064,4017,3624,3378,709,2080,2576,1674,85

test suite231
bestAPFD:0.930024
bestSuite:1947,3032,424,93,2474,4096,3205,4121,1796,2716,625,759,3552,106,130,1530,2147

test suite232
bestAPFD:0.929177
bestSuite:1618,3316,4078,2291,2598,4126,3636,3918,3957,225,3101,1078,1595

test suite233
bestAPFD:0.933061
bestSuite:1908,2729,2375,4086,4105,2872,1021,1686,2973,925,1629,3343,2455,3497,3966,2092,240,1606,2061,3559,1693

test suite234
bestAPFD:0.933517
bestSuite:2181,3669,3752,4072,4112,1830,2020,3832,1711,3533,1829,273,3599,384,3928,3332,2221

test suite235
bestAPFD:0.928015
bestSuite:3678,1724,1487,3268,2926,3979,4113,4093,3369,3225,2325,131,3069,2439,969,727

test suite236
bestAPFD:0.934308
bestSuite:2986,2915,3577,4130,3860,4098,897,1678,811,2425,1621,3033,2484,3473,3942,912,1158,3904,1922

test suite237
bestAPFD:0.932456
bestSuite:3292,2729,4084,2492,149,4105,2377,2716,4014,2327,1810,2567,3419,2547,1605,2254

test suite238
bestAPFD:0.936386
bestSuite:2222,3803,2639,468,4110,4075,3808,1603,1500,2845,2781,3897,1473,460,995,1728,3020,1,1262

test suite239
bestAPFD:0.904817
bestSuite:3033,1951,2926,2716,24,93,1239,4123,2568,2596,3440,1728,1168,4093

test suite240
bestAPFD:0.934168
bestSuite:1618,3688,4104,4091,2502,2194,3268,783,2692,3792,1849,3496,69,1815,3596,1846,1952

test suite241
bestAPFD:0.900334
bestSuite:3780,3313,693,2860,2321,3752,505,2246,3911,3490,4079,4112,2779,294,4046,2594,1799

test suite242
bestAPFD:0.916903
bestSuite:2597,3527,3033,2926,3438,4125,2964,1215,3220

test suite243
bestAPFD:0.930984
bestSuite:1908,2729,4124,4077,3940,3008,1548,2527,3234,2080,1858,1848,330,1720,2196,1676,3387

test suite244
bestAPFD:0.930431
bestSuite:1854,3447,4097,2953,4103,2598,762,3283,3182,3231,2292,587,2269,1571,2585

test suite245
bestAPFD:0.932423
bestSuite:1618,3033,3527,4042,4086,4115,1789,404,2531,2249,2204,2840,3017,1617,1738

test suite246
bestAPFD:0.922172
bestSuite:2731,3403,835,1939,3688,4090,3268,3752,4123,1951,522,3290,3768,684,1198,2590

test suite247
bestAPFD:0.927930
bestSuite:2336,1908,2512,4091,2021,4130,1828,311,3144,2283,2966,871,4041,2830,848,2371,1690,3285,1268,1221

test suite248
bestAPFD:0.934390
bestSuite:2222,4087,2281,3577,3051,3313,2439,4122,1985,137,3210,3506,2471,2109,3675,214,2858

test suite249
bestAPFD:0.936262
bestSuite:2222,3732,1422,3456,4127,4073,2790,3447,2338,739,391,1470,2677,3258,87,1039,2866

test suite250
bestAPFD:0.922150
bestSuite:2509,2215,2926,4080,646,4112,2243,1478,484,3251,334,3510,456,2056,3406,970,1608,633,1217

test suite251
bestAPFD:0.938228
bestSuite:2222,2786,4080,1526,4109,3702,3808,3303,3681,1667,267,2981,975,485,3765,1897,3605,641

test suite252
bestAPFD:0.925715
bestSuite:1854,3843,2291,1928,308,314,4097,892,4104,679,2250,1751,2845,916,641,3262,312,2322,3510

test suite253
bestAPFD:0.935698
bestSuite:2181,1463,4094,3476,3688,4114,3782,980,2217,3642,1480,3071,1988,1530,3848,97

test suite254
bestAPFD:0.915393
bestSuite:3778,3860,709,2926,2269,4074,2668,3788,4117,2194,1180,1884,3935,280,3958,2171,1955,3623

test suite255
bestAPFD:0.932360
bestSuite:1947,2363,93,2964,4106,682,2624,1812,1990,3459,2083,3369,35,1635,1445,2269

test suite256
bestAPFD:0.935304
bestSuite:2222,4056,290,2788,4082,4107,2843,2417,2338,3819,3993,1662,695,1088,2458

test suite257
bestAPFD:0.937240
bestSuite:2222,3979,3175,1713,4108,4090,2716,2425,3432,2586,3032,3600,688,2775,2040,1148

test suite258
bestAPFD:0.925810
bestSuite:1947,3198,3803,3101,4116,3940,2525,4095,2013,1720,3339,779,778,3501

test suite259
bestAPFD:0.904668
bestSuite:2509,1463,2502,847,4078,4111,82,2842,3236,3020,2971

test suite260
bestAPFD:0.934074
bestSuite:3565,2986,3888,4074,82,4111,942,1180,3215,4063,647,3055,1522,3720,2346,3632,1224,1634,1134,2567

test suite261
bestAPFD:0.922955
bestSuite:4006,1463,3576,924,2964,2602,3490,3341,2780,2017,2376,4,223,1430,2173,1391,2197,1753,2309,1150,4117,2926

test suite262
bestAPFD:0.918865
bestSuite:4006,1463,4068,4077,4120,2650,778,2834,3033,1960,4071,2193

test suite263
bestAPFD:0.937135
bestSuite:2222,3979,4099,4115,2502,3426,3887,2327,2338,3218,3720,3459,1501,2632,2903,1938,3969,2287,3607,2562,2815,833

test suite264
bestAPFD:0.922974
bestSuite:1758,4090,2926,2515,3527,2512,1975,21,1169,4130,404,2761,909,2271,117,1669,797,3980,1436,1347,2486

test suite265
bestAPFD:0.931567
bestSuite:1854,4006,4108,55,4096,3858,1824,2037,3784,3719,714,2974,2716,2241,2124

test suite266
bestAPFD:0.928917
bestSuite:1908,3398,2729,2500,4077,4120,3703,3940,1496,1832,2966,2084,1252,1587,865,2513

test suite267
bestAPFD:0.929453
bestSuite:1854,2925,2788,1252,4084,2610,707,2971,3112,2333,3351,4121,1278,1799,3064,177,3996,3712

test suite268
bestAPFD:0.924320
bestSuite:3688,1908,1579,2017,3577,4096,4102,2086,2092,2458,2711,2724,3367,2415,3519,754,3654,2751

test suite269
bestAPFD:0.932889
bestSuite:1618,2450,3515,3527,4099,4119,574,1428,3421,3551,828,2067,626,1720,3332,2394,1884,2050

test suite270
bestAPFD:0.937408
bestSuite:2222,3979,4088,3655,3314,4125,2166,4055,2910,1913,3332,2248,1162,2178,848

test suite271
bestAPFD:0.931807
bestSuite:3292,3577,4107,3472,2083,4096,743,1007,603,1829,1790,864,3230,3847,2983,113,2503,2372

test suite272
bestAPFD:0.925490
bestSuite:1618,2604,3165,2598,4100,4128,2773,1675,2417,3997,1849,2933

test suite273
bestAPFD:0.907173
bestSuite:4006,3347,1666,3004,322,2926,739,3510,4076,4129,3854,2155,3797

test suite274
bestAPFD:0.915726
bestSuite:2155,2572,1071,843,4081,99,2502,4129,2356,513,743,36,3387,407,1282,2526,1388,1682,3696,2754,2926

test suite275
bestAPFD:0.932772
bestSuite:3292,3403,290,2092,4084,4109,3340,1435,3860,3546,1759,2469,1638,1798,2922,2274,3732

test suite276
bestAPFD:0.933064
bestSuite:3565,2650,4072,3251,531,3292,4115,1944,3223,2425,1834,3457,3740,3129,978,2696,3282

test suite277
bestAPFD:0.929452
bestSuite:1908,3191,1526,4073,4119,2316,55,664,898,2389,516,3032,1750,752,2320,3332,3700

test suite278
bestAPFD:0.933436
bestSuite:2986,2757,4122,2953,4096,2077,589,97,3808,3470,1865,2310,1980,2527,1251,2521,135,3601

test suite279
bestAPFD:0.919557
bestSuite:1908,2185,3345,3421,164,2080,589,3403,1376,4117,3716,1449,2120,3028,1619,4085

test suite280
bestAPFD:0.926107
bestSuite:1618,3256,2480,311,4072,4126,816,740,3409,3313,3458,2420

test suite281
bestAPFD:0.932778
bestSuite:2986,4061,2729,4101,4089,3774,1831,3940,1188,2548,1880,1677,3000,3112,2347,1528,2188,414,1687

test suite282
bestAPFD:0.934338
bestSuite:3292,2474,3731,2500,4076,4113,1655,682,1370,946,3510,1769,2501,3804,3130,2436,1579,509,4060,2174,1350,3177,1389

test suite283
bestAPFD:0.932362
bestSuite:1618,2367,3644,55,4123,4078,4008,3450,2709,3273,3956,3520,1926,3492,805,3605,3613,400

test suite284
bestAPFD:0.927794
bestSuite:1658,2500,2372,4077,4116,3051,2011,3803,3534,1510,3491,3043,3757,1606,2546,702,2119,218,3561,3285,3373

test suite285
bestAPFD:0.931331
bestSuite:1618,2568,4083,99,4114,1522,2527,3421,91,2006,917,1509,1603,2935,2193,3633,1539

test suite286
bestAPFD:0.934831
bestSuite:3292,2601,4086,3051,4102,3803,3112,1836,3754,4023,4021,926,2795,1012,3469,3805,575,3101

test suite287
bestAPFD:0.934399
bestSuite:2222,4090,3393,3352,3187,4106,3334,2515,1332,440,2439,3504,868,1980,23

test suite288
bestAPFD:0.919014
bestSuite:1815,3860,1757,3050,4101,4042,4096,3683,1943,2204,636,3198,1937,2868,3529,566,3549

test suite289
bestAPFD:0.931911
bestSuite:1947,3763,4107,4077,646,4005,3803,3231,874,3708,3825,744,3847,3514,2809,761,2083,3689,2888,2766,1669

test suite290
bestAPFD:0.889298
bestSuite:1949,2926,2291,1776,3624,707,1099,570,2092,2964,1904,3138,4111,3619,2271,1542

test suite291
bestAPFD:0.923899
bestSuite:1658,3268,2675,3940,4073,3208,4113,3905,3927,284,1506,2533,879,906,826

test suite292
bestAPFD:0.932339
bestSuite:1947,2092,4109,4074,4025,2650,2246,3223,901,530,3671,732,3078,1452,3938,3115,2600,3447,2754,1935,2040

test suite293
bestAPFD:0.916073
bestSuite:1658,2604,646,1009,3757,3131,4118,996,4074,2478,3984,2076

test suite294
bestAPFD:0.930138
bestSuite:1658,3883,1724,224,4118,4097,3423,2389,3502,1896,2174,373,3765,3274,1984,840

test suite295
bestAPFD:0.923959
bestSuite:1658,2148,3149,4082,3510,4110,1724,3911,3819,3002,1793,3882,1585,2067,4060,2931,1084,1716

test suite296
bestAPFD:0.923036
bestSuite:1658,2650,3091,4077,4129,3891,2376,539,1249,1596,1338,3481,1410

test suite297
bestAPFD:0.930453
bestSuite:3292,1724,93,4119,2839,4079,2121,2216,2665,980,3552,1712,3516,1960

test suite298
bestAPFD:0.933758
bestSuite:3292,3655,4128,82,3398,4075,1911,2215,1827,2559,3174,2180,2011,3948,1797,2406,3208,2260,3914,271

test suite299
bestAPFD:0.888331
bestSuite:3784,2926,3269,2749,3863,3552,450,1161,4042,4087,1676,2269,2866,4114

test suite300
bestAPFD:0.929851
bestSuite:1658,4006,2375,4110,4076,2367,1604,2769,2157,3229,1003,305,2984,3294,2573

test suite301
bestAPFD:0.933612
bestSuite:2222,957,224,4100,2839,3577,4120,1860,653,547,1913,213,1472,3198,2551,3222,1464,3462,2365,1135,2081,1193

test suite302
bestAPFD:0.905067
bestSuite:3576,3976,3531,1421,3882,694,3686,3940,3752,2964,4107,3268,2312,1013,2097,568

test suite303
bestAPFD:0.918093
bestSuite:2768,3683,3294,3438,1771,4114,224,4098,2952,1920,3639,3510,1399,2633

test suite304
bestAPFD:0.936174
bestSuite:2786,2986,2246,4088,4116,2639,3510,832,1761,2811,235,3587,1360,2578,1835

test suite305
bestAPFD:0.920958
bestSuite:3669,3855,2926,3384,4079,2356,4128,3859,3743,2564,1687,744,96,3199,544,1608,102,3388

test suite306
bestAPFD:0.933612
bestSuite:3292,2502,1658,4092,99,4128,2601,3363,271,917,2207,3813,2427,2531,3432,862,368

test suite307
bestAPFD:0.929030
bestSuite:1854,2186,2183,3527,2170,4109,2487,4086,3516,564,1617,3337,1166,911,214,2077,3416,3332

test suite308
bestAPFD:0.906696
bestSuite:2650,3033,2376,2558,3892,3144,2964,3752,4108,1785,836,3725,2602,2863

test suite309
bestAPFD:0.931536
bestSuite:2986,3688,2964,2718,2077,2953,4127,945,3191,2979,3989,3337,2083,1831,1418,606,1103,3968

test suite310
bestAPFD:0.929470
bestSuite:2986,3684,1771,1526,4100,4120,3527,3269,2448,2347,2274,772,2338,100,1683

test suite311
bestAPFD:0.905173
bestSuite:3112,2926,2778,1980,2204,1589,1432,93,4080,3905,1304,1288,3231,4117,2803,419,2796

test suite312
bestAPFD:0.910940
bestSuite:2117,1608,3623,699,3181,3124,3493,2926,3472,4084,4114,3293,2338,828,307,2556,3345,2452,1402,347,1336

test suite313
bestAPFD:0.907164
bestSuite:2363,1597,2084,93,1776,4087,2926,2866,3792,3136,1810,193,3332,4111

test suite314
bestAPFD:0.926392
bestSuite:1908,931,646,3457,3805,3187,4095,4123,966,923,3660,2151,1433,312,2514,4009,2316

test suite315
bestAPFD:0.932899
bestSuite:2986,2182,4129,2788,3051,4097,2697,792,623,3757,1955,295,2902,3676,3961,1997

test suite316
bestAPFD:0.918736
bestSuite:3883,1781,1229,3976,2380,55,3752,4124,2849,2416,994,1451,2675,4079,3521,2757,13,3992,2770

test suite317
bestAPFD:0.917113
bestSuite:3476,2117,1463,1596,4086,55,1969,4103,2485,1737,946,2599,1873,869,462,2602,3582

test suite318
bestAPFD:0.926507
bestSuite:1908,3472,2146,2354,2231,4092,2568,4109,2314,3503,4046,1511,3155,1576,626,2447,235,1140

test suite319
bestAPFD:0.905449
bestSuite:3033,3662,3655,3752,1414,2439,4108,2328,1673,4075,3688,3338,3919,713,2618,795

test suite320
bestAPFD:0.931986
bestSuite:1618,2254,4095,3655,4111,934,2554,824,3695,2514,2282,3800,1998,2754,2778,3540

test suite321
bestAPFD:0.912690
bestSuite:3860,2527,3251,3683,1027,4097,1490,2902,2533,2633,843,712,630,4130

test suite322
bestAPFD:0.930630
bestSuite:1658,2104,4095,2117,4109,3150,224,1877,1931,3685,1764,3605,2018,797,3881,3683,2835,206

test suite323
bestAPFD:0.918497
bestSuite:2524,3738,1613,4128,3910,1710,2473,4081,3796,3248,2501,3752,3850,3736,790

test suite324
bestAPFD:0.931014
bestSuite:1658,2363,2610,4079,2925,2839,2549,4127,1892,1761,1836,1639,20,1074,2837,2971,1133

test suite325
bestAPFD:0.921900
bestSuite:3356,3683,3894,2740,2805,3332,1724,3911,4123,4085,1455,3393,3090,921,1872,340,2560,2626,3105

test suite326
bestAPFD:0.934421
bestSuite:2524,1854,3438,3352,4097,4112,1547,3343,1587,2486,151,1262,3065,3770,2483,3702,1504,2263,3066

test suite327
bestAPFD:0.914065
bestSuite:2986,3669,2936,4098,3976,4113,3207,2973,3275

test suite328
bestAPFD:0.933506
bestSuite:1618,3376,3352,2449,4088,2269,4121,1674,2316,3993,3144,658,3893,3501,2037,1994,1291,170

test suite329
bestAPFD:0.916604
bestSuite:3883,1986,4006,2273,4095,1772,3352,3752,4112,874,3150,3303,2028,67,151,1139

test suite330
bestAPFD:0.933919
bestSuite:3292,2564,4078,3510,2375,4127,2182,1985,1891,2373,1976,3192,3103,2023,2856,1695,2492

test suite331
bestAPFD:0.919037
bestSuite:1854,2649,3979,4089,2788,4125,3054,3978,2716,2082,1222

test suite332
bestAPFD:0.931135
bestSuite:2425,1854,4096,2729,741,4130,3379,2554,655,2698,2216,3901,906,3389,1826,3989,675,1384,2534,535,1631,3489

test suite333
bestAPFD:0.934487
bestSuite:1618,3688,3976,4093,4115,3398,1675,1965,2165,3111,3144,4043,2643,351,896

test suite334
bestAPFD:0.935975
bestSuite:2222,3830,4120,4082,1526,82,2165,3130,961,1193,2601,2216,3600,235,2083,2635,622,1755,1475,3441

test suite335
bestAPFD:0.930327
bestSuite:1658,2461,2964,93,3788,4117,899,2071,2847,3376,910,866,1538,1483,3616,369,2999,1033,3986

test suite336
bestAPFD:0.913841
bestSuite:2621,1658,3472,2580,2568,4118,4091,2847,3697,793

test suite337
bestAPFD:0.927153
bestSuite:1908,2500,3705,2982,4095,3175,55,4124,3683,3560,1552,2533,2901,3687,1803,664

test suite338
bestAPFD:0.901663
bestSuite:2264,3752,1547,2696,1493,3319,1623,4129,2314,2610,2515,3478,4087,1,2796,1130,2627,3867,1688,3178

test suite339
bestAPFD:0.930268
bestSuite:1947,2830,4095,835,2953,99,4121,862,2509,837,3174,2649,314,3327,353,2229

test suite340
bestAPFD:0.933411
bestSuite:3292,2568,4121,3732,1476,2515,3824,4076,3277,2216,1159,3531,1672,697,3197,3166,1427,1504,320

test suite341
bestAPFD:0.914574
bestSuite:3329,2514,3683,719,2604,2527,3230,4130,82,4076,3412,1532,133,2409,3303,56,1362,860,147,3250

test suite342
bestAPFD:0.913809
bestSuite:2215,3033,2926,3577,4128,775,308,2964,3296,990,3258,3623,773

test suite343
bestAPFD:0.933521
bestSuite:2524,1947,3352,2564,4126,4091,1015,2273,2836,3303,1723,3520,1577,2829,3956,3493,62,3536

test suite344
bestAPFD:0.905993
bestSuite:3101,2502,1650,1573,391,825,2759,2926,722,4100,4111,3808,2853,238,714,1104,2674,752

test suite345
bestAPFD:0.933148
bestSuite:2986,2673,4091,2610,4113,2512,2336,3921,2362,2656,2138,102,2756,603,2338,1693,1757,2380,12,1768,3167,3058

test suite346
bestAPFD:0.929006
bestSuite:1618,2781,3581,3472,2788,4085,4101,2271,440,732,1928,1464,2587,805,2894,2996

test suite347
bestAPFD:0.926517
bestSuite:1908,3272,2186,2847,739,1884,4096,4128,570,2285,704,3826,726,3520,1606,3677

test suite348
bestAPFD:0.927215
bestSuite:1658,3251,3979,4083,4123,3225,2472,3268,1944,4038,3452,676,766,2028,1982

test suite349
bestAPFD:0.929150
bestSuite:3565,2155,2147,2610,3175,4121,4092,3752,990,2603,2281,2537,1135,752,3340,3758

test suite350
bestAPFD:0.930880
bestSuite:1618,2926,2117,3051,4108,4072,1746,1317,1879,221,863,3318,3658,3955,2420,966

test suite351
bestAPFD:0.931954
bestSuite:2222,3732,4111,3165,2752,3332,1926,2363,3624,4089,109,3250,3906,2637,935,3834,242,1688

test suite352
bestAPFD:0.927415
bestSuite:1947,3364,2291,224,2910,4088,2330,2500,3200,63,3804,3617,1822,2854,2902,1793,2825,2004,1334,4114

test suite353
bestAPFD:0.933049
bestSuite:2222,3459,3658,4114,3187,2598,1782,2964,1827,2956,2830,558,821,3203,2560,3848,2570,3441,2160,3751,3058,3601

test suite354
bestAPFD:0.924673
bestSuite:1908,2336,4095,3239,3655,55,4112,3033,3695,2360,1482,3249,2368

test suite355
bestAPFD:0.930912
bestSuite:1854,3796,3175,4091,4119,3572,3910,924,2559,1480,1610,624,2515,2127,3213,186,890

test suite356
bestAPFD:0.936478
bestSuite:2222,3033,2450,55,4083,1282,4120,3341,858,1018,700,620,3618,2205,1500,3485,2607,2041,1290,1544

test suite357
bestAPFD:0.929104
bestSuite:1854,2568,2084,3050,149,624,4094,4111,3384,3938,3320,750,920,3032,3005,896,3995,3874,3873,3984

test suite358
bestAPFD:0.932927
bestSuite:1618,2141,3527,4076,4103,3905,1482,951,1617,2842,1586,3522,744,3552,3268,3388,815,2825,3342

test suite359
bestAPFD:0.905576
bestSuite:2601,1781,1806,3914,818,629,1509,2716,3683,2512,391,4095,3420,2421,4108,1195,313

test suite360
bestAPFD:0.931004
bestSuite:1854,3303,4077,4115,2749,3803,1978,2276,651,3231,3249,161,2526,1910,1346,3164,854,3431,2557,1841,2866

test suite361
bestAPFD:0.935328
bestSuite:2222,4077,1658,3732,3175,4113,2553,1847,1824,1036,3099,1840,2296,3580,1800,2059,4046,982,4062

test suite362
bestAPFD:0.926251
bestSuite:3565,3471,3636,2926,2554,4094,2729,4108,2559,909,663,1623,2080,3498,669

test suite363
bestAPFD:0.929142
bestSuite:1947,3883,2953,3051,4123,3298,4093,2084,932,3191,3231,2455,3480,3461

test suite364
bestAPFD:0.921822
bestSuite:1658,3686,468,2568,4102,4074,1693,2318,2938,1787,2205,1055

test suite365
bestAPFD:0.926577
bestSuite:1854,2155,2729,4092,4118,739,3862,2910,1653,2714,3975,2842,1796,3180

test suite366
bestAPFD:0.892639
bestSuite:2926,3112,3624,3561,887,3888,2724,2087,570,3892,4100,2889,122,2706,4125

test suite367
bestAPFD:0.938179
bestSuite:2222,3688,4098,4006,2966,1944,820,944,4110,1927,1905,2213,2757,3605,2839,1254,2573,695,2139

test suite368
bestAPFD:0.924669
bestSuite:1658,2649,3644,4084,93,3021,4124,3883,979,34,1066,4070,785

test suite369
bestAPFD:0.931752
bestSuite:1854,3688,3456,3625,4107,4077,1697,1704,1322,596,1425,2927,3501,3705,2902,3946,2942,2810,2961,591,1238,1071,3523

test suite370
bestAPFD:0.936150
bestSuite:2222,676,3911,4113,4093,2376,1428,2561,3979,1545,2527,2627,1855,2830,1728,2243,207,804,1353,3663,523

test suite371
bestAPFD:0.937372
bestSuite:2222,3688,4097,2450,4123,2089,283,2801,2274,3666,3786,759,3537,3988,330,1575,2269

test suite372
bestAPFD:0.929622
bestSuite:1947,2275,3577,3573,224,4098,680,4128,3003,922,1844,2101,3582,312,1841,2785,2793,1421

test suite373
bestAPFD:0.929630
bestSuite:1947,2186,2524,3334,4105,552,224,2622,4088,1092,2993,2248,755,2569,1823,1644

test suite374
bestAPFD:0.934606
bestSuite:2222,2474,3802,4087,1434,308,4106,1618,2527,2419,2634,3344,3287,3065,2157,1427,2827,1242,2414

test suite375
bestAPFD:0.935869
bestSuite:2222,1668,3456,3732,4084,4121,1726,3501,2515,2121,213,2664,2113,2170,1294,1633

test suite376
bestAPFD:0.934002
bestSuite:3292,1947,2610,4092,2604,4130,2246,2834,655,3266,3104,1329,1847,701,4046,2042,1936,3457,2288

test suite377
bestAPFD:0.922590
bestSuite:1854,2417,3014,1791,1724,4073,2749,4102,1865,2509,768,3419,1777,3842,4028

test suite378
bestAPFD:0.922072
bestSuite:1658,4011,2788,589,896,1486,547,3360,3268,4126,1692,701,2964,3662,3487,2281,2183

test suite379
bestAPFD:0.912992
bestSuite:1463,2844,3802,2450,4084,3780,3007,1797,2362,3332,2368,4122

test suite380
bestAPFD:0.934346
bestSuite:3292,2450,3979,4107,2515,4097,2458,3626,2732,3296,2638,847,2121,3870,2683,3056,488,1973,3466,3631

test suite381
bestAPFD:0.931850
bestSuite:1947,2844,4099,668,4129,2502,1775,3079,3231,3737,3943,2336,3296,4032,513,2828,2387

test suite382
bestAPFD:0.903309
bestSuite:3033,2601,3378,1998,1974,3213,3456,3472,3683,4111,4096,3164,2804,3500

test suite383
bestAPFD:0.907038
bestSuite:4039,2194,2474,3030,4110,1843,4095,3752,1198,2083,3054,1535,4030,2251,4069,2307,2598

test suite384
bestAPFD:0.927268
bestSuite:1658,2568,2492,4103,2964,311,1584,722,2804,705,1460,1672,4007,1597,3349,2134,2060

test suite385
bestAPFD:0.933939
bestSuite:2222,3922,2564,3472,4094,1722,4117,3785,3502,995,3945,3050,2714,2728

test suite386
bestAPFD:0.926387
bestSuite:1658,3417,3876,311,4122,3655,4072,2061,2406,2273,3725,1475,3439,1242,2150

test suite387
bestAPFD:0.907104
bestSuite:1463,2527,4101,3251,698,2554,2177,3848,1489,864,2233,4097,2915,1731,334,1100,2412,774

test suite388
bestAPFD:0.934426
bestSuite:2222,1423,3803,391,4109,4073,3268,2372,608,1726,2160,924,3663,970

test suite389
bestAPFD:0.930758
bestSuite:1658,3892,2953,55,4081,4117,2524,1313,3347,3572,2660,3342,963,2491,2951,2676,292

test suite390
bestAPFD:0.920915
bestSuite:2650,3887,3683,3033,2809,2953,4123,4098,955,3234,2525,1849,1555,561,1055,1485

test suite391
bestAPFD:0.931933
bestSuite:1908,3860,2694,2374,2480,4040,4084,2275,4128,1512,3421,1861,3962,3349,253,2849,1306

test suite392
bestAPFD:0.909915
bestSuite:2363,3919,3343,3351,2732,223,2415,4074,3752,1905,2092,1765,4125,3900,1112,1290

test suite393
bestAPFD:0.896683
bestSuite:2589,2174,3133,3683,1813,2788,1403,3527,4077,2515,4101,34,56,2573,1431,2330,2880

test suite394
bestAPFD:0.924122
bestSuite:3796,2697,4125,1554,646,2291,3683,4096,2490,3510,543,1470,2693,3725,4061,1559

test suite395
bestAPFD:0.933952
bestSuite:2786,3337,3683,4121,2480,2964,3427,1943,603,2756,2705,1012,1458,2356,2298,2020,912,3854,3566

test suite396
bestAPFD:0.910493
bestSuite:1463,2417,2512,4101,2399,2454,149,2926,4087,1451,3066,232,978,986,3725

test suite397
bestAPFD:0.907082
bestSuite:3528,2564,149,1845,3752,2177,4116,708,2658,2902,4081

test suite398
bestAPFD:0.876720
bestSuite:3175,2871,2547,2669,773,997,843,4105,1660,149,1553,867,3483,4047,4079,3752,3364,2247,3510

test suite399
bestAPFD:0.923281
bestSuite:2834,1804,3808,2554,2376,3752,4073,4124,3819,3675,2773,411,2677,1687,2617,3281,1792

test suite400
bestAPFD:0.922130
bestSuite:1908,2072,900,3577,4115,468,4091,637,3565,687,3407,2085

test suite401
bestAPFD:0.930423
bestSuite:2786,1658,4082,4105,2502,3112,1615,3223,3088,2752,1076,3247

test suite402
bestAPFD:0.933586
bestSuite:2166,1947,3979,4077,3456,4110,436,1941,3112,3246,400,2100,3174,3729,3400,1457

test suite403
bestAPFD:0.927520
bestSuite:2986,2469,2246,2598,1543,4107,1795,4100,2584,3066,807,3386,1888,672,1959

test suite404
bestAPFD:0.918360
bestSuite:1658,1525,312,2115,3803,646,4085,1457,2414,1201,720,805,3705,1553,1559,3332,3564,4109

test suite405
bestAPFD:0.929782
bestSuite:1908,2515,2347,3187,3472,3334,4074,3454,4112,1917,701,705,3694,2630,1662,820,3921,804,225

test suite406
bestAPFD:0.934404
bestSuite:1618,3860,4095,2186,4110,1735,3266,756,3011,3223,2515,3941,1517,3605,3746,3838

test suite407
bestAPFD:0.915154
bestSuite:2336,1502,2842,1526,2926,1239,2610,4097,3332,341,3425,2975,3682,2539,24,1523,1290,4108

test suite408
bestAPFD:0.908775
bestSuite:2634,2987,3352,3476,1875,3752,2587,4058,3808,4113,3438,4095,2078,526,3885,2399,734,3318

test suite409
bestAPFD:0.910378
bestSuite:2524,3979,1518,2783,3752,3907,2502,4111,3428,3533,4095

test suite410
bestAPFD:0.926752
bestSuite:3565,673,3524,1463,3910,4108,2564,4082,755,3695,2531,3792,34,3273,750,849

test suite411
bestAPFD:0.933008
bestSuite:3247,1658,412,4129,4081,2363,3808,826,3926,2495,2525,3223,3956,1852,3993,119

test suite412
bestAPFD:0.933505
bestSuite:2786,1463,4121,2449,4079,2197,1659,97,3639,2716,3891,3136,2469,2441,1529,3662,349

test suite413
bestAPFD:0.928666
bestSuite:1658,2092,3888,3979,4078,3003,4102,2605,531,2599,2213,2863,3514,1926,670,2508,209

test suite414
bestAPFD:0.931972
bestSuite:2524,1658,3456,2650,4079,4119,1736,2241,3632,2858,2634,3200,2664,2199,1201

test suite415
bestAPFD:0.892418
bestSuite:3476,939,3124,1707,899,3872,4098,3683,3913,1486,2599,4110,2554

test suite416
bestAPFD:0.933552
bestSuite:2786,1854,4086,3251,4126,3398,3090,3743,840,1732,1811,719,540,2018

test suite417
bestAPFD:0.922209
bestSuite:1908,2331,2933,4098,2182,2512,2741,391,3581,2283,926,417,3996,3077,4125

test suite418
bestAPFD:0.931791
bestSuite:3292,3788,308,4130,2194,4099,751,3605,1002,2083,3999,3601,1555,3725,1984,81,2815,2148

test suite419
bestAPFD:0.931421
bestSuite:2986,2377,3644,3051,1803,4125,1139,1015,4093,1938,249,2296,953,2313,1777,3804,2120,1794,1387,3072,2108,3332,2322

test suite420
bestAPFD:0.932665
bestSuite:3292,3808,2568,4107,4078,2775,3383,3051,1750,436,856,3230,2997,2684,3467,957,2959,3595,2223,3357

test suite421
bestAPFD:0.923423
bestSuite:3356,2509,3976,2926,2572,290,4085,2083,4101,634,3444,946,514,2187,1898

test suite422
bestAPFD:0.932699
bestSuite:3292,738,3913,4046,3860,4087,4109,3808,1878,2605,1592,3691,3163,203,2707,2825,2868,1814

test suite423
bestAPFD:0.929960
bestSuite:2986,2494,3403,679,4105,2554,3552,699,4087,944,3232,3943,3112,3816,1647,1853,573,3324

test suite424
bestAPFD:0.924039
bestSuite:1795,2830,2082,4091,149,204,1463,3251,3566,4109,3376,3919,3522,3774,1712,1837,1576,1322,1522,665,1250,209

test suite425
bestAPFD:0.924494
bestSuite:2425,1854,3568,93,4123,2788,4072,3050,3049,1687,2200,1668,3323

test suite426
bestAPFD:0.929277
bestSuite:3678,1463,4079,99,225,1526,2092,3772,2095,1459,2107,1777,2577,3502,4128

test suite427
bestAPFD:0.930053
bestSuite:2986,2092,4072,3576,4104,3888,3328,2610,1572,865,2526,2999,344,193,1396,3545,3629

test suite428
bestAPFD:0.913819
bestSuite:1908,2830,4083,1514,864,1978,99,2480,2509,1581,4126,3513,2647

test suite429
bestAPFD:0.919658
bestSuite:3731,3887,2194,2926,656,4125,4083,999,2872,3332,2242,710,518,880,3480,670,3803

test suite430
bestAPFD:0.905024
bestSuite:3683,3456,3250,3912,698,1554,290,4126,4095,3808,4069,2973,3146,3592,190,1577,2658

test suite431
bestAPFD:0.935475
bestSuite:2597,1908,4097,3175,4122,99,3398,2430,1931,1735,354,1769,2833,2684,3992,2566,3495

test suite432
bestAPFD:0.932349
bestSuite:1947,2634,3979,4075,3655,4115,1604,3296,1021,1757,123,3775,45,4058,916,2682,3398

test suite433
bestAPFD:0.931572
bestSuite:1854,4006,99,4098,2658,1562,4106,3200,2101,3171,639,883,494,3632,974,182,1008

test suite434
bestAPFD:0.932930
bestSuite:3292,2953,3910,2356,4078,4104,2847,3343,2966,2076,3862,3830,31,2215,934,630

test suite435
bestAPFD:0.934470
bestSuite:2181,3292,570,4124,4091,3531,2083,1440,704,3956,709,482,2752,2649

test suite436
bestAPFD:0.931546
bestSuite:2181,3740,2375,3883,2926,4117,4089,589,3673,560,2293,785,3530,1089

test suite437
bestAPFD:0.904373
bestSuite:2860,1724,3497,3683,3452,2514,1717,4123,4085,3906,3545,739,1285,2482,1974,1503,1162,2177

test suite438
bestAPFD:0.933817
bestSuite:2986,3050,646,2473,4126,4092,1449,3819,2684,1515,1859,1508,3804,1242,3034,1408,3931,2840

test suite439
bestAPFD:0.915294
bestSuite:1463,2092,1979,3433,4098,1004,82,3010,2474,752,4102,1197,1428,2367,1580,135,3209,3998,268,1338,1289

test suite440
bestAPFD:0.905464
bestSuite:1784,2925,1915,3752,1689,3023,3483,3976,4114,3273,2515,3472,699,3174,267,3847,139,4093,3680,38

test suite441
bestAPFD:0.918380
bestSuite:1812,3854,4115,1463,3644,2021,3979,52,4081,1382,168,3076,3207

test suite442
bestAPFD:0.932282
bestSuite:2986,3163,2864,2729,468,2098,4093,4107,3901,2128,3892,1936,2092,1743,2510,1224,1591,3082,2406

test suite443
bestAPFD:0.929255
bestSuite:1854,2117,2375,4079,2356,3639,4104,1692,2056,4071,913,3110,2469,2442,1500,3651

test suite444
bestAPFD:0.936113
bestSuite:2786,1908,4073,1884,4122,3456,833,1591,674,3608,2082,2461,3510,3136,1246,179

test suite445
bestAPFD:0.932570
bestSuite:1854,3860,4107,2480,3740,4080,3283,121,2637,1609,2879,1642,2356,229,3834,405,3515

test suite446
bestAPFD:0.929763
bestSuite:1854,3186,2729,93,4072,429,3449,4115,968,3576,2092,2868,3608,3692,1560

test suite447
bestAPFD:0.925590
bestSuite:1658,3198,2375,4084,1526,3621,4112,2950,2269,2379,2271,1714,2140,1677

test suite448
bestAPFD:0.928593
bestSuite:1618,3175,4088,2379,4128,3527,3822,2519,2064,3268,814,2828,3676,3385

test suite449
bestAPFD:0.924869
bestSuite:1854,3533,3351,3844,3403,308,4125,4084,2304,3821,2327,2684,2177,3348,1005,2179,1649,2738

test suite450
bestAPFD:0.931614
bestSuite:1908,2650,3503,2495,2568,4097,4107,2083,925,2869,1680,1291,3412,125,493,3474,2787,4020,4062

test suite451
bestAPFD:0.924395
bestSuite:3565,1854,570,4117,2363,4092,3626,1795,2705,3384,3846

test suite452
bestAPFD:0.933471
bestSuite:3292,2480,4083,3359,4124,224,4007,3002,1894,3000,2270,2657,1687,2356,1909,1193,1501,3867,2663

test suite453
bestAPFD:0.929756
bestSuite:1854,2844,3888,4075,4125,2621,3874,2673,1841,1676,1752,1382,2061,858

test suite454
bestAPFD:0.920753
bestSuite:1758,2926,3632,4103,4072,149,3334,1886,2847,3138,1710,2011,2083,2892,78,3577

test suite455
bestAPFD:0.934906
bestSuite:2597,2480,1658,3527,4083,4123,727,3305,3343,311,3246,57,2864,3294,1432,3116

test suite456
bestAPFD:0.933258
bestSuite:2639,1947,4094,308,4122,2788,3926,3231,324,1829,3899,1428,2708,1771,2378

test suite457
bestAPFD:0.933232
bestSuite:2986,3732,2480,4107,4098,1894,1939,3522,2151,772,3497,3891,3301,2325,2574

test suite458
bestAPFD:0.933293
bestSuite:3565,1854,2964,4115,2729,93,3570,3223,3502,2756,1840,3877,1512,1565,3228,997,2572

test suite459
bestAPFD:0.918155
bestSuite:3731,2731,2926,4042,4129,2931,4093,3479,1809,2515,1968

test suite460
bestAPFD:0.915321
bestSuite:3565,1618,2953,2610,4078,4114,3458,843,972

test suite461
bestAPFD:0.920782
bestSuite:1854,3185,3528,4084,739,3976,4110,1810,493,3521,3510,1110

test suite462
bestAPFD:0.928674
bestSuite:3528,2564,1463,3472,3743,4119,935,2064,4088,2980,2077,2268,3410,2561,2902,3944,2628,2328,3673,1000

test suite463
bestAPFD:0.931770
bestSuite:1908,1749,4061,2474,4124,224,4094,3834,1877,3505,1437,3763,3224,2563,4063,2902,2602,218,3013,906,848

test suite464
bestAPFD:0.932922
bestSuite:1854,3796,3175,3688,4115,4096,3639,4062,2823,512,2514,3203,2313,1050,2365,1064,3931,1197,439

test suite465
bestAPFD:0.909273
bestSuite:3497,1463,806,3976,45,4091,993,3940,757,2708,1466,4123,1311,1449,2458,1619,258,2269,4020,3095

test suite466
bestAPFD:0.926249
bestSuite:2181,3565,1953,2926,589,4123,4075,1766,3501,1949,25,2037

test suite467
bestAPFD:0.923865
bestSuite:2731,1713,2083,4095,3752,468,3577,1743,863,1985,3144,1479,3941,2492,3723,4123

test suite468
bestAPFD:0.929240
bestSuite:1854,2363,2064,82,4091,4111,3855,3040,3399,3314,3395,2083,2056,2286,3099,616,1979

test suite469
bestAPFD:0.934397
bestSuite:2986,2450,3732,4124,4096,2925,3681,933,3299,3909,1809,1528,1820,1057

test suite470
bestAPFD:0.930171
bestSuite:3292,2473,4092,3796,3669,4125,3261,2372,3855,1704,3138,3782,1434,3883

test suite471
bestAPFD:0.934478
bestSuite:2597,1854,589,4076,3644,2469,4128,2644,725,3774,2320,2464,2328,1749,1578,3895

test suite472
bestAPFD:0.933518
bestSuite:3292,739,3644,3883,4098,4108,1818,1692,925,629,2334,1520,443,1990,500,3670,3691,2685

test suite473
bestAPFD:0.905024
bestSuite:3050,2729,962,3691,754,2209,2021,2554,4102,850,3752,382,4090,461,3383,3792,3982,1681

test suite474
bestAPFD:0.933001
bestSuite:2986,4006,2860,570,4091,4107,3778,473,829,3707,2810,3808,3569,1134,3848,987

test suite475
bestAPFD:0.936219
bestSuite:2222,646,4094,4114,3803,602,3257,627,3398,1000,3223,3115,2111,698,1571

test suite476
bestAPFD:0.926570
bestSuite:1658,3734,2712,3051,4073,2480,2716,4127,3957,2789,3115,918,3980,818,2752,2337,3270,36,3889

test suite477
bestAPFD:0.919044
bestSuite:2254,3683,3352,2376,2216,1450,1654,4043,920,4098,4108,3808,2712,2112,2156,1801

test suite478
bestAPFD:0.923527
bestSuite:1908,1681,2612,2696,4074,3376,391,708,1512,2270,2245,2658,3259,2173,3295,3332,1836,1582,4121

test suite479
bestAPFD:0.935459
bestSuite:1947,3669,2450,4087,4129,3233,3796,2006,3398,2279,711,2973,2914,138,926,3629,1078

test suite480
bestAPFD:0.933084
bestSuite:3292,2512,589,3268,4122,4090,1901,3950,2527,2815,2174,2669,3745,3022,1996,148,3232

test suite481
bestAPFD:0.931507
bestSuite:1618,4021,4110,2449,311,4082,2621,3398,1777,2340,3005,881,715,2439,3610

test suite482
bestAPFD:0.927172
bestSuite:1854,2512,2542,3883,2964,308,4124,2488,2968,2601,3632,749,738,384,2431,777

test suite483
bestAPFD:0.935700
bestSuite:2181,1947,3732,4088,822,4121,3335,1949,985,2855,392,1774,3174,466,2460,3432,2548,2214,2284

test suite484
bestAPFD:0.935424
bestSuite:1618,3669,4107,2564,3565,4072,2357,67,967,2991,3806,955,1158,1945,2435,2612,3140,3111

test suite485
bestAPFD:0.922409
bestSuite:1947,3163,468,4094,2376,1794,3464,1859,3192,3940,973,2720,3210,4130

test suite486
bestAPFD:0.928912
bestSuite:1658,2502,3004,3987,646,4095,4130,1806,325,3404,1783,613,2270,231,2594,1061,1316,414,3027

test suite487
bestAPFD:0.929284
bestSuite:1908,2516,3006,311,3403,4090,2644,2731,742,1810,776,2493,2217,1922,2439,2269,2893,3326,4126

test suite488
bestAPFD:0.933346
bestSuite:2986,2505,739,2788,4074,4052,3978,4122,3476,1880,3300,3712,1382,3105,1999,799,1964,213,669

test suite489
bestAPFD:0.932144
bestSuite:1618,2731,3445,3187,4084,82,4111,3247,2584,2515,2931,2431,897,435,567,1697,2232,233,2188

test suite490
bestAPFD:0.925174
bestSuite:2375,3447,4074,841,3033,3752,937,4006,3148,4108,2799,3135,1602,2561,1307,3864

test suite491
bestAPFD:0.936582
bestSuite:2222,4083,4128,3565,1526,2749,2915,1440,667,3484,1162,3395,3509,256,2999,1998,3519,1254

test suite492
bestAPFD:0.932059
bestSuite:1947,2830,4090,4124,3438,3940,3576,2740,745,1575,1751,21,1713,3058,3938,67,1765,1885,1068,649

test suite493
bestAPFD:0.916481
bestSuite:2621,4073,2328,1444,2152,2338,987,3752,4123,2729,1926,739,3774,3198,4064,1158,947,3513

test suite494
bestAPFD:0.929108
bestSuite:2222,4006,2842,224,4122,4096,2997,2627,3796,3247,2338,4034

test suite495
bestAPFD:0.922288
bestSuite:1618,3417,4093,1526,4101,1861,3691,2472,1941,2752,694,149

test suite496
bestAPFD:0.918930
bestSuite:3981,1463,719,1922,3979,4084,2311,3803,4102,1311,2715,3205,681

test suite497
bestAPFD:0.932224
bestSuite:2222,3456,2082,391,4093,4064,2338,3652,4102,2282,2057,2099,1826

test suite498
bestAPFD:0.931532
bestSuite:1658,3907,4130,4092,739,3175,1713,4026,292,561,2317,3935,2753,964,3808,2103,3429,2467

test suite499
bestAPFD:0.930005
bestSuite:1947,2317,3976,2147,739,4082,4111,2362,543,1713,1474,3682,983,3798,1223,2296,1167,1697

test suite500
bestAPFD:0.897955
bestSuite:3572,1747,2449,2926,1627,813,2338,391,4080,4101,3279,3020,2947,2152,3375

