test suite1
bestAPFD:0.957374
bestSuite:1908,2966,3010,3976,4112,4090,2598,3099,1468,1246,1771,1837,2276,2618,356,3808,4017

test suite2
bestAPFD:0.958132
bestSuite:1947,3251,93,2754,342,4092,4127,810,3912,561,697,3853,3605,1940,1806,1387,1161,1809

test suite3
bestAPFD:0.941700
bestSuite:2514,2604,2138,1791,3925,3175,4081,3940,4068,3667,4125,2759,3752,184,313,2508,2507,2360,746,2513,3109,2352

test suite4
bestAPFD:0.946377
bestSuite:1854,3159,4120,2474,1612,4073,1096,799,2926,2594,3257,3719,236,2132,739

test suite5
bestAPFD:0.963768
bestSuite:1947,3731,2246,4104,4088,2559,3208,3078,1512,778,2311,1901,1390,2393,3657,3343,3417,1108

test suite6
bestAPFD:0.951691
bestSuite:1908,2712,4077,3138,1724,739,4120,2576,3848,1910,1070,2336,1576,4030,3510

test suite7
bestAPFD:0.964976
bestSuite:2786,1908,4127,4099,3403,3112,3379,3454,1988,1804,2367,45,3245,1181,3882,1911,3811,2725

test suite8
bestAPFD:0.955072
bestSuite:2986,3856,82,4076,4006,4114,2074,793,3006,2271,1824,3551,1332,3386,1430

test suite9
bestAPFD:0.950634
bestSuite:1908,3198,82,2968,164,3788,4084,2891,4127,1768,4061,3006,3426,1669,2170,3312

test suite10
bestAPFD:0.961755
bestSuite:1947,2425,3788,4077,4116,3352,1972,2340,3919,687,979,1945,2269,643,2419,3684,3178,3002

test suite11
bestAPFD:0.950242
bestSuite:1908,2254,3913,2610,4130,3762,3816,4075,2533,3709,353,868,1620,4046,64

test suite12
bestAPFD:0.940122
bestSuite:2500,3497,1983,3272,3683,4073,2376,2021,224,4106,3661,2035,191,1072,1781,2716,3925,1604,3838

test suite13
bestAPFD:0.950311
bestSuite:1947,2512,2375,4094,4114,846,1997,2644,301,776,1486,3332,2146,3503

test suite14
bestAPFD:0.961637
bestSuite:1947,3669,4078,4104,2568,2714,861,2487,1546,806,531,948,3347,725,3937,2424,1788

test suite15
bestAPFD:0.945843
bestSuite:2524,1723,2300,1450,2056,3752,3928,99,4121,3283,2964,958,3518,946,3325,2098,617,2806,2246

test suite16
bestAPFD:0.950311
bestSuite:2986,3050,2291,2500,82,4125,4085,2146,2166,3146,909,3767,3791,1749

test suite17
bestAPFD:0.928019
bestSuite:2842,2718,2338,2704,3860,3752,4075,3655,3069,3437,4101,164,1283,3278,1977

test suite18
bestAPFD:0.954710
bestSuite:1908,2524,1795,3438,311,4091,4117,3891,1676,1093,1716,3699,2848,1097,1995,3425

test suite19
bestAPFD:0.951863
bestSuite:3565,1947,4111,3577,1732,4088,149,636,3185,2834,2871,3719,3956,2982

test suite20
bestAPFD:0.966819
bestSuite:2786,1658,2186,4076,4123,3480,3135,3359,2514,2989,2067,2424,1711,2411,2419,3771,3667,788,3218

test suite21
bestAPFD:0.959079
bestSuite:2621,2986,2291,4119,4088,1882,2610,847,923,1377,2526,4067,1716,3356,324,2902,909

test suite22
bestAPFD:0.935749
bestSuite:2084,2141,1979,2926,967,4084,4116,224,1884,2480,3108,2811,2839,2535,38

test suite23
bestAPFD:0.943237
bestSuite:2986,3860,1482,4078,4104,2788,474,1751,3459,2716,846,3436

test suite24
bestAPFD:0.946377
bestSuite:1658,3594,3457,2291,99,3938,4129,4076,963,1721,3683,1540,234,874,2076

test suite25
bestAPFD:0.950483
bestSuite:2650,3683,2729,2830,4073,4123,4007,1587,3029,3289,2627,2931,2248,960,2539,3486,741,1668

test suite26
bestAPFD:0.935818
bestSuite:3112,2377,3683,2451,2732,2439,3976,3910,3686,124,4072,1832,4123,4011,732,3156,1472,803,3290,2361,3145

test suite27
bestAPFD:0.937953
bestSuite:3731,1906,3885,1444,2098,3752,4094,3510,4121,3317,3224,291,3853,360,1861,2568

test suite28
bestAPFD:0.953623
bestSuite:1618,3101,2729,3051,4110,1120,4093,3476,2494,3351,2415,1910,1380,3666,1594

test suite29
bestAPFD:0.951863
bestSuite:2986,3565,391,4084,2512,4111,3207,1600,3233,3325,2419,3676,2364,3118

test suite30
bestAPFD:0.968709
bestSuite:3292,3456,2333,2610,575,4104,4097,977,3170,3886,3942,3012,3137,433,3750,1385,1629,3471,3838,293,3050,1542

test suite31
bestAPFD:0.921900
bestSuite:1947,2347,4087,3913,99,2082,3427,4112,2731

test suite32
bestAPFD:0.943478
bestSuite:1908,583,3156,4127,1444,4077,3803,2367,58,3444,1543,1885,1619,3800,3910

test suite33
bestAPFD:0.934265
bestSuite:2621,2439,3688,674,3752,901,4098,4101,3638,722,3550,826,3268,2291

test suite34
bestAPFD:0.960145
bestSuite:2222,4077,2598,2731,4105,2696,663,1716,153,1135,2301,2571,3595,2523,3510,3502

test suite35
bestAPFD:0.955759
bestSuite:3528,4042,2926,739,3919,4120,3883,4096,2961,3138,869,328,3638,2884,2211,718,3359,102,1324

test suite36
bestAPFD:0.954589
bestSuite:2524,1658,4097,3976,4119,2749,2435,3786,3215,3496,3878,2572,2509,1080,2805

test suite37
bestAPFD:0.964912
bestSuite:3292,2291,4085,2610,3883,4114,3895,2062,2723,1593,2053,3159,1801,1721,2041,860,1020,421,3069

test suite38
bestAPFD:0.958653
bestSuite:1947,3175,3014,4109,93,2964,2377,1083,2424,2839,3225,1594,2147,2494,2815,17,3908

test suite39
bestAPFD:0.960598
bestSuite:2222,1474,3905,4118,4087,2610,561,3598,611,2463,829,1218,170,3314,814,2839

test suite40
bestAPFD:0.956119
bestSuite:1908,3684,921,4114,4080,2788,2707,1045,582,2988,3819,648,1239,632,2931,2524,3062,3527

test suite41
bestAPFD:0.956004
bestSuite:2181,1947,4094,223,4107,1536,3766,3332,855,279,2910,2734,3341,3090

test suite42
bestAPFD:0.929147
bestSuite:3214,1824,3683,3007,2365,3250,3161,3911,4096,4128,3867,253,3198,3132,3563,1164,3268,2568

test suite43
bestAPFD:0.959340
bestSuite:1854,2564,3454,4123,4090,311,400,3535,381,971,2915,2148,2269,2613,1713,1558,849,2102

test suite44
bestAPFD:0.964912
bestSuite:2181,1840,149,1854,4113,4088,3371,1804,207,1853,1333,3699,631,3808,2768,2060,2550,3704,752

test suite45
bestAPFD:0.951407
bestSuite:2215,3686,1463,4085,224,4123,2246,3382,2081,3930,3266,186,743,3033,2333,3538,4007

test suite46
bestAPFD:0.943555
bestSuite:3856,2026,2926,1579,4092,2514,739,4111,2376,2262,3675,2666,1326,3447,334,1885,81,2439,2734

test suite47
bestAPFD:0.956069
bestSuite:3292,3655,4092,2514,1480,3860,591,4107,3498,1734,3129,3660,1543,2816,2419,4005

test suite48
bestAPFD:0.927536
bestSuite:1618,2844,4079,3655,4117,759,2357,4063,386

test suite49
bestAPFD:0.934356
bestSuite:3112,2926,2389,716,4091,3853,3175,3688,3822,861,3974,4063,220,2248,77,1282,4116

test suite50
bestAPFD:0.954911
bestSuite:3033,1658,1426,2749,4130,4078,3788,3066,3855,2023,2873,345,3712,809,2407,904,2325,784

test suite51
bestAPFD:0.962963
bestSuite:3292,2474,3883,3732,4105,4082,2840,1449,3483,654,126,2166,3874,2170,734,441,2930,1478

test suite52
bestAPFD:0.955072
bestSuite:1618,3854,2474,4129,2375,4075,1896,2065,3050,3740,2262,3217,1428,185,1927

test suite53
bestAPFD:0.970026
bestSuite:1947,2363,4088,93,4125,2509,310,2589,2490,2795,1418,2485,1788,1745,2078,3246,31,3762,3033,2630,2646,4024

test suite54
bestAPFD:0.952685
bestSuite:1908,2554,3576,3004,1526,1633,4127,4080,2778,1936,334,2963,2043,2944,1625,3241,1785

test suite55
bestAPFD:0.948309
bestSuite:3565,1980,2474,1714,646,3683,4079,3825,3070,286,4125,3872,2472,785,3947

test suite56
bestAPFD:0.968116
bestSuite:2222,3762,2375,2474,4118,4096,747,2205,2560,3198,3099,866,1579,2646,1451,855,1463,2762,419,386

test suite57
bestAPFD:0.956522
bestSuite:1947,2830,4130,4094,2449,2598,2395,2796,1704,276,1705,3684,1434,2327,2966,2021

test suite58
bestAPFD:0.964976
bestSuite:2222,1968,4091,4129,570,3175,3814,2888,2040,3894,344,2950,4013,955,1447,831,433,2356

test suite59
bestAPFD:0.945250
bestSuite:2842,2072,1939,4117,2839,3752,2788,2598,1535,4097,653,3165,2349,1556,3812,2007,1898,2605

test suite60
bestAPFD:0.959506
bestSuite:1618,3268,4116,2473,99,4085,3564,3507,3070,3813,1492,3619,3214,750,1037,3026,2686

test suite61
bestAPFD:0.944293
bestSuite:2284,2896,2926,3803,2747,4091,4117,3051,3112,1252,423,2698,2177,1436,1977,3564

test suite62
bestAPFD:0.965942
bestSuite:2986,2181,3750,4124,2367,2610,1362,4084,2171,3207,313,1531,1555,3095,3651,1886,1229,1733,3993,2401

test suite63
bestAPFD:0.957488
bestSuite:2986,2502,570,4114,4082,2336,3050,583,2712,2840,2820,943,1827,3237,3867

test suite64
bestAPFD:0.919485
bestSuite:1658,3860,3606,4127,2376,4080,3160,2642,3077

test suite65
bestAPFD:0.929513
bestSuite:3050,2208,3738,983,4023,3005,3203,3524,2674,4042,738,3940,4086,3462,933,3752,406,3357,3714,2492,3176,4110

test suite66
bestAPFD:0.934020
bestSuite:2141,863,2080,4105,3345,1822,774,4098,3911,2953,3533,3131,556,518,3785,2902,135,240,2926

test suite67
bestAPFD:0.924517
bestSuite:1463,2363,2762,2486,4083,308,3503,726,751,3319,2396,4104

test suite68
bestAPFD:0.958132
bestSuite:1618,4124,3819,4084,2696,3527,2950,2515,2235,389,985,2011,106,1990,1400,427,1369,3184

test suite69
bestAPFD:0.962063
bestSuite:2222,1952,3803,4097,3014,589,4118,3609,1877,2839,633,895,2590,549,2925,3534,3768

test suite70
bestAPFD:0.962963
bestSuite:3292,2246,2083,311,4080,4110,3141,723,2511,2922,379,2122,40,3285,3605,3101,659,36

test suite71
bestAPFD:0.954509
bestSuite:3639,2650,3883,3683,4107,2474,4100,1596,3316,2057,1061,4046,3439,170,3885,1873,3010,2909

test suite72
bestAPFD:0.948758
bestSuite:2986,2514,2375,1642,3187,4101,4075,2656,4063,3850,3932,2316,3207,3339

test suite73
bestAPFD:0.956039
bestSuite:1947,2604,4075,468,4108,1490,1445,3359,1480,2824,37,3745,3190,2842,80

test suite74
bestAPFD:0.955314
bestSuite:1854,3644,2512,2092,93,4078,4102,2000,2694,706,2968,2185,801,1912,3066,1636,3767,2557

test suite75
bestAPFD:0.956039
bestSuite:2166,1854,3655,4102,3940,4073,3691,4039,2716,1084,2500,1472,2339,3452,3410

test suite76
bestAPFD:0.959932
bestSuite:2986,3688,2515,4116,2788,4077,1986,1606,727,3354,1626,119,669,2920,1589,525,3520

test suite77
bestAPFD:0.960358
bestSuite:3292,3808,646,3888,4129,4087,3373,1530,3912,1785,1894,3804,2495,3858,911,2104,3792

test suite78
bestAPFD:0.936594
bestSuite:4039,2264,2775,3683,3380,4118,4075,3910,3252,2823,2480,335,3332,3021,2393,1978

test suite79
bestAPFD:0.947826
bestSuite:1908,3031,4088,2165,2842,2512,3940,4128,1872,4060,1606,995,520,3332,2379

test suite80
bestAPFD:0.947144
bestSuite:1658,2775,4086,3540,1724,3075,149,2694,4117,1741,1191,399,1053,1580,1464,350,497

test suite81
bestAPFD:0.968345
bestSuite:2222,3688,4082,4109,3198,3251,2599,2612,578,3050,2197,3282,2759,3133,3145,3105,3060,2732,2550

test suite82
bestAPFD:0.961861
bestSuite:1908,2552,2907,4077,2696,646,4112,2348,2744,3510,875,2576,374,2962,2141,1449,3442,2796,2101

test suite83
bestAPFD:0.959692
bestSuite:2986,2450,4077,2375,3815,4128,3576,433,2469,1507,946,955,455,1933,1881,3142

test suite84
bestAPFD:0.942995
bestSuite:1908,2974,821,3655,2830,1681,4077,570,4101,3100,2119,2579,855,1840,3828

test suite85
bestAPFD:0.932850
bestSuite:2254,2515,1619,3463,1791,3352,2926,2436,186,4093,1526,2377,4130,3659,972

test suite86
bestAPFD:0.956903
bestSuite:1854,2509,55,3976,4119,690,3410,4078,1161,2760,344,2330,1671,3489,2338,312,3428,1396,227

test suite87
bestAPFD:0.942029
bestSuite:2336,2729,2030,93,1781,3752,839,1597,4088,79,3875,505,4124,2083,2764,2381,2857,3365

test suite88
bestAPFD:0.962063
bestSuite:2639,3438,1658,4078,3472,4104,90,874,1825,3358,3520,305,2356,812,553,1447,1539

test suite89
bestAPFD:0.951863
bestSuite:1618,3303,4126,2474,2650,4077,877,484,3410,3792,3907,2114,3070,1976

test suite90
bestAPFD:0.945982
bestSuite:3476,1761,2706,1998,2520,3577,1551,3155,2926,4084,4128,308,933,3483,1938,2703,1226,1339,3354,90,312,3750

test suite91
bestAPFD:0.943237
bestSuite:1618,2347,3803,4108,646,4074,2036,2947,1229,3298,1494,2356

test suite92
bestAPFD:0.959079
bestSuite:3292,3976,4074,3051,4118,2141,1627,1619,3421,2783,3184,1771,3125,1500,3313,473,506

test suite93
bestAPFD:0.940885
bestSuite:1463,2762,4102,312,1596,2138,4097,2376,82,1858,3323,2211,952,868,3793,3112,2989,974,1919

test suite94
bestAPFD:0.961861
bestSuite:2181,2336,1805,3001,4077,4117,3752,391,2514,1511,2863,2657,286,4009,3765,1042,2405,576,3920

test suite95
bestAPFD:0.956039
bestSuite:1618,3688,3251,2407,4094,4117,3343,3955,3239,3966,1066,3142,3381,153,2720

test suite96
bestAPFD:0.948758
bestSuite:1908,1423,3033,4104,4074,3940,3187,846,3336,3016,1647,3977,2750,1800

test suite97
bestAPFD:0.933333
bestSuite:3292,2788,3565,3688,4084,4105,827,849,2430,3216

test suite98
bestAPFD:0.917732
bestSuite:1925,3648,3683,3303,2991,4042,1596,1806,4127,779,468,259,4090,3632,138,1642,2338

test suite99
bestAPFD:0.957880
bestSuite:2524,2986,149,4119,4090,2186,3227,2341,3753,1612,1244,3749,3388,1500,1696,2461

test suite100
bestAPFD:0.959573
bestSuite:3796,1463,2568,2338,4128,1861,3979,4085,3878,1792,3076,3955,2630,3572,923,3675,855,3621,2719

test suite101
bestAPFD:0.962063
bestSuite:1618,3669,2291,4117,4084,2621,433,909,1494,2411,3981,3913,2518,2684,642,2515,1329

test suite102
bestAPFD:0.938193
bestSuite:4026,2291,3636,4099,4111,2141,2073,1499,2926,223,2948,393,3033,3349,3745,1392,3766

test suite103
bestAPFD:0.919864
bestSuite:3688,1481,1478,3752,3354,3010,963,3788,3394,4088,2716,1964,4106,2721,2654,2217,2317

test suite104
bestAPFD:0.928854
bestSuite:1463,2907,4072,4112,646,3920,2369,3976,2229,3975,2010

test suite105
bestAPFD:0.962121
bestSuite:4061,1658,1520,1193,3187,4072,4103,3860,3754,1342,531,3551,2177,2684,3217,2047,1888,924,743,1277,727,1863

test suite106
bestAPFD:0.960950
bestSuite:3292,3888,1896,3197,2749,4130,2964,3786,928,1637,2837,3941,494,3562,3302,3435,605,3476

test suite107
bestAPFD:0.940580
bestSuite:1463,3688,3413,3217,4117,3185,2474,4093,2971,2573,2509,2716,1783,395,3205

test suite108
bestAPFD:0.955669
bestSuite:1908,3184,3647,2568,99,4096,4122,874,2849,1749,3919,2769,1006,1319,3662,3895,2150

test suite109
bestAPFD:0.953351
bestSuite:2786,4075,2354,2566,4118,3398,2117,2926,2547,3909,223,2956,189,1634,1169,3267

test suite110
bestAPFD:0.964493
bestSuite:1947,2502,290,2404,4072,2098,4106,1836,2535,1506,2423,2839,484,2789,2822,3322,3364,1359,978,3630

test suite111
bestAPFD:0.951407
bestSuite:1854,2317,3619,4098,2568,4103,2152,3313,2520,3966,1583,3363,3690,1607,3586,3000,224

test suite112
bestAPFD:0.938406
bestSuite:2768,3883,3860,4121,3187,3752,4073,2896,1528,4046,2393,763

test suite113
bestAPFD:0.929147
bestSuite:3417,907,3398,3752,2002,4066,4129,2373,224,4077,426,3613,2262,3748,2754,2209,1677,3403

test suite114
bestAPFD:0.962916
bestSuite:2786,1908,4072,4104,2164,2474,3527,3516,2182,2658,2514,3719,2544,261,3317,2150,3071

test suite115
bestAPFD:0.965086
bestSuite:2731,1463,4094,2729,4110,958,2880,900,1972,2650,1663,1731,2171,1720,1479,2439,3217,2620,3964,3787,1330,2025

test suite116
bestAPFD:0.946377
bestSuite:1854,3163,2473,3712,3503,4083,4128,224,2428,3493,3755,1943,3778,3104,352

test suite117
bestAPFD:0.923913
bestSuite:3200,3033,2926,1797,4113,4100,2749,2278,2467,283,3020,3976

test suite118
bestAPFD:0.958786
bestSuite:3565,1658,308,4126,1526,4073,552,1698,1980,172,3166,3966,3975,2777,2023,2834

test suite119
bestAPFD:0.939614
bestSuite:3476,2117,712,1486,3640,4124,4002,2554,3700,3752,2341,4099,3582,3343,2283,2862,1443,2193

test suite120
bestAPFD:0.943841
bestSuite:1494,2092,993,739,3905,4114,2926,1511,4090,3977,934,3203,2469,2073,2718,2094

test suite121
bestAPFD:0.952708
bestSuite:1487,2830,4088,3223,1732,3683,1526,4118,3911,3100,2931,1629,2860,2798,3210,4028,304,3537,2868

test suite122
bestAPFD:0.959972
bestSuite:1854,2964,3480,4113,3810,3910,81,1526,3615,1582,2855,5,3213,391,1875,4020,2759,3649,979,1411,3510

test suite123
bestAPFD:0.949275
bestSuite:1854,2254,4095,4112,93,3803,2071,1799,2084,497,56,3033,3320,2665

test suite124
bestAPFD:0.959742
bestSuite:1658,3276,4078,3910,2186,1085,4109,3394,2391,3028,1601,732,3283,585,3586,2067,2036,896

test suite125
bestAPFD:0.951288
bestSuite:3731,3338,814,2363,2527,4073,4115,2902,3752,2401,2974,3781,1948,2118,1744,598,1960,2351

test suite126
bestAPFD:0.967391
bestSuite:2639,1658,3251,739,4126,3505,45,4086,142,1984,754,1729,1892,3012,737,1468,3332,2578,1103,1106

test suite127
bestAPFD:0.961755
bestSuite:3292,3456,2610,4074,1805,3050,4118,2934,4005,2818,3303,983,2849,2023,1726,3526,2026,3502

test suite128
bestAPFD:0.951691
bestSuite:1908,3470,2474,3247,3910,4116,300,4087,3205,580,2514,780,3189,3376,3994

test suite129
bestAPFD:0.947046
bestSuite:2524,1658,2598,4074,1724,4106,3844,1877,1603,1395,3598,3318,2104

test suite130
bestAPFD:0.936957
bestSuite:2222,2639,3911,4079,2604,4103,3008,1509,3476,3138

test suite131
bestAPFD:0.965675
bestSuite:2786,1658,2186,3567,4123,1525,4097,2182,193,989,2961,1670,998,3171,1565,3433,1909,2053,1888

test suite132
bestAPFD:0.960358
bestSuite:3292,3788,2083,4109,4098,3669,2558,2621,176,3056,2215,1512,663,3605,1811,1864,3956

test suite133
bestAPFD:0.958227
bestSuite:1854,3175,3979,4082,2367,4117,1821,3464,2527,769,2269,2720,3122,2853,3454,1551,3074

test suite134
bestAPFD:0.964976
bestSuite:2639,2986,4107,4085,2953,3472,759,2533,865,2199,1608,1751,2360,2472,1021,2173,4002,3454

test suite135
bestAPFD:0.928986
bestSuite:3033,1777,3586,2619,3156,224,4107,2604,4077,3376,3275,3022,2553,1811,3752

test suite136
bestAPFD:0.954710
bestSuite:2986,3251,1009,2396,4117,412,1771,4083,389,755,2839,1781,1621,3670,2351,297

test suite137
bestAPFD:0.954106
bestSuite:3292,3655,4127,4092,2500,3911,2830,2693,3371,2082,1788,3378,3719,1968,3101

test suite138
bestAPFD:0.963005
bestSuite:3292,1556,2450,3979,2602,4088,4117,3851,3033,1733,654,1715,2959,3939,4019,2915,140,1,997

test suite139
bestAPFD:0.959627
bestSuite:1736,3223,3752,3808,1526,4099,4114,311,474,858,3928,2683,1676,285,3749,1752,862,798,671,1918,3392

test suite140
bestAPFD:0.944664
bestSuite:783,3688,3683,3133,236,3069,3713,4085,1724,4101,2418,2576,562,845,2435,552,2300,3537,1941,1805,2356,2077

test suite141
bestAPFD:0.954710
bestSuite:1854,3926,2474,468,4094,3900,4128,89,2830,1741,1021,2658,477,3632,2347,2570

test suite142
bestAPFD:0.923460
bestSuite:3979,3538,2788,3683,603,4080,2016,2294,746,2816,3672,4119,3617,2356,2435,3772

test suite143
bestAPFD:0.952620
bestSuite:2181,1463,4099,3352,4130,2182,3313,2379,1878,2389,3126,2552,1993

test suite144
bestAPFD:0.956903
bestSuite:1947,45,4082,2283,93,4128,2176,287,893,3438,3687,3547,2716,30,639,680,1459,2611,1045

test suite145
bestAPFD:0.928054
bestSuite:4006,652,2926,3033,322,290,2870,4112,4079,2749,526,1366,2950,3266

test suite146
bestAPFD:0.948718
bestSuite:2986,2367,2650,3175,4090,4106,1723,3387,3540,2114,2514,3823,1812

test suite147
bestAPFD:0.960358
bestSuite:2986,2830,3403,4082,2610,3180,4123,57,1499,963,2329,3376,118,4061,785,1213,3686

test suite148
bestAPFD:0.962489
bestSuite:2222,3905,4081,3052,4124,3910,3197,3900,1974,826,3843,966,2860,2993,2409,295,3050

test suite149
bestAPFD:0.951346
bestSuite:1947,3417,3403,4106,570,4099,1564,1808,1902,4058,3065,885,1104,3450

test suite150
bestAPFD:0.942882
bestSuite:2768,3112,3752,2512,4125,1946,3051,2314,2104,657,4086,2879,92,3872,2602,2673,3734

test suite151
bestAPFD:0.949793
bestSuite:1854,3684,4081,2554,3644,4122,3317,1791,3096,117,642,2816,2526,3426

test suite152
bestAPFD:0.942995
bestSuite:3883,2284,3824,4116,3683,3644,308,4085,3624,3441,2114,2177,671,422,153

test suite153
bestAPFD:0.959932
bestSuite:1947,3214,4104,2291,4092,55,1678,2902,2176,886,2409,1506,3894,3256,3744,1821,3336

test suite154
bestAPFD:0.950181
bestSuite:1658,2790,4083,2480,2962,3401,4130,2598,961,2004,2515,2602,2293,33,2796,3144

test suite155
bestAPFD:0.961504
bestSuite:2222,646,4080,2083,2474,4110,1685,3621,2157,1496,3567,973,814,950,3165,3887

test suite156
bestAPFD:0.958132
bestSuite:1908,3370,4095,3688,2301,2788,4127,2467,236,3084,3672,3268,2840,691,949,3359,479,3926

test suite157
bestAPFD:0.966586
bestSuite:2222,2375,4090,4108,2450,666,3653,3302,2371,2902,2396,1957,1714,3420,2155,602,3458,3627

test suite158
bestAPFD:0.966819
bestSuite:2222,4085,1716,4124,4042,99,2925,1474,3918,2080,3332,2271,1481,3964,3499,2931,3469,1730,3471

test suite159
bestAPFD:0.961353
bestSuite:1908,2650,2205,3788,4087,949,4128,2670,701,2547,1934,3725,3033,3234,146,3338,523,3469

test suite160
bestAPFD:0.956522
bestSuite:3981,1658,2749,4109,4093,4006,1553,3428,3808,2184,1673,3796,1262,3252,2584,1557

test suite161
bestAPFD:0.956119
bestSuite:3239,2256,3022,4102,4092,3510,3644,3752,3731,3975,331,3616,1239,3334,3205,3858,2143,1297

test suite162
bestAPFD:0.968944
bestSuite:1947,3669,4107,2696,4077,440,2089,2379,1973,3243,3966,3332,3904,3962,754,679,1191,3953,3288,3605,1337

test suite163
bestAPFD:0.947723
bestSuite:1854,2117,739,3767,4109,4089,1911,4006,4019,3632,2870,2138,2946,2902

test suite164
bestAPFD:0.950242
bestSuite:1947,2512,391,2195,4082,4102,2256,3384,2059,688,3492,2685,1650,2892,1158

test suite165
bestAPFD:0.950362
bestSuite:2336,1719,4092,2568,93,3752,1687,3295,1615,4110,2256,3624,1489,2514,2872,2833,871,1926,1637,2889

test suite166
bestAPFD:0.953804
bestSuite:1658,2117,3476,3940,4124,4095,3909,2443,433,3448,2866,2552,4007,134,3649,714

test suite167
bestAPFD:0.964713
bestSuite:1854,4042,4115,2490,3591,4098,2801,55,1795,888,3332,1879,3518,297,1257,2892,344,502,2004,1402,1627,2350,1275

test suite168
bestAPFD:0.960145
bestSuite:2597,55,2986,2117,4107,4094,3337,2381,2716,1721,2374,3156,830,2373,1361,1844

test suite169
bestAPFD:0.940885
bestSuite:3476,2502,3173,2746,2656,55,921,1798,3752,806,4112,2602,4075,734,3691,255,509,1786,4055

test suite170
bestAPFD:0.963768
bestSuite:2986,3688,2615,3788,4073,2037,4126,1808,1689,3033,1224,1864,1940,3609,56,1555,2774,1644,2443

test suite171
bestAPFD:0.967909
bestSuite:3292,2716,2844,3913,4127,4094,2254,795,1998,3834,312,1453,2313,1160,3544,3779,3856,3831,1525,3602,3829

test suite172
bestAPFD:0.966586
bestSuite:2222,2786,4074,4111,2186,996,1322,2623,1978,400,2283,2557,1997,3398,1459,3384,770,989

test suite173
bestAPFD:0.953623
bestSuite:1618,2425,2598,4093,2449,3937,4102,2104,2926,1709,1450,629,504,1972,2851

test suite174
bestAPFD:0.957005
bestSuite:2181,2768,3940,3683,4122,4099,1709,1481,1700,750,2966,2716,2997,2857,1511

test suite175
bestAPFD:0.965839
bestSuite:1658,3447,3905,311,4077,4112,3594,3027,3159,1856,709,3862,1688,3210,3033,1599,1473,2492,2760,235,1903

test suite176
bestAPFD:0.962916
bestSuite:2222,3352,1713,4094,2473,4104,2458,2925,301,3893,2083,3214,2208,1623,942,3184,3028

test suite177
bestAPFD:0.958333
bestSuite:2597,3292,4078,3913,308,3483,3050,4105,1813,322,1772,3259,742,2284,685,2189

test suite178
bestAPFD:0.952899
bestSuite:2768,3227,1854,3352,4101,4092,3427,3803,1785,3619,1931,2081,1366,1904,2492,3743

test suite179
bestAPFD:0.960950
bestSuite:1658,3669,3175,2269,4072,4119,3423,1435,3624,3948,4064,3676,2657,1752,3790,507,195,2580

test suite180
bestAPFD:0.961637
bestSuite:1947,3669,3976,4104,4076,2996,3268,1939,778,1765,1913,2213,3882,680,2896,1989,2174

test suite181
bestAPFD:0.927536
bestSuite:3683,2775,3085,3905,3150,322,4079,2399,2708,4128,3904,468,2370,3869,3130,2338,233,45,678

test suite182
bestAPFD:0.955556
bestSuite:2597,3472,3292,4098,2083,4102,2946,3438,1758,2368,2823,2698,2488,651,1333

test suite183
bestAPFD:0.950801
bestSuite:3731,3476,4081,646,3311,1604,999,3752,4112,2480,2073,3017,756,3301,56,1832,778,2676,287

test suite184
bestAPFD:0.962963
bestSuite:3565,1947,4108,4099,2246,3895,3910,428,1524,2906,527,2182,3329,2904,1649,3380,1939,3344

test suite185
bestAPFD:0.938619
bestSuite:3796,3470,1435,2984,1056,2502,1572,3752,2598,4103,4091,2174,2515,3186,2234,3572,3126

test suite186
bestAPFD:0.957428
bestSuite:3732,1658,2117,4100,1608,4112,2177,3137,1811,3502,1999,3091,3995,3450,3214,1818

test suite187
bestAPFD:0.967963
bestSuite:2222,2786,4090,2512,3320,4110,778,3340,2500,3112,3661,2946,3480,2397,1894,1920,2149,60,393

test suite188
bestAPFD:0.949657
bestSuite:1463,2243,2759,3911,3888,3989,1763,4126,2973,4074,3243,2331,2716,2431,3171,3157,1567,2624,607

test suite189
bestAPFD:0.962243
bestSuite:2639,646,4080,1870,3399,4114,2604,3907,1908,1254,598,205,2304,1433,2120,762,511,3464,378

test suite190
bestAPFD:0.954390
bestSuite:1854,3175,82,3332,789,4093,4111,1043,3048,3819,3657,3020,964,2763,2114,2983,1729

test suite191
bestAPFD:0.957005
bestSuite:1908,2375,4074,4108,2953,3298,690,2902,1954,54,670,2545,2238,1362,3919

test suite192
bestAPFD:0.964171
bestSuite:2986,3669,1724,4119,2964,920,301,2683,3534,1861,556,2514,1333,3660,3145,20,3344,2256

test suite193
bestAPFD:0.964912
bestSuite:3292,2375,2363,4122,4093,3796,3825,934,3672,1815,3218,3050,1855,3450,2959,452,984,1614,2956

test suite194
bestAPFD:0.952381
bestSuite:3292,2473,223,4123,4097,2514,2076,511,692,3341,1913,1502,2619,3581

test suite195
bestAPFD:0.922960
bestSuite:2089,2967,3752,1704,3209,1871,4109,2439,1731,3888,2288,308,2073,2338,3594,3580,3923,4084,1306

test suite196
bestAPFD:0.953623
bestSuite:1947,3688,2490,2568,4095,3636,4118,3306,1870,1871,3223,2092,3425,3399,1976

test suite197
bestAPFD:0.940711
bestSuite:3239,1947,4042,4126,4097,2610,2275,2789,2759,2372,691

test suite198
bestAPFD:0.957246
bestSuite:1908,2114,2469,3765,2731,4123,2749,4091,2031,1329,1724,260,3033,3126,1481,1087,3800,40,3454,2537

test suite199
bestAPFD:0.957488
bestSuite:2986,2117,4109,4087,3051,2864,2779,2953,3726,2083,2602,2938,2471,1440,3932

test suite200
bestAPFD:0.937953
bestSuite:3669,1471,2926,3000,4126,3644,4074,1902,2987,2716,2211,3713,4057,843,2084,2358

test suite201
bestAPFD:0.948758
bestSuite:1947,3987,99,2186,4096,3439,4125,859,1014,2386,1689,923,2625,3753

test suite202
bestAPFD:0.935185
bestSuite:2182,1910,2749,4084,4062,1860,2982,1166,3683,2246,3609,4116,3204,118,1827,3510,2071,3714

test suite203
bestAPFD:0.959506
bestSuite:1947,2037,3910,2246,4084,4107,3757,3233,3351,3146,3113,2839,1432,130,1974,3557,1933

test suite204
bestAPFD:0.954257
bestSuite:1908,2864,411,223,4093,4108,2953,3515,3987,2839,275,2560,749,1768,3014,1290

test suite205
bestAPFD:0.958937
bestSuite:1947,3250,3910,3976,1467,4108,4077,3683,141,497,3934,1307,3100,777,3283,3797,3605,3809

test suite206
bestAPFD:0.968709
bestSuite:2986,3198,4083,2696,4119,1693,391,1951,2559,2997,3124,3137,2261,1970,1199,638,3262,3037,1360,901,78,3026

test suite207
bestAPFD:0.929952
bestSuite:2926,2141,3767,2970,3581,887,3527,4103,2449,659,532,291,2964,2839,3702,2799,938,3195

test suite208
bestAPFD:0.951505
bestSuite:2222,4042,1840,93,4095,4125,3883,3623,2084,564,2637,3191,2089

test suite209
bestAPFD:0.962963
bestSuite:3292,2604,3332,4081,224,4113,1742,1986,3922,3649,2351,1796,3852,2523,596,2931,3402,2888

test suite210
bestAPFD:0.949833
bestSuite:1618,2363,4085,4120,223,3834,3623,2731,3942,1717,2860,743,3112

test suite211
bestAPFD:0.956095
bestSuite:4006,1658,4095,2016,4127,589,1117,4068,3252,2360,2671,3699,1569,791,3576,3185,2505

test suite212
bestAPFD:0.961637
bestSuite:1618,2363,4084,412,4125,3624,3087,1466,3653,1972,3626,4,1282,1539,2921,2127,1470

test suite213
bestAPFD:0.966819
bestSuite:2222,2941,4079,224,2696,4122,3859,2410,2660,3367,3247,2584,3870,1370,3332,1381,857,24,3223

test suite214
bestAPFD:0.936141
bestSuite:2707,1671,2634,2926,4086,2512,1509,290,746,2514,4121,3561,3346,1362,980,2501

test suite215
bestAPFD:0.950390
bestSuite:1618,4006,4108,4096,2844,4040,2862,1879,3701,1579,1727,2839,3050

test suite216
bestAPFD:0.956069
bestSuite:3292,743,2269,4094,3913,3979,4110,2690,2929,3165,797,2989,613,2970,2835,2783

test suite217
bestAPFD:0.960784
bestSuite:3292,1526,2514,4103,2749,4089,2796,2698,2137,2114,3449,3570,1699,1131,2687,3356,829

test suite218
bestAPFD:0.961755
bestSuite:3292,3644,2684,3940,4119,3283,924,4074,1968,937,1356,4069,3469,2196,1647,1762,3883,799

test suite219
bestAPFD:0.934330
bestSuite:3101,1463,2769,2789,1774,2376,4086,4129,224,3071,151,70,424,1555,3766,1818

test suite220
bestAPFD:0.955669
bestSuite:1947,3268,3803,2574,2711,4102,4099,570,1939,1864,1849,3304,4038,1831,3891,2458,1676

test suite221
bestAPFD:0.955556
bestSuite:3292,2844,3187,3808,4089,4110,1713,3343,1612,3764,2315,1633,1995,2335,794

test suite222
bestAPFD:0.957428
bestSuite:1618,2037,3803,4089,3352,4104,3855,4046,1010,341,1884,597,3222,818,964,322

test suite223
bestAPFD:0.967564
bestSuite:3292,3655,4087,2500,4130,3352,976,3272,667,457,811,3006,2810,2395,2839,1877,2071,417,1241,2436,2802

test suite224
bestAPFD:0.961480
bestSuite:1658,2637,4074,4042,149,1009,4125,2665,3808,2077,1080,286,1930,3624,1587,2454,3534,2010,4038

test suite225
bestAPFD:0.940053
bestSuite:3565,1618,4080,4106,3788,3910,826,2950,2509,3319,3694

test suite226
bestAPFD:0.966056
bestSuite:1618,3688,4124,2729,4086,2783,1744,2073,828,2602,2773,3053,2795,422,2207,1469,2023,1007,2513

test suite227
bestAPFD:0.955669
bestSuite:3565,1840,589,3470,2568,4128,4092,2926,958,1754,3531,2374,3947,3197,3056,3064,2988

test suite228
bestAPFD:0.968841
bestSuite:2222,3565,2749,4107,4094,3438,2570,1624,2240,3705,751,2820,992,1017,1800,3243,3681,3870,676,2271

test suite229
bestAPFD:0.926329
bestSuite:1463,2450,1896,3734,93,4075,3656,1770,1903,3692,2533,4130

test suite230
bestAPFD:0.968478
bestSuite:2786,1658,4124,4096,2729,2064,3624,1919,2080,1674,681,2576,4017,660,2968,3421,3812,709,3378,85

test suite231
bestAPFD:0.956522
bestSuite:1947,3205,4121,4096,2147,93,2474,106,3032,759,1796,2716,1530,424,625,130,3552

test suite232
bestAPFD:0.948161
bestSuite:1618,3636,4078,2291,4126,2598,3101,1595,3316,1078,3957,3918,225

test suite233
bestAPFD:0.967909
bestSuite:1908,2375,2729,2455,4086,4105,3343,3497,1606,1629,925,2872,2092,240,2973,2061,1693,1021,3559,3966,1686

test suite234
bestAPFD:0.961637
bestSuite:2181,3669,4072,1830,3752,4112,273,3599,1829,2020,384,1711,2221,3832,3533,3928,3332

test suite235
bestAPFD:0.948822
bestSuite:3678,1487,3979,1724,4093,969,3268,4113,3225,3369,2439,131,3069,727,2325,2926

test suite236
bestAPFD:0.964531
bestSuite:2425,2986,4130,3860,3577,4098,1621,3942,3904,897,3473,3033,1158,1922,2484,1678,2915,912,811

test suite237
bestAPFD:0.958333
bestSuite:3292,2729,4105,149,2716,4084,4014,2327,2377,3419,2254,2567,1810,1605,2492,2547

test suite238
bestAPFD:0.966438
bestSuite:2222,3803,468,1603,4075,4110,1473,3808,1262,1728,995,2639,3897,3020,2845,1500,1,460,2781

test suite239
bestAPFD:0.913043
bestSuite:3033,1728,1239,2926,3440,24,2716,4093,2568,4123,2596,1951,93,1168

test suite240
bestAPFD:0.962063
bestSuite:1618,3688,2502,4091,4104,2194,1849,3268,69,1815,3792,3496,1846,783,1952,3596,2692

test suite241
bestAPFD:0.927536
bestSuite:3780,1799,505,2321,3752,3490,2246,693,2860,4046,4112,3911,3313,4079,2779,294,2594

test suite242
bestAPFD:0.926731
bestSuite:2597,3033,3438,2964,3527,2926,4125,3220,1215

test suite243
bestAPFD:0.959506
bestSuite:1908,2729,3940,1676,4124,4077,1720,3234,3387,1848,1548,1858,2527,330,2080,3008,2196

test suite244
bestAPFD:0.953140
bestSuite:1854,3447,2598,2953,4103,4097,3283,3231,2292,1571,2269,2585,587,762,3182

test suite245
bestAPFD:0.954106
bestSuite:1618,4042,4115,2204,4086,3527,3033,404,3017,1738,1617,1789,2531,2249,2840

test suite246
bestAPFD:0.946558
bestSuite:2731,835,1939,3688,3752,3403,3268,4123,4090,1198,1951,3768,684,522,3290,2590

test suite247
bestAPFD:0.963768
bestSuite:1908,2336,2371,4091,2512,4130,311,2021,4041,1690,1221,1268,1828,2283,2830,848,3285,871,2966,3144

test suite248
bestAPFD:0.962916
bestSuite:2222,2281,3577,4122,4087,3051,3313,137,3210,3506,2858,2109,1985,2439,2471,3675,214

test suite249
bestAPFD:0.962916
bestSuite:2222,4073,1422,3732,4127,3456,1470,2866,2790,3447,2677,2338,87,391,739,1039,3258

test suite250
bestAPFD:0.953089
bestSuite:2215,2509,3251,646,2056,4112,2926,4080,1217,970,3406,2243,633,1608,3510,334,484,456,1478

test suite251
bestAPFD:0.965781
bestSuite:2222,4080,2786,4109,975,1526,3808,3303,3765,2981,1667,641,267,3702,3681,485,1897,3605

test suite252
bestAPFD:0.954996
bestSuite:1854,3510,314,1928,308,4104,2291,3843,4097,312,1751,892,2845,2250,2322,3262,679,641,916

test suite253
bestAPFD:0.961051
bestSuite:2181,1463,4094,4114,1530,3688,3476,1480,980,3782,3848,3071,3642,97,1988,2217

test suite254
bestAPFD:0.949275
bestSuite:3623,3860,3778,709,4117,4074,3788,1884,2926,2171,3935,2668,280,3958,1180,2194,1955,2269

test suite255
bestAPFD:0.958786
bestSuite:1947,2363,2964,93,4106,3459,1990,682,3369,2624,1635,2083,1812,35,2269,1445

test suite256
bestAPFD:0.958454
bestSuite:2222,4056,4082,290,4107,2788,3819,3993,2338,2417,2458,695,2843,1088,1662

test suite257
bestAPFD:0.962862
bestSuite:2222,3979,4090,4108,3175,2775,2425,1148,3600,2716,2040,2586,3432,1713,3032,688

test suite258
bestAPFD:0.948240
bestSuite:1947,3101,3198,4095,3940,3803,4116,1720,3339,778,779,2525,3501,2013

test suite259
bestAPFD:0.921607
bestSuite:1463,2502,2509,4078,847,82,4111,2971,3020,3236,2842

test suite260
bestAPFD:0.964855
bestSuite:2986,3565,82,3720,3888,4074,647,4111,3215,2346,4063,1134,1180,3055,2567,3632,1634,1522,942,1224

test suite261
bestAPFD:0.962121
bestSuite:4006,1463,223,2964,4117,924,3576,2017,3341,1391,3490,2173,2780,1150,1753,2197,2309,1430,2926,2602,2376,4

test suite262
bestAPFD:0.937198
bestSuite:4006,1463,4068,4120,4077,2650,4071,3033,778,2834,1960,2193

test suite263
bestAPFD:0.972332
bestSuite:2222,3979,2502,3459,4099,4115,2338,3887,2327,2815,3969,3720,2903,3607,833,2287,3218,2632,1938,2562,3426,1501

test suite264
bestAPFD:0.961353
bestSuite:1758,2926,4090,2515,2512,3527,4130,2271,1436,404,1669,909,21,117,1169,1975,797,3980,2761,1347,2486

test suite265
bestAPFD:0.953140
bestSuite:4006,1854,55,4108,4096,2037,2716,2241,2974,714,3719,1824,3858,2124,3784

test suite266
bestAPFD:0.955616
bestSuite:1908,2500,2729,4077,3940,4120,1832,2084,865,1496,1587,2513,2966,1252,3703,3398

test suite267
bestAPFD:0.954509
bestSuite:1854,2925,2788,3112,2610,4121,3064,2333,707,1252,1799,3351,177,3712,1278,2971,3996,4084

test suite268
bestAPFD:0.958937
bestSuite:1908,3688,1579,2415,3577,4096,2711,2092,4102,2458,3367,2086,3519,2724,2751,3654,2017,754

test suite269
bestAPFD:0.960950
bestSuite:1618,2450,3527,4099,3421,4119,3551,3515,574,1720,3332,1884,1428,2394,2067,2050,626,828

test suite270
bestAPFD:0.959420
bestSuite:2222,4088,3979,3655,4125,3314,2166,3332,1913,1162,4055,848,2178,2248,2910

test suite271
bestAPFD:0.962158
bestSuite:3292,3577,4096,2083,4107,3472,603,2503,1007,1790,113,2983,2372,743,864,1829,3847,3230

test suite272
bestAPFD:0.942633
bestSuite:1618,2604,2417,4100,4128,2598,3165,1849,2773,2933,1675,3997

test suite273
bestAPFD:0.921405
bestSuite:4006,1666,3004,2926,3854,322,3510,4129,739,4076,3797,2155,3347

test suite274
bestAPFD:0.956177
bestSuite:2572,2502,2155,843,4129,4081,2526,99,2926,1282,36,407,1388,513,1071,2356,3696,743,1682,2754,3387

test suite275
bestAPFD:0.960358
bestSuite:3292,3403,2092,4109,4084,3732,2922,3340,1435,2469,3860,1638,290,2274,1798,3546,1759

test suite276
bestAPFD:0.960784
bestSuite:3565,3292,2650,4072,4115,2696,3223,2425,3282,1834,978,3457,531,3740,3129,1944,3251

test suite277
bestAPFD:0.957801
bestSuite:1908,3191,4073,2316,55,4119,1526,664,3332,1750,898,2389,752,3032,2320,516,3700

test suite278
bestAPFD:0.960145
bestSuite:2986,2077,2757,4122,2953,4096,2527,589,1251,97,3601,135,2310,1865,2521,1980,3470,3808

test suite279
bestAPFD:0.947011
bestSuite:1908,164,3421,3028,3345,589,4117,4085,3403,2120,2080,3716,2185,1376,1449,1619

test suite280
bestAPFD:0.943841
bestSuite:1618,3256,4072,2480,4126,311,740,816,3409,3313,3458,2420

test suite281
bestAPFD:0.964531
bestSuite:2986,4061,2729,3940,4101,4089,2347,1528,3112,1188,2548,1880,3000,414,1687,1677,1831,3774,2188

test suite282
bestAPFD:0.970699
bestSuite:3292,3731,2474,4076,4113,2500,1655,1579,1769,3130,2436,2501,2174,682,3510,946,3177,4060,1389,3804,1370,1350,509

test suite283
bestAPFD:0.961755
bestSuite:1618,4008,55,4123,2367,3644,4078,1926,3956,3613,400,805,3450,3273,2709,3492,3605,3520

test suite284
bestAPFD:0.957557
bestSuite:1658,2372,3803,3051,2500,1510,4116,3491,1606,2546,702,3043,3285,3561,3534,3757,218,2011,2119,3373,4077

test suite285
bestAPFD:0.953964
bestSuite:1618,2568,2527,3633,4114,99,1522,2193,2935,91,1509,1603,917,3421,1539,2006,4083

test suite286
bestAPFD:0.962963
bestSuite:3292,2601,4086,4102,3803,3051,1836,3112,926,4023,575,3469,3754,4021,2795,1012,3101,3805

test suite287
bestAPFD:0.957971
bestSuite:2222,1980,3187,4090,4106,3352,1332,440,23,3393,2515,3334,868,3504,2439

test suite288
bestAPFD:0.944587
bestSuite:3860,3050,1757,4042,4096,1815,3683,4101,2204,566,1937,3529,3198,3549,2868,636,1943

test suite289
bestAPFD:0.966184
bestSuite:1947,3763,3803,4077,2083,4107,1669,3825,646,4005,2809,3847,3689,744,761,2766,874,3231,3708,3514,2888

test suite290
bestAPFD:0.906250
bestSuite:3138,2271,1776,2291,1949,1542,1099,707,4111,2092,570,2926,3619,3624,1904,2964

test suite291
bestAPFD:0.944444
bestSuite:1658,2675,4073,2533,3905,3940,4113,879,284,3208,906,1506,3927,826,3268

test suite292
bestAPFD:0.966874
bestSuite:1947,2092,4074,4109,2246,732,2650,3938,3447,530,2600,3223,3671,1452,2754,901,3115,3078,4025,1935,2040

test suite293
bestAPFD:0.935386
bestSuite:1658,2604,4074,1009,4118,3757,646,996,2076,3984,3131,2478

test suite294
bestAPFD:0.955163
bestSuite:1658,3883,4097,4118,224,1724,1896,2174,3502,2389,373,1984,3423,3765,3274,840

test suite295
bestAPFD:0.954911
bestSuite:1658,3819,4082,3149,1724,3911,4110,3882,3002,2067,4060,2148,2931,1585,1716,3510,1084,1793

test suite296
bestAPFD:0.942029
bestSuite:1658,2650,3091,2376,1338,4129,4077,3891,1596,1249,539,3481,1410

test suite297
bestAPFD:0.951863
bestSuite:3292,1724,4119,2839,93,2216,4079,2665,3552,980,2121,1712,3516,1960

test suite298
bestAPFD:0.964493
bestSuite:3292,2215,4128,82,4075,3398,2180,3655,3208,2011,2559,1797,2260,271,1827,3174,2406,3914,3948,1911

test suite299
bestAPFD:0.910455
bestSuite:3784,3863,2926,1161,3269,3552,4114,450,4042,2749,4087,1676,2866,2269

test suite300
bestAPFD:0.952174
bestSuite:1658,4006,2375,4076,3294,2573,4110,2769,1003,1604,305,2157,2984,2367,3229

test suite301
bestAPFD:0.969038
bestSuite:2222,224,3462,3577,957,4100,4120,2839,2551,3198,653,547,1193,3222,1913,2365,213,1464,1860,1135,1472,2081

test suite302
bestAPFD:0.928895
bestSuite:3576,3268,1421,3976,3882,4107,3686,694,3752,3940,1013,2312,2964,2097,3531,568

test suite303
bestAPFD:0.938923
bestSuite:2768,3683,3294,3438,1771,224,4114,4098,2952,3510,1920,3639,1399,2633

test suite304
bestAPFD:0.958937
bestSuite:2786,2986,4116,2246,4088,235,1761,3587,832,2811,2578,1360,1835,3510,2639

test suite305
bestAPFD:0.952093
bestSuite:3669,3855,2926,2356,4079,4128,1687,2564,3384,3388,102,3743,544,3199,744,96,3859,1608

test suite306
bestAPFD:0.960784
bestSuite:3292,2502,2601,99,4092,4128,917,2207,3432,1658,2531,2427,862,3813,271,3363,368

test suite307
bestAPFD:0.957729
bestSuite:1854,2170,2183,3527,4109,4086,2186,3332,2077,911,3416,2487,1166,1617,3516,214,3337,564

test suite308
bestAPFD:0.923913
bestSuite:3033,2650,2376,3892,2558,3144,4108,1785,2602,3752,2863,3725,836,2964

test suite309
bestAPFD:0.961353
bestSuite:2986,3688,2953,2964,3191,4127,1103,2083,2077,3968,1418,2718,1831,3337,2979,945,3989,606

test suite310
bestAPFD:0.955072
bestSuite:2986,3684,1526,4100,3527,4120,1771,1683,2274,2347,3269,2448,2338,772,100

test suite311
bestAPFD:0.930094
bestSuite:1980,2926,2204,3112,4080,2778,1432,4117,3905,93,2796,1288,1304,2803,419,1589,3231

test suite312
bestAPFD:0.944790
bestSuite:2117,3623,3124,3472,1608,3181,3493,4084,699,4114,2452,2926,828,307,3293,2556,347,1402,2338,3345,1336

test suite313
bestAPFD:0.928571
bestSuite:2084,1597,2363,3792,1776,4087,93,2926,2866,3332,1810,193,3136,4111

test suite314
bestAPFD:0.952685
bestSuite:1908,931,2316,3805,4095,3187,1433,646,312,4123,2151,2514,923,3660,3457,966,4009

test suite315
bestAPFD:0.957428
bestSuite:2697,2986,4097,3051,4129,2788,1997,623,3961,2182,3676,1955,792,2902,295,3757

test suite316
bestAPFD:0.946987
bestSuite:3883,1781,2380,4079,4124,55,1229,2416,3752,3521,2675,2770,1451,994,2757,13,3992,2849,3976

test suite317
bestAPFD:0.945865
bestSuite:2117,1463,3476,4086,1596,1969,2602,55,4103,2485,869,1873,2599,462,1737,946,3582

test suite318
bestAPFD:0.955717
bestSuite:1908,2231,4092,235,2354,2568,3472,2146,4109,1511,3155,1140,2314,626,1576,4046,3503,2447

test suite319
bestAPFD:0.927083
bestSuite:3033,3655,2328,3662,1414,2439,4108,3752,4075,3338,2618,1673,3919,713,795,3688

test suite320
bestAPFD:0.956522
bestSuite:1618,2514,2554,3655,4111,4095,2254,1998,824,2754,3695,2778,934,2282,3540,3800

test suite321
bestAPFD:0.928054
bestSuite:3251,3860,3683,2902,712,4130,4097,2533,630,1490,2633,843,1027,2527

test suite322
bestAPFD:0.958937
bestSuite:1658,2104,4095,4109,1931,224,2117,1877,797,3683,3150,3685,1764,2018,3605,3881,2835,206

test suite323
bestAPFD:0.933816
bestSuite:3796,1710,2524,3738,1613,3752,4081,2473,4128,3910,790,3850,2501,3736,3248

test suite324
bestAPFD:0.958653
bestSuite:1658,2363,4127,4079,2610,1074,1836,2549,1761,20,2837,1639,1133,2971,1892,2925,2839

test suite325
bestAPFD:0.950038
bestSuite:3356,3683,2740,2805,4085,3894,3911,4123,1872,3090,3332,2626,3105,921,2560,1455,3393,340,1724

test suite326
bestAPFD:0.960717
bestSuite:1854,2524,3770,4097,4112,3438,3343,3352,1587,151,3066,2263,1547,2486,1504,2483,1262,3702,3065

test suite327
bestAPFD:0.925926
bestSuite:2986,3669,3976,4113,2936,4098,3207,2973,3275

test suite328
bestAPFD:0.962158
bestSuite:1618,3376,3352,2449,4088,2269,4121,3893,3144,2316,2037,170,1291,658,1994,1674,3501,3993

test suite329
bestAPFD:0.942482
bestSuite:4006,3883,874,1986,1772,4112,3352,3752,3150,4095,2273,2028,1139,151,67,3303

test suite330
bestAPFD:0.960784
bestSuite:3292,2375,4127,2492,2564,4078,1976,1985,3510,1695,2373,2023,2856,1891,3192,2182,3103

test suite331
bestAPFD:0.934124
bestSuite:1854,2649,3979,2788,4089,4125,2716,3054,3978,1222,2082

test suite332
bestAPFD:0.961133
bestSuite:1854,2698,3901,741,2729,2216,2534,2554,1631,4130,4096,1384,3389,3489,675,655,535,3379,3989,1826,2425,906

test suite333
bestAPFD:0.956522
bestSuite:1618,3688,4115,4093,1965,3976,4043,896,2165,2643,351,3144,1675,3111,3398

test suite334
bestAPFD:0.968478
bestSuite:2222,2601,4082,1526,82,4120,3830,3600,2635,622,1193,961,235,2165,1755,2216,3130,2083,3441,1475

test suite335
bestAPFD:0.961861
bestSuite:1658,2461,3788,2964,93,4117,2999,1538,1483,2847,910,3616,3376,866,899,1033,369,2071,3986

test suite336
bestAPFD:0.926812
bestSuite:2621,1658,4091,4118,2568,3472,2580,2847,3697,793

test suite337
bestAPFD:0.949728
bestSuite:1908,2500,3560,4095,3705,1552,4124,3175,55,3683,2533,2982,3687,664,1803,2901

test suite338
bestAPFD:0.925725
bestSuite:2264,3752,2515,3867,1547,1623,4129,1493,2610,2696,4087,1688,2627,3178,3478,3319,2314,1,1130,2796

test suite339
bestAPFD:0.956975
bestSuite:1947,2830,4095,2953,4121,99,3174,2509,862,314,837,3327,2649,835,2229,353

test suite340
bestAPFD:0.963005
bestSuite:3292,2515,320,2568,4076,3732,1672,4121,3824,1427,2216,697,3166,3531,1159,3197,3277,1504,1476

test suite341
bestAPFD:0.939855
bestSuite:2604,2514,3303,3412,719,82,2409,3683,2527,4076,4130,56,860,133,147,3329,3250,3230,1362,1532

test suite342
bestAPFD:0.931438
bestSuite:3033,2215,2926,3577,775,4128,2964,3623,308,773,990,3258,3296

test suite343
bestAPFD:0.960950
bestSuite:2524,1947,2564,4126,4091,3303,3352,3520,2273,2829,3493,2836,1577,1723,3536,62,1015,3956

test suite344
bestAPFD:0.929952
bestSuite:1650,2759,3101,2502,825,1573,752,4100,3808,391,238,1104,4111,714,2674,2853,722,2926

test suite345
bestAPFD:0.969368
bestSuite:2986,2362,2512,2610,4091,1768,4113,2336,2656,2756,3921,12,3058,2138,2673,2380,1757,1693,603,3167,2338,102

test suite346
bestAPFD:0.953804
bestSuite:1618,2271,3581,4085,3472,2788,732,4101,1464,440,2894,805,2781,1928,2587,2996

test suite347
bestAPFD:0.950634
bestSuite:1908,3272,1884,4128,570,704,4096,739,2186,3826,1606,2285,2847,3520,726,3677

test suite348
bestAPFD:0.951691
bestSuite:1658,3979,3251,4123,4083,2472,3452,1944,676,3268,3225,4038,2028,766,1982

test suite349
bestAPFD:0.952899
bestSuite:3565,2155,3175,2147,4092,4121,3752,2610,3758,1135,752,990,2281,3340,2537,2603

test suite350
bestAPFD:0.957428
bestSuite:1618,2117,4072,1317,4108,3051,221,3955,1746,2926,3658,966,863,3318,2420,1879

test suite351
bestAPFD:0.964976
bestSuite:2222,3732,2752,2363,4089,4111,109,1926,935,3834,3906,242,3332,3250,3624,2637,1688,3165

test suite352
bestAPFD:0.962681
bestSuite:1947,3364,2291,2910,224,4088,4114,2004,2854,2330,1822,3617,2825,1793,63,2500,3200,1334,3804,2902

test suite353
bestAPFD:0.970685
bestSuite:2222,3187,4114,3459,2598,3058,2964,2956,3848,2160,3751,1782,3601,558,3203,821,3658,1827,3441,2570,2560,2830

test suite354
bestAPFD:0.944259
bestSuite:3239,2336,1908,55,3655,1482,4112,3695,4095,3033,2368,2360,3249

test suite355
bestAPFD:0.958653
bestSuite:1854,3796,4091,4119,3910,3175,3572,1480,890,2515,3213,624,1610,2559,924,2127,186

test suite356
bestAPFD:0.967029
bestSuite:2222,4120,4083,55,3618,1500,2450,1290,858,3341,700,2041,620,2205,1544,1018,1282,3033,3485,2607

test suite357
bestAPFD:0.961232
bestSuite:1854,3050,2084,4094,149,3005,2568,3384,4111,3995,3873,3938,3874,920,3320,3984,750,3032,896,624

test suite358
bestAPFD:0.964150
bestSuite:1618,2141,3905,3527,4076,4103,3268,2842,3522,3342,3552,1482,951,815,1617,3388,2825,1586,744

test suite359
bestAPFD:0.928815
bestSuite:2601,3914,1781,818,1509,629,4108,2716,3683,391,4095,1195,1806,313,3420,2421,2512

test suite360
bestAPFD:0.966184
bestSuite:1854,3303,4115,2749,4077,2526,3803,1841,3249,3431,1978,3231,1910,854,2866,651,2276,2557,1346,161,3164

test suite361
bestAPFD:0.966819
bestSuite:2222,3732,1840,4113,4077,3175,3099,1036,2296,1800,2059,1658,4046,1824,982,1847,2553,3580,4062

test suite362
bestAPFD:0.948792
bestSuite:3565,909,2729,3471,4108,4094,2554,2926,663,3636,1623,2559,669,2080,3498

test suite363
bestAPFD:0.950828
bestSuite:1947,3883,4093,2953,4123,3461,3051,3480,932,2084,3298,3191,3231,2455

test suite364
bestAPFD:0.939010
bestSuite:1658,3686,2568,4102,4074,468,2318,1693,2938,2205,1787,1055

test suite365
bestAPFD:0.949275
bestSuite:1854,2155,4092,2729,739,4118,2842,2910,1653,3180,2714,3862,3975,1796

test suite366
bestAPFD:0.918357
bestSuite:3112,2926,3561,3624,2724,887,3892,570,4125,2889,122,3888,4100,2706,2087

test suite367
bestAPFD:0.968345
bestSuite:2222,3688,4006,4110,1944,4098,1927,3605,820,2573,2966,695,2757,2213,1254,1905,2139,944,2839

test suite368
bestAPFD:0.944816
bestSuite:1658,3883,3644,93,4084,4124,1066,3021,2649,979,4070,34,785

test suite369
bestAPFD:0.968179
bestSuite:1854,3688,3625,2942,4077,3456,4107,1322,3705,1071,596,1697,1238,2902,591,2810,2927,1704,3946,2961,3523,3501,1425

test suite370
bestAPFD:0.970324
bestSuite:2222,2376,3979,4113,3911,4093,1353,2243,1855,2627,2561,2830,1428,523,804,2527,1545,3663,1728,207,676

test suite371
bestAPFD:0.965047
bestSuite:2222,3688,4097,2450,4123,759,1575,2274,283,3988,3537,3786,2089,2801,3666,330,2269

test suite372
bestAPFD:0.954106
bestSuite:1947,224,3577,312,4098,2785,4128,3573,3582,922,680,3003,2101,1421,2275,1844,2793,1841

test suite373
bestAPFD:0.953804
bestSuite:1947,3334,2186,224,2524,4088,4105,2622,1644,552,1823,2248,1092,2569,755,2993

test suite374
bestAPFD:0.967201
bestSuite:2222,3802,308,4106,4087,2474,3065,1242,1434,3344,2419,2527,3287,2157,2634,2827,1427,1618,2414

test suite375
bestAPFD:0.960598
bestSuite:2222,1668,3732,4084,4121,3456,2664,1294,2170,1726,2515,213,3501,1633,2121,2113

test suite376
bestAPFD:0.964912
bestSuite:3292,2246,4092,2610,4046,4130,3266,655,3104,1329,2834,2604,1847,1936,2042,701,3457,1947,2288

test suite377
bestAPFD:0.943961
bestSuite:1854,2509,3014,4102,4073,2749,1791,2417,1724,4028,1865,1777,3842,3419,768

test suite378
bestAPFD:0.949702
bestSuite:1658,3268,3662,589,896,1692,2788,4126,2964,3360,701,547,1486,2281,2183,3487,4011

test suite379
bestAPFD:0.932367
bestSuite:1463,2450,3802,4122,4084,2844,3332,1797,3007,3780,2362,2368

test suite380
bestAPFD:0.966667
bestSuite:3292,2450,4107,4097,2515,3979,1973,3296,2683,3626,3056,2732,3870,3466,847,2121,2638,488,2458,3631

test suite381
bestAPFD:0.957801
bestSuite:1947,2502,4099,2336,4129,668,513,2844,3737,3943,2828,3231,1775,3079,2387,4032,3296

test suite382
bestAPFD:0.919255
bestSuite:2601,3033,3378,1974,3456,1998,4111,4096,3683,3472,3500,3164,2804,3213

test suite383
bestAPFD:0.935209
bestSuite:4039,2474,3030,2194,4095,4110,3752,1843,4030,2083,3054,2598,1535,1198,4069,2251,2307

test suite384
bestAPFD:0.954390
bestSuite:1658,4007,2964,311,1672,4103,2568,2804,705,722,2492,1597,1460,3349,2060,1584,2134

test suite385
bestAPFD:0.954969
bestSuite:2222,3922,2564,3472,4094,1722,4117,995,3785,2728,3945,3502,2714,3050

test suite386
bestAPFD:0.945894
bestSuite:1658,3725,3876,4072,3655,4122,311,1475,2406,1242,3439,3417,2150,2061,2273

test suite387
bestAPFD:0.941224
bestSuite:1463,3251,2527,2233,2177,334,2554,698,1489,4097,2412,4101,3848,1731,1100,774,2915,864

test suite388
bestAPFD:0.954969
bestSuite:2222,3803,1423,4073,391,4109,2160,3268,1726,2372,3663,924,608,970

test suite389
bestAPFD:0.956948
bestSuite:1658,2524,2953,4081,55,4117,2491,1313,3347,3892,3572,963,2951,3342,292,2676,2660

test suite390
bestAPFD:0.947011
bestSuite:3887,2650,3683,4123,3033,4098,1555,2953,1849,561,3234,2809,955,1055,1485,2525

test suite391
bestAPFD:0.959506
bestSuite:1908,3860,2480,2694,4128,2374,4084,2275,3349,4040,1861,3421,2849,3962,1512,1306,253

test suite392
bestAPFD:0.936141
bestSuite:3343,2363,2415,3900,223,2732,3752,1905,4125,4074,2092,1112,1290,3919,1765,3351

test suite393
bestAPFD:0.928389
bestSuite:2174,3683,2589,3133,1403,1813,2788,4077,3527,2330,2573,4101,2880,34,1431,56,2515

test suite394
bestAPFD:0.946558
bestSuite:2697,3796,3683,1554,4096,543,4125,1559,2291,4061,2490,2693,3510,1470,3725,646

test suite395
bestAPFD:0.962243
bestSuite:2786,2964,3337,2356,3683,1943,4121,2480,912,3854,3427,1012,2298,2020,2756,1458,603,3566,2705

test suite396
bestAPFD:0.933816
bestSuite:1463,2512,2399,2454,2417,149,4087,4101,1451,978,3066,986,232,2926,3725

test suite397
bestAPFD:0.922925
bestSuite:3528,2564,1845,3752,4116,4081,2658,2902,2177,708,149

test suite398
bestAPFD:0.909611
bestSuite:3175,997,3483,773,2669,843,2247,2547,1660,149,867,4105,4079,1553,3510,4047,3364,3752,2871

test suite399
bestAPFD:0.945013
bestSuite:1804,2834,3808,4073,4124,2376,3752,2554,1687,1792,2677,3675,3819,2617,2773,411,3281

test suite400
bestAPFD:0.941425
bestSuite:3565,1908,2072,468,4115,4091,3577,3407,2085,637,900,687

test suite401
bestAPFD:0.947464
bestSuite:2786,1658,2502,4082,4105,2752,3112,3223,1615,1076,3247,3088

test suite402
bestAPFD:0.958786
bestSuite:2166,1947,3456,4077,4110,3979,3729,1457,400,3174,1941,3246,3112,2100,436,3400

test suite403
bestAPFD:0.951208
bestSuite:2986,2469,2598,4107,1543,2246,3066,4100,672,1959,1795,3386,807,2584,1888

test suite404
bestAPFD:0.948873
bestSuite:1658,312,3803,1525,4085,2115,646,3332,4109,720,1559,2414,1457,3564,1201,1553,805,3705

test suite405
bestAPFD:0.958047
bestSuite:1908,4112,3334,4074,2347,1917,225,3187,3472,3454,705,3694,3921,820,2515,2630,804,1662,701

test suite406
bestAPFD:0.959692
bestSuite:1618,3860,4110,4095,2186,2515,3266,1735,3746,3011,1517,756,3941,3605,3838,3223

test suite407
bestAPFD:0.936393
bestSuite:2842,1502,2926,1290,2336,4097,2610,1239,341,1526,3425,3682,24,1523,3332,2539,2975,4108

test suite408
bestAPFD:0.938406
bestSuite:3476,3808,2399,3352,4095,1875,4113,4058,3752,3885,3438,2587,526,2987,734,2078,3318,2634

test suite409
bestAPFD:0.924901
bestSuite:2524,3979,2783,1518,4095,3907,2502,3533,4111,3752,3428

test suite410
bestAPFD:0.951993
bestSuite:3565,1463,673,4082,3524,3910,4108,2564,750,2531,34,755,3695,3273,3792,849

test suite411
bestAPFD:0.958333
bestSuite:3247,1658,4129,2363,412,4081,1852,826,119,3926,2495,2525,3223,3808,3956,3993

test suite412
bestAPFD:0.960358
bestSuite:2786,1463,3891,2449,4079,4121,1529,97,2716,2197,349,3639,2469,3136,1659,2441,3662

test suite413
bestAPFD:0.955669
bestSuite:1658,2863,3979,3888,4102,4078,2213,209,2508,1926,2092,670,3514,531,3003,2605,2599

test suite414
bestAPFD:0.954106
bestSuite:2524,1658,3456,2650,4079,2241,4119,1736,3200,3632,2664,1201,2634,2858,2199

test suite415
bestAPFD:0.906912
bestSuite:3476,939,2599,1707,3683,3872,3913,899,4098,2554,1486,4110,3124

test suite416
bestAPFD:0.953416
bestSuite:2786,3251,1854,4086,4126,3743,2018,840,1811,3398,1732,540,719,3090

test suite417
bestAPFD:0.947343
bestSuite:1908,2182,4098,2933,2331,4125,391,2512,926,3996,3581,2283,2741,417,3077

test suite418
bestAPFD:0.962560
bestSuite:3292,3788,308,4130,2083,4099,3725,1002,3999,2148,1555,81,751,2194,3601,3605,2815,1984

test suite419
bestAPFD:0.966604
bestSuite:2986,1794,2377,3644,3051,4125,4093,953,249,2313,3332,2322,3072,1139,2296,1938,1803,1777,2120,1015,3804,2108,1387

test suite420
bestAPFD:0.966667
bestSuite:3292,2568,3808,3051,4078,4107,2959,2997,3383,3595,1750,3467,3230,2223,957,3357,2684,856,436,2775

test suite421
bestAPFD:0.946860
bestSuite:3356,2509,3976,2572,4101,290,2926,4085,634,3444,2083,946,514,2187,1898

test suite422
bestAPFD:0.960950
bestSuite:3292,3913,4109,2868,4087,3860,4046,2825,3163,3808,1814,2707,3691,738,1878,203,1592,2605

test suite423
bestAPFD:0.956119
bestSuite:2986,2554,2494,699,3943,3403,4087,944,4105,3232,573,679,3552,1647,3816,1853,3324,3112

test suite424
bestAPFD:0.960804
bestSuite:2082,1463,3251,4091,1837,4109,3919,149,1795,1522,665,3774,3376,3522,1576,204,2830,1712,209,1322,3566,1250

test suite425
bestAPFD:0.939799
bestSuite:2425,1854,93,3568,4123,4072,3049,2200,1668,3323,3050,1687,2788

test suite426
bestAPFD:0.955556
bestSuite:3678,1463,4128,1526,4079,99,3502,1459,2107,2577,2095,2092,3772,225,1777

test suite427
bestAPFD:0.959932
bestSuite:2986,3576,2610,4072,4104,1572,3888,3328,865,344,3545,193,3629,2092,2999,2526,1396

test suite428
bestAPFD:0.938685
bestSuite:1908,2647,1978,864,4083,2480,4126,3513,99,2509,1514,2830,1581

test suite429
bestAPFD:0.947144
bestSuite:3731,3887,2872,656,2194,4125,3803,2926,710,670,4083,518,2242,3332,3480,880,999

test suite430
bestAPFD:0.927536
bestSuite:2973,3592,3912,3250,3683,1554,4069,3456,4095,290,2658,4126,3146,1577,3808,698,190

test suite431
bestAPFD:0.962063
bestSuite:2597,1908,3175,4097,99,3398,3992,4122,2833,3495,2566,1769,1735,2684,1931,354,2430

test suite432
bestAPFD:0.959506
bestSuite:1947,2634,3979,4115,3655,4075,1021,4058,1757,2682,45,3398,3296,916,1604,123,3775

test suite433
bestAPFD:0.960358
bestSuite:1854,4006,4098,4106,99,883,1562,494,974,3632,3200,2658,1008,182,3171,2101,639

test suite434
bestAPFD:0.958333
bestSuite:3292,2953,4078,3343,4104,3910,2847,2076,2966,3862,3830,934,2356,31,2215,630

test suite435
bestAPFD:0.956522
bestSuite:2181,3292,570,4091,4124,704,1440,2649,3956,3531,2083,482,2752,709

test suite436
bestAPFD:0.950311
bestSuite:2181,3883,4089,2375,3740,4117,2926,785,589,2293,3673,560,1089,3530

test suite437
bestAPFD:0.935990
bestSuite:2514,3497,739,3452,1717,4123,4085,1724,3683,1285,2177,2860,1974,3906,1503,3545,2482,1162

test suite438
bestAPFD:0.962560
bestSuite:2986,3050,2473,646,4126,4092,1408,2840,3931,3034,1859,3804,1449,2684,1515,1242,1508,3819

test suite439
bestAPFD:0.947895
bestSuite:1463,2092,4098,1979,752,3433,1004,4102,2474,3209,82,3998,1289,3010,268,1428,1338,135,2367,1580,1197

test suite440
bestAPFD:0.944203
bestSuite:2925,1689,1784,1915,3483,699,4114,3752,4093,38,3976,3472,3273,267,3174,3680,3023,3847,2515,139

test suite441
bestAPFD:0.938127
bestSuite:1812,3854,1463,3979,3207,3644,4081,4115,168,1382,3076,52,2021

test suite442
bestAPFD:0.960336
bestSuite:2986,1936,3163,4107,2729,468,4093,2128,1591,1224,3901,2510,2406,2098,2092,3892,2864,1743,3082

test suite443
bestAPFD:0.954710
bestSuite:1854,3639,2375,4104,2056,2117,4079,913,4071,1500,3110,2356,1692,3651,2469,2442

test suite444
bestAPFD:0.960598
bestSuite:2786,1908,4122,3456,4073,1246,833,1884,674,179,3608,3510,3136,2461,1591,2082

test suite445
bestAPFD:0.959932
bestSuite:1854,3860,4080,4107,3283,2480,2637,1642,2356,3834,121,2879,405,3515,1609,3740,229

test suite446
bestAPFD:0.951691
bestSuite:3186,1854,4072,2729,93,4115,3692,968,2092,3576,3449,2868,1560,3608,429

test suite447
bestAPFD:0.947723
bestSuite:1658,3198,2375,1526,4084,4112,2379,2140,2269,1714,2271,2950,3621,1677

test suite448
bestAPFD:0.951346
bestSuite:1618,2064,4088,3527,4128,3175,3676,2519,2379,2828,3385,814,3822,3268

test suite449
bestAPFD:0.952899
bestSuite:1854,3533,3844,4084,3403,4125,3821,308,2738,2684,2304,3351,2327,3348,1649,1005,2179,2177

test suite450
bestAPFD:0.963387
bestSuite:1908,2650,4097,4107,2495,2568,4062,1680,2787,493,2869,3474,925,3412,2083,125,3503,4020,1291

test suite451
bestAPFD:0.940053
bestSuite:3565,1854,4117,4092,570,2363,3384,3626,2705,1795,3846

test suite452
bestAPFD:0.964912
bestSuite:3292,2480,4124,2356,4083,224,4007,3000,3359,2657,1894,2270,2663,1909,3002,1193,1501,1687,3867

test suite453
bestAPFD:0.951346
bestSuite:1854,2844,3888,4075,4125,3874,2621,858,1676,1752,1841,2061,1382,2673

test suite454
bestAPFD:0.946105
bestSuite:1758,3334,2926,149,2083,4103,1886,3577,2011,2892,4072,3632,78,3138,1710,2847

test suite455
bestAPFD:0.960598
bestSuite:2597,1658,4083,4123,3527,2480,3305,2864,1432,3343,311,3294,3116,3246,727,57

test suite456
bestAPFD:0.957488
bestSuite:2639,1947,4094,308,2788,4122,2378,3926,1771,2708,1829,3899,3231,1428,324

test suite457
bestAPFD:0.956522
bestSuite:2986,3732,4107,2480,4098,3497,3522,2574,2151,3891,3301,2325,1894,772,1939

test suite458
bestAPFD:0.961211
bestSuite:3565,1854,2964,4115,2729,93,997,3223,2756,3502,2572,1565,1512,3570,3877,3228,1840

test suite459
bestAPFD:0.930171
bestSuite:2731,3731,2926,2931,4093,4129,1968,3479,2515,1809,4042

test suite460
bestAPFD:0.926731
bestSuite:3565,1618,2610,4114,2953,4078,972,3458,843

test suite461
bestAPFD:0.937198
bestSuite:1854,3185,3976,1810,4110,739,4084,1110,3521,493,3528,3510

test suite462
bestAPFD:0.957971
bestSuite:3528,1463,2077,2564,935,4088,4119,3673,3743,3472,2268,1000,3410,2902,2328,2064,2561,2628,3944,2980

test suite463
bestAPFD:0.963768
bestSuite:1908,1749,4061,4094,4124,3763,2474,848,4063,224,3505,1877,218,906,3013,2563,2902,1437,3834,2602,3224

test suite464
bestAPFD:0.962243
bestSuite:1854,3688,3175,3639,4115,4096,3203,3796,1050,4062,512,3931,2823,439,2514,1197,2313,1064,2365

test suite465
bestAPFD:0.941304
bestSuite:3976,1463,3497,806,45,2458,4123,4091,1311,3940,258,4020,2708,2269,1466,1619,993,1449,757,3095

test suite466
bestAPFD:0.943237
bestSuite:2181,3565,1953,4075,2926,4123,589,1949,2037,1766,3501,25

test suite467
bestAPFD:0.949275
bestSuite:2731,1713,4123,2083,468,3577,3752,4095,2492,863,3723,1743,1985,3941,3144,1479

test suite468
bestAPFD:0.958227
bestSuite:1854,2064,4091,4111,2363,82,2286,3040,2083,1979,616,3855,3395,2056,3099,3399,3314

test suite469
bestAPFD:0.954451
bestSuite:2986,2450,3732,4096,4124,1528,2925,1809,933,1057,3909,3681,1820,3299

test suite470
bestAPFD:0.952381
bestSuite:3292,2473,4092,3669,3796,4125,2372,3855,3138,1434,3883,1704,3782,3261

test suite471
bestAPFD:0.960598
bestSuite:2597,4076,1854,4128,589,3644,3774,2464,3895,2469,1578,1749,2320,725,2328,2644

test suite472
bestAPFD:0.962963
bestSuite:3292,739,4098,4108,3644,3883,1520,1818,925,1990,3691,2685,1692,629,2334,3670,500,443

test suite473
bestAPFD:0.925523
bestSuite:3050,2729,2021,962,2209,754,3752,2554,4102,382,4090,3383,3982,3792,461,1681,850,3691

test suite474
bestAPFD:0.958333
bestSuite:2986,2860,570,4107,4006,4091,3848,829,987,3778,3707,3569,473,1134,2810,3808

test suite475
bestAPFD:0.959420
bestSuite:2222,646,4094,3803,602,4114,3257,1571,1000,3223,698,2111,3398,627,3115

test suite476
bestAPFD:0.954233
bestSuite:1658,2789,2712,3734,4073,2480,3051,818,4127,3957,3115,3980,2752,36,3270,2337,3889,918,2716

test suite477
bestAPFD:0.946558
bestSuite:2254,3683,1450,4043,2376,3352,4108,2712,920,2156,1654,1801,3808,2112,2216,4098

test suite478
bestAPFD:0.956903
bestSuite:1908,2696,2612,1582,3332,4074,391,708,4121,1512,3259,3376,1836,3295,2658,2270,1681,2173,2245

test suite479
bestAPFD:0.961637
bestSuite:1947,3669,4087,4129,2450,138,711,2279,3398,2973,3629,1078,3233,2006,926,2914,3796

test suite480
bestAPFD:0.960358
bestSuite:3292,2512,3268,4090,4122,1901,589,3745,148,3950,2527,3022,2669,2815,1996,3232,2174

test suite481
bestAPFD:0.955072
bestSuite:1618,4021,311,2449,4082,4110,2621,3610,1777,2340,2439,715,881,3398,3005

test suite482
bestAPFD:0.955616
bestSuite:1854,2601,2964,2512,308,4124,384,777,2488,749,2542,2968,3632,3883,738,2431

test suite483
bestAPFD:0.967582
bestSuite:2181,1947,4088,3732,4121,1949,985,2855,3432,822,466,392,2548,3335,1774,2214,2460,2284,3174

test suite484
bestAPFD:0.963768
bestSuite:1618,3669,2564,4072,3111,4107,67,3140,967,2991,3565,3806,2357,2612,955,1158,1945,2435

test suite485
bestAPFD:0.946170
bestSuite:1947,3163,468,1794,4130,2376,3192,4094,1859,2720,973,3464,3210,3940

test suite486
bestAPFD:0.955759
bestSuite:1658,2502,2270,3027,646,4095,4130,1806,3987,613,414,3004,231,325,2594,3404,1783,1316,1061

test suite487
bestAPFD:0.962243
bestSuite:1908,2516,3006,311,3403,4090,4126,2731,2644,742,2217,776,3326,1810,2439,1922,2269,2493,2893

test suite488
bestAPFD:0.964912
bestSuite:2986,2505,4122,2788,739,4074,3712,3978,3476,1964,799,669,1999,3105,1382,1880,4052,3300,213

test suite489
bestAPFD:0.962624
bestSuite:2731,1618,4084,3187,82,4111,2931,3247,3445,2515,2584,2431,435,897,2232,1697,567,233,2188

test suite490
bestAPFD:0.949275
bestSuite:2375,3447,4006,841,3033,4108,3135,3752,2799,4074,1602,3864,2561,3148,937,1307

test suite491
bestAPFD:0.965378
bestSuite:2222,3395,4083,1526,2749,4128,1162,3484,2999,3519,3565,667,3509,2915,1998,1440,256,1254

test suite492
bestAPFD:0.965580
bestSuite:1947,2830,3940,3438,4090,4124,3938,2740,21,1713,1751,1068,67,3576,649,745,1885,1765,3058,1575

test suite493
bestAPFD:0.946457
bestSuite:2621,2328,4123,1444,2152,4073,3752,3198,739,2729,1158,3774,4064,1926,947,3513,987,2338

test suite494
bestAPFD:0.947464
bestSuite:2222,4006,2842,224,4122,4096,2338,4034,2627,2997,3796,3247

test suite495
bestAPFD:0.943841
bestSuite:1618,3417,1526,4093,4101,149,1861,2472,2752,1941,3691,694

test suite496
bestAPFD:0.932553
bestSuite:1463,3981,719,1922,3979,3803,4084,4102,1311,681,3205,2715,2311

test suite497
bestAPFD:0.950948
bestSuite:2222,2082,4102,3456,4093,391,3652,2282,4064,1826,2338,2057,2099

test suite498
bestAPFD:0.956924
bestSuite:1658,2317,2753,4092,3175,739,4130,3935,2103,1713,3808,964,2467,292,3907,4026,561,3429

test suite499
bestAPFD:0.958535
bestSuite:1947,543,2296,3976,4082,739,2362,4111,1223,1474,3682,1713,2147,2317,1697,1167,983,3798

test suite500
bestAPFD:0.918841
bestSuite:3572,1747,2449,813,1627,2338,3375,3279,4080,4101,2152,3020,391,2947,2926

