test suite1
bestAPFD:0.947997
bestSuite:4017,1908,2276,2618,3010,2966,1771,3808,3976,1246,3099,1468,2598,4112,4090,356,1837

test suite2
bestAPFD:0.922303
bestSuite:4127,561,3251,810,1387,1940,2754,1809,3912,93,697,4092,342,3853,1806,3605,1947,1161

test suite3
bestAPFD:0.938735
bestSuite:1791,2604,4125,2138,2507,3109,2514,2759,313,3667,2513,746,3175,3925,4081,2508,3940,2352,3752,4068,2360,184

test suite4
bestAPFD:0.945411
bestSuite:2132,739,2474,3257,4073,799,4120,236,1612,3159,3719,1854,1096,2926,2594

test suite5
bestAPFD:0.942029
bestSuite:4088,2559,3657,3343,2246,3208,778,1512,2311,3417,2393,1901,3078,3731,1390,4104,1947,1108

test suite6
bestAPFD:0.936232
bestSuite:3138,2576,2712,4120,3510,1070,1724,2336,1576,1908,739,4030,1910,4077,3848

test suite7
bestAPFD:0.949275
bestSuite:3811,1181,2367,1988,3454,3403,3112,1908,1804,2725,4099,3245,1911,2786,4127,3379,3882,45

test suite8
bestAPFD:0.944928
bestSuite:793,2986,82,3386,1824,4006,4114,1332,3006,3551,1430,2271,4076,3856,2074

test suite9
bestAPFD:0.935688
bestSuite:3426,4084,2170,3006,2968,2891,1908,4061,1768,82,4127,1669,3198,3312,3788,164

test suite10
bestAPFD:0.944847
bestSuite:4077,1972,643,1947,2269,4116,2419,3919,3352,979,3002,687,3684,2340,1945,3178,3788,2425

test suite11
bestAPFD:0.947826
bestSuite:353,3762,868,4130,2533,64,2610,4075,4046,1620,3709,2254,1908,3913,3816

test suite12
bestAPFD:0.920671
bestSuite:191,3683,2716,3838,4073,3925,2035,1983,2500,1072,3272,1781,2376,3661,2021,3497,224,4106,1604

test suite13
bestAPFD:0.943582
bestSuite:846,2644,1997,2146,3332,301,776,4094,2512,1947,2375,4114,1486,3503

test suite14
bestAPFD:0.924552
bestSuite:531,3347,2487,1947,3937,806,948,3669,725,1546,1788,861,2714,4104,2424,4078,2568

test suite15
bestAPFD:0.924867
bestSuite:99,3518,2098,2524,958,2056,946,3928,2300,3752,617,1723,3283,2246,3325,2964,1450,2806,4121

test suite16
bestAPFD:0.940476
bestSuite:4085,2986,3767,2166,909,2146,4125,2500,82,3791,3146,2291,3050,1749

test suite17
bestAPFD:0.880676
bestSuite:3069,1283,2338,2704,1977,2842,3752,3860,3655,2718,4101,3437,4075,164,3278

test suite18
bestAPFD:0.945199
bestSuite:3699,1093,1795,1676,3438,1995,1716,4117,2524,3891,311,4091,1908,1097,2848,3425

test suite19
bestAPFD:0.918737
bestSuite:1732,4111,2871,636,149,4088,2982,2834,3577,3185,3565,3719,1947,3956

test suite20
bestAPFD:0.956522
bestSuite:2424,2786,2067,3135,3771,1658,1711,3218,3480,4123,3667,2411,3359,788,2419,2989,4076,2186,2514

test suite21
bestAPFD:0.949275
bestSuite:1716,847,909,2986,2526,4119,3356,1377,1882,4067,324,4088,2610,2621,2291,2902,923

test suite22
bestAPFD:0.911594
bestSuite:3108,2839,4116,2141,2535,2480,2084,1979,2811,1884,38,2926,4084,224,967

test suite23
bestAPFD:0.927536
bestSuite:4078,3459,1482,846,2716,3860,2788,3436,474,1751,4104,2986

test suite24
bestAPFD:0.910145
bestSuite:3683,3594,234,3457,4129,99,963,1658,874,1540,2291,3938,1721,2076,4076

test suite25
bestAPFD:0.929147
bestSuite:741,3486,2931,2650,4007,2627,4123,2729,2248,3029,3289,2539,1668,3683,4073,960,2830,1587

test suite26
bestAPFD:0.911663
bestSuite:2377,124,4072,2361,2451,4011,3290,732,3910,1472,3156,3112,3976,1832,3686,803,2732,3145,3683,2439,4123

test suite27
bestAPFD:0.910326
bestSuite:3853,3317,1444,3731,291,3510,360,1861,3885,4094,2098,4121,3224,1906,2568,3752

test suite28
bestAPFD:0.940580
bestSuite:3101,3351,2415,2729,3051,1618,1380,2494,1910,4110,4093,3476,1120,1594,3666

test suite29
bestAPFD:0.942547
bestSuite:1600,3118,391,3325,3207,4084,3676,2986,2512,2419,4111,3233,3565,2364

test suite30
bestAPFD:0.950264
bestSuite:433,977,575,4097,3292,3456,3050,3838,3750,4104,293,2610,3012,3170,1385,3886,2333,3471,1542,1629,3942,3137

test suite31
bestAPFD:0.921900
bestSuite:2347,3913,2731,1947,4112,2082,3427,99,4087

test suite32
bestAPFD:0.924638
bestSuite:58,583,3444,4077,1543,3910,1908,1885,3803,1444,1619,2367,4127,3800,3156

test suite33
bestAPFD:0.894928
bestSuite:674,3688,722,3638,4101,826,901,2621,2291,3550,4098,3268,2439,3752

test suite34
bestAPFD:0.952899
bestSuite:2696,2523,2598,4105,3510,2731,2222,2301,1716,3595,3502,2571,1135,153,4077,663

test suite35
bestAPFD:0.936690
bestSuite:3138,328,3528,718,2211,3638,2961,3359,869,1324,3883,4120,2884,4096,739,102,4042,2926,3919

test suite36
bestAPFD:0.943961
bestSuite:4097,2509,3976,2749,2805,4119,2524,3215,3496,3786,2572,1658,3878,2435,1080

test suite37
bestAPFD:0.949275
bestSuite:2291,3895,421,4114,1721,2723,1020,860,2041,2062,3159,1593,3292,4085,3883,2053,3069,2610,1801

test suite38
bestAPFD:0.950980
bestSuite:3014,3175,1594,3908,2147,2815,4109,2424,2839,2377,1947,2964,1083,2494,3225,93,17

test suite39
bestAPFD:0.954257
bestSuite:3905,1474,2222,829,3598,4087,561,2463,611,1218,170,814,4118,3314,2610,2839

test suite40
bestAPFD:0.946860
bestSuite:2524,632,3527,3684,2931,4080,1908,2788,3819,921,648,1045,2988,2707,1239,4114,3062,582

test suite41
bestAPFD:0.935300
bestSuite:3766,3341,1536,223,2181,4107,2910,279,3332,1947,855,4094,2734,3090

test suite42
bestAPFD:0.919887
bestSuite:3161,3563,3198,3683,2365,3867,4128,4096,2568,1164,3214,3132,3911,3268,3250,1824,253,3007

test suite43
bestAPFD:0.922705
bestSuite:381,2102,2613,400,3454,849,2148,3535,4090,1713,1558,2269,4123,971,311,2564,1854,2915

test suite44
bestAPFD:0.934783
bestSuite:2060,1333,4113,1853,2181,3371,631,3704,3699,4088,2768,752,1804,1854,207,1840,3808,2550,149

test suite45
bestAPFD:0.928389
bestSuite:4007,224,186,3686,2081,3033,4085,2246,743,3538,3930,2215,2333,3266,1463,3382,4123

test suite46
bestAPFD:0.931350
bestSuite:81,739,2026,1579,1885,2926,2262,3856,334,2514,1326,2666,4092,3447,2734,4111,2439,3675,2376

test suite47
bestAPFD:0.947464
bestSuite:4092,3498,4107,4005,3292,2816,591,2514,3660,2419,3129,1543,3860,1734,1480,3655

test suite48
bestAPFD:0.917874
bestSuite:2357,3655,759,4079,4117,4063,2844,386,1618

test suite49
bestAPFD:0.900682
bestSuite:4091,4063,3112,2248,3974,3688,861,3822,4116,1282,3175,2389,77,3853,2926,716,220

test suite50
bestAPFD:0.944042
bestSuite:3033,3712,2873,2749,3855,784,904,2325,2407,4078,1426,4130,809,3066,345,2023,3788,1658

test suite51
bestAPFD:0.948068
bestSuite:1449,126,4105,2474,441,3874,1478,2166,3292,3883,4082,654,2930,3732,2840,2170,3483,734

test suite52
bestAPFD:0.942029
bestSuite:1428,1618,4075,2065,2474,2262,3854,3217,2375,1927,1896,3050,4129,3740,185

test suite53
bestAPFD:0.964756
bestSuite:310,2363,4125,31,1745,2509,4024,2078,2490,1947,1418,2646,2630,93,3762,3246,2485,3033,4088,1788,2589,2795

test suite54
bestAPFD:0.942455
bestSuite:4080,2963,3004,1526,4127,334,1908,3576,2944,3241,1936,1633,1785,1625,2554,2043,2778

test suite55
bestAPFD:0.937681
bestSuite:2474,3565,646,3947,3683,3825,4079,1980,286,3872,2472,4125,1714,3070,785

test suite56
bestAPFD:0.953986
bestSuite:2375,3198,866,419,2205,2646,1579,2762,386,4118,1451,3099,3762,1463,4096,2560,2222,2474,855,747

test suite57
bestAPFD:0.945652
bestSuite:2830,2449,2327,4094,1947,2598,1704,2966,2395,3684,4130,2021,276,1705,2796,1434

test suite58
bestAPFD:0.954106
bestSuite:3175,2888,433,2950,3814,344,4129,2222,831,3894,570,1968,4091,2356,955,2040,4013,1447

test suite59
bestAPFD:0.934380
bestSuite:2072,1556,3165,2842,2007,653,4097,2349,2598,2839,1939,1535,2605,4117,1898,3812,2788,3752

test suite60
bestAPFD:0.951407
bestSuite:1492,3507,3268,3813,3070,99,1618,4085,3619,750,3026,1037,2686,4116,3214,3564,2473

test suite61
bestAPFD:0.923913
bestSuite:2698,2926,2896,1252,2177,2284,3112,1977,423,4091,1436,3051,4117,2747,3803,3564

test suite62
bestAPFD:0.939855
bestSuite:2401,1555,313,1733,4084,3993,4124,1362,1886,1229,2610,2171,1531,2367,3750,2986,3207,3651,3095,2181

test suite63
bestAPFD:0.946860
bestSuite:4082,1827,943,2712,2336,570,2840,2986,3867,583,3050,4114,2502,3237,2820

test suite64
bestAPFD:0.907407
bestSuite:2376,4080,3077,3160,1658,3606,3860,2642,4127

test suite65
bestAPFD:0.907115
bestSuite:3005,4023,3462,2208,2492,3176,406,738,3752,3714,3203,3524,3050,933,3940,3357,4042,2674,4110,983,4086,3738

test suite66
bestAPFD:0.926392
bestSuite:2902,518,240,863,3911,3785,2141,2926,1822,556,3345,4098,2080,135,2953,3131,3533,4105,774

test suite67
bestAPFD:0.902778
bestSuite:751,4083,2486,308,726,3319,3503,2363,2396,2762,1463,4104

test suite68
bestAPFD:0.948873
bestSuite:2696,389,1618,2011,3184,1990,4084,106,3527,985,2235,1369,1400,3819,427,2515,4124,2950

test suite69
bestAPFD:0.904518
bestSuite:3768,3609,1877,2925,895,549,2839,633,589,4118,3014,2590,3803,1952,2222,4097,3534

test suite70
bestAPFD:0.928341
bestSuite:3101,3141,3605,36,2083,659,2246,3285,4080,2922,2122,2511,4110,3292,40,379,311,723

test suite71
bestAPFD:0.942029
bestSuite:2474,3010,170,3639,2909,1873,4046,4100,3883,3885,3439,1596,4107,1061,2650,2057,3683,3316

test suite72
bestAPFD:0.930124
bestSuite:2514,4063,2316,1642,2986,2656,4075,2375,3187,3932,3207,3339,3850,4101

test suite73
bestAPFD:0.946377
bestSuite:3359,1480,4108,2842,468,1445,3190,2604,1947,3745,1490,2824,4075,80,37

test suite74
bestAPFD:0.942432
bestSuite:2000,2968,93,1636,2185,706,1854,801,2512,2557,1912,3066,2092,4078,2694,3767,3644,4102

test suite75
bestAPFD:0.935266
bestSuite:3940,3452,2500,1854,4073,3410,3691,4039,2716,1472,1084,3655,2339,2166,4102

test suite76
bestAPFD:0.914322
bestSuite:1589,525,669,3688,1986,1626,3520,2920,4077,727,1606,3354,2986,2515,2788,4116,119

test suite77
bestAPFD:0.950128
bestSuite:3792,3804,3912,3373,3292,3808,4087,3858,1530,1894,3888,646,4129,911,1785,2495,2104

test suite78
bestAPFD:0.887681
bestSuite:2775,3021,3380,3910,1978,2393,2823,3332,4075,4039,2264,4118,3252,3683,335,2480

test suite79
bestAPFD:0.933816
bestSuite:1872,4088,2379,3332,2842,3940,520,1908,995,1606,2165,4128,4060,3031,2512

test suite80
bestAPFD:0.922847
bestSuite:1658,1191,1741,497,3540,1724,1580,149,3075,1053,350,2775,1464,399,2694,4086,4117

test suite81
bestAPFD:0.953471
bestSuite:3198,578,2732,2550,3251,2759,2222,2197,3145,2599,3282,2612,3688,3050,4082,3133,4109,3060,3105

test suite82
bestAPFD:0.948513
bestSuite:2696,875,2907,646,2552,2796,2576,2962,3442,2101,1908,1449,374,4112,4077,2348,2744,3510,2141

test suite83
bestAPFD:0.935236
bestSuite:1507,2469,3142,4077,1881,2986,2450,3815,2375,3576,1933,433,946,4128,955,455

test suite84
bestAPFD:0.934300
bestSuite:855,3100,821,3828,1908,2974,1840,4077,3655,2830,570,2119,1681,2579,4101

test suite85
bestAPFD:0.922705
bestSuite:3463,4093,2377,2515,2254,2436,3352,1526,186,1619,1791,3659,4130,2926,972

test suite86
bestAPFD:0.951564
bestSuite:2338,2509,690,227,3489,3428,312,1671,3976,2330,1854,4119,2760,4078,55,344,1396,1161,3410

test suite87
bestAPFD:0.930354
bestSuite:1597,3875,839,79,2764,505,2729,93,4124,3365,2336,3752,1781,2857,2030,2083,4088,2381

test suite88
bestAPFD:0.958227
bestSuite:2639,90,3438,4078,305,3472,3358,1539,553,874,2356,1825,1447,4104,812,1658,3520

test suite89
bestAPFD:0.940476
bestSuite:3410,3792,3907,2114,2650,3303,2474,484,1976,1618,4126,3070,877,4077

test suite90
bestAPFD:0.918972
bestSuite:308,4128,2706,3483,3354,3577,3750,1761,312,4084,933,1938,2520,1226,1998,2926,90,2703,3155,1551,3476,1339

test suite91
bestAPFD:0.938406
bestSuite:2036,1229,2347,1618,3298,2356,3803,1494,4108,646,4074,2947

test suite92
bestAPFD:0.950980
bestSuite:3184,473,3313,506,1619,1771,3976,4074,3292,2141,4118,3125,1627,1500,2783,3051,3421

test suite93
bestAPFD:0.915713
bestSuite:3323,952,1858,2376,1596,2138,3793,868,4097,2762,312,1463,2211,974,1919,82,2989,3112,4102

test suite94
bestAPFD:0.948894
bestSuite:2336,3920,3752,391,2863,3001,286,3765,4077,4009,2181,1042,2657,1805,2405,4117,2514,1511,576

test suite95
bestAPFD:0.945411
bestSuite:3142,4117,4094,3381,3688,3966,3239,2407,1066,1618,2720,153,3251,3343,3955

test suite96
bestAPFD:0.917184
bestSuite:1800,3187,3033,3977,3940,1423,846,2750,3016,1647,4104,3336,4074,1908

test suite97
bestAPFD:0.911594
bestSuite:3216,849,2788,2430,4084,827,3688,3565,3292,4105

test suite98
bestAPFD:0.899829
bestSuite:3303,3648,1925,259,4042,2991,779,4090,1806,1596,468,1642,4127,138,2338,3632,3683

test suite99
bestAPFD:0.925725
bestSuite:3753,1500,4090,3749,2986,2341,149,1696,3227,1612,2524,3388,2186,1244,4119,2461

test suite100
bestAPFD:0.946987
bestSuite:1463,1792,3621,855,3076,3979,2338,3796,923,3878,4128,2568,3572,2719,4085,3955,1861,2630,3675

test suite101
bestAPFD:0.955243
bestSuite:2291,909,3981,4084,4117,1329,1618,2515,1494,2684,2621,642,3669,2518,2411,3913,433

test suite102
bestAPFD:0.924126
bestSuite:3033,2926,4099,2948,2291,1392,4026,3349,223,2073,1499,2141,3636,3766,393,4111,3745

test suite103
bestAPFD:0.890452
bestSuite:1478,2721,1481,3788,2654,2716,4088,3354,4106,3010,3688,2317,3394,2217,963,3752,1964

test suite104
bestAPFD:0.920290
bestSuite:3920,3975,2010,2369,2907,3976,2229,4072,1463,4112,646

test suite105
bestAPFD:0.940053
bestSuite:3754,1658,924,4061,4103,2047,4072,3187,1277,727,3217,1520,2684,3860,1863,1888,3551,1193,531,1342,743,2177

test suite106
bestAPFD:0.942432
bestSuite:3562,605,494,3302,3292,3197,3476,2837,1896,3435,4130,2749,928,1637,3786,3888,2964,3941

test suite107
bestAPFD:0.909179
bestSuite:1783,2573,3688,3185,2474,2971,3413,3205,395,2716,4093,3217,2509,1463,4117

test suite108
bestAPFD:0.920290
bestSuite:4122,3647,3184,2150,1749,1319,99,3662,2849,874,2769,3895,1908,1006,3919,4096,2568

test suite109
bestAPFD:0.932971
bestSuite:3909,3398,2956,3267,4118,189,2117,2566,4075,1634,2547,2926,1169,2354,2786,223

test suite110
bestAPFD:0.953261
bestSuite:978,3322,4072,3364,1836,2423,1359,1506,2098,2839,3630,2502,2822,290,1947,484,2789,2535,2404,4106

test suite111
bestAPFD:0.941176
bestSuite:1854,3690,2568,2520,3313,4103,2152,1583,3000,224,3619,4098,3966,3363,1607,3586,2317

test suite112
bestAPFD:0.929348
bestSuite:2896,3883,3860,3752,4073,3187,763,1528,4121,4046,2768,2393

test suite113
bestAPFD:0.897343
bestSuite:4129,4066,2262,3417,2754,3398,1677,2209,2002,3403,426,224,2373,3613,3752,3748,907,4077

test suite114
bestAPFD:0.950980
bestSuite:2514,261,1908,3527,2182,2164,3317,2786,2150,3719,2474,4104,2658,3071,3516,4072,2544

test suite115
bestAPFD:0.954216
bestSuite:3787,1663,1330,2620,2171,2025,958,900,2880,4094,3964,2729,3217,1463,1972,2731,1731,1720,2650,1479,2439,4110

test suite116
bestAPFD:0.915459
bestSuite:4083,2428,224,3778,3493,1854,3163,4128,3712,3755,3104,2473,1943,352,3503

test suite117
bestAPFD:0.915459
bestSuite:3200,2467,1797,2749,2926,4113,3976,3020,3033,4100,283,2278

test suite118
bestAPFD:0.946558
bestSuite:1658,4126,172,552,1698,308,3565,3966,3166,3975,2777,2834,1980,1526,2023,4073

test suite119
bestAPFD:0.914654
bestSuite:3476,2193,712,2862,2554,4124,2283,1486,2341,3582,3700,2117,4099,3343,4002,1443,3640,3752

test suite120
bestAPFD:0.932971
bestSuite:739,993,1494,2073,2092,2469,2718,3905,2094,3977,2926,1511,4114,4090,3203,934

test suite121
bestAPFD:0.936308
bestSuite:3537,304,1487,2860,3210,1526,1629,3683,4028,2798,4118,3100,2868,1732,2830,4088,3223,3911,2931

test suite122
bestAPFD:0.947550
bestSuite:3615,2759,3213,3480,2855,1854,1526,4113,3910,1582,391,1875,3649,81,5,979,2964,3510,4020,3810,1411

test suite123
bestAPFD:0.946170
bestSuite:3803,2254,1799,4112,93,2665,2084,1854,56,3320,497,3033,4095,2071

test suite124
bestAPFD:0.944444
bestSuite:732,3910,4109,2391,896,585,3028,2067,1658,1085,3276,3283,4078,1601,2186,3586,2036,3394

test suite125
bestAPFD:0.942432
bestSuite:3338,4073,3752,1744,2363,2974,2401,814,3781,2351,1960,3731,2527,4115,1948,598,2902,2118

test suite126
bestAPFD:0.956522
bestSuite:1106,2639,4126,754,45,1658,3012,142,1984,1468,739,3505,1729,1103,2578,1892,3251,3332,737,4086

test suite127
bestAPFD:0.900161
bestSuite:2934,4118,1726,2849,3502,3303,2818,2023,2610,4074,4005,3050,3456,2026,1805,3526,983,3292

test suite128
bestAPFD:0.927536
bestSuite:3205,1908,3994,3189,3247,2474,580,2514,4116,3470,3376,300,4087,780,3910

test suite129
bestAPFD:0.939242
bestSuite:3844,2104,1603,1658,1395,1877,2524,3598,3318,1724,4106,2598,4074

test suite130
bestAPFD:0.931884
bestSuite:2639,1509,3138,3476,3008,4103,3911,2222,2604,4079

test suite131
bestAPFD:0.959573
bestSuite:193,1670,2182,2186,4123,3171,989,2053,2786,1525,3567,1565,3433,1658,1888,2961,1909,4097,998

test suite132
bestAPFD:0.946718
bestSuite:3788,3056,1864,2558,663,3292,2621,3669,3605,4098,3956,1811,1512,2083,4109,176,2215

test suite133
bestAPFD:0.930520
bestSuite:3122,1854,769,2720,2269,3979,3454,4082,2527,3464,2367,4117,1821,1551,3074,2853,3175

test suite134
bestAPFD:0.953301
bestSuite:3454,2953,2986,2533,2472,4085,865,2199,1608,759,4107,2173,2360,4002,1751,2639,1021,3472

test suite135
bestAPFD:0.914493
bestSuite:3376,1811,3586,4107,3275,2604,3752,2553,224,3033,1777,2619,3022,4077,3156

test suite136
bestAPFD:0.947464
bestSuite:2986,4117,1771,2839,2351,389,412,1621,4083,1009,1781,2396,3251,3670,297,755

test suite137
bestAPFD:0.937198
bestSuite:1968,3719,4127,2082,1788,3371,3378,3101,3911,2693,3655,2500,4092,3292,2830

test suite138
bestAPFD:0.949275
bestSuite:3939,3033,4117,654,1733,1,2602,2959,3851,3292,140,997,3979,4088,4019,2450,1556,2915,1715

test suite139
bestAPFD:0.918565
bestSuite:311,3808,4099,3223,3752,3392,1676,3749,3928,4114,798,671,1752,1736,1526,858,862,285,1918,2683,474

test suite140
bestAPFD:0.916996
bestSuite:2435,2300,783,552,1941,1724,1805,2576,3683,4101,3713,236,2418,2356,3537,3069,3133,562,4085,845,2077,3688

test suite141
bestAPFD:0.929801
bestSuite:3632,89,468,2658,1021,4094,4128,2570,1854,2347,1741,3900,3926,2474,477,2830

test suite142
bestAPFD:0.916667
bestSuite:4119,2294,746,2435,3683,2788,3979,603,2356,2016,4080,3538,3617,3672,3772,2816

test suite143
bestAPFD:0.932553
bestSuite:1993,1463,2182,3126,2552,3352,2389,2379,1878,4130,3313,4099,2181

test suite144
bestAPFD:0.946987
bestSuite:1947,30,2283,639,1045,3547,4128,1459,680,45,3687,93,4082,287,893,2716,3438,2611,2176

test suite145
bestAPFD:0.902174
bestSuite:652,3266,4079,290,2950,2926,1366,3033,526,322,4112,4006,2870,2749

test suite146
bestAPFD:0.942586
bestSuite:2114,2986,4106,2367,3540,2650,3387,2514,3175,4090,3823,1812,1723

test suite147
bestAPFD:0.945439
bestSuite:3686,3403,2986,3180,4061,3376,4123,785,963,2610,57,1213,2830,1499,2329,118,4082

test suite148
bestAPFD:0.950128
bestSuite:1974,3052,966,2860,2993,3910,3900,295,3197,2222,2409,3843,4081,3905,4124,826,3050

test suite149
bestAPFD:0.936853
bestSuite:4099,885,3065,3417,1808,3450,4058,1104,1902,570,1947,4106,1564,3403

test suite150
bestAPFD:0.930094
bestSuite:2879,2314,2602,4086,92,2768,1946,3752,657,3051,3112,4125,2512,3872,2104,3734,2673

test suite151
bestAPFD:0.925983
bestSuite:3644,2554,642,1854,3684,117,4081,4122,3426,3096,2816,3317,2526,1791

test suite152
bestAPFD:0.932367
bestSuite:308,3824,3644,153,422,671,3883,2177,2114,3441,3624,2284,4085,3683,4116

test suite153
bestAPFD:0.956522
bestSuite:1678,1821,1947,3214,2176,2902,2291,4092,3256,886,1506,3894,55,2409,3744,4104,3336

test suite154
bestAPFD:0.943841
bestSuite:3401,2293,2480,2004,2962,33,3144,4083,2602,961,1658,2790,2598,2515,4130,2796

test suite155
bestAPFD:0.953804
bestSuite:3621,2157,2083,973,2222,646,814,950,3165,3567,4080,1685,4110,1496,2474,3887

test suite156
bestAPFD:0.924718
bestSuite:2467,2301,949,3084,691,3359,2788,3268,479,2840,3926,1908,4095,3672,3688,3370,4127,236

test suite157
bestAPFD:0.942834
bestSuite:2222,2396,3458,666,602,2902,3653,1714,3627,3302,2450,1957,2371,2155,2375,3420,4090,4108

test suite158
bestAPFD:0.955759
bestSuite:3332,3499,4042,1474,1716,3471,2925,2931,99,4085,2271,4124,2080,3918,1481,1730,2222,3964,3469

test suite159
bestAPFD:0.947665
bestSuite:4087,3788,3338,2205,701,949,3234,3725,523,3033,1934,1908,4128,2547,2650,146,2670,3469

test suite160
bestAPFD:0.946558
bestSuite:3981,3808,4006,2749,1673,3428,4093,1557,1262,2184,2584,3252,1658,1553,4109,3796

test suite161
bestAPFD:0.944042
bestSuite:3205,3731,3975,3858,1297,3239,2256,3752,3616,3022,331,2143,3510,4102,1239,4092,3644,3334

test suite162
bestAPFD:0.956177
bestSuite:2379,3288,3669,1973,1947,2696,3332,3605,4077,3904,1337,754,679,1191,3962,2089,3243,440,4107,3953,3966

test suite163
bestAPFD:0.938923
bestSuite:739,4109,4089,2946,2870,1911,3632,1854,2902,2117,3767,4006,2138,4019

test suite164
bestAPFD:0.940580
bestSuite:2059,1650,3384,1947,688,2195,1158,3492,4082,2685,2512,4102,2256,391,2892

test suite165
bestAPFD:0.933333
bestSuite:2833,2256,1719,2568,2336,4110,93,2514,3624,1687,1637,4092,3295,3752,1615,2872,2889,1926,871,1489

test suite166
bestAPFD:0.945199
bestSuite:2117,3909,4007,1658,3476,3940,2443,3448,4095,134,2552,2866,3649,433,714,4124

test suite167
bestAPFD:0.932262
bestSuite:1879,344,2892,4098,3591,3518,502,55,1275,4042,2004,888,4115,2801,2490,297,1854,3332,1257,2350,1795,1627,1402

test suite168
bestAPFD:0.948370
bestSuite:4094,55,2986,2374,2117,1721,3337,2597,3156,1361,1844,2716,2373,830,2381,4107

test suite169
bestAPFD:0.918002
bestSuite:734,509,3173,3752,1798,3691,3476,2746,806,4112,1786,2502,2656,255,2602,4075,4055,921,55

test suite170
bestAPFD:0.931350
bestSuite:1864,2615,1644,4073,56,1555,3788,4126,2037,3033,1689,2774,3688,2443,1808,2986,1224,3609,1940

test suite171
bestAPFD:0.958592
bestSuite:3292,1525,3544,4127,3602,2716,3856,2313,3834,2844,795,3829,2254,3831,4094,1998,1160,312,3779,1453,3913

test suite172
bestAPFD:0.957327
bestSuite:989,4074,2786,2186,3398,1997,1322,3384,2623,1459,400,4111,2222,2557,1978,996,2283,770

test suite173
bestAPFD:0.948309
bestSuite:1618,2425,2598,2449,4102,3937,2851,2104,1709,2926,4093,629,504,1972,1450

test suite174
bestAPFD:0.942512
bestSuite:1481,3940,2857,1511,2966,1700,4122,2181,2716,2997,4099,1709,3683,2768,750

test suite175
bestAPFD:0.922015
bestSuite:3210,1473,3862,2760,709,1599,3594,235,4112,1688,1658,4077,1903,3159,311,3027,3447,3033,2492,1856,3905

test suite176
bestAPFD:0.940750
bestSuite:2458,942,1713,2083,2222,2473,4094,3214,1623,2925,3028,3352,3893,3184,4104,2208,301

test suite177
bestAPFD:0.951087
bestSuite:1813,3050,308,322,3259,742,2597,4105,1772,3483,3913,685,3292,2284,4078,2189

test suite178
bestAPFD:0.917120
bestSuite:3352,1366,3427,4101,1854,4092,3619,3743,1931,2492,2081,3227,1785,1904,3803,2768

test suite179
bestAPFD:0.948470
bestSuite:1752,4072,3669,3624,1658,2269,3175,2580,3948,3676,3423,195,3790,4064,4119,507,1435,2657

test suite180
bestAPFD:0.936488
bestSuite:1765,680,1939,2996,778,3882,1989,3669,3976,4076,2896,2213,1913,1947,2174,3268,4104

test suite181
bestAPFD:0.894355
bestSuite:2370,4079,3150,3085,233,2708,45,3869,2399,3904,468,3130,4128,3905,2775,2338,322,3683,678

test suite182
bestAPFD:0.950242
bestSuite:2823,2083,4098,2946,4102,2488,3472,2698,1333,2597,3438,1758,3292,651,2368

test suite183
bestAPFD:0.935927
bestSuite:3476,2480,1832,4081,4112,56,756,287,1604,646,999,2676,2073,3731,778,3311,3017,3301,3752

test suite184
bestAPFD:0.938406
bestSuite:3910,1947,3380,1649,3895,3329,3565,1524,2904,4099,2182,3344,527,428,2906,1939,2246,4108

test suite185
bestAPFD:0.902387
bestSuite:1572,2502,1435,3186,3572,2174,2515,3126,3752,3796,2234,4103,1056,4091,2984,3470,2598

test suite186
bestAPFD:0.933877
bestSuite:3732,3995,1811,1608,4100,1658,4112,3091,2177,3450,3502,3137,1818,2117,1999,3214

test suite187
bestAPFD:0.963005
bestSuite:2222,4090,2946,1920,3661,3112,2397,2500,393,2149,60,3340,2512,4110,3480,2786,1894,778,3320

test suite188
bestAPFD:0.947750
bestSuite:1463,1567,2759,2243,3888,2973,3243,3911,2624,3171,2716,4074,607,2331,3989,4126,2431,1763,3157

test suite189
bestAPFD:0.946224
bestSuite:1908,2639,1433,1870,3464,1254,205,4080,2304,2120,762,3399,3907,511,598,4114,2604,646,378

test suite190
bestAPFD:0.924979
bestSuite:2114,964,3819,1854,1043,789,4111,1729,3332,3175,82,2983,4093,3048,2763,3020,3657

test suite191
bestAPFD:0.948309
bestSuite:1362,670,2238,690,3298,1954,2545,2953,2902,4108,1908,4074,3919,2375,54

test suite192
bestAPFD:0.931159
bestSuite:1861,3534,3669,3145,301,2514,3660,2964,4119,556,920,20,3344,2986,2256,2683,1724,1333

test suite193
bestAPFD:0.951182
bestSuite:4122,2375,3450,984,2956,4093,1614,452,3825,934,2959,3292,1855,1815,3672,3050,3796,3218,2363

test suite194
bestAPFD:0.921843
bestSuite:3581,1502,692,4097,3292,3341,2514,1913,511,223,4123,2076,2473,2619

test suite195
bestAPFD:0.907323
bestSuite:1704,2089,3752,2338,4109,2073,3594,3580,1731,2439,2967,4084,1306,3209,308,1871,3888,2288,3923

test suite196
bestAPFD:0.941063
bestSuite:2092,4095,3636,3425,1870,3223,1976,2568,1871,4118,3688,2490,3399,3306,1947

test suite197
bestAPFD:0.934124
bestSuite:2789,691,4126,4097,2759,4042,2610,3239,2372,2275,1947

test suite198
bestAPFD:0.943841
bestSuite:2731,2031,3765,1481,2537,2749,3033,40,4123,3800,4091,1087,1908,2114,1329,2469,260,3454,1724,3126

test suite199
bestAPFD:0.940580
bestSuite:2986,4109,2602,2938,1440,2117,2083,3726,3932,2953,3051,4087,2779,2471,2864

test suite200
bestAPFD:0.928442
bestSuite:3713,3669,2716,2987,2211,2084,4074,2358,3644,843,3000,2926,1471,1902,4126,4057

test suite201
bestAPFD:0.947205
bestSuite:1947,3987,2186,3439,859,2386,1014,923,1689,2625,3753,4125,99,4096

test suite202
bestAPFD:0.908615
bestSuite:2182,3204,2749,3683,4084,4116,2246,118,4062,1910,1827,1166,3609,2071,3714,1860,3510,2982

test suite203
bestAPFD:0.927962
bestSuite:2839,130,1933,3351,3146,3910,2037,3557,4084,1432,1947,4107,3233,3113,1974,2246,3757

test suite204
bestAPFD:0.942029
bestSuite:275,2864,1908,4093,3987,2839,749,1290,3515,2560,411,4108,223,3014,1768,2953

test suite205
bestAPFD:0.943237
bestSuite:497,141,1307,3910,3683,3797,1467,3934,3976,4108,3283,1947,3809,3605,4077,3250,777,3100

test suite206
bestAPFD:0.911397
bestSuite:78,391,3124,3137,1199,1970,2261,2559,4083,4119,1693,2986,3026,3037,901,3198,638,1360,2696,1951,2997,3262

test suite207
bestAPFD:0.917874
bestSuite:2970,2839,3767,4103,938,2926,3702,3527,2141,2799,887,291,3195,2449,659,2964,532,3581

test suite208
bestAPFD:0.949275
bestSuite:2222,4042,4125,2089,1840,3883,564,3623,3191,4095,2084,93,2637

test suite209
bestAPFD:0.951691
bestSuite:2888,3292,3852,596,2931,1742,1796,3402,4081,1986,3332,4113,2351,3922,224,3649,2604,2523

test suite210
bestAPFD:0.939242
bestSuite:743,3623,3942,3112,223,2363,1618,4120,3834,2731,1717,4085,2860

test suite211
bestAPFD:0.945439
bestSuite:1117,2016,3699,2505,3576,1658,791,4006,4127,2671,4095,3252,3185,4068,589,1569,2360

test suite212
bestAPFD:0.954817
bestSuite:2921,1470,1466,1618,1972,412,2127,4,3087,3653,4084,3626,3624,1539,4125,1282,2363

test suite213
bestAPFD:0.950038
bestSuite:2584,3367,4079,857,2410,3859,2222,24,3223,3247,4122,1381,224,3332,2696,2941,3870,2660,1370

test suite214
bestAPFD:0.914855
bestSuite:3346,290,2634,4121,1671,2707,746,1509,2926,3561,980,2512,2514,2501,1362,4086

test suite215
bestAPFD:0.922520
bestSuite:2844,1879,3701,1579,4108,4096,2839,1727,4006,3050,1618,2862,4040

test suite216
bestAPFD:0.951540
bestSuite:3292,4110,4094,613,797,2690,3913,2989,2269,3165,3979,743,2970,2783,2929,2835

test suite217
bestAPFD:0.953112
bestSuite:3292,4089,2687,2137,3356,4103,1699,2114,829,2749,3570,1526,1131,2514,2698,2796,3449

test suite218
bestAPFD:0.933172
bestSuite:2196,1968,4074,1356,4119,1647,1762,3469,3940,4069,799,3292,2684,3283,3883,937,924,3644

test suite219
bestAPFD:0.925725
bestSuite:1463,3071,224,1774,4086,1555,3101,3766,151,424,1818,2769,4129,2376,2789,70

test suite220
bestAPFD:0.944587
bestSuite:3268,1947,3803,2574,1831,3891,4102,3304,1849,1864,4038,4099,2458,2711,570,1676,1939

test suite221
bestAPFD:0.919807
bestSuite:3808,2335,3343,1713,1995,4089,794,1633,2844,1612,4110,3292,3187,3764,2315

test suite222
bestAPFD:0.948370
bestSuite:3352,341,3855,4046,322,2037,4089,3222,1618,964,1884,597,3803,4104,1010,818

test suite223
bestAPFD:0.950656
bestSuite:4130,811,667,3352,2839,3272,2500,3655,3292,2071,2436,3006,457,1877,417,2802,976,2395,1241,4087,2810

test suite224
bestAPFD:0.947750
bestSuite:1658,3808,2665,1930,1587,3624,3534,2454,4125,4074,2077,4038,1080,286,4042,1009,2637,2010,149

test suite225
bestAPFD:0.933465
bestSuite:1618,2509,3565,2950,3788,4106,826,3910,4080,3694,3319

test suite226
bestAPFD:0.955378
bestSuite:3688,1618,2773,1744,2729,1007,4124,2795,2513,1469,2602,3053,2023,828,422,2207,2783,4086,2073

test suite227
bestAPFD:0.946718
bestSuite:2988,3197,2568,3531,3470,2926,3064,1754,589,4128,1840,3056,958,2374,3947,3565,4092

test suite228
bestAPFD:0.943841
bestSuite:3870,2820,3438,3565,2570,2222,3681,1800,1017,992,3243,2240,3705,676,2749,1624,4094,751,2271,4107

test suite229
bestAPFD:0.911232
bestSuite:2450,4075,1903,1463,1770,3656,1896,3734,3692,93,4130,2533

test suite230
bestAPFD:0.955435
bestSuite:1658,3378,4096,85,2729,3624,1919,709,3421,660,4124,2080,2786,681,4017,2064,2576,1674,2968,3812

test suite231
bestAPFD:0.929241
bestSuite:130,2147,759,3032,2716,625,4121,1530,93,1947,3205,424,106,1796,3552,4096,2474

test suite232
bestAPFD:0.940357
bestSuite:3316,2291,4078,3636,1078,225,1595,3918,3101,1618,3957,4126,2598

test suite233
bestAPFD:0.956522
bestSuite:2375,2092,3497,2061,3343,1021,3559,1686,240,1693,3966,925,4105,1908,1629,4086,2729,2973,1606,2455,2872

test suite234
bestAPFD:0.930946
bestSuite:2020,1829,1830,3533,2221,3832,384,3752,2181,4112,4072,3669,3332,1711,3928,273,3599

test suite235
bestAPFD:0.935688
bestSuite:3979,727,1487,3268,2325,131,3225,3069,3369,2926,3678,4113,1724,969,4093,2439

test suite236
bestAPFD:0.942410
bestSuite:2915,1621,912,811,4130,1922,1158,3577,2986,3473,3942,4098,1678,3860,2425,2484,3033,3904,897

test suite237
bestAPFD:0.950181
bestSuite:3292,149,1605,2254,4105,4014,2547,2729,2716,3419,1810,2567,4084,2492,2327,2377

test suite238
bestAPFD:0.958810
bestSuite:1,2845,4110,1500,2639,1728,468,1473,4075,3897,3803,1603,3020,2222,460,2781,995,1262,3808

test suite239
bestAPFD:0.905280
bestSuite:2716,1239,3033,4123,2926,2568,1728,1168,1951,93,4093,24,3440,2596

test suite240
bestAPFD:0.927536
bestSuite:2194,1815,4104,3496,783,3688,2502,2692,69,1846,3596,3792,4091,3268,1952,1849,1618

test suite241
bestAPFD:0.905797
bestSuite:2321,2594,693,3911,4112,505,3490,4046,2246,2860,3752,3313,294,3780,4079,2779,1799

test suite242
bestAPFD:0.926731
bestSuite:2597,3527,4125,3438,2964,3220,3033,2926,1215

test suite243
bestAPFD:0.948849
bestSuite:1720,3008,1908,4124,2729,1848,2080,2196,3387,330,4077,3234,1676,3940,1858,2527,1548

test suite244
bestAPFD:0.943478
bestSuite:4097,3231,2598,3283,3447,762,587,1854,2269,2953,2585,2292,1571,3182,4103

test suite245
bestAPFD:0.931884
bestSuite:3527,1617,1738,3017,404,4115,2204,2531,1618,3033,2249,2840,1789,4042,4086

test suite246
bestAPFD:0.935236
bestSuite:3268,4123,2731,1198,3290,1939,4090,684,3752,835,3688,3403,1951,2590,3768,522

test suite247
bestAPFD:0.940942
bestSuite:2512,4091,1908,2371,1828,1221,4041,4130,2966,311,848,2830,1690,2021,2336,3285,2283,871,1268,3144

test suite248
bestAPFD:0.946292
bestSuite:2471,3313,1985,2222,2109,2858,3210,3577,3675,137,3051,3506,2439,214,4087,2281,4122

test suite249
bestAPFD:0.953964
bestSuite:87,739,4127,2677,2866,391,1422,2790,3447,3732,2222,4073,3456,1039,1470,3258,2338

test suite250
bestAPFD:0.935164
bestSuite:2509,4112,2243,1608,1217,456,2926,484,1478,646,334,3251,3510,2215,2056,3406,970,4080,633

test suite251
bestAPFD:0.954911
bestSuite:3303,2222,3605,641,485,267,3808,1526,4080,3681,4109,2786,2981,3702,1667,1897,3765,975

test suite252
bestAPFD:0.928299
bestSuite:312,3510,4104,3843,916,308,2322,1854,2845,2250,641,3262,679,1751,892,2291,314,4097,1928

test suite253
bestAPFD:0.951087
bestSuite:3688,2217,97,980,4114,1463,2181,3642,1988,1530,3476,1480,3071,3782,3848,4094

test suite254
bestAPFD:0.917874
bestSuite:3958,3623,280,2668,3935,1884,1955,3778,2269,4117,709,3788,4074,2926,2171,2194,1180,3860

test suite255
bestAPFD:0.956522
bestSuite:3369,682,2964,93,35,3459,4106,1990,1947,2269,2363,2624,1445,1635,1812,2083

test suite256
bestAPFD:0.948309
bestSuite:2338,2843,2417,2458,2788,695,290,1662,2222,4107,4082,4056,3993,3819,1088

test suite257
bestAPFD:0.955616
bestSuite:2222,2586,2425,4108,2716,688,2775,4090,3032,3979,3600,3432,1713,2040,1148,3175

test suite258
bestAPFD:0.923395
bestSuite:779,1947,4116,2013,2525,3198,3501,4095,3803,778,1720,3940,3339,3101

test suite259
bestAPFD:0.915020
bestSuite:4078,2842,2502,1463,82,847,2971,4111,3236,3020,2509

test suite260
bestAPFD:0.913768
bestSuite:3055,3632,4063,2567,647,3215,2346,1634,1134,4074,3720,82,3888,4111,942,1180,1522,3565,1224,2986

test suite261
bestAPFD:0.950922
bestSuite:3490,1463,3576,1391,2017,1753,4006,2964,223,3341,4117,2197,924,4,2173,2376,2602,2780,1430,2309,2926,1150

test suite262
bestAPFD:0.913043
bestSuite:2193,4071,3033,778,4068,4077,1463,1960,2650,4120,4006,2834

test suite263
bestAPFD:0.934453
bestSuite:833,3218,2222,1938,4099,2338,2632,3720,3426,2815,2327,2562,3887,3459,1501,2287,2502,4115,2903,3969,3979,3607

test suite264
bestAPFD:0.884058
bestSuite:909,1436,1169,404,2486,1347,1975,3980,1758,797,117,2926,4130,2512,2761,21,3527,2271,4090,2515,1669

test suite265
bestAPFD:0.930435
bestSuite:55,2037,3784,1824,2974,714,4108,3858,4096,4006,2124,2241,1854,3719,2716

test suite266
bestAPFD:0.936141
bestSuite:2513,2500,4077,2084,1832,865,4120,1496,1908,1252,2729,1587,2966,3398,3703,3940

test suite267
bestAPFD:0.956119
bestSuite:1854,1799,2925,4121,2610,3112,1278,3712,2788,707,2971,177,1252,3351,4084,2333,3064,3996

test suite268
bestAPFD:0.942029
bestSuite:1908,2458,2092,2724,3577,2415,2711,3654,2017,4102,1579,3519,754,2086,3367,2751,4096,3688

test suite269
bestAPFD:0.948873
bestSuite:3551,1884,626,3527,2050,3332,3421,3515,1618,2394,2067,4099,2450,4119,1428,1720,574,828

test suite270
bestAPFD:0.957005
bestSuite:4125,848,2178,3314,2910,2166,1162,4055,3979,2222,1913,3655,4088,2248,3332

test suite271
bestAPFD:0.932770
bestSuite:3577,113,603,3230,1829,2503,3847,1790,743,2083,2372,4107,1007,3292,2983,3472,4096,864

test suite272
bestAPFD:0.935386
bestSuite:4100,2598,1849,2417,2604,3165,1675,2933,3997,2773,4128,1618

test suite273
bestAPFD:0.913601
bestSuite:322,4006,3797,2926,3510,4076,3004,739,3854,3347,1666,4129,2155

test suite274
bestAPFD:0.931332
bestSuite:99,1682,743,3387,2155,2502,4129,513,2926,4081,1388,1282,2526,3696,2572,843,2356,1071,36,2754,407

test suite275
bestAPFD:0.950980
bestSuite:3292,1435,1798,3546,1759,2274,4109,2469,1638,3340,2922,3860,3403,4084,290,2092,3732

test suite276
bestAPFD:0.956948
bestSuite:3223,3565,4115,4072,3457,2650,2425,1834,2696,3129,3292,1944,3282,978,3251,531,3740

test suite277
bestAPFD:0.927962
bestSuite:55,664,1908,516,752,3191,2389,2320,898,2316,3032,3700,1750,4073,1526,4119,3332

test suite278
bestAPFD:0.953301
bestSuite:3470,2521,2077,3808,2953,2757,3601,589,2986,1251,2527,4096,4122,1865,1980,97,2310,135

test suite279
bestAPFD:0.938859
bestSuite:2185,3028,1619,3716,1908,164,1376,2080,1449,3345,3421,3403,589,4085,4117,2120

test suite280
bestAPFD:0.936594
bestSuite:816,1618,2420,3409,3256,740,4072,2480,3313,3458,4126,311

test suite281
bestAPFD:0.943555
bestSuite:1831,3940,414,1677,3112,4089,4101,2188,2986,3774,1188,1687,1880,1528,2347,4061,2729,3000,2548

test suite282
bestAPFD:0.933207
bestSuite:2174,3731,3130,1655,3177,4113,4076,1579,2500,946,4060,3804,1769,1370,682,2436,1350,2501,1389,509,3292,3510,2474

test suite283
bestAPFD:0.954911
bestSuite:805,2367,3613,3450,1926,55,3492,3956,4123,1618,4008,4078,3273,2709,3605,400,3644,3520

test suite284
bestAPFD:0.937198
bestSuite:4077,1510,2372,3491,2546,3803,218,3051,4116,1658,702,3757,2011,1606,3534,3043,3285,3373,3561,2500,2119

test suite285
bestAPFD:0.950128
bestSuite:99,3633,2527,2935,91,2568,1539,1618,1509,2006,1522,4114,2193,1603,4083,917,3421

test suite286
bestAPFD:0.931159
bestSuite:3805,575,3101,3292,3112,4023,2795,1012,2601,4086,3803,3754,4102,4021,926,3469,1836,3051

test suite287
bestAPFD:0.953623
bestSuite:3187,1980,23,4106,2222,868,3334,1332,2439,3393,3352,3504,4090,2515,440

test suite288
bestAPFD:0.921569
bestSuite:566,4096,1757,4101,3198,2868,3549,636,3529,3860,4042,3683,3050,1815,2204,1943,1937

test suite289
bestAPFD:0.954796
bestSuite:3825,4005,4077,2766,3231,744,2888,2809,3708,761,2083,1947,3803,646,3689,4107,3763,3847,874,1669,3514

test suite290
bestAPFD:0.897645
bestSuite:2092,1099,1776,707,570,1542,2926,3624,1949,2271,3619,4111,2291,3138,1904,2964

test suite291
bestAPFD:0.928986
bestSuite:2533,1506,879,3268,1658,906,284,3940,826,3905,4073,3927,4113,3208,2675

test suite292
bestAPFD:0.953761
bestSuite:1947,2754,2040,3938,530,2650,4074,2600,732,2246,3078,3223,2092,1452,4025,4109,1935,3447,901,3671,3115

test suite293
bestAPFD:0.894928
bestSuite:2604,3131,3984,2478,3757,1009,1658,4074,646,2076,4118,996

test suite294
bestAPFD:0.933424
bestSuite:3883,224,1896,2174,1724,3502,3423,2389,3274,1658,1984,4118,373,3765,4097,840

test suite295
bestAPFD:0.946457
bestSuite:3510,3911,3819,1716,2067,1793,4082,1658,1724,1585,1084,4110,2148,3882,3149,2931,3002,4060

test suite296
bestAPFD:0.903010
bestSuite:2376,539,2650,3091,1596,3891,1249,4077,3481,1410,1658,1338,4129

test suite297
bestAPFD:0.942547
bestSuite:980,2121,93,1960,3516,2665,1724,1712,2839,3292,3552,4119,4079,2216

test suite298
bestAPFD:0.937319
bestSuite:3655,2215,3398,2011,2406,3948,2180,3914,271,1911,3208,4128,82,2260,1827,1797,3292,4075,2559,3174

test suite299
bestAPFD:0.895963
bestSuite:2749,4087,1161,450,3552,3863,4114,3784,3269,2926,1676,4042,2866,2269

test suite300
bestAPFD:0.937681
bestSuite:3294,4076,1003,305,4006,2367,2157,1658,2573,3229,4110,2984,1604,2375,2769

test suite301
bestAPFD:0.963109
bestSuite:957,1472,213,1135,3222,1464,653,547,4100,1860,2551,2081,1913,3198,2365,3462,224,4120,2222,2839,3577,1193

test suite302
bestAPFD:0.904438
bestSuite:3576,2097,1013,3268,3686,2312,4107,2964,1421,694,3531,568,3976,3882,3752,3940

test suite303
bestAPFD:0.917184
bestSuite:3438,2633,3510,4114,2768,2952,3683,1920,3294,1399,3639,1771,4098,224

test suite304
bestAPFD:0.904831
bestSuite:3587,1360,2811,2578,1761,2246,832,2639,4116,1835,2986,3510,2786,235,4088

test suite305
bestAPFD:0.939614
bestSuite:2926,3199,2356,3855,2564,3859,3388,3669,3743,3384,544,102,4079,96,744,1687,1608,4128

test suite306
bestAPFD:0.951833
bestSuite:2502,917,4092,2207,1658,3432,3292,4128,862,3813,2427,3363,271,2601,2531,99,368

test suite307
bestAPFD:0.934783
bestSuite:1617,3332,1854,911,2077,3337,1166,3516,3416,2487,2170,4109,2186,2183,214,4086,3527,564

test suite308
bestAPFD:0.900621
bestSuite:3892,2650,3752,3144,2602,2558,2964,3033,2863,1785,2376,836,3725,4108

test suite309
bestAPFD:0.956924
bestSuite:2964,945,1418,2986,1103,4127,2979,3191,3337,3989,606,2718,2077,2953,3688,2083,1831,3968

test suite310
bestAPFD:0.944928
bestSuite:2986,1771,4120,772,3269,100,2338,2448,2347,3684,1683,3527,1526,4100,2274

test suite311
bestAPFD:0.901108
bestSuite:1432,1589,3905,1980,2926,419,2796,4080,2803,93,2778,1288,3231,2204,3112,4117,1304

test suite312
bestAPFD:0.925811
bestSuite:3124,3623,2338,2452,3293,3493,2556,1336,3472,828,3345,4114,4084,2117,347,699,2926,3181,307,1402,1608

test suite313
bestAPFD:0.912526
bestSuite:2084,4111,3332,3136,1597,1810,2926,3792,93,193,2866,4087,1776,2363

test suite314
bestAPFD:0.942882
bestSuite:966,1433,2514,3457,1908,312,2151,923,2316,4123,4095,4009,3805,3660,3187,646,931

test suite315
bestAPFD:0.929801
bestSuite:3676,2697,3757,1997,4129,623,792,2986,2902,3961,3051,295,2182,1955,2788,4097

test suite316
bestAPFD:0.914569
bestSuite:13,3752,3883,1229,3976,4079,994,3521,2757,2380,1451,1781,2416,4124,55,3992,2675,2770,2849

test suite317
bestAPFD:0.927110
bestSuite:869,4103,1463,55,1737,462,2485,2602,1596,1873,2599,4086,1969,3476,2117,946,3582

test suite318
bestAPFD:0.915862
bestSuite:1511,3472,235,2146,4046,2231,626,1908,2447,4092,4109,2568,2314,1576,1140,2354,3155,3503

test suite319
bestAPFD:0.900815
bestSuite:3662,3338,2439,4075,2328,1673,3655,3752,795,4108,3919,3688,3033,713,2618,1414

test suite320
bestAPFD:0.939312
bestSuite:2282,1618,2514,1998,3540,934,2778,4095,4111,2754,2254,824,3655,2554,3800,3695

test suite321
bestAPFD:0.927536
bestSuite:712,2633,2527,4130,3860,2533,2902,1027,3251,843,3683,1490,4097,630

test suite322
bestAPFD:0.950483
bestSuite:4109,2018,3683,3150,1931,4095,1658,3605,224,3881,206,2104,1764,2117,797,3685,1877,2835

test suite323
bestAPFD:0.922705
bestSuite:3752,2524,3796,3738,4128,3910,4081,1710,3248,2473,2501,790,1613,3850,3736

test suite324
bestAPFD:0.951833
bestSuite:4079,2925,1658,4127,20,2837,1761,2610,2549,2971,2839,1892,1639,1133,1836,2363,1074

test suite325
bestAPFD:0.914569
bestSuite:1724,2805,921,2626,3356,4123,1455,3105,3894,3393,4085,3090,3911,1872,2740,3683,340,2560,3332

test suite326
bestAPFD:0.951182
bestSuite:3343,3066,151,3702,3352,1262,1854,2483,1547,2486,2263,3065,1587,3438,1504,2524,4097,4112,3770

test suite327
bestAPFD:0.914654
bestSuite:3669,4113,2986,3207,2973,3275,4098,2936,3976

test suite328
bestAPFD:0.927536
bestSuite:1994,2269,4121,2316,3144,1674,2037,1618,4088,3376,3993,1291,658,2449,3893,3501,170,3352

test suite329
bestAPFD:0.923007
bestSuite:1772,3303,1986,151,3752,4095,67,4006,4112,3352,874,2028,3150,1139,2273,3883

test suite330
bestAPFD:0.950128
bestSuite:2856,2564,2023,4127,1976,2182,3103,1985,3510,2375,2373,4078,2492,1695,3292,1891,3192

test suite331
bestAPFD:0.926219
bestSuite:1854,2082,2649,2788,4089,3979,1222,3054,4125,2716,3978

test suite332
bestAPFD:0.946311
bestSuite:1826,2698,906,1384,1854,2554,2534,2425,3489,3901,675,4130,3989,2729,3379,535,1631,4096,741,2216,655,3389

test suite333
bestAPFD:0.938164
bestSuite:351,2643,2165,4115,3976,1618,1675,4043,3144,1965,3111,3688,896,3398,4093

test suite334
bestAPFD:0.938768
bestSuite:82,2601,2222,3441,2165,1755,2083,961,235,4120,1475,3600,2635,3130,1193,622,2216,1526,3830,4082

test suite335
bestAPFD:0.948513
bestSuite:3788,1658,3986,2847,899,866,1483,369,2071,1033,2964,4117,3616,93,2999,3376,1538,2461,910

test suite336
bestAPFD:0.925362
bestSuite:2621,1658,4118,3472,793,2568,4091,2580,2847,3697

test suite337
bestAPFD:0.942935
bestSuite:3705,1908,2533,4095,2982,2901,55,3560,3687,1552,664,1803,2500,4124,3683,3175

test suite338
bestAPFD:0.893478
bestSuite:3867,2627,2696,1547,2515,1493,2264,3478,1688,2314,2796,3178,4087,2610,3752,1130,1,4129,1623,3319

test suite339
bestAPFD:0.938859
bestSuite:4095,2953,2649,2509,3327,1947,862,837,3174,4121,99,314,353,2830,835,2229

test suite340
bestAPFD:0.914569
bestSuite:3166,3197,2216,2568,1427,3531,3824,1504,3277,3732,4076,697,1159,2515,4121,3292,1476,1672,320

test suite341
bestAPFD:0.926449
bestSuite:3683,860,3250,4076,1362,1532,719,3303,4130,82,2604,2514,2409,2527,3329,3230,56,147,3412,133

test suite342
bestAPFD:0.911929
bestSuite:2926,2964,4128,3577,3033,990,3258,308,3296,775,773,3623,2215

test suite343
bestAPFD:0.945652
bestSuite:2524,3352,3956,2829,1577,1723,1015,2836,1947,3303,62,2564,3520,3493,4126,3536,4091,2273

test suite344
bestAPFD:0.918277
bestSuite:391,238,2674,1573,722,2759,714,1104,1650,2926,2502,3101,4111,3808,2853,825,4100,752

test suite345
bestAPFD:0.962121
bestSuite:4113,4091,1693,2138,2756,3167,2362,1768,2673,12,2656,1757,2338,2610,3058,603,2512,2336,2986,102,2380,3921

test suite346
bestAPFD:0.936141
bestSuite:2587,2781,1618,2894,440,2996,1464,2271,4101,1928,4085,3581,3472,805,732,2788

test suite347
bestAPFD:0.942029
bestSuite:1606,4128,3677,2186,1908,704,1884,3520,739,3272,2285,570,3826,2847,4096,726

test suite348
bestAPFD:0.945411
bestSuite:1982,1658,4083,3452,766,4123,2472,2028,3979,4038,676,1944,3225,3268,3251

test suite349
bestAPFD:0.931159
bestSuite:3758,2155,752,2603,3340,3175,3565,4121,2537,2281,4092,1135,2147,2610,990,3752

test suite350
bestAPFD:0.941576
bestSuite:3051,1317,1746,3318,1618,2420,1879,2926,2117,4108,966,221,863,3955,4072,3658

test suite351
bestAPFD:0.957327
bestSuite:2363,3165,2637,4111,935,242,3624,3906,3332,3834,3250,2222,4089,1926,1688,3732,2752,109

test suite352
bestAPFD:0.943478
bestSuite:2004,1334,3364,2291,2330,4114,3617,1947,3200,224,63,2825,1793,3804,2902,1822,4088,2500,2910,2854

test suite353
bestAPFD:0.963768
bestSuite:3203,3441,3058,3187,2222,558,3848,821,2570,2160,2830,3459,2956,2598,1827,1782,2964,2560,3601,4114,3751,3658

test suite354
bestAPFD:0.940914
bestSuite:3695,1908,3239,2360,3033,1482,3655,55,2368,4095,2336,4112,3249

test suite355
bestAPFD:0.931373
bestSuite:3572,3213,4091,1610,1854,1480,624,186,2559,3910,3796,2515,4119,2127,924,3175,890

test suite356
bestAPFD:0.950725
bestSuite:4083,1018,3618,1500,1290,3485,2222,3033,2205,3341,2450,1282,4120,55,620,2607,700,2041,1544,858

test suite357
bestAPFD:0.941304
bestSuite:3384,4111,3874,920,1854,3995,624,3050,2568,149,3873,3938,750,3005,896,3984,3320,3032,4094,2084

test suite358
bestAPFD:0.951564
bestSuite:1586,2842,1617,3268,3522,2141,1482,2825,3388,1618,4076,3527,3552,951,815,744,3905,3342,4103

test suite359
bestAPFD:0.903666
bestSuite:1195,2601,1509,4108,313,3683,3914,818,2421,3420,4095,1781,629,2512,391,1806,2716

test suite360
bestAPFD:0.954451
bestSuite:2526,4077,3249,1854,3231,1841,1346,3164,3431,2866,2557,3803,2276,3303,1978,1910,854,651,161,4115,2749

test suite361
bestAPFD:0.953089
bestSuite:982,2296,3580,1658,3732,4077,1840,3175,1800,4113,4046,2222,1847,2553,3099,1824,4062,1036,2059

test suite362
bestAPFD:0.939614
bestSuite:663,2080,3636,2554,3565,3498,909,4094,2729,1623,3471,2559,4108,669,2926

test suite363
bestAPFD:0.946170
bestSuite:3883,4123,1947,3051,2455,3480,2953,2084,3298,3461,932,3231,4093,3191

test suite364
bestAPFD:0.918478
bestSuite:2568,468,1693,4074,1787,4102,2938,1055,2205,3686,1658,2318

test suite365
bestAPFD:0.929089
bestSuite:3975,1796,1854,4092,2729,3180,739,2155,3862,2910,1653,4118,2842,2714

test suite366
bestAPFD:0.886473
bestSuite:3624,2724,3888,887,4100,122,3892,2926,2706,570,3561,2087,3112,2889,4125

test suite367
bestAPFD:0.943173
bestSuite:1254,944,695,4110,3688,2213,1944,2222,2839,820,1927,2139,4098,2757,4006,2573,3605,2966,1905

test suite368
bestAPFD:0.940357
bestSuite:1658,2649,93,4070,3883,4124,979,3644,34,3021,1066,4084,785

test suite369
bestAPFD:0.921865
bestSuite:1071,2902,4077,1425,3523,2927,3501,3688,3705,596,3946,2942,1854,1322,4107,1238,1704,591,2810,3625,2961,1697,3456

test suite370
bestAPFD:0.958937
bestSuite:2243,1728,4113,1428,2222,2561,3911,1545,676,207,3979,2527,2830,804,4093,1855,1353,3663,2376,523,2627

test suite371
bestAPFD:0.945439
bestSuite:1575,3666,4123,2089,759,2450,2801,2222,2274,3786,3688,2269,4097,330,3988,3537,283

test suite372
bestAPFD:0.933977
bestSuite:3577,1947,3573,680,2793,3003,312,922,1844,2101,2785,2275,224,1841,4128,4098,1421,3582

test suite373
bestAPFD:0.953351
bestSuite:224,1947,1644,4088,2993,755,1823,2524,2186,2569,552,2622,4105,1092,3334,2248

test suite374
bestAPFD:0.960717
bestSuite:3802,2474,1434,2222,308,2527,1427,3287,2634,1618,2827,3344,2414,4106,4087,3065,2419,2157,1242

test suite375
bestAPFD:0.956975
bestSuite:1668,2515,4084,1633,3456,2222,1726,4121,213,2170,1294,2113,2664,3501,3732,2121

test suite376
bestAPFD:0.949657
bestSuite:1936,3457,2288,3292,1329,2246,1947,1847,2604,4092,3266,2042,4130,2834,4046,655,3104,2610,701

test suite377
bestAPFD:0.919807
bestSuite:768,4028,1724,1854,2417,1777,3419,1791,3842,3014,2749,4073,1865,2509,4102

test suite378
bestAPFD:0.924979
bestSuite:701,3487,896,2281,3268,2183,4011,3360,4126,3662,589,2788,547,1658,1486,1692,2964

test suite379
bestAPFD:0.917874
bestSuite:3802,2450,4084,3780,1463,2844,2368,1797,3332,2362,4122,3007

test suite380
bestAPFD:0.937681
bestSuite:2732,3631,2638,3296,3626,3870,2450,4107,1973,2515,847,3292,2121,2683,2458,3466,3979,3056,4097,488

test suite381
bestAPFD:0.945013
bestSuite:668,2387,3737,1947,2844,4129,3296,2502,4099,1775,513,3231,3079,3943,4032,2336,2828

test suite382
bestAPFD:0.917702
bestSuite:4096,3683,3033,3378,3456,4111,2601,2804,1998,3472,3164,3213,1974,3500

test suite383
bestAPFD:0.902813
bestSuite:1535,2474,3030,3752,4069,1843,3054,1198,2598,2307,2251,4039,4095,4030,2083,2194,4110

test suite384
bestAPFD:0.943308
bestSuite:2134,4007,2804,3349,2568,4103,1460,1672,722,1658,705,1597,1584,2492,2964,2060,311

test suite385
bestAPFD:0.948240
bestSuite:3785,3945,4117,3502,995,4094,2564,2728,2714,3050,3922,1722,3472,2222

test suite386
bestAPFD:0.933816
bestSuite:2406,3439,3876,3417,3655,2150,2273,311,4122,1658,2061,1475,3725,1242,4072

test suite387
bestAPFD:0.918680
bestSuite:2527,2177,1731,2412,1463,2554,864,334,4101,1489,2233,2915,3251,698,774,1100,4097,3848

test suite388
bestAPFD:0.945652
bestSuite:970,4073,4109,1726,3268,2222,1423,2160,924,391,3803,608,3663,2372

test suite389
bestAPFD:0.943308
bestSuite:2953,2660,3342,2491,3892,4081,1658,292,1313,2524,4117,55,3572,2951,963,3347,2676

test suite390
bestAPFD:0.918025
bestSuite:2809,2525,1555,1485,3683,1849,2650,4123,561,3234,2953,1055,955,3033,3887,4098

test suite391
bestAPFD:0.944160
bestSuite:1861,2480,1908,1512,4040,253,3860,3421,3349,2275,4128,4084,2849,2694,2374,3962,1306

test suite392
bestAPFD:0.914855
bestSuite:3343,4125,3919,2092,223,3900,1290,3351,2732,1112,3752,2363,1765,2415,4074,1905

test suite393
bestAPFD:0.896846
bestSuite:2788,3683,34,56,4101,3527,4077,1403,2589,2573,2174,2515,3133,2880,1813,2330,1431

test suite394
bestAPFD:0.925725
bestSuite:646,3510,4061,1559,1554,3796,2291,2693,4125,2697,543,1470,3725,4096,3683,2490

test suite395
bestAPFD:0.947368
bestSuite:603,2964,3427,2756,912,1943,3854,2480,2786,1458,2020,3337,1012,2705,2298,4121,3566,3683,2356

test suite396
bestAPFD:0.911111
bestSuite:986,232,2399,2417,3725,4101,978,4087,2926,1463,149,2454,1451,2512,3066

test suite397
bestAPFD:0.904480
bestSuite:2658,2902,3528,4081,2177,3752,708,2564,149,4116,1845

test suite398
bestAPFD:0.890923
bestSuite:3483,843,2247,997,3510,2547,4079,2669,1660,2871,149,4105,867,773,1553,3364,3175,3752,4047

test suite399
bestAPFD:0.938193
bestSuite:1687,2773,3819,3808,411,2376,3281,1804,2834,4124,2677,3675,4073,2617,1792,3752,2554

test suite400
bestAPFD:0.932971
bestSuite:1908,468,687,900,3577,2072,3407,637,3565,4091,4115,2085

test suite401
bestAPFD:0.939614
bestSuite:2786,2752,3088,4105,1076,4082,1658,3223,2502,3112,3247,1615

test suite402
bestAPFD:0.949275
bestSuite:436,2166,1947,1941,400,1457,3246,3456,3112,3174,3400,2100,4110,4077,3979,3729

test suite403
bestAPFD:0.945894
bestSuite:4100,1959,3066,1543,2469,2986,1888,2598,2246,672,807,2584,1795,3386,4107

test suite404
bestAPFD:0.888084
bestSuite:2414,3332,1559,720,646,3564,1457,4085,1658,312,1201,4109,805,2115,3705,3803,1525,1553

test suite405
bestAPFD:0.951945
bestSuite:225,2347,4074,1908,3694,3472,705,3921,1917,4112,701,1662,804,3187,3334,820,3454,2630,2515

test suite406
bestAPFD:0.941123
bestSuite:2515,1517,3223,1735,756,3860,3746,2186,3011,3941,4110,1618,4095,3266,3605,3838

test suite407
bestAPFD:0.933977
bestSuite:1502,2926,4108,2842,3682,1526,2336,3332,2539,4097,2975,1290,341,24,1523,2610,1239,3425

test suite408
bestAPFD:0.909018
bestSuite:734,2078,3438,3808,526,3752,4058,2587,1875,3885,3318,3476,4113,2634,2987,2399,4095,3352

test suite409
bestAPFD:0.918314
bestSuite:3533,3979,2502,3428,3752,2524,3907,1518,2783,4111,4095

test suite410
bestAPFD:0.912138
bestSuite:2564,1463,750,3910,3565,673,755,3792,3695,4108,3273,4082,34,3524,849,2531

test suite411
bestAPFD:0.934330
bestSuite:3808,826,3993,2525,1658,412,119,4081,3247,2363,3223,2495,3926,3956,1852,4129

test suite412
bestAPFD:0.953538
bestSuite:1463,2716,2469,2197,2441,4121,3662,2786,1529,1659,3891,2449,3136,97,4079,349,3639

test suite413
bestAPFD:0.937340
bestSuite:2605,2213,2863,3003,4078,209,2092,2599,1658,4102,531,670,3888,2508,3979,1926,3514

test suite414
bestAPFD:0.941063
bestSuite:3200,3456,2664,2650,1201,1736,2524,3632,2241,1658,4079,4119,2199,2858,2634

test suite415
bestAPFD:0.884615
bestSuite:4098,939,2554,2599,3683,1707,3872,899,3913,3124,4110,1486,3476

test suite416
bestAPFD:0.947205
bestSuite:3398,3251,1811,719,540,1732,4126,840,3090,3743,1854,2018,2786,4086

test suite417
bestAPFD:0.937681
bestSuite:1908,2512,4125,391,2331,2933,2283,417,4098,3077,2741,3581,2182,926,3996

test suite418
bestAPFD:0.909420
bestSuite:3999,1984,1555,4130,751,1002,2083,81,2815,3292,3605,3601,3725,4099,2194,308,3788,2148

test suite419
bestAPFD:0.926906
bestSuite:3644,2108,3804,4093,1015,3332,2322,249,1387,1777,3051,1139,4125,2313,2377,1803,1794,2120,3072,1938,2986,953,2296

test suite420
bestAPFD:0.953261
bestSuite:2775,1750,2568,2997,3230,856,4078,4107,3383,436,2684,3467,3292,2959,3808,3357,3051,957,2223,3595

test suite421
bestAPFD:0.934783
bestSuite:4085,4101,2572,3976,2509,2187,2926,946,290,3444,3356,2083,1898,514,634

test suite422
bestAPFD:0.942029
bestSuite:4109,2868,738,3691,3163,4046,3913,2707,1814,203,1878,3860,2605,4087,3292,1592,2825,3808

test suite423
bestAPFD:0.921498
bestSuite:2554,3816,3232,944,1853,3943,2986,1647,679,3324,2494,3552,3112,573,4105,699,3403,4087

test suite424
bestAPFD:0.938406
bestSuite:2830,3919,1795,149,4109,1837,3522,2082,665,1522,209,3774,1322,3376,1576,1712,3566,204,1463,1250,4091,3251

test suite425
bestAPFD:0.935897
bestSuite:4072,3323,4123,2200,2425,1854,2788,3568,3050,3049,1687,1668,93

test suite426
bestAPFD:0.913043
bestSuite:3772,225,1463,2092,3502,4079,2107,4128,3678,1459,1526,1777,99,2095,2577

test suite427
bestAPFD:0.944587
bestSuite:3545,3629,2999,2092,865,3576,3888,4072,2610,1396,2986,344,3328,193,4104,1572,2526

test suite428
bestAPFD:0.924749
bestSuite:4083,2830,1514,2509,864,99,2647,1581,1908,2480,1978,4126,3513

test suite429
bestAPFD:0.914749
bestSuite:999,3332,2926,880,3480,656,710,3803,4083,2194,2242,518,2872,3887,3731,670,4125

test suite430
bestAPFD:0.919437
bestSuite:3592,290,2658,190,3146,3683,698,3912,3250,4126,1577,1554,2973,3456,3808,4095,4069

test suite431
bestAPFD:0.958653
bestSuite:1908,2566,4097,2684,1735,3992,3175,1769,2597,99,1931,3398,3495,4122,2833,2430,354

test suite432
bestAPFD:0.951407
bestSuite:1604,4115,3979,1947,3655,123,3775,2682,4058,916,45,4075,1021,3296,1757,3398,2634

test suite433
bestAPFD:0.954390
bestSuite:4006,3632,1008,3200,182,2101,2658,639,4106,1562,4098,883,494,974,99,1854,3171

test suite434
bestAPFD:0.945652
bestSuite:2356,630,2966,934,2847,3910,2076,3862,3830,31,3292,2953,3343,2215,4078,4104

test suite435
bestAPFD:0.945135
bestSuite:704,3292,2649,570,482,2752,2181,709,1440,4091,3956,2083,3531,4124

test suite436
bestAPFD:0.943582
bestSuite:560,3530,2181,3740,3883,2926,1089,2293,2375,3673,785,4117,4089,589

test suite437
bestAPFD:0.921900
bestSuite:1503,3452,4085,2177,3683,1162,4123,2514,3906,1285,1717,3497,3545,1974,1724,739,2860,2482

test suite438
bestAPFD:0.954911
bestSuite:2473,2986,1242,1515,4126,1508,2684,3050,3034,4092,1408,2840,3804,646,3931,1449,1859,3819

test suite439
bestAPFD:0.914424
bestSuite:3433,1004,135,4102,4098,2092,3209,3998,82,2474,752,1463,1979,3010,1197,1428,1580,1289,1338,268,2367

test suite440
bestAPFD:0.925362
bestSuite:3976,1689,4093,699,3174,139,3483,4114,1915,1784,38,3023,2515,3752,267,2925,3472,3847,3680,3273

test suite441
bestAPFD:0.921405
bestSuite:1812,3076,3854,168,3207,1463,1382,2021,4081,3979,3644,52,4115

test suite442
bestAPFD:0.925248
bestSuite:2128,3901,2510,1591,2864,2098,3892,1743,4107,2092,2729,4093,2986,468,3163,2406,3082,1936,1224

test suite443
bestAPFD:0.946558
bestSuite:4079,913,3651,3639,2442,1692,4071,2469,1500,1854,2375,2356,2056,4104,2117,3110

test suite444
bestAPFD:0.937953
bestSuite:3136,3510,4122,179,2082,1908,1591,2786,1884,3456,4073,2461,674,833,1246,3608

test suite445
bestAPFD:0.939471
bestSuite:1642,3515,2480,405,1609,3283,2879,3860,3834,1854,229,121,3740,4107,4080,2637,2356

test suite446
bestAPFD:0.941546
bestSuite:4115,2092,3449,3608,4072,3186,93,1854,429,2729,2868,968,1560,3692,3576

test suite447
bestAPFD:0.933747
bestSuite:1658,2379,3621,2271,1677,2375,1526,2950,1714,3198,2140,2269,4112,4084

test suite448
bestAPFD:0.903209
bestSuite:3268,3676,2064,814,4088,2379,3527,1618,3175,3822,2519,4128,2828,3385

test suite449
bestAPFD:0.945250
bestSuite:1854,3403,3533,1005,3348,2327,2177,4125,2179,3351,2684,2304,4084,308,3821,3844,2738,1649

test suite450
bestAPFD:0.942029
bestSuite:2568,3503,2083,4020,1908,3474,2787,4097,1291,2650,925,4062,4107,493,125,3412,1680,2869,2495

test suite451
bestAPFD:0.934783
bestSuite:3846,2363,3565,570,3626,1854,4092,1795,2705,3384,4117

test suite452
bestAPFD:0.943173
bestSuite:3359,3867,1894,1909,2663,2356,1193,3292,3002,2480,2657,1501,4124,3000,4083,1687,224,4007,2270

test suite453
bestAPFD:0.940476
bestSuite:2621,4075,2673,1676,1382,1841,4125,1854,3888,1752,2061,2844,3874,858

test suite454
bestAPFD:0.934783
bestSuite:4103,2847,3577,3632,149,2892,2011,1710,2926,3138,3334,4072,1758,1886,2083,78

test suite455
bestAPFD:0.946558
bestSuite:57,3246,3116,3343,1658,1432,727,4083,3527,2480,3305,4123,2597,311,2864,3294

test suite456
bestAPFD:0.934783
bestSuite:3926,1428,4122,1771,2639,3231,4094,2378,2708,1829,1947,3899,308,2788,324

test suite457
bestAPFD:0.949275
bestSuite:4098,2325,2986,3497,3732,3301,2151,1894,3891,4107,1939,2574,772,2480,3522

test suite458
bestAPFD:0.952259
bestSuite:3502,1565,3570,3565,93,1840,3228,2729,3223,1512,3877,2572,4115,2964,2756,997,1854

test suite459
bestAPFD:0.924242
bestSuite:2931,4042,3731,2731,4093,3479,1968,4129,2926,2515,1809

test suite460
bestAPFD:0.920290
bestSuite:3458,972,843,2610,4078,1618,3565,2953,4114

test suite461
bestAPFD:0.931159
bestSuite:3528,493,739,3510,1854,4110,3976,4084,1110,3185,1810,3521

test suite462
bestAPFD:0.943841
bestSuite:4119,2902,2077,3528,2064,3472,935,1463,2328,2561,3410,2268,2980,3673,3944,4088,1000,2628,2564,3743

test suite463
bestAPFD:0.936163
bestSuite:1749,1877,906,2563,3834,218,2474,3224,4124,4063,848,3013,3505,2602,2902,3763,1908,224,1437,4061,4094

test suite464
bestAPFD:0.948894
bestSuite:3688,2313,439,3931,2823,3639,3796,1854,3175,2514,1064,4062,4115,4096,1197,2365,3203,1050,512

test suite465
bestAPFD:0.912681
bestSuite:1466,3976,993,4091,2269,806,45,3497,4123,1449,258,1463,1311,3095,757,3940,2458,2708,4020,1619

test suite466
bestAPFD:0.937802
bestSuite:2181,4123,3565,4075,25,1766,2037,589,1949,2926,1953,3501

test suite467
bestAPFD:0.943841
bestSuite:1985,3941,3723,2492,4095,1713,863,3144,3752,2083,468,4123,2731,3577,1479,1743

test suite468
bestAPFD:0.949702
bestSuite:2064,1854,2056,2286,3040,3314,1979,3099,3395,4091,3855,3399,82,2083,616,2363,4111

test suite469
bestAPFD:0.951346
bestSuite:2986,4096,3732,3909,933,2925,1528,4124,2450,1057,1809,3681,1820,3299

test suite470
bestAPFD:0.941511
bestSuite:3796,4125,3292,1704,3883,3855,1434,2473,3138,4092,3669,3782,2372,3261

test suite471
bestAPFD:0.943388
bestSuite:2464,2597,1854,2469,3774,1578,3644,725,3895,2328,2644,589,4076,1749,4128,2320

test suite472
bestAPFD:0.946055
bestSuite:500,3883,2685,1692,1520,629,925,3644,4098,2334,4108,1990,3691,739,3292,3670,443,1818

test suite473
bestAPFD:0.880837
bestSuite:1681,382,3792,461,850,2209,3982,4090,4102,962,2554,3691,3383,754,3050,2729,2021,3752

test suite474
bestAPFD:0.952899
bestSuite:2986,3848,473,4107,987,570,3569,3808,3707,4006,4091,3778,1134,829,2860,2810

test suite475
bestAPFD:0.948792
bestSuite:2222,1571,4114,1000,3115,698,602,3803,3223,4094,3398,3257,627,2111,646

test suite476
bestAPFD:0.946224
bestSuite:2480,4127,3980,2789,3270,3051,3734,2716,1658,4073,3115,36,2337,3889,3957,818,2752,918,2712

test suite477
bestAPFD:0.914855
bestSuite:1801,3352,4108,3683,2376,1654,1450,4098,2156,920,4043,2254,3808,2112,2216,2712

test suite478
bestAPFD:0.945843
bestSuite:2173,2245,3332,1582,4074,2658,391,2696,2612,3259,4121,3295,1908,1836,3376,2270,708,1512,1681

test suite479
bestAPFD:0.948423
bestSuite:3629,2006,2450,4129,2279,4087,2914,138,3796,3233,2973,711,926,1078,1947,3669,3398

test suite480
bestAPFD:0.942455
bestSuite:2174,3292,4090,3950,3232,3268,1996,1901,589,3745,2815,3022,2527,4122,2669,2512,148

test suite481
bestAPFD:0.939130
bestSuite:3005,1777,2449,715,4110,2340,4082,2621,4021,1618,3398,311,3610,2439,881

test suite482
bestAPFD:0.939312
bestSuite:384,2431,2964,777,2542,738,3883,4124,2601,3632,308,2488,2512,749,1854,2968

test suite483
bestAPFD:0.952326
bestSuite:2214,2460,3732,1949,4088,985,2855,3174,392,1947,2181,1774,822,2548,3432,2284,4121,3335,466

test suite484
bestAPFD:0.952496
bestSuite:67,1945,3140,1618,3669,3111,967,2991,4107,2612,4072,3565,2357,955,3806,1158,2435,2564

test suite485
bestAPFD:0.927019
bestSuite:3210,1947,1859,3940,3192,2376,3163,3464,4094,1794,2720,4130,973,468

test suite486
bestAPFD:0.930587
bestSuite:4095,2270,2594,3404,3027,1061,1316,1806,3004,646,325,414,231,2502,1658,4130,1783,613,3987

test suite487
bestAPFD:0.924485
bestSuite:742,2516,2269,2731,3326,776,1908,1810,2893,4090,2439,311,1922,4126,2217,2493,3403,2644,3006

test suite488
bestAPFD:0.918383
bestSuite:4122,1382,3978,3476,3300,1964,1999,4074,799,2505,739,1880,2986,3712,213,2788,669,3105,4052

test suite489
bestAPFD:0.945461
bestSuite:4084,2584,3187,1618,82,2731,2931,4111,897,2188,567,2232,435,3247,1697,233,2431,3445,2515

test suite490
bestAPFD:0.937500
bestSuite:1307,3447,3033,841,1602,3148,4108,4006,937,3864,3135,2561,2375,4074,3752,2799

test suite491
bestAPFD:0.952496
bestSuite:3565,4083,667,1162,3395,1440,4128,2999,1254,2915,3519,1998,256,2749,1526,3509,2222,3484

test suite492
bestAPFD:0.950000
bestSuite:67,3576,1765,1575,3938,1947,1885,2740,3940,1068,745,4124,1751,4090,2830,21,3058,3438,649,1713

test suite493
bestAPFD:0.919887
bestSuite:2729,4073,4064,3752,1926,3198,987,2328,739,2621,947,4123,2152,1444,3513,1158,3774,2338

test suite494
bestAPFD:0.940217
bestSuite:224,2338,4122,2627,4006,3796,2997,2842,4096,2222,3247,4034

test suite495
bestAPFD:0.907005
bestSuite:2472,1526,149,4101,1861,1941,3417,3691,1618,4093,2752,694

test suite496
bestAPFD:0.919175
bestSuite:2311,3803,3205,1922,2715,4084,719,4102,1311,1463,3979,3981,681

test suite497
bestAPFD:0.944259
bestSuite:2282,2222,3652,2082,3456,1826,391,2338,4064,4102,2057,2099,4093

test suite498
bestAPFD:0.914251
bestSuite:2317,4026,2467,292,2103,3907,3175,561,4092,3429,2753,739,4130,1658,964,1713,3935,3808

test suite499
bestAPFD:0.942834
bestSuite:739,4082,1474,2317,1713,3682,1223,2296,1697,1167,4111,543,3976,2362,2147,3798,983,1947

test suite500
bestAPFD:0.911111
bestSuite:2338,4101,3279,2152,4080,3375,3020,2926,2449,2947,813,3572,1627,1747,391

