test suite1
bestAPFD:0.952259
bestSuite:1908,2966,3976,4017,3010,3808,3099,1771,356,4090,4112,2598,2618,1246,1468,2276,1837

test suite2
bestAPFD:0.954911
bestSuite:1947,3251,561,342,2754,4092,93,3853,3912,3605,4127,810,1806,1161,1809,697,1387,1940

test suite3
bestAPFD:0.942029
bestSuite:2604,1791,4068,2759,2514,2138,746,3925,3109,2508,3175,2352,3667,3940,3752,313,4081,2360,2513,4125,184,2507

test suite4
bestAPFD:0.945894
bestSuite:1854,3159,2926,2474,3719,2132,739,3257,4073,1096,4120,236,1612,2594,799

test suite5
bestAPFD:0.954509
bestSuite:1947,3731,3343,3417,2559,3657,3078,1901,2393,4088,3208,2246,4104,1108,1390,2311,1512,778

test suite6
bestAPFD:0.940097
bestSuite:1908,2712,2336,4030,2576,3848,3138,3510,1910,4077,4120,739,1724,1576,1070

test suite7
bestAPFD:0.957327
bestSuite:2786,1908,1804,3112,3811,1911,1988,3403,4099,3882,3245,3379,3454,4127,2725,1181,45,2367

test suite8
bestAPFD:0.947826
bestSuite:2986,3856,2271,4006,793,82,1332,2074,1824,1430,4076,4114,3006,3386,3551

test suite9
bestAPFD:0.929348
bestSuite:1908,4061,3198,3006,3312,3426,2968,2891,1669,2170,164,4084,3788,82,4127,1768

test suite10
bestAPFD:0.952496
bestSuite:2425,1947,3178,3684,3919,687,3002,1972,4077,3788,3352,4116,979,2340,2419,1945,643,2269

test suite11
bestAPFD:0.944928
bestSuite:1908,2254,3913,2533,3762,353,4075,3709,3816,4046,2610,4130,868,64,1620

test suite12
bestAPFD:0.928680
bestSuite:3272,2500,3683,2716,3497,1781,1604,1983,2021,3661,3925,2376,2035,3838,224,1072,4073,191,4106

test suite13
bestAPFD:0.941511
bestSuite:1947,2644,3503,2512,2375,2146,3332,301,1997,4094,4114,1486,846,776

test suite14
bestAPFD:0.957801
bestSuite:1947,3669,2568,3347,1546,861,2714,4078,3937,4104,1788,531,2487,725,2424,806,948

test suite15
bestAPFD:0.946606
bestSuite:2524,1450,2056,2300,1723,2964,3752,3518,3325,3928,4121,3283,2246,99,2806,617,958,2098,946

test suite16
bestAPFD:0.943582
bestSuite:2166,2986,3050,3767,1749,4085,3791,3146,4125,82,2500,2291,909,2146

test suite17
bestAPFD:0.923188
bestSuite:3860,1977,2338,3655,2842,2718,2704,164,3752,1283,4075,4101,3069,3437,3278

test suite18
bestAPFD:0.948822
bestSuite:1908,2524,1795,3425,1676,2848,4091,3438,4117,3699,311,3891,1093,1995,1097,1716

test suite19
bestAPFD:0.941511
bestSuite:3565,1947,1732,2834,3956,3719,149,2871,636,4088,3577,4111,2982,3185

test suite20
bestAPFD:0.958810
bestSuite:2786,1658,3359,3218,3135,2514,2424,4076,3667,2989,3480,4123,3771,2186,788,2067,2411,1711,2419

test suite21
bestAPFD:0.950554
bestSuite:2986,2621,3356,1716,909,2610,2291,847,1377,324,923,2526,1882,4088,4119,2902,4067

test suite22
bestAPFD:0.923671
bestSuite:2084,2141,1979,2839,2926,967,2535,1884,2811,4084,4116,2480,3108,224,38

test suite23
bestAPFD:0.931763
bestSuite:2986,3860,3436,3459,1482,2788,474,1751,846,4104,2716,4078

test suite24
bestAPFD:0.941063
bestSuite:1658,3594,2076,3938,3457,2291,3683,4076,99,4129,234,874,1540,1721,963

test suite25
bestAPFD:0.939614
bestSuite:2650,1587,2729,3683,2830,1668,741,960,2627,2931,4007,3486,3289,4073,3029,4123,2248,2539

test suite26
bestAPFD:0.928571
bestSuite:3112,3686,2377,4011,2451,3683,2439,2732,3976,1832,3290,124,3910,732,1472,3156,2361,803,4123,4072,3145

test suite27
bestAPFD:0.932971
bestSuite:3731,1444,1906,3885,2568,2098,1861,291,3853,360,3752,3510,4121,4094,3317,3224

test suite28
bestAPFD:0.945411
bestSuite:1618,3101,2494,3476,3351,2729,3051,2415,4093,3666,1120,4110,1380,1594,1910

test suite29
bestAPFD:0.942029
bestSuite:3565,2986,1600,3233,3676,3325,2512,391,2364,2419,4111,4084,3118,3207

test suite30
bestAPFD:0.961133
bestSuite:3292,1542,1629,977,3456,3012,2333,2610,575,293,1385,4097,433,4104,3050,3170,3886,3942,3137,3750,3471,3838

test suite31
bestAPFD:0.913043
bestSuite:1947,2347,2731,3427,2082,3913,99,4087,4112

test suite32
bestAPFD:0.943961
bestSuite:1908,3156,1444,1543,4077,3910,583,3803,3800,3444,4127,1885,58,1619,2367

test suite33
bestAPFD:0.929089
bestSuite:2621,3688,2439,2291,3752,901,3638,826,674,722,3268,4098,3550,4101

test suite34
bestAPFD:0.954710
bestSuite:2222,1716,2731,4077,3595,3502,2696,3510,2598,4105,1135,153,663,2571,2523,2301

test suite35
bestAPFD:0.944699
bestSuite:3528,4042,739,869,718,3359,3919,2926,3638,3138,3883,2961,1324,328,102,2884,4120,2211,4096

test suite36
bestAPFD:0.943961
bestSuite:3786,1658,2524,2572,2509,3976,2435,3878,3496,2749,2805,1080,4119,4097,3215

test suite37
bestAPFD:0.949657
bestSuite:3292,2291,1020,1721,1801,860,2062,1593,3159,2610,421,2053,2723,2041,4114,3883,4085,3069,3895

test suite38
bestAPFD:0.950128
bestSuite:1947,2494,2377,3175,3225,2815,3014,2147,93,2839,2964,3908,4109,17,2424,1083,1594

test suite39
bestAPFD:0.956522
bestSuite:2222,814,1474,4087,3905,3314,3598,4118,2610,1218,170,611,2463,829,2839,561

test suite40
bestAPFD:0.949275
bestSuite:1908,3684,2524,2988,2788,3819,921,1239,2707,2931,4080,3527,3062,4114,1045,582,648,632

test suite41
bestAPFD:0.947723
bestSuite:2181,1947,2910,1536,4094,3090,3332,3341,3766,4107,223,2734,279,855

test suite42
bestAPFD:0.921095
bestSuite:3214,2365,3198,3683,1824,3867,3007,3268,3250,3563,2568,3911,1164,3161,3132,253,4128,4096

test suite43
bestAPFD:0.950081
bestSuite:1854,3454,2564,3535,2915,2102,2148,381,400,2613,1713,311,2269,4090,4123,971,849,1558

test suite44
bestAPFD:0.959191
bestSuite:2181,1854,1840,2768,2060,1804,4088,3704,3699,3371,4113,149,3808,631,207,2550,752,1853,1333

test suite45
bestAPFD:0.935209
bestSuite:2215,3033,3686,4007,1463,3266,3382,3930,743,2081,3538,4085,224,2246,2333,4123,186

test suite46
bestAPFD:0.928299
bestSuite:3856,2926,2666,1579,3447,2439,739,2514,334,1326,1885,2026,2262,3675,2376,81,2734,4111,4092

test suite47
bestAPFD:0.947464
bestSuite:3292,1480,1734,1543,3655,2514,2419,591,2816,4107,4092,3860,3498,3660,4005,3129

test suite48
bestAPFD:0.922705
bestSuite:1618,2844,4063,2357,3655,4079,4117,386,759

test suite49
bestAPFD:0.928389
bestSuite:3688,716,3112,2389,861,3175,3853,2926,3974,3822,2248,1282,220,77,4116,4091,4063

test suite50
bestAPFD:0.946860
bestSuite:1658,3855,3033,3066,2873,2407,1426,2749,2325,784,3712,345,4078,3788,4130,904,809,2023

test suite51
bestAPFD:0.955314
bestSuite:2166,3292,3883,3874,734,2170,3483,3732,4082,2474,4105,654,441,1449,126,2840,2930,1478

test suite52
bestAPFD:0.949275
bestSuite:1618,3854,3050,2474,2262,2375,3217,185,4075,3740,4129,1927,1428,2065,1896

test suite53
bestAPFD:0.959816
bestSuite:1947,3033,2363,2509,2490,4024,3246,2630,31,2078,2589,310,93,4088,3762,4125,2646,1745,1788,1418,2795,2485

test suite54
bestAPFD:0.951407
bestSuite:1908,3004,3576,2554,2778,1633,4080,3241,4127,1526,2944,1785,2043,1625,1936,2963,334

test suite55
bestAPFD:0.943961
bestSuite:3565,1980,785,1714,2474,646,286,2472,4125,4079,3683,3947,3825,3070,3872

test suite56
bestAPFD:0.967391
bestSuite:2222,2375,4096,1579,1463,4118,3762,3099,3198,2474,2560,2646,855,386,1451,419,866,747,2205,2762

test suite57
bestAPFD:0.947464
bestSuite:1947,2830,3684,2796,2966,2449,276,1705,2327,2598,4094,4130,2021,1704,1434,2395

test suite58
bestAPFD:0.963366
bestSuite:2222,1968,4091,3175,3814,570,4013,3894,4129,2040,955,831,2950,344,2888,1447,2356,433

test suite59
bestAPFD:0.927939
bestSuite:2072,1939,653,2788,2007,1535,1556,1898,2842,2605,4097,3752,3812,3165,2839,4117,2598,2349

test suite60
bestAPFD:0.951833
bestSuite:1618,3214,3268,2473,3619,3070,3564,3813,4085,99,3026,3507,4116,2686,1037,750,1492

test suite61
bestAPFD:0.941123
bestSuite:2284,2896,3112,2926,2698,3051,3564,2747,3803,4091,4117,423,1436,1252,2177,1977

test suite62
bestAPFD:0.963768
bestSuite:2181,2986,3993,1229,4084,1886,3095,3750,3651,3207,4124,2610,1555,313,1733,1531,1362,2401,2367,2171

test suite63
bestAPFD:0.946860
bestSuite:2986,2502,2712,2336,3050,2840,570,3867,583,1827,943,2820,4114,4082,3237

test suite64
bestAPFD:0.910628
bestSuite:1658,3860,3160,3606,2642,3077,4080,2376,4127

test suite65
bestAPFD:0.923913
bestSuite:3050,983,2208,933,3005,3203,4042,738,2492,3738,4023,3524,3752,2674,406,4110,3940,4086,3357,3176,3462,3714

test suite66
bestAPFD:0.930587
bestSuite:2080,863,1822,2953,774,2926,2141,3345,2902,135,518,3911,4098,3131,3785,3533,4105,240,556

test suite67
bestAPFD:0.910024
bestSuite:2363,1463,2486,751,3319,2762,3503,2396,308,726,4083,4104

test suite68
bestAPFD:0.956522
bestSuite:1618,3819,2950,3527,389,106,2515,2696,4084,3184,4124,1369,2235,1400,985,2011,1990,427

test suite69
bestAPFD:0.960358
bestSuite:2222,1952,3803,4097,3768,3534,589,3014,3609,4118,549,633,2590,895,2839,2925,1877

test suite70
bestAPFD:0.950886
bestSuite:3292,2246,659,723,3101,3141,311,2083,36,40,3605,379,2922,2511,2122,4080,4110,3285

test suite71
bestAPFD:0.945250
bestSuite:3639,3316,2650,3883,1873,3683,4046,1596,3010,2474,2909,1061,170,2057,4100,4107,3439,3885

test suite72
bestAPFD:0.939959
bestSuite:2986,2514,3850,4063,1642,2375,2316,2656,4075,4101,3187,3339,3207,3932

test suite73
bestAPFD:0.949758
bestSuite:1947,2604,2842,3745,468,3190,3359,1445,4075,4108,80,37,1480,1490,2824

test suite74
bestAPFD:0.952899
bestSuite:1854,2092,2512,3767,3066,3644,2185,2000,93,4078,2968,4102,801,2557,706,1636,2694,1912

test suite75
bestAPFD:0.950725
bestSuite:2166,1854,4039,2716,4073,3940,3655,3452,3410,3691,4102,2500,2339,1472,1084

test suite76
bestAPFD:0.951833
bestSuite:2986,3688,1589,2515,2788,669,119,525,1626,1606,2920,727,1986,4116,4077,3520,3354

test suite77
bestAPFD:0.951407
bestSuite:3292,646,1530,911,1785,1894,3888,3808,2495,2104,3792,4129,4087,3804,3858,3373,3912

test suite78
bestAPFD:0.916667
bestSuite:4039,2264,2775,1978,3252,3910,3683,335,2393,2823,3332,3021,2480,3380,4118,4075

test suite79
bestAPFD:0.935266
bestSuite:1908,4060,3031,2842,2165,3332,1872,520,1606,2379,3940,4088,2512,4128,995

test suite80
bestAPFD:0.944160
bestSuite:1658,2775,3540,1741,3075,1464,350,4086,149,1053,1724,4117,1191,2694,399,1580,497

test suite81
bestAPFD:0.965675
bestSuite:2222,3688,3105,4082,3251,3060,3145,3198,3282,3133,4109,3050,2197,2550,2732,578,2612,2759,2599

test suite82
bestAPFD:0.950038
bestSuite:1908,2907,2552,2576,2962,2141,2696,3442,3510,1449,2744,2101,4077,4112,646,374,2348,875,2796

test suite83
bestAPFD:0.949728
bestSuite:2986,2450,3576,433,2469,955,1881,2375,455,1933,1507,946,4077,4128,3815,3142

test suite84
bestAPFD:0.937198
bestSuite:1908,3828,2974,4077,2579,1681,821,2830,3655,3100,4101,570,1840,855,2119

test suite85
bestAPFD:0.931401
bestSuite:2254,1619,3463,2515,2436,4093,1791,3352,3659,1526,2926,4130,972,186,2377

test suite86
bestAPFD:0.946224
bestSuite:1854,2509,2760,312,3428,3976,3489,3410,690,2338,4078,55,1396,4119,1671,227,1161,2330,344

test suite87
bestAPFD:0.943237
bestSuite:2336,1597,1781,2729,839,2030,3752,4088,3365,3875,4124,93,505,2764,2381,79,2857,2083

test suite88
bestAPFD:0.960358
bestSuite:2639,1658,4078,90,3438,3472,3520,3358,4104,553,1825,812,874,1447,305,1539,2356

test suite89
bestAPFD:0.946170
bestSuite:1618,3907,3303,2650,2474,3070,2114,3792,4077,3410,4126,484,1976,877

test suite90
bestAPFD:0.933136
bestSuite:3476,1998,1761,1551,2706,1938,933,3577,2926,312,3483,2520,308,3354,4128,1226,90,2703,1339,4084,3750,3155

test suite91
bestAPFD:0.935990
bestSuite:1618,3298,2347,2947,3803,2036,4074,2356,646,4108,1229,1494

test suite92
bestAPFD:0.945013
bestSuite:3292,1619,1500,1771,2783,1627,3976,3421,2141,506,473,4118,3313,4074,3051,3125,3184

test suite93
bestAPFD:0.924867
bestSuite:1463,2762,3323,2989,3112,312,2138,1919,3793,2211,4097,1596,82,2376,4102,952,974,868,1858

test suite94
bestAPFD:0.959191
bestSuite:2181,2657,1805,4077,2336,3752,3920,3765,4009,3001,391,4117,576,1042,286,1511,2405,2863,2514

test suite95
bestAPFD:0.945894
bestSuite:3239,1618,3343,3688,3955,3142,2720,1066,153,2407,3251,4117,4094,3381,3966

test suite96
bestAPFD:0.940994
bestSuite:1908,1423,3033,1800,846,1647,3187,4074,3940,3016,3977,3336,4104,2750

test suite97
bestAPFD:0.922464
bestSuite:3565,3292,827,849,3216,2788,2430,4084,3688,4105

test suite98
bestAPFD:0.898551
bestSuite:3648,1925,1806,779,1642,3683,1596,2991,2338,4042,3303,3632,259,138,468,4127,4090

test suite99
bestAPFD:0.950634
bestSuite:2986,2524,2186,2341,2461,1612,149,3227,1696,1500,1244,4090,4119,3749,3388,3753

test suite100
bestAPFD:0.947750
bestSuite:3796,1463,3979,3572,1861,3675,3076,2568,2719,923,2630,1792,3878,855,2338,4085,4128,3621,3955

test suite101
bestAPFD:0.954817
bestSuite:1618,3669,3981,2621,433,3913,2291,2411,2515,4084,1329,2684,4117,642,909,1494,2518

test suite102
bestAPFD:0.925405
bestSuite:4026,2291,1499,3636,1392,2073,2926,3745,2141,3033,3766,3349,223,2948,393,4111,4099

test suite103
bestAPFD:0.913043
bestSuite:3688,1481,3010,1478,963,1964,2716,2721,3788,2317,3752,3354,3394,2217,2654,4106,4088

test suite104
bestAPFD:0.920949
bestSuite:2369,1463,2010,2907,3976,646,2229,3975,4072,3920,4112

test suite105
bestAPFD:0.952569
bestSuite:1658,3860,4061,2177,3217,2684,743,1888,3754,3551,1863,1520,3187,4072,1193,4103,1342,2047,531,1277,924,727

test suite106
bestAPFD:0.951288
bestSuite:3786,1896,3292,1637,928,2749,3888,494,2837,4130,605,3197,3476,2964,3302,3435,3562,3941

test suite107
bestAPFD:0.933333
bestSuite:1463,3688,3185,3205,2509,2474,3413,3217,2716,2573,2971,4093,4117,395,1783

test suite108
bestAPFD:0.949275
bestSuite:1908,3662,3647,1749,3895,3184,2568,2150,2849,2769,4096,4122,99,3919,1319,1006,874

test suite109
bestAPFD:0.946105
bestSuite:2786,3267,2547,2354,4075,2566,3398,3909,2117,2926,4118,1634,2956,1169,189,223

test suite110
bestAPFD:0.955435
bestSuite:1947,2502,2098,3322,3364,290,2423,2535,1506,2822,2404,2789,4072,2839,3630,4106,1359,978,1836,484

test suite111
bestAPFD:0.947144
bestSuite:1854,3586,2317,2568,3966,3619,2152,3363,3313,2520,1607,224,4098,3690,3000,4103,1583

test suite112
bestAPFD:0.932367
bestSuite:2768,3883,3860,2896,3752,4046,2393,3187,4073,4121,1528,763

test suite113
bestAPFD:0.926329
bestSuite:3398,907,1677,2002,3403,3417,2373,2754,2209,3752,2262,3613,224,426,4129,4077,3748,4066

test suite114
bestAPFD:0.954390
bestSuite:2786,1908,3719,3516,2514,2658,2164,4072,3071,3317,3527,2474,4104,2150,261,2544,2182

test suite115
bestAPFD:0.955204
bestSuite:2731,1463,2729,900,1972,1731,1720,1479,958,1663,2650,2439,4094,3787,3964,3217,4110,2025,1330,2620,2171,2880

test suite116
bestAPFD:0.939130
bestSuite:1854,3163,2473,3503,3712,3778,3104,2428,4083,224,3755,3493,4128,352,1943

test suite117
bestAPFD:0.918478
bestSuite:3033,3200,1797,3976,3020,2278,2926,2749,2467,283,4100,4113

test suite118
bestAPFD:0.949728
bestSuite:3565,1658,1980,2023,2834,1526,308,2777,172,1698,552,4073,4126,3966,3166,3975

test suite119
bestAPFD:0.923913
bestSuite:2117,3476,3343,2341,712,4002,3640,3700,3752,3582,1443,2193,2554,1486,4099,2283,2862,4124

test suite120
bestAPFD:0.920743
bestSuite:1494,2092,2094,2926,2073,2469,3203,2718,1511,739,993,3905,4090,3977,4114,934

test suite121
bestAPFD:0.945080
bestSuite:1487,2830,2860,3223,4028,2931,3683,304,1526,3100,3911,1732,4088,3537,3210,4118,2868,1629,2798

test suite122
bestAPFD:0.955487
bestSuite:1854,3480,3510,3810,3910,3649,2759,979,1582,5,391,2964,1526,1411,4020,3615,3213,4113,2855,81,1875

test suite123
bestAPFD:0.932712
bestSuite:2254,1854,2071,3033,2665,2084,3320,497,1799,56,3803,4095,93,4112

test suite124
bestAPFD:0.951288
bestSuite:1658,3276,3586,3283,2186,2036,2067,1601,3028,3910,896,4078,4109,3394,1085,585,2391,732

test suite125
bestAPFD:0.940419
bestSuite:3731,2351,2363,814,3338,2527,1960,1744,598,2974,2902,2401,2118,4115,4073,1948,3752,3781

test suite126
bestAPFD:0.964130
bestSuite:2639,1658,737,3251,4086,3012,3505,3332,739,4126,1106,1103,2578,1468,1892,754,1729,1984,142,45

test suite127
bestAPFD:0.950483
bestSuite:3292,983,1805,1726,3456,2610,2023,2818,2934,2849,3502,2026,3050,4074,4118,4005,3303,3526

test suite128
bestAPFD:0.943478
bestSuite:3247,1908,780,3910,3470,3994,2474,3205,2514,580,300,4116,3376,4087,3189

test suite129
bestAPFD:0.937012
bestSuite:2524,1658,1603,3844,1877,4074,3318,3598,1724,2598,4106,1395,2104

test suite130
bestAPFD:0.933333
bestSuite:2222,2639,4079,3911,3138,3008,2604,3476,4103,1509

test suite131
bestAPFD:0.962243
bestSuite:2786,1658,1670,998,4097,3171,3433,4123,3567,2186,1888,2053,1909,193,1565,2961,989,1525,2182

test suite132
bestAPFD:0.945439
bestSuite:3292,1811,663,1512,3788,1864,2215,2621,2083,176,2558,3605,4109,3669,4098,3956,3056

test suite133
bestAPFD:0.952685
bestSuite:1854,3454,3175,3979,2367,2527,3464,3074,2720,2269,4082,3122,4117,2853,1821,769,1551

test suite134
bestAPFD:0.960145
bestSuite:2639,2986,2472,2533,4085,3472,4002,3454,4107,2953,865,2173,1608,1021,2360,759,2199,1751

test suite135
bestAPFD:0.917874
bestSuite:3033,1777,2604,1811,2619,3022,3586,2553,3156,224,3376,4107,4077,3752,3275

test suite136
bestAPFD:0.947917
bestSuite:2986,2351,3251,2396,412,297,389,755,1621,1781,1771,1009,2839,4117,4083,3670

test suite137
bestAPFD:0.942995
bestSuite:3292,1968,1788,3655,3719,3101,2500,2830,2693,4092,2082,3911,4127,3378,3371

test suite138
bestAPFD:0.952708
bestSuite:3292,2450,997,654,1556,1715,1733,2602,1,140,4117,2959,2915,3033,3979,4088,3939,4019,3851

test suite139
bestAPFD:0.953761
bestSuite:1736,3808,3223,3752,2683,3928,474,311,1526,285,3749,4099,1676,1752,3392,4114,671,798,862,858,1918

test suite140
bestAPFD:0.925231
bestSuite:3688,845,1941,1724,783,1805,3683,3133,2435,2356,2418,2576,236,552,3069,2077,562,2300,4085,4101,3537,3713

test suite141
bestAPFD:0.947011
bestSuite:1854,3926,2830,2474,2347,2658,3632,468,477,89,4094,2570,4128,3900,1021,1741

test suite142
bestAPFD:0.912138
bestSuite:3979,746,2016,2788,2435,603,3538,2816,2356,3683,3772,2294,4119,4080,3617,3672

test suite143
bestAPFD:0.947046
bestSuite:2181,1463,2389,1878,3352,4099,3126,3313,4130,1993,2552,2379,2182

test suite144
bestAPFD:0.953471
bestSuite:1947,45,2283,287,2716,2611,93,3438,4082,3547,3687,4128,1045,30,2176,893,639,1459,680

test suite145
bestAPFD:0.921325
bestSuite:4006,3033,2926,2950,652,290,2870,322,1366,2749,3266,526,4079,4112

test suite146
bestAPFD:0.942586
bestSuite:2986,2367,2650,2514,3175,3387,1812,2114,1723,4106,4090,3823,3540

test suite147
bestAPFD:0.947997
bestSuite:2986,2830,4061,2329,3686,3376,2610,1499,785,3403,963,118,1213,57,4082,4123,3180

test suite148
bestAPFD:0.958227
bestSuite:2222,3052,826,2860,4081,3910,3905,3843,3900,2993,3197,4124,3050,295,966,2409,1974

test suite149
bestAPFD:0.945135
bestSuite:1947,3417,4058,3450,3065,570,4099,3403,4106,1104,1902,1808,885,1564

test suite150
bestAPFD:0.933930
bestSuite:2768,3112,3752,2602,2512,2879,3734,657,2314,1946,3051,4086,2673,3872,2104,4125,92

test suite151
bestAPFD:0.944099
bestSuite:1854,3684,3096,3644,2554,1791,2816,3426,4081,3317,4122,2526,642,117

test suite152
bestAPFD:0.940097
bestSuite:2284,3824,3883,3683,3644,3624,153,2114,4085,3441,4116,308,422,671,2177

test suite153
bestAPFD:0.954390
bestSuite:1947,3256,3214,2291,55,2409,2902,1506,4092,3744,3894,3336,4104,1821,886,2176,1678

test suite154
bestAPFD:0.943388
bestSuite:1658,2790,2796,2962,3401,3144,4083,2598,2515,2480,2602,4130,33,961,2293,2004

test suite155
bestAPFD:0.955163
bestSuite:2222,646,1496,814,4080,3165,3621,3887,3567,4110,2474,950,2157,973,1685,2083

test suite156
bestAPFD:0.947262
bestSuite:1908,3688,3370,3359,2840,2788,3926,3084,3672,3268,479,2301,4095,4127,2467,236,949,691

test suite157
bestAPFD:0.960950
bestSuite:2222,3627,2375,1714,4090,3302,3420,3653,3458,2450,4108,666,602,1957,2371,2902,2396,2155

test suite158
bestAPFD:0.958429
bestSuite:2222,1716,2080,1474,4042,4085,3469,3964,3499,3918,3471,3332,4124,99,1730,1481,2925,2271,2931

test suite159
bestAPFD:0.954509
bestSuite:1908,2650,3234,3725,3338,3033,523,701,2205,3788,4087,3469,4128,2670,1934,949,146,2547

test suite160
bestAPFD:0.946558
bestSuite:3981,1658,3796,4006,2184,1673,1553,3428,2749,1557,1262,2584,4109,4093,3808,3252

test suite161
bestAPFD:0.947665
bestSuite:3239,2256,3731,3022,2143,1297,331,1239,4102,3644,3975,4092,3752,3510,3616,3334,3205,3858

test suite162
bestAPFD:0.957902
bestSuite:3288,1947,3669,754,679,3243,3904,2696,1191,1337,2379,440,1973,2089,4107,3605,3332,4077,3962,3953,3966

test suite163
bestAPFD:0.945652
bestSuite:1854,4006,2117,3767,3632,739,2902,4089,4019,4109,2870,1911,2946,2138

test suite164
bestAPFD:0.944928
bestSuite:1947,2685,2512,2195,2256,3492,2892,4082,391,4102,3384,1158,2059,1650,688

test suite165
bestAPFD:0.937319
bestSuite:2336,1719,2568,871,1637,1615,1687,1926,1489,2256,3295,2514,4092,2872,3752,3624,93,4110,2889,2833

test suite166
bestAPFD:0.941576
bestSuite:1658,2552,4007,2117,3476,433,2866,3649,714,3448,2443,3909,3940,4095,4124,134

test suite167
bestAPFD:0.958412
bestSuite:1854,3591,4042,2801,2490,3518,3332,2892,297,1627,1795,55,4098,1257,4115,1275,2350,1402,888,1879,2004,502,344

test suite168
bestAPFD:0.957880
bestSuite:2597,2986,4094,3156,3337,4107,55,2716,2117,1844,1361,2373,830,2381,2374,1721

test suite169
bestAPFD:0.927155
bestSuite:3476,2502,2656,921,734,1786,1798,806,3752,3691,3173,2746,55,255,4112,509,2602,4075,4055

test suite170
bestAPFD:0.950038
bestSuite:2986,2037,3688,3033,1864,2615,3609,2774,1644,56,2443,1940,1808,1224,1689,1555,4126,4073,3788

test suite171
bestAPFD:0.958592
bestSuite:3292,2844,1525,1453,1998,2254,795,3913,2716,3856,1160,312,2313,4127,4094,3602,3829,3831,3779,3544,3834

test suite172
bestAPFD:0.964573
bestSuite:2222,2786,4074,1978,3384,2186,3398,4111,1322,1459,2623,2557,770,989,996,1997,2283,400

test suite173
bestAPFD:0.947343
bestSuite:2425,1618,2449,2926,1972,629,4093,3937,2598,4102,1709,504,2851,2104,1450

test suite174
bestAPFD:0.949275
bestSuite:2181,2768,2997,2966,1709,4099,1481,3940,3683,2716,4122,1700,750,2857,1511

test suite175
bestAPFD:0.953071
bestSuite:1658,3447,3159,3033,3862,3594,2760,2492,1903,3027,1856,4077,3905,311,3210,4112,1599,709,235,1688,1473

test suite176
bestAPFD:0.958653
bestSuite:2222,942,4094,1713,3352,3893,3184,3028,2473,3214,4104,2208,2458,301,1623,2925,2083

test suite177
bestAPFD:0.956069
bestSuite:2597,3483,3913,3050,4078,3292,3259,308,4105,2189,685,2284,1772,1813,322,742

test suite178
bestAPFD:0.941576
bestSuite:3227,2768,1854,3427,1904,3743,2492,3352,1931,1785,1366,4092,2081,4101,3803,3619

test suite179
bestAPFD:0.954911
bestSuite:1658,3669,4064,3175,2580,3676,3790,2657,1752,4072,3624,2269,3423,3948,4119,195,507,1435

test suite180
bestAPFD:0.956095
bestSuite:1947,3669,2174,3268,2896,3976,2996,3882,4076,4104,1989,2213,1913,1765,778,680,1939

test suite181
bestAPFD:0.923341
bestSuite:3085,3683,2338,678,2399,2775,3905,233,322,3150,3904,2708,45,468,3130,2370,4079,4128,3869

test suite182
bestAPFD:0.956039
bestSuite:2597,3438,4098,3472,3292,4102,2083,1333,651,2488,2368,2823,2698,1758,2946

test suite183
bestAPFD:0.942410
bestSuite:3731,3476,1604,999,646,3311,2480,287,778,1832,756,2676,2073,56,4081,4112,3752,3017,3301

test suite184
bestAPFD:0.953704
bestSuite:3565,1947,2904,1524,3895,2246,4108,527,2906,1649,1939,428,2182,3910,4099,3344,3380,3329

test suite185
bestAPFD:0.922421
bestSuite:3796,3470,3572,3186,2502,1056,2234,1572,1435,2515,2984,2598,2174,4103,3752,4091,3126

test suite186
bestAPFD:0.948370
bestSuite:3732,1658,1818,2117,3450,1999,1811,2177,3502,3995,3091,3214,1608,4112,4100,3137

test suite187
bestAPFD:0.961098
bestSuite:2222,3320,3112,2786,1920,2946,4090,3480,3661,3340,2512,4110,60,393,2149,1894,2397,778,2500

test suite188
bestAPFD:0.935164
bestSuite:1463,2243,2624,2759,3157,2716,3888,2431,3243,3989,3911,2973,607,1763,2331,4074,3171,4126,1567

test suite189
bestAPFD:0.959954
bestSuite:2639,1870,4080,3464,3399,3907,646,1908,2604,4114,378,511,762,1433,2120,2304,598,1254,205

test suite190
bestAPFD:0.944160
bestSuite:1854,3819,3175,3048,2983,2114,2763,3657,3020,3332,789,82,4093,1043,4111,1729,964

test suite191
bestAPFD:0.951208
bestSuite:1908,2375,3298,2953,2238,2902,2545,670,4074,3919,4108,54,1362,690,1954

test suite192
bestAPFD:0.953301
bestSuite:2986,3669,3534,2514,2683,1861,556,2256,1724,20,1333,301,920,4119,2964,3660,3344,3145

test suite193
bestAPFD:0.955378
bestSuite:3292,2375,2363,2956,984,1614,1855,934,1815,3796,3825,2959,452,4093,3050,4122,3218,3450,3672

test suite194
bestAPFD:0.940994
bestSuite:3292,2473,692,1502,1913,3341,223,2514,2619,511,2076,4123,4097,3581

test suite195
bestAPFD:0.911899
bestSuite:2073,2089,3594,2967,1704,3580,3209,2439,1871,1731,3752,3888,1306,4084,308,3923,4109,2338,2288

test suite196
bestAPFD:0.947343
bestSuite:1947,2092,3688,3425,3223,3636,2568,3399,2490,4095,3306,4118,1870,1976,1871

test suite197
bestAPFD:0.930171
bestSuite:3239,1947,2789,2759,2610,691,2275,4126,2372,4042,4097

test suite198
bestAPFD:0.954348
bestSuite:1908,2114,2731,3765,3454,3033,260,4091,3800,3126,2749,4123,1724,2537,40,1087,1329,2031,1481,2469

test suite199
bestAPFD:0.949758
bestSuite:2986,2117,2864,2779,1440,2953,3051,2471,2938,4087,4109,2602,2083,3726,3932

test suite200
bestAPFD:0.923913
bestSuite:2084,3669,2987,2716,3644,1902,3713,2926,3000,2358,843,4074,1471,4057,4126,2211

test suite201
bestAPFD:0.944617
bestSuite:1947,3987,2186,2625,1014,2386,4096,99,3439,3753,4125,859,923,1689

test suite202
bestAPFD:0.920290
bestSuite:2071,3683,1910,2182,3609,4062,2982,3204,1827,1860,118,4084,3510,1166,3714,4116,2749,2246

test suite203
bestAPFD:0.949702
bestSuite:1947,2037,3757,3351,3233,3910,130,4084,2839,3113,3146,3557,4107,2246,1933,1974,1432

test suite204
bestAPFD:0.947011
bestSuite:1908,2864,3014,3987,2953,411,2839,4093,3515,4108,223,275,2560,749,1768,1290

test suite205
bestAPFD:0.953301
bestSuite:1947,3250,3283,3976,3910,3683,1467,4077,777,3100,3809,3605,3797,3934,4108,141,1307,497

test suite206
bestAPFD:0.960145
bestSuite:2986,3198,2559,3124,1951,391,2696,1360,901,638,78,1970,1199,2261,1693,4083,4119,3026,3262,3037,3137,2997

test suite207
bestAPFD:0.916264
bestSuite:2799,2449,2970,938,659,887,2141,3702,3581,3767,3195,291,2964,3527,2839,2926,4103,532

test suite208
bestAPFD:0.949275
bestSuite:2222,1840,4042,4095,3623,3191,93,4125,3883,2089,564,2637,2084

test suite209
bestAPFD:0.951691
bestSuite:3292,2604,1796,1986,1742,3922,3402,2931,224,596,2523,2888,2351,4113,4081,3332,3852,3649

test suite210
bestAPFD:0.939799
bestSuite:1618,2363,2731,2860,3623,3942,3112,223,4085,3834,4120,1717,743

test suite211
bestAPFD:0.942029
bestSuite:1658,4006,3185,2505,3576,4068,791,2360,3252,2016,589,4095,3699,4127,2671,1569,1117

test suite212
bestAPFD:0.955243
bestSuite:1618,2363,3626,3087,2127,4,412,4084,3624,3653,1282,4125,1539,1972,1470,1466,2921

test suite213
bestAPFD:0.959191
bestSuite:2222,2660,2941,4079,3367,3859,3332,3223,3870,4122,2696,224,3247,1370,857,2410,2584,1381,24

test suite214
bestAPFD:0.927083
bestSuite:2707,1671,2634,2512,2926,2514,746,980,3346,1509,2501,4086,3561,1362,290,4121

test suite215
bestAPFD:0.945931
bestSuite:1618,4006,2844,3050,2862,2839,4096,3701,4040,4108,1727,1579,1879

test suite216
bestAPFD:0.941576
bestSuite:3292,2690,743,2783,797,3913,2989,2970,2269,2835,2929,613,4110,3979,4094,3165

test suite217
bestAPFD:0.949275
bestSuite:3292,1526,829,1699,3570,3356,2514,2749,1131,2687,2137,2114,2796,4089,2698,4103,3449

test suite218
bestAPFD:0.948470
bestSuite:3292,1762,1647,799,1968,937,924,3644,2684,2196,1356,4074,4119,3940,3883,4069,3469,3283

test suite219
bestAPFD:0.927083
bestSuite:1463,3101,2769,1818,2789,151,3766,3071,424,1774,70,4086,224,2376,4129,1555

test suite220
bestAPFD:0.951407
bestSuite:1947,3268,3891,4099,3803,2711,2574,570,3304,4038,4102,1831,1939,1864,1676,1849,2458

test suite221
bestAPFD:0.942995
bestSuite:3292,2844,1995,794,1612,1633,1713,3187,3808,3764,2315,3343,4089,4110,2335

test suite222
bestAPFD:0.951087
bestSuite:1618,2037,3855,4046,3222,3352,3803,597,4089,4104,322,818,964,341,1010,1884

test suite223
bestAPFD:0.949965
bestSuite:3292,1877,3655,976,667,811,2071,3006,3272,2500,2839,2802,457,417,1241,2395,2436,2810,4130,3352,4087

test suite224
bestAPFD:0.950801
bestSuite:2637,1658,2010,2665,3534,1587,4038,1930,4074,4042,3624,3808,4125,149,2454,1080,1009,286,2077

test suite225
bestAPFD:0.930171
bestSuite:3565,1618,3694,2950,2509,3910,826,4080,3788,4106,3319

test suite226
bestAPFD:0.960717
bestSuite:1618,3688,2073,2513,3053,2783,2729,2773,4086,4124,2602,2023,1007,1469,2207,422,2795,1744,828

test suite227
bestAPFD:0.950980
bestSuite:3565,1840,3470,2568,1754,2988,589,2926,2374,958,4128,4092,3064,3531,3947,3056,3197

test suite228
bestAPFD:0.961594
bestSuite:2222,3565,1017,676,751,3438,4094,3243,3705,3870,3681,4107,2749,2820,2570,2240,1800,992,1624,2271

test suite229
bestAPFD:0.919686
bestSuite:1463,2450,3656,1896,2533,1770,3734,3692,4075,93,4130,1903

test suite230
bestAPFD:0.959783
bestSuite:2786,1658,2576,660,1919,3624,4096,3378,2968,3812,4017,3421,2729,4124,85,709,681,1674,2080,2064

test suite231
bestAPFD:0.946718
bestSuite:1947,3205,3032,2474,106,2147,130,424,1530,1796,2716,759,93,4096,3552,4121,625

test suite232
bestAPFD:0.942586
bestSuite:1618,3316,3636,3101,2291,2598,4078,3918,3957,4126,1078,225,1595

test suite233
bestAPFD:0.962043
bestSuite:1908,2375,2729,3343,3497,2973,2061,1693,1686,1606,240,2092,4086,3559,3966,4105,1021,1629,2455,925,2872

test suite234
bestAPFD:0.959079
bestSuite:2181,3669,1830,1829,4072,3752,3832,3599,3533,3928,4112,3332,273,2020,384,1711,2221

test suite235
bestAPFD:0.946105
bestSuite:3678,1487,1724,2439,3069,2926,969,131,2325,727,4113,4093,3979,3268,3369,3225

test suite236
bestAPFD:0.953089
bestSuite:2986,2425,2915,3860,3033,1922,897,1158,912,2484,1621,811,1678,4130,4098,3577,3473,3942,3904

test suite237
bestAPFD:0.946558
bestSuite:3292,2729,1810,1605,2254,2327,2377,2716,149,2492,2547,2567,4105,4084,3419,4014

test suite238
bestAPFD:0.963387
bestSuite:2222,1603,2639,4075,3803,3897,3020,468,4110,3808,1,2781,2845,1500,1728,460,995,1262,1473

test suite239
bestAPFD:0.909420
bestSuite:3033,1951,2716,2568,1728,2926,24,3440,1239,93,1168,2596,4123,4093

test suite240
bestAPFD:0.957801
bestSuite:1618,3688,3268,2502,2194,3496,3792,4091,3596,4104,1952,2692,783,1846,1815,1849,69

test suite241
bestAPFD:0.917732
bestSuite:3780,693,1799,2246,505,2779,2321,3313,2860,3752,3490,4046,294,3911,4112,2594,4079

test suite242
bestAPFD:0.925121
bestSuite:2597,3438,3527,3033,2964,3220,4125,2926,1215

test suite243
bestAPFD:0.951833
bestSuite:1908,2729,3008,3234,2527,2196,1676,2080,1848,4077,3940,3387,4124,1720,330,1548,1858

test suite244
bestAPFD:0.947826
bestSuite:1854,3447,3283,2953,3182,2269,2598,4097,3231,4103,2292,1571,587,762,2585

test suite245
bestAPFD:0.949275
bestSuite:1618,3033,2840,4042,2204,3527,2249,2531,4086,3017,4115,1617,404,1738,1789

test suite246
bestAPFD:0.941123
bestSuite:2731,835,1939,3403,1951,684,3688,3752,3268,4090,3290,3768,4123,522,2590,1198

test suite247
bestAPFD:0.951812
bestSuite:1908,2966,2336,848,4041,3144,1268,1828,2021,2371,2830,4091,3285,2512,4130,311,1221,1690,871,2283

test suite248
bestAPFD:0.961637
bestSuite:2222,3577,2281,3051,4087,3675,3506,3210,4122,3313,214,2471,2109,1985,2858,137,2439

test suite249
bestAPFD:0.962489
bestSuite:2222,1422,4073,3732,3456,3258,4127,739,3447,391,87,1039,2677,1470,2790,2866,2338

test suite250
bestAPFD:0.944317
bestSuite:2215,2509,2926,2243,3510,3251,2056,646,633,970,1608,1478,4080,3406,4112,456,1217,334,484

test suite251
bestAPFD:0.960548
bestSuite:2222,2786,4080,1667,3605,3765,3702,2981,3681,3303,1526,3808,4109,485,1897,641,975,267

test suite252
bestAPFD:0.948131
bestSuite:1854,3510,3843,312,2291,1928,2845,314,308,4097,3262,4104,641,2250,892,2322,679,1751,916

test suite253
bestAPFD:0.954710
bestSuite:2181,1463,97,980,1480,3688,4094,3642,3071,3782,4114,3848,3476,1988,2217,1530

test suite254
bestAPFD:0.936795
bestSuite:3860,709,3623,1884,3778,1955,3788,2926,3935,2269,2194,3958,280,2668,2171,1180,4074,4117

test suite255
bestAPFD:0.950181
bestSuite:1947,2363,2624,3459,2269,2083,3369,1445,2964,93,4106,35,1635,682,1812,1990

test suite256
bestAPFD:0.955556
bestSuite:2222,4056,4082,3819,3993,4107,2788,290,1088,2843,1662,695,2417,2458,2338

test suite257
bestAPFD:0.959692
bestSuite:2222,3979,3175,1713,4090,2425,2716,3032,3600,3432,4108,1148,688,2040,2586,2775

test suite258
bestAPFD:0.941511
bestSuite:1947,3501,3198,3101,3339,3940,2525,3803,4095,4116,779,2013,778,1720

test suite259
bestAPFD:0.905797
bestSuite:2842,1463,3020,2971,2502,2509,847,3236,4078,82,4111

test suite260
bestAPFD:0.953986
bestSuite:3565,2986,2567,647,2346,1522,1634,3632,82,1134,1224,1180,4111,942,3888,4074,3215,3055,4063,3720

test suite261
bestAPFD:0.951581
bestSuite:3576,4006,1463,2926,924,4,3341,2780,2197,2017,2173,1753,2376,223,2602,4117,1150,1391,2309,2964,1430,3490

test suite262
bestAPFD:0.923913
bestSuite:4006,1463,2834,2650,1960,3033,4068,2193,778,4071,4120,4077

test suite263
bestAPFD:0.967391
bestSuite:2222,3979,3459,2327,4099,3426,3218,3969,3607,3720,2502,3887,4115,1501,2562,1938,2815,2903,2632,833,2287,2338

test suite264
bestAPFD:0.948585
bestSuite:1758,2926,2512,2271,21,2515,1169,404,117,3527,2486,2761,1669,1436,4090,3980,4130,1347,1975,797,909

test suite265
bestAPFD:0.945894
bestSuite:1854,4006,2037,3858,3784,3719,2974,2716,4096,55,2124,4108,1824,714,2241

test suite266
bestAPFD:0.949275
bestSuite:1908,2966,2729,3398,3703,2500,2084,1832,1587,3940,4077,4120,1252,2513,865,1496

test suite267
bestAPFD:0.951691
bestSuite:1854,2925,3712,3112,2788,3996,3064,3351,2971,2610,4084,1252,2333,4121,177,1799,1278,707

test suite268
bestAPFD:0.948068
bestSuite:1908,3688,2415,2711,3367,2017,2086,2724,1579,3577,2092,4096,3654,3519,4102,754,2751,2458

test suite269
bestAPFD:0.956119
bestSuite:1618,2450,3421,3551,3332,3527,2067,3515,4099,4119,1884,574,2394,1720,828,626,1428,2050

test suite270
bestAPFD:0.958937
bestSuite:2222,3979,2166,4088,3655,4125,4055,3314,3332,2910,2248,1162,1913,848,2178

test suite271
bestAPFD:0.946457
bestSuite:3292,743,1007,1829,1790,864,3577,2983,2083,2503,113,603,2372,4107,3472,4096,3230,3847

test suite272
bestAPFD:0.935990
bestSuite:1618,2417,2604,3165,3997,2773,2598,2933,4100,4128,1849,1675

test suite273
bestAPFD:0.913601
bestSuite:4006,3347,1666,2926,2155,3854,3004,739,322,4076,4129,3510,3797

test suite274
bestAPFD:0.949620
bestSuite:2572,2155,2502,2926,743,2356,843,1071,513,4081,3696,99,3387,2526,4129,36,2754,1282,407,1388,1682

test suite275
bestAPFD:0.947570
bestSuite:3292,1798,1759,1638,1435,3732,3403,290,2469,2092,2274,3860,2922,4084,4109,3546,3340

test suite276
bestAPFD:0.952259
bestSuite:3565,2650,3292,1944,2425,3457,3740,2696,3223,3251,531,1834,4072,978,4115,3282,3129

test suite277
bestAPFD:0.946718
bestSuite:1908,3191,2389,3032,3332,2320,2316,4073,3700,4119,55,1526,898,516,664,752,1750

test suite278
bestAPFD:0.951691
bestSuite:2986,2757,2077,3808,589,2527,3601,2953,2310,2521,1251,1980,135,97,1865,4122,4096,3470

test suite279
bestAPFD:0.933877
bestSuite:1908,3028,3421,3716,3345,2185,2120,2080,164,1449,3403,4085,4117,589,1376,1619

test suite280
bestAPFD:0.934179
bestSuite:1618,3458,3256,2420,3409,3313,311,4072,2480,4126,740,816

test suite281
bestAPFD:0.954233
bestSuite:2986,4061,2347,3774,1528,2729,3940,1831,2188,1188,2548,1880,414,1677,4089,1687,4101,3000,3112

test suite282
bestAPFD:0.958097
bestSuite:3292,2474,1350,682,2501,1579,1769,946,1655,2174,3731,2500,1370,1389,2436,509,4113,3510,4076,3177,4060,3130,3804

test suite283
bestAPFD:0.951691
bestSuite:1618,4008,2367,3644,3492,3450,3956,3605,2709,400,4078,3520,3273,55,3613,4123,805,1926

test suite284
bestAPFD:0.953416
bestSuite:1658,2372,3534,2500,3757,3285,2546,3043,3803,3051,3373,1510,4077,2119,3491,3561,4116,702,218,1606,2011

test suite285
bestAPFD:0.956095
bestSuite:1618,2568,3421,2527,4083,91,2193,99,3633,4114,1522,1603,2935,1509,917,2006,1539

test suite286
bestAPFD:0.953301
bestSuite:3292,2601,1012,926,1836,3803,3112,3101,575,2795,3051,4086,4102,3805,4023,4021,3469,3754

test suite287
bestAPFD:0.956039
bestSuite:2222,3393,3187,1980,3352,4090,3504,3334,4106,440,868,23,1332,2439,2515

test suite288
bestAPFD:0.934356
bestSuite:3860,1815,1757,1943,636,1937,4042,3050,3683,3198,3549,566,2868,4096,2204,4101,3529

test suite289
bestAPFD:0.956867
bestSuite:1947,3763,3825,4005,646,2083,3708,3847,3689,874,761,744,3803,4077,3231,3514,4107,2888,2766,2809,1669

test suite290
bestAPFD:0.884058
bestSuite:3138,2926,2271,2092,2291,3619,707,1904,1776,1949,570,1099,1542,3624,4111,2964

test suite291
bestAPFD:0.939130
bestSuite:1658,2533,3268,2675,879,3927,3940,284,3905,4073,3208,4113,826,906,1506

test suite292
bestAPFD:0.956867
bestSuite:1947,3447,2092,3223,2650,3938,3078,3671,3115,2040,1452,2754,4074,4025,4109,2246,1935,732,901,2600,530

test suite293
bestAPFD:0.925121
bestSuite:1658,2604,2076,3757,3984,3131,1009,4074,646,4118,2478,996

test suite294
bestAPFD:0.940670
bestSuite:1658,3883,3502,3274,2174,2389,840,1896,373,224,4097,3765,3423,4118,1724,1984

test suite295
bestAPFD:0.943237
bestSuite:1658,3819,3510,2931,2148,3149,2067,3002,3882,1793,4060,3911,4082,1724,4110,1716,1084,1585

test suite296
bestAPFD:0.935897
bestSuite:1658,2650,3091,3891,1596,539,4077,1410,3481,2376,4129,1249,1338

test suite297
bestAPFD:0.943064
bestSuite:3292,1724,1960,980,1712,93,2839,2665,2121,2216,4119,4079,3552,3516

test suite298
bestAPFD:0.952536
bestSuite:3292,1911,1827,2260,1797,3655,2011,2215,82,2406,271,2180,4128,2559,3398,4075,3948,3914,3208,3174

test suite299
bestAPFD:0.896998
bestSuite:3784,3863,1676,2269,2866,3269,2749,2926,1161,450,3552,4114,4042,4087

test suite300
bestAPFD:0.943961
bestSuite:2375,4006,3229,1658,2367,2157,1604,2984,1003,2769,4076,3294,4110,2573,305

test suite301
bestAPFD:0.967721
bestSuite:2222,1472,957,3577,4100,3222,3198,3462,224,4120,2081,1135,1860,213,1464,2551,653,1193,547,1913,2365,2839

test suite302
bestAPFD:0.917120
bestSuite:3576,3268,3976,3882,3531,694,1421,1013,3686,568,2312,2097,2964,3940,4107,3752

test suite303
bestAPFD:0.928571
bestSuite:2768,3683,3639,1771,2633,3294,1920,3438,3510,4098,1399,4114,224,2952

test suite304
bestAPFD:0.954589
bestSuite:2639,2986,2786,832,4088,3587,3510,4116,2246,2578,1360,1835,235,2811,1761

test suite305
bestAPFD:0.943237
bestSuite:3855,3669,2926,102,2564,2356,1608,3743,744,3388,1687,544,3859,3384,96,4128,4079,3199

test suite306
bestAPFD:0.952259
bestSuite:3292,2601,2502,1658,2531,917,862,99,2427,368,2207,271,4128,4092,3432,3813,3363

test suite307
bestAPFD:0.947665
bestSuite:1854,2170,2186,564,3337,2077,3527,3332,2183,4086,1166,3516,3416,4109,214,1617,911,2487

test suite308
bestAPFD:0.916667
bestSuite:3033,836,2650,2376,1785,3144,3892,2558,2863,3725,4108,2602,2964,3752

test suite309
bestAPFD:0.954911
bestSuite:2986,3191,2077,3688,2718,2953,606,1831,945,1418,1103,2083,2964,4127,3968,2979,3989,3337

test suite310
bestAPFD:0.947343
bestSuite:2986,3684,2347,3527,1526,1771,1683,100,2274,2448,772,4100,4120,2338,3269

test suite311
bestAPFD:0.921142
bestSuite:3112,2926,2778,2204,2796,93,1589,1980,419,1288,1432,2803,3905,1304,4117,4080,3231

test suite312
bestAPFD:0.940304
bestSuite:2117,3623,3181,2926,3124,699,3493,307,2452,828,1608,4084,3472,3293,3345,1336,2338,4114,2556,347,1402

test suite313
bestAPFD:0.923395
bestSuite:2084,1597,1776,3136,2363,3332,2926,1810,2866,3792,4087,93,4111,193

test suite314
bestAPFD:0.947144
bestSuite:1908,931,2514,4009,3457,3805,2151,2316,3187,4095,3660,646,4123,1433,923,966,312

test suite315
bestAPFD:0.949275
bestSuite:2986,2697,2182,3757,2788,3051,1997,623,295,792,1955,2902,4129,4097,3961,3676

test suite316
bestAPFD:0.932876
bestSuite:3883,1781,994,1451,3976,2380,2770,2757,1229,2675,55,2849,13,2416,4079,4124,3752,3992,3521

test suite317
bestAPFD:0.931373
bestSuite:2117,1463,3476,946,2485,1596,3582,2599,1737,1969,2602,1873,869,4086,4103,55,462

test suite318
bestAPFD:0.950081
bestSuite:1908,2231,2146,3155,2568,235,2354,2314,4092,3472,3503,4109,4046,1576,1511,626,1140,2447

test suite319
bestAPFD:0.913043
bestSuite:3033,795,3662,713,1673,3655,3688,2328,1414,2439,3338,3919,2618,4108,4075,3752

test suite320
bestAPFD:0.951087
bestSuite:1618,3695,2254,2514,2554,3540,2778,4095,3655,3800,4111,2282,2754,1998,934,824

test suite321
bestAPFD:0.914079
bestSuite:3860,712,843,1490,630,3251,2533,2527,3683,2902,2633,1027,4097,4130

test suite322
bestAPFD:0.953704
bestSuite:1658,2104,2117,3150,3605,2835,3685,224,4095,3683,3881,4109,206,1764,1877,1931,2018,797

test suite323
bestAPFD:0.938164
bestSuite:2524,1613,3738,3796,1710,3910,4081,3752,3850,3736,3248,4128,2473,2501,790

test suite324
bestAPFD:0.951833
bestSuite:1658,2363,2925,2971,1892,1761,2839,2610,4079,1074,4127,1133,20,1639,1836,2837,2549

test suite325
bestAPFD:0.944699
bestSuite:3356,2805,3683,1724,1872,3911,2740,3393,3894,2560,3090,340,2626,921,3105,1455,3332,4085,4123

test suite326
bestAPFD:0.956140
bestSuite:2524,1854,3352,3702,3343,2483,1587,2486,1547,4097,3438,3770,3065,3066,4112,1504,2263,1262,151

test suite327
bestAPFD:0.919485
bestSuite:2986,3669,3275,2973,2936,4113,3976,4098,3207

test suite328
bestAPFD:0.956119
bestSuite:1618,3376,3501,2037,3144,2449,3352,4088,2269,1291,3893,3993,4121,170,1994,658,1674,2316

test suite329
bestAPFD:0.933424
bestSuite:4006,3883,2273,874,1772,3352,1986,3752,3150,3303,67,2028,1139,151,4112,4095

test suite330
bestAPFD:0.952685
bestSuite:3292,2375,2564,1891,1695,1985,1976,2492,2182,2023,2856,4127,2373,4078,3510,3103,3192

test suite331
bestAPFD:0.926877
bestSuite:1854,2649,3979,2082,3054,3978,2788,2716,4089,4125,1222

test suite332
bestAPFD:0.958169
bestSuite:2425,1854,3989,3379,2729,675,741,2216,1631,4096,4130,3489,3389,3901,2554,1826,535,1384,655,906,2534,2698

test suite333
bestAPFD:0.951208
bestSuite:1618,3688,3398,3144,3976,4043,3111,2165,4093,4115,351,896,2643,1965,1675

test suite334
bestAPFD:0.963768
bestSuite:2222,3441,3830,2601,4082,3130,3600,4120,1526,82,1475,1755,622,2635,1193,961,235,2165,2216,2083

test suite335
bestAPFD:0.947750
bestSuite:1658,2461,3376,2071,2847,3986,1483,910,2999,899,2964,369,93,3788,3616,1033,4117,866,1538

test suite336
bestAPFD:0.915942
bestSuite:2621,1658,793,2847,3472,4091,3697,2580,4118,2568

test suite337
bestAPFD:0.942935
bestSuite:1908,2500,2533,3560,3705,2982,1803,4095,3175,3683,3687,55,4124,1552,2901,664

test suite338
bestAPFD:0.911594
bestSuite:2264,2515,1547,1623,1493,3752,2696,2627,1130,1688,2314,2796,3478,3867,3319,1,2610,4087,3178,4129

test suite339
bestAPFD:0.945199
bestSuite:1947,2830,2649,2509,2953,353,2229,837,99,4095,3327,3174,4121,835,314,862

test suite340
bestAPFD:0.957285
bestSuite:3292,2515,2568,1504,697,1476,1672,1427,3732,320,4076,1159,2216,3197,4121,3166,3531,3277,3824

test suite341
bestAPFD:0.932246
bestSuite:3329,2527,2514,3683,2409,2604,719,3303,3250,3230,860,1532,3412,1362,82,133,147,56,4076,4130

test suite342
bestAPFD:0.916945
bestSuite:2215,3033,3623,2926,3296,990,3258,775,3577,773,308,2964,4128

test suite343
bestAPFD:0.952496
bestSuite:2524,1947,3956,2273,3352,3493,1015,4091,1723,1577,3536,3303,3520,2564,4126,62,2829,2836

test suite344
bestAPFD:0.928341
bestSuite:2502,1650,3101,2759,722,714,2926,825,1573,2853,3808,752,4100,391,1104,4111,2674,238

test suite345
bestAPFD:0.959816
bestSuite:2986,2673,2362,2336,2512,603,2756,2380,2610,12,1757,1693,102,1768,4113,2656,2138,2338,4091,3921,3058,3167

test suite346
bestAPFD:0.949275
bestSuite:1618,2781,2271,3581,2788,3472,440,4085,2996,4101,2587,1928,805,1464,732,2894

test suite347
bestAPFD:0.946558
bestSuite:1908,3677,3272,2186,704,1606,1884,2847,4096,4128,3826,3520,739,570,726,2285

test suite348
bestAPFD:0.943961
bestSuite:1658,3225,3979,3268,3251,2472,3452,4038,1944,2028,4083,4123,1982,766,676

test suite349
bestAPFD:0.942482
bestSuite:3565,2155,2147,2610,2537,2603,2281,752,1135,990,3175,4092,4121,3752,3758,3340

test suite350
bestAPFD:0.951993
bestSuite:1618,2117,2420,2926,3318,3051,4072,1317,3658,3955,4108,1879,1746,863,221,966

test suite351
bestAPFD:0.961755
bestSuite:2222,2752,3732,4089,3250,3834,3906,3165,2363,4111,3624,3332,1688,242,109,935,2637,1926

test suite352
bestAPFD:0.953261
bestSuite:1947,3364,2500,3804,3200,2291,2910,2330,224,2902,4088,3617,4114,63,2854,2004,2825,1334,1822,1793

test suite353
bestAPFD:0.969038
bestSuite:2222,3441,3459,2964,3187,3751,3203,2598,4114,3058,3658,3601,3848,2160,821,1782,1827,2570,558,2956,2560,2830

test suite354
bestAPFD:0.938127
bestSuite:3239,1908,2336,2368,1482,3033,55,2360,4112,3655,4095,3249,3695

test suite355
bestAPFD:0.950980
bestSuite:1854,3796,3572,3175,2559,3910,2127,1610,186,1480,2515,4091,3213,4119,890,624,924

test suite356
bestAPFD:0.963768
bestSuite:2222,3618,3033,1018,4083,3485,3341,55,4120,2450,1290,620,858,1282,2607,700,1500,2041,2205,1544

test suite357
bestAPFD:0.955072
bestSuite:1854,2084,3050,2568,3032,3938,3320,3874,920,4094,149,3384,3873,3984,3995,3005,4111,750,624,896

test suite358
bestAPFD:0.955378
bestSuite:1618,2842,2141,3268,3342,3522,3527,3552,3388,3905,4076,4103,744,951,2825,1482,1586,1617,815

test suite359
bestAPFD:0.924552
bestSuite:2601,1781,2716,3914,4095,1806,629,1509,818,3683,3420,391,4108,2512,1195,2421,313

test suite360
bestAPFD:0.958247
bestSuite:1854,3303,3249,3431,3803,2276,1910,1978,161,4077,2749,3164,3231,1346,2526,4115,2557,651,2866,854,1841

test suite361
bestAPFD:0.964531
bestSuite:2222,1840,3175,3732,1658,4077,4062,3580,3099,4046,4113,982,2553,1847,1036,2296,1824,2059,1800

test suite362
bestAPFD:0.942512
bestSuite:3565,3471,2729,909,1623,3636,2554,2926,669,2080,4108,663,2559,4094,3498

test suite363
bestAPFD:0.940994
bestSuite:1947,3883,3191,3298,2084,3480,3051,2953,2455,4093,3461,3231,4123,932

test suite364
bestAPFD:0.931763
bestSuite:1658,3686,2568,2205,2318,1787,2938,468,4074,4102,1055,1693

test suite365
bestAPFD:0.940994
bestSuite:1854,2155,2842,3975,3862,739,2729,2714,4092,3180,4118,1796,2910,1653

test suite366
bestAPFD:0.899517
bestSuite:3112,2926,3892,2706,3888,3624,570,887,122,3561,2724,2087,2889,4125,4100

test suite367
bestAPFD:0.967582
bestSuite:2222,3688,1927,4006,4098,4110,2966,3605,2139,2573,1254,2757,1905,2213,820,944,1944,695,2839

test suite368
bestAPFD:0.940914
bestSuite:1658,3883,2649,3644,4084,93,1066,4070,3021,4124,785,979,34

test suite369
bestAPFD:0.960618
bestSuite:1854,3688,3501,591,3456,2942,3523,3625,2961,596,4077,2902,3705,1322,3946,4107,1071,1238,1697,1704,2927,1425,2810

test suite370
bestAPFD:0.967909
bestSuite:2222,3979,676,3911,1428,4093,3663,2376,4113,1353,207,1855,804,523,1545,2627,2561,1728,2527,2243,2830

test suite371
bestAPFD:0.961211
bestSuite:2222,3688,3786,4097,3537,3666,3988,4123,2450,330,2274,1575,759,283,2089,2801,2269

test suite372
bestAPFD:0.953704
bestSuite:1947,2275,312,3577,3573,3003,4098,2785,224,3582,4128,2793,922,680,1844,2101,1841,1421

test suite373
bestAPFD:0.949275
bestSuite:2524,1947,2993,755,2622,1644,4088,4105,3334,2186,224,2569,1092,2248,552,1823

test suite374
bestAPFD:0.963387
bestSuite:2222,3802,4087,1618,3344,2474,3065,3287,308,4106,1242,2414,2419,1434,2827,2634,1427,2157,2527

test suite375
bestAPFD:0.959692
bestSuite:2222,4084,3456,1668,3732,3501,4121,1294,2664,1726,2515,1633,2170,2121,2113,213

test suite376
bestAPFD:0.953471
bestSuite:3292,2246,2604,1947,701,1936,1847,655,3104,3266,2610,2288,1329,2042,2834,4092,4130,4046,3457

test suite377
bestAPFD:0.936232
bestSuite:1854,2417,2509,4028,1791,3419,3014,1777,4073,2749,1724,3842,4102,768,1865

test suite378
bestAPFD:0.940750
bestSuite:1658,4011,3268,3360,3662,2788,701,547,896,2964,589,3487,4126,1486,1692,2183,2281

test suite379
bestAPFD:0.920290
bestSuite:3780,1463,2450,1797,3007,2844,2362,3802,2368,4122,3332,4084

test suite380
bestAPFD:0.955797
bestSuite:3292,2515,2450,1973,847,3631,3626,2458,488,2638,2683,2121,2732,4097,3979,4107,3056,3466,3296,3870

test suite381
bestAPFD:0.953112
bestSuite:1947,2336,2844,2502,3737,3943,3296,668,513,4099,4032,3231,3079,4129,2387,1775,2828

test suite382
bestAPFD:0.914596
bestSuite:2601,3033,3456,1974,3500,3213,3378,2804,1998,4096,3472,3683,3164,4111

test suite383
bestAPFD:0.916454
bestSuite:4039,2194,2474,2251,3752,4069,3030,3054,2083,4030,2307,1843,1535,2598,1198,4110,4095

test suite384
bestAPFD:0.947570
bestSuite:1658,4007,2804,2568,2492,2060,3349,1584,1672,722,311,2964,4103,2134,1460,1597,705

test suite385
bestAPFD:0.953416
bestSuite:2222,3922,3472,4094,4117,3785,3945,3502,3050,2564,1722,2728,995,2714

test suite386
bestAPFD:0.943478
bestSuite:1658,3876,3417,3725,3655,2273,3439,2150,4072,311,1242,4122,2406,2061,1475

test suite387
bestAPFD:0.931159
bestSuite:1463,2915,3251,2177,3848,2527,2554,2233,334,1731,698,4097,4101,1100,2412,1489,864,774

test suite388
bestAPFD:0.953416
bestSuite:2222,4073,1423,3803,3663,391,3268,4109,970,2160,608,2372,1726,924

test suite389
bestAPFD:0.947570
bestSuite:2524,1658,2491,3892,2951,963,2660,4081,3342,3572,4117,3347,55,2953,292,2676,1313

test suite390
bestAPFD:0.934330
bestSuite:3887,2650,1849,3033,3683,1485,1555,1055,2953,955,3234,2525,561,2809,4098,4123

test suite391
bestAPFD:0.952685
bestSuite:1908,3860,2694,3421,2849,2374,2275,4084,3962,3349,4040,4128,2480,253,1306,1861,1512

test suite392
bestAPFD:0.931159
bestSuite:2363,2415,3351,3900,3343,3919,2732,1290,223,4074,3752,4125,2092,1112,1905,1765

test suite393
bestAPFD:0.915175
bestSuite:2174,3133,3683,2589,1431,34,2880,1403,2515,3527,2788,2330,1813,2573,4077,4101,56

test suite394
bestAPFD:0.941123
bestSuite:2697,3796,3683,2490,4061,3725,1554,1559,4096,3510,4125,646,2291,2693,1470,543

test suite395
bestAPFD:0.961480
bestSuite:2786,3337,3683,2020,1012,2964,3566,2480,3427,2356,3854,4121,603,2756,912,2705,1458,1943,2298

test suite396
bestAPFD:0.921739
bestSuite:1463,2417,2926,3066,2512,2399,3725,232,986,2454,4087,149,4101,978,1451

test suite397
bestAPFD:0.915679
bestSuite:3528,2564,1845,708,2177,2658,3752,149,2902,4081,4116

test suite398
bestAPFD:0.897788
bestSuite:3175,2669,867,2871,2247,843,997,3483,773,2547,3364,3510,1553,4047,1660,149,3752,4079,4105

test suite399
bestAPFD:0.941176
bestSuite:2834,1804,3808,2773,2376,1687,1792,3675,4073,3752,3281,3819,2554,4124,2677,2617,411

test suite400
bestAPFD:0.933575
bestSuite:3565,1908,2072,687,468,900,2085,637,3577,4115,4091,3407

test suite401
bestAPFD:0.938406
bestSuite:2786,1658,3247,3112,1615,2752,4082,3088,3223,2502,4105,1076

test suite402
bestAPFD:0.952446
bestSuite:2166,1947,1457,3979,400,3456,3112,4077,3400,3729,3246,3174,4110,436,1941,2100

test suite403
bestAPFD:0.941546
bestSuite:2986,2584,2469,3066,2598,1543,2246,807,1888,1959,1795,672,4100,4107,3386

test suite404
bestAPFD:0.944847
bestSuite:1658,312,2115,1457,1525,3564,3803,3332,4085,646,1201,3705,4109,1553,805,720,2414,1559

test suite405
bestAPFD:0.947750
bestSuite:1908,3334,2347,3694,820,2515,3921,3454,701,804,1662,2630,3472,705,4074,3187,4112,1917,225

test suite406
bestAPFD:0.952899
bestSuite:1618,3860,3223,2186,3838,3941,3011,3605,2515,4095,3266,3746,4110,756,1735,1517

test suite407
bestAPFD:0.924718
bestSuite:2336,1502,2975,1526,1523,2842,3425,2926,1290,2539,341,1239,4097,3682,3332,2610,4108,24

test suite408
bestAPFD:0.921900
bestSuite:2634,2987,1875,734,3808,3438,3476,3318,3352,3885,4058,2078,2399,3752,4095,4113,2587,526

test suite409
bestAPFD:0.919631
bestSuite:2524,2783,3979,3428,3907,1518,4095,3752,4111,3533,2502

test suite410
bestAPFD:0.945652
bestSuite:3565,1463,673,849,3524,2564,755,3910,2531,750,34,4082,4108,3792,3695,3273

test suite411
bestAPFD:0.947464
bestSuite:3247,1658,3223,2363,826,2495,3956,3926,412,119,1852,2525,3808,4129,4081,3993

test suite412
bestAPFD:0.958653
bestSuite:2786,1463,3136,2449,2441,4079,3662,3891,3639,2469,4121,2716,97,349,1659,2197,1529

test suite413
bestAPFD:0.948423
bestSuite:1658,2092,3979,2863,2599,3003,3514,2213,670,3888,4078,2605,4102,209,531,2508,1926

test suite414
bestAPFD:0.947826
bestSuite:2524,1658,1736,2650,3200,3632,4079,2634,3456,4119,2664,1201,2858,2199,2241

test suite415
bestAPFD:0.892419
bestSuite:3476,939,1486,899,1707,3124,3913,2599,3683,2554,3872,4098,4110

test suite416
bestAPFD:0.949275
bestSuite:2786,1854,1732,3398,1811,3251,4086,3743,3090,4126,719,2018,540,840

test suite417
bestAPFD:0.939614
bestSuite:1908,2933,2182,2331,3077,3996,3581,2741,4098,2512,391,4125,926,417,2283

test suite418
bestAPFD:0.950886
bestSuite:3292,1555,3788,1984,751,1002,3999,2083,308,2148,2815,81,3605,4130,2194,4099,3725,3601

test suite419
bestAPFD:0.961878
bestSuite:2986,2377,3644,3072,3051,2108,1938,953,2322,1803,1387,249,2313,2296,1015,4093,2120,1794,1139,1777,4125,3804,3332

test suite420
bestAPFD:0.955797
bestSuite:3292,2568,957,856,1750,3808,2997,2684,2959,2223,436,2775,3051,4107,4078,3595,3357,3467,3230,3383

test suite421
bestAPFD:0.933333
bestSuite:3356,2509,2572,2187,946,3444,3976,2083,2926,290,1898,514,634,4085,4101

test suite422
bestAPFD:0.945652
bestSuite:3292,1878,1814,1592,738,2707,3913,3808,3163,203,2868,2605,4046,2825,3860,4109,4087,3691

test suite423
bestAPFD:0.953704
bestSuite:2986,2494,679,2554,3943,1853,573,944,1647,4105,699,4087,3403,3324,3112,3232,3552,3816

test suite424
bestAPFD:0.952240
bestSuite:2082,3251,1795,1463,1837,3376,1250,665,1576,1522,1712,3774,3919,2830,4091,149,3566,3522,4109,1322,204,209

test suite425
bestAPFD:0.937012
bestSuite:2425,1854,3323,3568,2200,4072,3049,4123,3050,2788,93,1687,1668

test suite426
bestAPFD:0.942512
bestSuite:3678,1463,1459,1777,3502,3772,1526,2092,99,2107,225,2577,2095,4079,4128

test suite427
bestAPFD:0.950128
bestSuite:2986,3576,2092,2610,3545,1396,193,865,1572,344,3888,2526,4072,4104,3629,2999,3328

test suite428
bestAPFD:0.931438
bestSuite:1908,2647,3513,864,1978,1514,2830,4083,99,4126,2480,1581,2509

test suite429
bestAPFD:0.934783
bestSuite:3731,3887,3480,2926,670,710,880,2242,656,2872,999,2194,4125,518,3332,4083,3803

test suite430
bestAPFD:0.920290
bestSuite:3592,2973,2658,3683,3250,3912,4069,698,1554,1577,3456,3146,3808,290,190,4126,4095

test suite431
bestAPFD:0.958653
bestSuite:2597,4097,3398,3175,1908,2684,3992,3495,4122,99,1769,1931,2430,2566,1735,354,2833

test suite432
bestAPFD:0.951833
bestSuite:1947,2634,3398,45,3979,3296,4058,123,4075,3655,3775,4115,1604,916,2682,1757,1021

test suite433
bestAPFD:0.950980
bestSuite:1854,4006,3200,2658,3632,182,1008,2101,494,4098,99,3171,4106,974,639,883,1562

test suite434
bestAPFD:0.947917
bestSuite:3292,2953,630,2215,934,2966,2356,31,4104,2847,3910,2076,3343,4078,3862,3830

test suite435
bestAPFD:0.952381
bestSuite:2181,3292,3956,2752,4091,3531,4124,570,709,1440,704,482,2649,2083

test suite436
bestAPFD:0.945135
bestSuite:2181,3740,3883,785,4089,3530,3673,2375,589,4117,2926,560,1089,2293

test suite437
bestAPFD:0.919887
bestSuite:2860,739,1717,3497,1503,3906,1724,3545,1974,3683,1285,2514,3452,2177,4085,1162,4123,2482

test suite438
bestAPFD:0.954106
bestSuite:2986,3819,2473,3050,2840,1859,646,1508,1408,1515,1449,1242,2684,4092,4126,3931,3804,3034

test suite439
bestAPFD:0.935818
bestSuite:1463,2092,2474,2367,1979,3010,3433,3998,1580,752,135,1004,4098,82,4102,3209,1197,1289,268,1338,1428

test suite440
bestAPFD:0.936957
bestSuite:2925,1689,1784,1915,3976,3023,2515,699,3483,3174,3847,267,4093,3472,3752,3680,3273,4114,38,139

test suite441
bestAPFD:0.930323
bestSuite:1812,3854,3979,3644,168,3207,1463,52,3076,1382,2021,4081,4115

test suite442
bestAPFD:0.953471
bestSuite:2986,2098,3163,2864,2092,3892,468,2729,2406,2128,1591,2510,1936,1743,1224,4107,4093,3082,3901

test suite443
bestAPFD:0.947917
bestSuite:2375,2117,1854,2442,2469,3639,3651,3110,1500,4079,4071,2356,4104,1692,913,2056

test suite444
bestAPFD:0.956975
bestSuite:2786,1908,3456,3136,674,2082,3510,4073,3608,4122,179,1591,1246,833,1884,2461

test suite445
bestAPFD:0.950980
bestSuite:1854,3860,3283,2637,3515,2879,121,2356,4080,3740,3834,2480,4107,229,405,1642,1609

test suite446
bestAPFD:0.945411
bestSuite:1854,3186,3576,2092,3449,2729,3692,4072,93,3608,4115,968,2868,429,1560

test suite447
bestAPFD:0.939441
bestSuite:2375,3198,1658,2271,2379,1677,1714,2950,4084,3621,4112,1526,2269,2140

test suite448
bestAPFD:0.942029
bestSuite:1618,3175,2379,2064,3268,3822,3385,3676,2519,3527,4088,4128,814,2828

test suite449
bestAPFD:0.946055
bestSuite:1854,2177,3533,3844,3821,3351,3403,1005,2327,2304,4084,308,3348,4125,2684,2179,2738,1649

test suite450
bestAPFD:0.957666
bestSuite:1908,2650,3474,4062,2495,3412,2568,2083,4097,4020,3503,4107,125,1291,925,1680,2869,493,2787

test suite451
bestAPFD:0.936100
bestSuite:3565,1854,1795,2363,570,2705,4117,4092,3846,3626,3384

test suite452
bestAPFD:0.953089
bestSuite:3292,2480,1501,1687,1909,1894,3359,3002,3000,224,2356,1193,2270,2663,4124,2657,4083,3867,4007

test suite453
bestAPFD:0.939441
bestSuite:2621,1854,3874,858,1841,2844,1676,4075,3888,1382,2673,4125,2061,1752

test suite454
bestAPFD:0.937953
bestSuite:1758,2926,3334,2847,3632,3138,2083,149,1886,78,2892,3577,4072,4103,1710,2011

test suite455
bestAPFD:0.954710
bestSuite:2597,3527,3343,4083,1658,3116,3294,311,3305,2480,3246,4123,1432,57,727,2864

test suite456
bestAPFD:0.950725
bestSuite:2639,1947,1771,4094,3926,3231,3899,308,4122,2788,324,2708,1829,1428,2378

test suite457
bestAPFD:0.948792
bestSuite:2986,3732,2151,3891,2574,2480,772,1939,1894,2325,4098,4107,3301,3497,3522

test suite458
bestAPFD:0.953538
bestSuite:3565,1854,1840,2729,2572,997,93,3223,2756,1565,1512,2964,4115,3877,3228,3570,3502

test suite459
bestAPFD:0.925560
bestSuite:2731,3731,1809,4042,2515,1968,4093,3479,4129,2931,2926

test suite460
bestAPFD:0.918680
bestSuite:3565,1618,3458,972,2953,2610,843,4078,4114

test suite461
bestAPFD:0.929348
bestSuite:1854,3185,3521,3510,3528,3976,739,1810,4084,4110,1110,493

test suite462
bestAPFD:0.950362
bestSuite:3528,2564,1463,1000,935,2980,2561,2064,3743,2077,3410,2902,3472,2268,2328,2628,4119,4088,3673,3944

test suite463
bestAPFD:0.951346
bestSuite:1908,3763,4061,848,1749,3834,3505,218,2563,1877,4094,2902,224,3224,3013,4063,4124,2474,1437,906,2602

test suite464
bestAPFD:0.956140
bestSuite:1854,3796,3639,3688,3175,2514,2313,2365,3203,4062,2823,439,4096,4115,3931,1197,1064,1050,512

test suite465
bestAPFD:0.944203
bestSuite:1463,3497,45,3976,258,2708,3940,806,1449,1466,993,2269,4091,3095,4020,2458,4123,1311,1619,757

test suite466
bestAPFD:0.936594
bestSuite:2181,3565,1953,1949,2037,4075,3501,589,2926,4123,25,1766

test suite467
bestAPFD:0.935236
bestSuite:2731,1713,1985,3577,863,1479,1743,3941,4095,3752,3723,3144,468,2492,2083,4123

test suite468
bestAPFD:0.947144
bestSuite:1854,2064,2363,3855,3099,3314,2286,3399,3040,2083,2056,4091,82,3395,4111,616,1979

test suite469
bestAPFD:0.946687
bestSuite:2986,2450,2925,3732,3681,1528,1057,933,1820,1809,4124,4096,3299,3909

test suite470
bestAPFD:0.943064
bestSuite:3292,2473,1434,1704,3796,3855,3138,2372,4092,4125,3883,3669,3782,3261

test suite471
bestAPFD:0.957880
bestSuite:2597,3644,4076,1854,3774,3895,4128,2469,589,1578,2320,725,2644,2464,2328,1749

test suite472
bestAPFD:0.950081
bestSuite:3292,739,1990,1520,3644,629,925,1692,1818,443,500,2334,2685,3883,4098,4108,3670,3691

test suite473
bestAPFD:0.921498
bestSuite:3050,2729,962,754,2021,1681,850,2209,3383,2554,3691,3752,461,382,4102,3792,4090,3982

test suite474
bestAPFD:0.950634
bestSuite:2986,2860,4006,3808,570,3778,3569,1134,473,987,2810,829,4091,4107,3707,3848

test suite475
bestAPFD:0.957488
bestSuite:2222,3257,646,3803,4094,3115,3223,4114,3398,1571,698,2111,1000,627,602

test suite476
bestAPFD:0.948513
bestSuite:1658,2712,3115,3270,3734,2789,3889,3051,2716,2752,4073,3957,3980,2480,4127,36,918,2337,818

test suite477
bestAPFD:0.936594
bestSuite:2254,3683,1654,2712,4043,920,2216,1450,3352,4098,3808,4108,2376,1801,2112,2156

test suite478
bestAPFD:0.944699
bestSuite:1908,3376,3332,2696,2173,2612,2270,1681,1582,2245,2658,4074,3259,3295,391,4121,1512,708,1836

test suite479
bestAPFD:0.956095
bestSuite:1947,3669,3796,2450,3398,3629,2973,3233,2914,4087,4129,1078,138,926,711,2279,2006

test suite480
bestAPFD:0.949702
bestSuite:3292,2512,1996,2174,1901,3022,3950,2527,589,148,2669,2815,4090,4122,3268,3232,3745

test suite481
bestAPFD:0.947826
bestSuite:1618,4021,2340,3398,2621,2449,311,4082,3610,3005,2439,4110,715,881,1777

test suite482
bestAPFD:0.947917
bestSuite:1854,2601,3883,2512,2488,2542,3632,308,738,2964,2431,2968,4124,777,749,384

test suite483
bestAPFD:0.964150
bestSuite:2181,1947,3732,3174,3432,1949,392,4088,3335,4121,466,2855,822,985,2548,1774,2214,2460,2284

test suite484
bestAPFD:0.948873
bestSuite:3565,1618,2357,1945,2435,3111,2991,3806,2564,955,1158,4072,67,967,2612,3669,4107,3140

test suite485
bestAPFD:0.936853
bestSuite:1947,3163,468,3464,3940,2720,1794,4094,3192,3210,2376,4130,973,1859

test suite486
bestAPFD:0.951182
bestSuite:1658,3987,2502,2270,3004,3027,3404,325,1783,414,646,4095,4130,231,1316,1806,2594,1061,613

test suite487
bestAPFD:0.952708
bestSuite:1908,2516,2731,2269,3326,3006,1810,2644,3403,2439,4090,311,4126,776,2893,1922,2217,2493,742

test suite488
bestAPFD:0.954996
bestSuite:2986,2505,213,3105,739,3300,3476,2788,1999,1964,1382,799,669,1880,4122,4074,4052,3712,3978

test suite489
bestAPFD:0.948894
bestSuite:3247,1618,2731,2931,2515,567,1697,233,82,2188,2232,435,897,2431,2584,3187,4111,4084,3445

test suite490
bestAPFD:0.941576
bestSuite:2375,3447,4006,3033,3752,2799,2561,3148,937,841,4074,3864,3135,4108,1307,1602

test suite491
bestAPFD:0.958535
bestSuite:2222,3395,3565,256,4083,3519,2749,3509,2999,3484,1526,4128,1162,1440,1254,2915,1998,667

test suite492
bestAPFD:0.957971
bestSuite:1947,2830,3576,21,3058,3938,3940,67,3438,2740,4090,4124,1765,1068,745,1885,649,1575,1751,1713

test suite493
bestAPFD:0.941626
bestSuite:2621,2328,2152,3198,3752,987,3513,1444,4073,739,3774,4064,2729,4123,2338,1158,947,1926

test suite494
bestAPFD:0.942633
bestSuite:2222,2842,4006,4096,4034,3796,2997,3247,4122,224,2627,2338

test suite495
bestAPFD:0.939010
bestSuite:1618,3417,3691,2472,1526,4093,149,4101,1941,694,1861,2752

test suite496
bestAPFD:0.926979
bestSuite:3981,1463,719,2715,1922,681,3979,3205,1311,2311,4084,3803,4102

test suite497
bestAPFD:0.947603
bestSuite:2222,2057,2082,3456,4093,4102,4064,3652,391,2099,2282,1826,2338

test suite498
bestAPFD:0.950483
bestSuite:1658,3907,4026,2317,3175,3808,561,2753,1713,739,2467,4092,3429,3935,4130,292,2103,964

test suite499
bestAPFD:0.950483
bestSuite:1947,543,2362,2317,2147,3976,3798,2296,739,4082,3682,4111,1223,1167,1474,983,1697,1713

test suite500
bestAPFD:0.913043
bestSuite:3572,1747,3020,2449,1627,813,2338,2926,3375,2947,2152,391,3279,4101,4080

