test suite1
bestAPFD:0.919109
bestSuite:1908,3976,2966,4090,3099,2598,3010,4112,1771,3808,356,1837,2618,2276,4017,1468,1246

test suite2
bestAPFD:0.915595
bestSuite:1947,3251,2754,342,1940,93,561,4092,4127,3605,810,3853,1161,3912,1387,1806,1809,697

test suite3
bestAPFD:0.893169
bestSuite:2604,1791,4068,2514,3752,3175,184,2138,3940,2513,4125,2352,3667,313,3109,2507,3925,2360,746,2759,2508,4081

test suite4
bestAPFD:0.917924
bestSuite:1854,3159,2474,739,4120,3719,4073,1096,799,1612,236,2926,2594,3257,2132

test suite5
bestAPFD:0.924410
bestSuite:1947,3731,2246,4088,2559,4104,3417,3208,3657,3078,778,1512,3343,2393,2311,1901,1390,1108

test suite6
bestAPFD:0.911844
bestSuite:1908,2336,2712,3138,4120,1724,739,1910,4077,3848,3510,2576,1070,1576,4030

test suite7
bestAPFD:0.921524
bestSuite:2786,1908,3454,3403,2367,4127,3379,4099,3811,3112,1804,45,1988,3882,1911,2725,3245,1181

test suite8
bestAPFD:0.915738
bestSuite:2986,4006,4076,4114,82,793,2271,1430,1824,3856,2074,3006,1332,3551,3386

test suite9
bestAPFD:0.909249
bestSuite:1908,4061,2968,82,3788,164,4127,2170,3198,1768,1669,3426,3006,3312,2891,4084

test suite10
bestAPFD:0.916720
bestSuite:2425,1947,3788,3919,4116,3352,2269,4077,3684,1945,1972,687,643,3178,2340,2419,979,3002

test suite11
bestAPFD:0.911930
bestSuite:1908,2533,3913,3762,2254,2610,4075,4130,4046,868,1620,3816,353,3709,64

test suite12
bestAPFD:0.875572
bestSuite:3683,2716,3272,2500,1983,2376,4106,3497,2021,3838,224,1604,4073,1072,2035,1781,3661,3925,191

test suite13
bestAPFD:0.913831
bestSuite:1947,2512,2375,3503,846,4094,1997,4114,3332,776,2644,301,2146,1486

test suite14
bestAPFD:0.921097
bestSuite:1947,3669,2487,2568,4104,3347,4078,1546,1788,531,2424,3937,725,2714,948,806,861

test suite15
bestAPFD:0.886791
bestSuite:2524,1450,2964,3283,2246,2056,2300,3752,99,4121,3518,2806,617,2098,958,3325,946,3928,1723

test suite16
bestAPFD:0.920811
bestSuite:2986,2166,4125,2291,82,4085,2500,3146,3767,3050,2146,909,1749,3791

test suite17
bestAPFD:0.888571
bestSuite:3860,2842,2704,2338,2718,3655,3752,4101,4075,1977,3278,1283,3437,164,3069

test suite18
bestAPFD:0.913527
bestSuite:2524,3438,1795,311,1908,3891,3425,4117,1716,4091,1995,2848,1676,1097,3699,1093

test suite19
bestAPFD:0.921748
bestSuite:3565,1947,3577,4088,4111,149,2834,3185,1732,2982,636,3956,2871,3719

test suite20
bestAPFD:0.920344
bestSuite:2786,1658,2186,3771,3480,4076,4123,3667,3359,2514,2989,788,2067,1711,3135,2419,2411,3218,2424

test suite21
bestAPFD:0.922106
bestSuite:2986,2621,2291,2610,4119,2526,3356,1716,1377,4088,4067,1882,2902,923,324,909,847

test suite22
bestAPFD:0.868866
bestSuite:2141,2084,1979,967,3108,2480,2926,4116,2839,38,4084,1884,2811,2535,224

test suite23
bestAPFD:0.910648
bestSuite:2986,3860,2788,1482,4078,3459,4104,1751,3436,474,846,2716

test suite24
bestAPFD:0.904444
bestSuite:1658,3594,2291,3938,3457,2076,99,874,1540,4129,963,4076,234,1721,3683

test suite25
bestAPFD:0.904011
bestSuite:2830,2650,2729,3683,960,4123,3029,4073,3289,1587,4007,1668,2627,3486,2931,2248,2539,741

test suite26
bestAPFD:0.878685
bestSuite:3686,2451,3112,3976,4011,2377,2732,3156,3910,3683,4072,4123,2439,732,124,1832,803,3145,1472,3290,2361

test suite27
bestAPFD:0.889336
bestSuite:3731,1906,3510,2098,3885,1444,3752,291,2568,4094,4121,3224,1861,3853,3317,360

test suite28
bestAPFD:0.919918
bestSuite:1618,3101,2729,4110,1910,4093,2494,3051,3351,1594,3666,3476,1380,2415,1120

test suite29
bestAPFD:0.919201
bestSuite:3565,2986,391,2512,3207,4111,3233,1600,3325,4084,2419,3676,2364,3118

test suite30
bestAPFD:0.919628
bestSuite:3292,3456,3050,2610,4104,977,3012,4097,1542,433,3170,293,3137,3471,2333,3750,1629,1385,3886,3942,575,3838

test suite31
bestAPFD:0.896397
bestSuite:1947,2731,3913,99,2347,4087,2082,4112,3427

test suite32
bestAPFD:0.901456
bestSuite:1908,3156,1444,3910,583,3803,4077,4127,1543,3444,58,1619,1885,3800,2367

test suite33
bestAPFD:0.890134
bestSuite:2621,3268,2291,3688,901,674,2439,4101,4098,3752,826,3550,3638,722

test suite34
bestAPFD:0.921082
bestSuite:2222,3510,4105,2731,2598,2696,4077,3502,663,2571,2301,3595,1716,1135,153,2523

test suite35
bestAPFD:0.904876
bestSuite:3883,3528,4042,718,3919,2926,739,4096,2884,4120,869,3359,328,3138,2211,1324,102,2961,3638

test suite36
bestAPFD:0.916260
bestSuite:2524,1658,3976,2749,4097,2509,2572,4119,3215,3786,3878,3496,2435,1080,2805

test suite37
bestAPFD:0.921002
bestSuite:3292,1593,2291,3883,4114,2610,4085,3159,2723,2062,3895,3069,1721,1020,1801,2041,421,860,2053

test suite38
bestAPFD:0.919490
bestSuite:1947,3175,2377,2147,2964,93,4109,3014,1594,3225,17,2494,2815,2839,2424,1083,3908

test suite39
bestAPFD:0.914836
bestSuite:2222,3905,561,1474,2839,2610,611,2463,4087,4118,1218,3598,3314,814,829,170

test suite40
bestAPFD:0.916552
bestSuite:1908,3684,2788,3527,921,3819,4114,2707,4080,582,2524,632,1045,2931,648,2988,1239,3062

test suite41
bestAPFD:0.919596
bestSuite:2181,1947,4094,3090,223,2734,4107,3332,279,3341,855,3766,1536,2910

test suite42
bestAPFD:0.872162
bestSuite:3268,3007,3683,3250,2568,2365,253,1824,4096,3214,3911,4128,3563,3161,3198,3132,1164,3867

test suite43
bestAPFD:0.911717
bestSuite:1854,3454,2564,3535,4090,311,4123,1713,2269,2148,381,849,971,2102,400,1558,2613,2915

test suite44
bestAPFD:0.923387
bestSuite:2181,1854,3808,4113,2768,149,4088,3371,1840,1804,2550,2060,1853,3699,752,3704,631,207,1333

test suite45
bestAPFD:0.906866
bestSuite:2215,3033,1463,2246,3686,224,4123,3538,4085,743,3266,2081,3382,186,3930,2333,4007

test suite46
bestAPFD:0.880183
bestSuite:2262,3447,1579,2514,739,2926,2026,2376,4092,4111,3856,2666,334,2439,3675,2734,1885,1326,81

test suite47
bestAPFD:0.919298
bestSuite:3292,1734,2514,3655,3860,4092,4107,2816,4005,3129,591,1480,2419,3660,1543,3498

test suite48
bestAPFD:0.896342
bestSuite:1618,4063,2844,3655,4117,759,2357,386,4079

test suite49
bestAPFD:0.882663
bestSuite:3175,2389,3112,716,3853,2926,4091,4063,3688,3822,4116,1282,861,220,3974,2248,77

test suite50
bestAPFD:0.915993
bestSuite:1658,3066,3855,3788,2749,4130,4078,2407,784,3033,809,1426,904,2873,3712,345,2325,2023

test suite51
bestAPFD:0.919984
bestSuite:3292,3732,3883,2474,3483,4082,2170,4105,3874,1478,441,654,2930,2166,2840,126,1449,734

test suite52
bestAPFD:0.918778
bestSuite:1618,3854,2474,2375,3740,4075,3050,2262,1896,1927,3217,185,1428,2065,4129

test suite53
bestAPFD:0.921878
bestSuite:1947,3033,2363,4088,4125,2490,310,93,3246,2509,1788,2589,2630,3762,1418,2485,1745,2795,4024,31,2646,2078

test suite54
bestAPFD:0.907585
bestSuite:1908,3004,3576,2963,1633,1526,2554,2944,3241,1936,4080,2778,334,1785,2043,1625,4127

test suite55
bestAPFD:0.913795
bestSuite:3565,1980,1714,3683,2474,4079,646,2472,4125,3070,3825,785,3872,3947,286

test suite56
bestAPFD:0.918524
bestSuite:2222,1463,2474,3099,2560,2375,4096,2205,747,419,2762,3762,4118,1579,2646,855,1451,866,386,3198

test suite57
bestAPFD:0.905438
bestSuite:2966,1947,2830,2449,2598,276,4130,3684,2327,1704,1705,1434,2021,2395,2796,4094

test suite58
bestAPFD:0.919265
bestSuite:2222,3175,1968,570,4091,2356,4129,831,3814,955,2950,3894,433,1447,2888,344,4013,2040

test suite59
bestAPFD:0.889506
bestSuite:2842,2072,1556,3752,2839,1939,2788,4117,4097,1898,1535,3165,653,2007,2605,3812,2349,2598

test suite60
bestAPFD:0.923431
bestSuite:1618,3268,2473,4085,99,3214,4116,3507,1492,3070,3564,2686,3026,3813,1037,3619,750

test suite61
bestAPFD:0.897197
bestSuite:2284,3112,2896,3051,3803,2747,2177,1436,2926,4091,3564,1252,423,4117,1977,2698

test suite62
bestAPFD:0.923291
bestSuite:2181,2986,2610,2367,1555,4084,3207,4124,1531,3651,1362,1886,3095,2171,3993,313,3750,1229,1733,2401

test suite63
bestAPFD:0.925056
bestSuite:2986,2502,570,4082,4114,2336,1827,2840,3050,2712,2820,3867,943,583,3237

test suite64
bestAPFD:0.885795
bestSuite:1658,3860,3606,2376,4080,2642,3077,4127,3160

test suite65
bestAPFD:0.875902
bestSuite:3050,2208,3203,4042,983,4023,3940,3524,3005,738,3752,3738,4110,4086,2492,406,3176,933,3462,3714,2674,3357

test suite66
bestAPFD:0.871992
bestSuite:2080,1822,2902,2953,3345,863,3911,3533,4105,2926,4098,2141,556,3785,135,518,240,3131,774

test suite67
bestAPFD:0.883983
bestSuite:1463,2363,2762,3319,2486,308,4083,4104,751,726,2396,3503

test suite68
bestAPFD:0.916579
bestSuite:1618,4124,3819,2696,427,3527,4084,106,3184,2950,2515,1990,389,2011,1369,1400,2235,985

test suite69
bestAPFD:0.917285
bestSuite:2222,3803,1952,4118,2839,589,4097,3534,3768,2925,633,3014,549,1877,895,2590,3609

test suite70
bestAPFD:0.919420
bestSuite:3292,2246,2083,4110,3141,311,4080,723,2122,379,2511,3285,2922,3605,40,36,3101,659

test suite71
bestAPFD:0.911350
bestSuite:3639,3883,3683,2650,2474,4107,4100,3316,3439,3885,4046,1596,2057,3010,1061,170,2909,1873

test suite72
bestAPFD:0.912390
bestSuite:2986,2514,1642,3187,4075,2375,4063,4101,3207,2656,3932,3850,2316,3339

test suite73
bestAPFD:0.920913
bestSuite:1947,2604,3190,468,4108,4075,3745,1445,2842,1490,3359,1480,37,2824,80

test suite74
bestAPFD:0.915257
bestSuite:1854,2092,2512,3066,93,1912,4102,4078,3644,1636,2557,801,2185,2968,2000,2694,706,3767

test suite75
bestAPFD:0.918608
bestSuite:2166,1854,4102,3655,3940,4073,2339,3410,4039,2716,3691,2500,1084,1472,3452

test suite76
bestAPFD:0.920031
bestSuite:2986,3688,2788,4116,525,2515,4077,1986,119,1589,669,3520,1626,2920,1606,3354,727

test suite77
bestAPFD:0.921749
bestSuite:3292,3808,3888,2104,4087,646,3373,4129,3858,2495,911,3804,3912,1894,1785,1530,3792

test suite78
bestAPFD:0.881045
bestSuite:4039,2775,3910,2264,2480,3332,3380,4075,3683,4118,1978,2393,3252,2823,335,3021

test suite79
bestAPFD:0.911492
bestSuite:1908,4060,2842,2512,1606,3940,4128,2379,4088,1872,3031,2165,995,3332,520

test suite80
bestAPFD:0.899262
bestSuite:1658,2775,1053,3540,1724,149,1464,4086,2694,1741,3075,1580,497,350,399,1191,4117

test suite81
bestAPFD:0.922933
bestSuite:2222,3688,3251,3050,4109,3105,3198,3282,3133,4082,2599,3145,2550,2759,578,2612,3060,2197,2732

test suite82
bestAPFD:0.911506
bestSuite:1908,2907,3510,4112,2696,2962,2552,4077,2576,646,2101,875,2744,2348,2141,374,2796,1449,3442

test suite83
bestAPFD:0.925126
bestSuite:2986,2450,2375,3576,4077,4128,433,3142,955,2469,1881,1507,946,1933,455,3815

test suite84
bestAPFD:0.900635
bestSuite:1908,3655,2974,570,821,2579,1681,4077,2119,2830,4101,1840,855,3100,3828

test suite85
bestAPFD:0.886074
bestSuite:2254,3463,2515,1526,1619,1791,2377,3352,4130,2926,186,4093,2436,3659,972

test suite86
bestAPFD:0.915797
bestSuite:1854,2509,3976,690,4119,55,3428,4078,1671,312,344,1396,2760,2330,2338,227,3410,1161,3489

test suite87
bestAPFD:0.876128
bestSuite:2030,3752,2336,1781,2083,1597,2381,2729,505,4124,839,4088,2857,3365,3875,79,2764,93

test suite88
bestAPFD:0.922688
bestSuite:2639,3438,1658,3472,4104,4078,1825,1539,2356,1447,90,874,3520,812,553,3358,305

test suite89
bestAPFD:0.918908
bestSuite:1618,3303,4126,2474,2650,4077,3907,3410,3070,2114,3792,877,1976,484

test suite90
bestAPFD:0.881450
bestSuite:3476,2706,1761,2520,1551,308,1998,312,2926,3483,4128,4084,3155,2703,90,933,1339,3750,3354,1226,1938,3577

test suite91
bestAPFD:0.914662
bestSuite:1618,2347,3803,4108,646,4074,2036,3298,1494,1229,2356,2947

test suite92
bestAPFD:0.918105
bestSuite:3292,3976,3313,1771,4118,3051,1619,4074,3421,2783,2141,506,1627,1500,3125,3184,473

test suite93
bestAPFD:0.888920
bestSuite:1463,312,2762,2376,3112,1596,2211,2138,82,4102,3793,4097,2989,1858,974,3323,1919,868,952

test suite94
bestAPFD:0.910221
bestSuite:2181,2514,3752,2336,4077,4117,1805,391,2863,2405,1042,1511,3001,3765,2657,286,4009,3920,576

test suite95
bestAPFD:0.923766
bestSuite:1618,3688,3251,3343,4094,4117,3142,3966,3239,3381,2407,1066,3955,2720,153

test suite96
bestAPFD:0.911232
bestSuite:1908,1423,3940,3033,3187,4104,2750,4074,1800,1647,3336,3016,3977,846

test suite97
bestAPFD:0.909024
bestSuite:3565,3292,2788,4105,3688,4084,827,849,3216,2430

test suite98
bestAPFD:0.857455
bestSuite:3632,3648,3683,2338,4042,3303,1925,259,1806,4090,468,779,1642,2991,4127,138,1596

test suite99
bestAPFD:0.922537
bestSuite:2986,2524,2186,149,4090,4119,2461,3227,2341,1500,3753,3388,3749,1244,1612,1696

test suite100
bestAPFD:0.918820
bestSuite:3796,1463,2568,3979,4085,4128,2630,2338,3572,923,3621,3675,1861,3955,1792,3878,2719,3076,855

test suite101
bestAPFD:0.922848
bestSuite:1618,3669,2291,4084,2515,2621,3981,2411,1494,3913,909,1329,2684,2518,433,642,4117

test suite102
bestAPFD:0.899240
bestSuite:3033,1499,2926,3636,223,2291,4099,2141,4111,3766,393,4026,2073,3349,1392,3745,2948

test suite103
bestAPFD:0.861586
bestSuite:3688,2716,1481,3394,3752,1478,963,3788,2317,4088,4106,2217,2654,2721,1964,3354,3010

test suite104
bestAPFD:0.896218
bestSuite:1463,2907,3976,2369,4072,646,4112,2010,3920,2229,3975

test suite105
bestAPFD:0.914102
bestSuite:4061,1658,1520,4103,3187,4072,3860,727,924,1888,2177,3217,3754,2684,531,1193,3551,1342,1277,2047,1863,743

test suite106
bestAPFD:0.920895
bestSuite:3292,1896,3476,3888,4130,2964,2749,494,3786,3941,3562,3197,1637,3302,928,2837,605,3435

test suite107
bestAPFD:0.897291
bestSuite:3185,1463,2509,2474,4093,3413,3217,3688,2716,3205,4117,2573,1783,395,2971

test suite108
bestAPFD:0.916145
bestSuite:1908,3662,2568,1749,3919,4122,874,99,4096,1319,1006,3184,2150,3895,2769,3647,2849

test suite109
bestAPFD:0.913887
bestSuite:2786,3398,2117,3267,2566,2926,4118,189,4075,2547,2354,1169,2956,223,1634,3909

test suite110
bestAPFD:0.920903
bestSuite:1947,3364,2502,290,4106,2404,4072,2839,2098,3322,1506,2535,2789,1836,484,1359,2822,3630,2423,978

test suite111
bestAPFD:0.918227
bestSuite:1854,3586,2568,3966,4103,224,4098,3000,3363,2317,3619,2152,3313,1607,2520,3690,1583

test suite112
bestAPFD:0.903565
bestSuite:3883,2768,3187,3860,763,3752,4046,4121,1528,2393,2896,4073

test suite113
bestAPFD:0.887256
bestSuite:3398,907,3417,3403,2373,3752,224,4129,2209,2754,2262,3748,1677,3613,426,2002,4066,4077

test suite114
bestAPFD:0.919433
bestSuite:1908,2786,3527,2474,2182,4104,4072,2150,2514,2544,2164,3516,3719,3071,3317,261,2658

test suite115
bestAPFD:0.916337
bestSuite:2731,1463,2729,4110,4094,3964,1972,2650,958,1663,900,2620,1720,2439,1731,2880,1330,3217,1479,2171,3787,2025

test suite116
bestAPFD:0.906886
bestSuite:1854,3163,3712,2473,3503,224,3104,3755,3778,352,2428,1943,3493,4083,4128

test suite117
bestAPFD:0.891472
bestSuite:3200,3033,3976,1797,2749,2926,4113,2278,3020,283,4100,2467

test suite118
bestAPFD:0.923941
bestSuite:3565,1658,1526,552,4073,308,4126,1980,1698,2834,3966,172,3975,3166,2777,2023

test suite119
bestAPFD:0.886888
bestSuite:3476,2117,1486,3640,2862,712,4124,4002,4099,2193,2554,3752,3700,2341,3582,3343,1443,2283

test suite120
bestAPFD:0.898434
bestSuite:1494,2092,3905,739,993,4114,4090,2073,1511,2926,3203,2094,2718,2469,934,3977

test suite121
bestAPFD:0.906938
bestSuite:1487,2830,1526,3911,4088,4118,2860,2798,3683,2931,1629,1732,304,4028,3210,3100,2868,3223,3537

test suite122
bestAPFD:0.915112
bestSuite:1854,3480,391,2964,1526,3510,2855,4113,3649,1875,1582,979,5,1411,2759,3213,3910,4020,3615,3810,81

test suite123
bestAPFD:0.910301
bestSuite:2254,1854,4095,3803,3033,93,4112,2084,2665,2071,497,1799,56,3320

test suite124
bestAPFD:0.916767
bestSuite:1658,3276,2186,4078,3910,3283,732,3586,896,2036,2067,585,1601,2391,3394,3028,1085,4109

test suite125
bestAPFD:0.900982
bestSuite:3731,814,2363,3338,2351,2902,3752,4115,1960,2527,4073,2974,1948,2401,598,3781,2118,1744

test suite126
bestAPFD:0.924488
bestSuite:2639,1658,3251,4086,739,737,4126,3505,1729,45,1892,754,3332,3012,142,1468,1984,1103,2578,1106

test suite127
bestAPFD:0.920871
bestSuite:3292,983,3050,4074,3456,4118,2610,3303,1805,2023,2934,3502,4005,2818,1726,3526,2026,2849

test suite128
bestAPFD:0.907563
bestSuite:3247,1908,4116,3205,3470,3910,2474,300,780,2514,3376,3189,580,3994,4087

test suite129
bestAPFD:0.909306
bestSuite:1658,2104,1724,4074,2598,2524,3844,4106,1877,1603,3318,3598,1395

test suite130
bestAPFD:0.907102
bestSuite:2639,3476,2604,4079,2222,3911,4103,3138,1509,3008

test suite131
bestAPFD:0.919907
bestSuite:2786,1658,4097,2186,3567,2182,998,1525,4123,1670,989,1565,2961,193,3433,1909,3171,1888,2053

test suite132
bestAPFD:0.918290
bestSuite:3292,2083,2621,3788,3669,663,4098,4109,3605,3956,2215,2558,176,1512,1864,1811,3056

test suite133
bestAPFD:0.917506
bestSuite:1854,3979,3175,4117,2367,2269,4082,2527,3074,1551,3464,769,3454,3122,1821,2853,2720

test suite134
bestAPFD:0.923834
bestSuite:2986,2639,2953,3472,4085,4107,3454,1751,2533,1021,2360,2472,865,759,2199,4002,1608,2173

test suite135
bestAPFD:0.889863
bestSuite:3033,1777,2619,2604,3156,224,3586,4107,2553,3752,3275,1811,3022,3376,4077

test suite136
bestAPFD:0.918597
bestSuite:2986,2351,2396,412,3251,4083,4117,1771,1009,1621,755,2839,1781,297,389,3670

test suite137
bestAPFD:0.916109
bestSuite:3292,1788,2830,3655,4127,3911,3378,2500,4092,2082,1968,2693,3371,3101,3719

test suite138
bestAPFD:0.919772
bestSuite:3292,2450,3033,3979,4088,1715,4117,2915,2602,654,997,1556,1733,140,4019,2959,1,3939,3851

test suite139
bestAPFD:0.905729
bestSuite:3223,1736,3808,1526,671,4114,3752,311,2683,862,4099,1918,1752,474,798,285,858,3928,3749,3392,1676

test suite140
bestAPFD:0.888073
bestSuite:3688,3683,1724,3133,4085,3069,2435,783,4101,2356,1805,1941,845,2077,2418,3537,562,552,3713,236,2300,2576

test suite141
bestAPFD:0.914359
bestSuite:1854,2830,3926,4094,2474,468,4128,2658,2347,1741,1021,477,2570,89,3900,3632

test suite142
bestAPFD:0.867702
bestSuite:3683,3979,3538,2016,2435,2356,4080,2788,746,3772,3617,4119,2816,603,2294,3672

test suite143
bestAPFD:0.917520
bestSuite:2181,1463,3352,4099,2182,4130,3313,2379,2389,1878,2552,3126,1993

test suite144
bestAPFD:0.912462
bestSuite:1947,45,3438,4082,2716,2283,93,1459,3547,287,893,2176,2611,680,1045,3687,30,639,4128

test suite145
bestAPFD:0.888545
bestSuite:3033,4006,2926,652,4079,322,2749,2870,4112,3266,526,1366,2950,290

test suite146
bestAPFD:0.915256
bestSuite:2986,2650,3175,1812,3387,4090,4106,3540,2514,2367,1723,3823,2114

test suite147
bestAPFD:0.923755
bestSuite:2986,2830,2610,3403,4082,4123,3686,2329,3376,785,1499,963,3180,118,57,1213,4061

test suite148
bestAPFD:0.918362
bestSuite:2222,3050,2860,3905,2409,4124,1974,3910,2993,4081,3197,966,3843,826,3900,3052,295

test suite149
bestAPFD:0.913675
bestSuite:1947,3403,3417,570,4106,4099,1104,4058,3450,1808,3065,1564,885,1902

test suite150
bestAPFD:0.894028
bestSuite:3112,2768,3752,2512,657,1946,3051,4125,2104,3734,2314,92,2602,2879,3872,2673,4086

test suite151
bestAPFD:0.916952
bestSuite:1854,3684,2554,3644,4081,4122,3096,2526,3426,2816,642,3317,117,1791

test suite152
bestAPFD:0.904530
bestSuite:2284,3883,3824,3644,308,3683,4116,3441,3624,2114,671,422,2177,153,4085

test suite153
bestAPFD:0.922557
bestSuite:1947,3214,2291,55,4092,4104,3256,1678,1506,3744,886,2902,2176,1821,3336,3894,2409

test suite154
bestAPFD:0.910754
bestSuite:1658,2790,3144,2480,2796,4083,4130,2962,2598,2004,2515,961,2602,3401,33,2293

test suite155
bestAPFD:0.916802
bestSuite:2222,646,2474,3165,2083,4080,4110,950,814,1496,1685,2157,973,3567,3621,3887

test suite156
bestAPFD:0.917340
bestSuite:1908,3688,2301,3370,2788,4095,3926,691,4127,3359,949,3268,2840,479,236,2467,3672,3084

test suite157
bestAPFD:0.919662
bestSuite:2222,3627,2902,3458,4090,2450,2375,4108,2155,1714,2396,666,1957,3653,2371,602,3420,3302

test suite158
bestAPFD:0.919225
bestSuite:2222,4042,3332,1474,99,2925,4124,3471,4085,2271,2931,3469,1730,2080,3964,1716,3918,1481,3499

test suite159
bestAPFD:0.918433
bestSuite:1908,3234,2650,3788,4128,2205,4087,3725,146,3033,3469,1934,523,3338,2547,701,2670,949

test suite160
bestAPFD:0.916484
bestSuite:1658,3981,4006,4109,4093,2749,3796,2584,2184,1673,3428,1553,3808,1262,3252,1557

test suite161
bestAPFD:0.910042
bestSuite:3239,3510,3731,4092,3022,3644,4102,331,3334,3752,3858,2143,3975,3205,3616,1239,1297,2256

test suite162
bestAPFD:0.921035
bestSuite:3669,1947,2696,1973,4077,4107,2089,3332,3904,3966,3288,679,3605,2379,754,440,3953,1337,1191,3962,3243

test suite163
bestAPFD:0.917898
bestSuite:1854,4006,2117,4089,739,4109,3767,2138,3632,1911,2870,2902,4019,2946

test suite164
bestAPFD:0.913359
bestSuite:1947,2512,2256,3384,391,4102,2059,2195,4082,3492,1650,2685,688,2892,1158

test suite165
bestAPFD:0.900109
bestSuite:2336,2514,1719,3752,3295,93,2568,4110,1615,871,4092,2872,1926,2256,1489,1687,1637,2889,3624,2833

test suite166
bestAPFD:0.917401
bestSuite:1658,2117,3476,4095,3940,2443,4124,2552,4007,3649,3909,433,714,2866,134,3448

test suite167
bestAPFD:0.912438
bestSuite:1854,2801,4042,1795,4115,4098,2490,297,55,1879,1627,3518,888,3332,3591,2004,344,1257,2892,502,1402,2350,1275

test suite168
bestAPFD:0.927657
bestSuite:2986,2117,4107,55,4094,2597,2381,2373,3156,2716,1721,3337,830,1361,2374,1844

test suite169
bestAPFD:0.891998
bestSuite:3476,2502,3173,921,1798,2746,3752,55,1786,4075,3691,734,4112,2656,4055,2602,806,255,509

test suite170
bestAPFD:0.924154
bestSuite:2986,3688,3788,2615,4126,4073,3609,56,2037,2443,1940,1555,1808,3033,1224,1689,1864,1644,2774

test suite171
bestAPFD:0.921777
bestSuite:3292,2844,2716,3913,3834,4094,2313,4127,3779,3544,3831,1453,3829,3856,3602,2254,1998,1160,795,312,1525

test suite172
bestAPFD:0.917194
bestSuite:2222,4111,2786,3398,2283,2186,4074,996,989,1978,2623,1997,1322,400,770,2557,1459,3384

test suite173
bestAPFD:0.910702
bestSuite:1618,2449,2104,3937,2598,4093,1972,504,629,1450,1709,2926,2851,2425,4102

test suite174
bestAPFD:0.917337
bestSuite:2181,2768,3683,3940,2716,4122,4099,2966,2997,2857,1700,1709,1481,750,1511

test suite175
bestAPFD:0.919636
bestSuite:1658,3159,311,4112,3905,3447,4077,2492,235,3033,3862,1856,2760,1903,3210,1688,3027,1473,709,1599,3594

test suite176
bestAPFD:0.916071
bestSuite:2222,3352,1713,2473,4104,4094,2083,3214,2208,301,942,1623,2925,3184,2458,3028,3893

test suite177
bestAPFD:0.923686
bestSuite:2597,3050,3913,3292,4078,308,4105,1772,322,2284,3483,742,1813,685,2189,3259

test suite178
bestAPFD:0.914272
bestSuite:1854,3227,2768,4101,3803,3352,4092,3619,1904,2081,3427,3743,1366,2492,1785,1931

test suite179
bestAPFD:0.919516
bestSuite:1658,3669,195,3175,1435,4119,4072,3948,3676,3423,1752,4064,2580,2269,2657,3624,507,3790

test suite180
bestAPFD:0.923596
bestSuite:1947,3669,3976,4076,3268,4104,1939,3882,680,1913,778,2996,2174,1765,2213,1989,2896

test suite181
bestAPFD:0.869004
bestSuite:3085,2338,3683,3904,2399,468,2708,4079,322,3150,4128,678,3130,45,3869,2775,233,3905,2370

test suite182
bestAPFD:0.919754
bestSuite:2597,3438,2083,3292,3472,4102,1333,4098,2698,1758,2946,651,2823,2368,2488

test suite183
bestAPFD:0.895349
bestSuite:3476,3731,646,3311,2480,1604,3752,4112,4081,287,756,3301,1832,3017,2676,778,999,56,2073

test suite184
bestAPFD:0.925627
bestSuite:3565,1947,2246,4108,3910,3329,4099,2904,2906,2182,3380,3895,1939,3344,1524,428,527,1649

test suite185
bestAPFD:0.890345
bestSuite:3796,3470,2502,2984,3186,1435,2515,3572,2598,4091,3752,2174,4103,1572,2234,3126,1056

test suite186
bestAPFD:0.920821
bestSuite:1658,3732,2117,4112,1999,4100,3091,3214,3502,3450,2177,1818,3137,3995,1608,1811

test suite187
bestAPFD:0.920133
bestSuite:2222,3112,4110,4090,2786,2512,2500,3340,778,2397,2946,1920,3661,3480,3320,60,1894,2149,393

test suite188
bestAPFD:0.898251
bestSuite:2243,1463,2759,3989,4126,3888,3911,4074,2716,2624,2973,3243,3157,3171,1763,2331,607,2431,1567

test suite189
bestAPFD:0.915851
bestSuite:2639,2604,1908,4114,1870,3907,4080,646,3399,2304,205,2120,762,598,1254,1433,511,378,3464

test suite190
bestAPFD:0.916051
bestSuite:1854,3819,2763,3175,4111,4093,1729,82,2114,1043,3020,3048,3657,789,3332,2983,964

test suite191
bestAPFD:0.914537
bestSuite:1908,2375,3298,670,2953,4108,3919,1362,4074,2238,54,1954,2545,690,2902

test suite192
bestAPFD:0.925627
bestSuite:2986,3669,1724,2964,2256,4119,301,3344,2514,3534,920,556,1861,3145,2683,20,1333,3660

test suite193
bestAPFD:0.922036
bestSuite:3292,2363,2375,3050,4122,4093,3796,3825,1815,934,3672,3450,3218,1855,1614,2956,984,452,2959

test suite194
bestAPFD:0.914969
bestSuite:3292,2473,2514,3341,223,3581,4123,4097,1502,2619,1913,2076,511,692

test suite195
bestAPFD:0.846931
bestSuite:3580,2967,3888,3594,2439,2338,1871,1731,1704,2073,308,3209,3752,3923,2089,4109,2288,4084,1306

test suite196
bestAPFD:0.919488
bestSuite:1947,3688,2568,3399,4118,4095,3223,2490,3425,3636,2092,1871,1870,1976,3306

test suite197
bestAPFD:0.908966
bestSuite:1947,4042,2372,2610,4097,4126,3239,2275,2759,2789,691

test suite198
bestAPFD:0.907120
bestSuite:1908,2114,4091,2731,260,3765,2031,1724,2749,3033,3126,4123,40,2469,3454,1087,1481,1329,2537,3800

test suite199
bestAPFD:0.923872
bestSuite:2986,2117,4109,2083,3051,4087,2864,2953,2602,3932,2938,1440,2779,3726,2471

test suite200
bestAPFD:0.889784
bestSuite:2084,2716,3644,1902,1471,2987,3000,2211,2926,3669,2358,4126,4057,4074,843,3713

test suite201
bestAPFD:0.915315
bestSuite:1947,2186,3987,99,1689,4125,3753,4096,2386,923,859,2625,3439,1014

test suite202
bestAPFD:0.882238
bestSuite:1910,2182,2982,1860,3510,3683,2246,4062,4084,2749,1827,4116,2071,1166,118,3714,3204,3609

test suite203
bestAPFD:0.920414
bestSuite:1947,2037,4084,3910,2246,4107,3757,3557,1974,2839,130,3233,1933,3351,3146,1432,3113

test suite204
bestAPFD:0.909452
bestSuite:1908,3014,2864,411,4108,2953,223,3987,4093,749,1768,1290,2560,2839,3515,275

test suite205
bestAPFD:0.920715
bestSuite:1947,3283,3683,3976,3910,4077,4108,3250,3100,777,3809,141,497,3797,1467,3934,1307,3605

test suite206
bestAPFD:0.920557
bestSuite:2986,391,3198,2696,4119,3137,4083,2559,3124,1693,2997,638,3262,78,1951,1360,3026,1199,1970,2261,3037,901

test suite207
bestAPFD:0.864920
bestSuite:887,2141,3767,2926,2839,3581,2970,3527,2799,532,2449,4103,2964,659,291,3702,3195,938

test suite208
bestAPFD:0.909217
bestSuite:2222,4042,2084,3883,1840,93,4095,4125,3623,564,2637,2089,3191

test suite209
bestAPFD:0.919239
bestSuite:3292,1742,2604,3332,224,4113,1986,3922,4081,2351,3649,596,3852,2931,3402,1796,2523,2888

test suite210
bestAPFD:0.914589
bestSuite:1618,2363,3112,4120,2731,223,4085,3623,2860,3942,3834,743,1717

test suite211
bestAPFD:0.919893
bestSuite:1658,4006,589,2016,4127,4095,3185,3576,4068,3252,791,3699,2360,1569,1117,2671,2505

test suite212
bestAPFD:0.922413
bestSuite:1618,2363,3626,4125,412,4084,3087,1972,1539,1466,2921,1470,3653,4,3624,1282,2127

test suite213
bestAPFD:0.917653
bestSuite:2222,2696,3223,2941,3332,4079,4122,224,2660,3859,3367,2410,2584,3870,857,24,1370,1381,3247

test suite214
bestAPFD:0.880872
bestSuite:1671,2634,2514,2926,2512,2707,4086,290,3561,4121,1362,2501,746,980,3346,1509

test suite215
bestAPFD:0.920288
bestSuite:1618,4006,2844,4096,3050,4108,1879,1727,1579,4040,2862,2839,3701

test suite216
bestAPFD:0.917864
bestSuite:3292,797,3913,2269,4110,3979,4094,2783,743,2835,2970,2929,2690,3165,613,2989

test suite217
bestAPFD:0.918218
bestSuite:3292,1699,1526,2514,4089,2749,4103,3449,2114,2698,2796,829,2687,3570,2137,1131,3356

test suite218
bestAPFD:0.918427
bestSuite:3292,3644,3883,4119,1647,3940,4074,3283,4069,924,3469,2684,1968,937,799,1356,1762,2196

test suite219
bestAPFD:0.892685
bestSuite:1463,2769,3101,1818,2789,4129,2376,4086,1555,224,3766,70,424,151,3071,1774

test suite220
bestAPFD:0.912059
bestSuite:1947,3803,3268,2574,4102,570,1831,2711,3891,3304,1864,4038,2458,1939,1849,1676,4099

test suite221
bestAPFD:0.919108
bestSuite:3292,3808,3187,2315,4089,2844,4110,3343,3764,1713,794,1995,2335,1633,1612

test suite222
bestAPFD:0.922640
bestSuite:1618,2037,3803,3352,4089,4104,4046,3855,3222,341,1010,322,1884,818,964,597

test suite223
bestAPFD:0.918996
bestSuite:3292,3655,2839,811,2436,4130,3352,4087,2395,2071,3006,2500,3272,417,457,2802,976,667,2810,1241,1877

test suite224
bestAPFD:0.914095
bestSuite:2637,1658,4042,2077,1587,4074,149,2010,4125,4038,2665,286,1009,1930,3624,3808,1080,2454,3534

test suite225
bestAPFD:0.914091
bestSuite:3565,1618,3788,4106,3910,2509,4080,3319,2950,3694,826

test suite226
bestAPFD:0.926266
bestSuite:1618,3688,2729,4086,4124,1007,2073,828,2783,1744,2773,2513,2023,1469,2795,2207,3053,2602,422

test suite227
bestAPFD:0.915548
bestSuite:3565,2568,2988,2926,3470,4092,3056,4128,589,1840,3197,3064,2374,3947,3531,1754,958

test suite228
bestAPFD:0.923770
bestSuite:2222,3565,2749,4094,3438,4107,751,3681,2271,2570,676,992,3243,1624,3870,1017,3705,2820,2240,1800

test suite229
bestAPFD:0.888005
bestSuite:1463,2450,3656,1896,93,2533,4075,4130,3734,1903,1770,3692

test suite230
bestAPFD:0.921020
bestSuite:2786,1658,2729,3421,4096,681,2080,4124,2064,3378,2968,1674,1919,2576,3812,660,85,4017,709,3624

test suite231
bestAPFD:0.918440
bestSuite:1947,3205,2147,2474,4121,93,759,4096,2716,1796,3032,424,625,106,3552,1530,130

test suite232
bestAPFD:0.917564
bestSuite:1618,3101,2291,2598,4078,3957,4126,1595,3636,225,3316,3918,1078

test suite233
bestAPFD:0.918081
bestSuite:1908,3343,2375,4086,2729,4105,3966,2092,2973,3497,2872,925,1606,2455,1693,240,3559,1021,1629,2061,1686

test suite234
bestAPFD:0.916361
bestSuite:2181,1830,3669,3332,3752,3928,4072,2221,4112,3533,1829,273,3832,3599,1711,2020,384

test suite235
bestAPFD:0.916017
bestSuite:3678,1487,3268,1724,4113,3979,2926,4093,3225,3069,727,131,2325,3369,2439,969

test suite236
bestAPFD:0.925144
bestSuite:2986,2915,3577,3860,4098,4130,2425,897,3033,3942,3904,811,1678,2484,1158,912,3473,1621,1922

test suite237
bestAPFD:0.920702
bestSuite:3292,2729,2716,149,4084,4014,4105,2492,1810,2567,2377,2327,3419,1605,2547,2254

test suite238
bestAPFD:0.921223
bestSuite:2222,3803,3808,2639,4110,4075,468,1473,1603,1262,460,995,1728,1,2845,3020,1500,3897,2781

test suite239
bestAPFD:0.883855
bestSuite:3033,2926,2568,2716,24,3440,1239,93,4093,1951,2596,1728,1168,4123

test suite240
bestAPFD:0.925244
bestSuite:1618,3688,2502,4104,4091,1849,2194,3496,3268,1815,3792,1952,69,1846,783,2692,3596

test suite241
bestAPFD:0.873915
bestSuite:3780,693,3313,3752,2860,2246,505,3490,2779,2321,3911,4046,4079,1799,4112,294,2594

test suite242
bestAPFD:0.902510
bestSuite:2597,3033,3438,2926,3527,1215,2964,3220,4125

test suite243
bestAPFD:0.917349
bestSuite:1908,3008,2729,4077,3940,3387,4124,330,2527,1548,1720,1858,2080,2196,1848,1676,3234

test suite244
bestAPFD:0.918542
bestSuite:1854,3283,2953,2598,4097,4103,2292,587,762,3182,3447,2585,3231,1571,2269

test suite245
bestAPFD:0.921273
bestSuite:1618,4042,3033,4115,3527,1617,4086,1789,1738,2204,2840,2531,2249,3017,404

test suite246
bestAPFD:0.902266
bestSuite:2731,3268,835,3688,1939,3403,522,3752,4123,4090,3768,3290,2590,1198,1951,684

test suite247
bestAPFD:0.914905
bestSuite:1908,848,2336,3285,2512,311,2021,4091,4130,2830,2283,2371,4041,3144,1268,2966,871,1221,1690,1828

test suite248
bestAPFD:0.919457
bestSuite:2222,3313,3051,2281,3577,4087,4122,3506,2858,3675,2471,3210,1985,2109,2439,137,214

test suite249
bestAPFD:0.919728
bestSuite:2222,3456,2338,391,1422,4073,4127,2677,3732,3447,739,1039,2790,2866,87,1470,3258

test suite250
bestAPFD:0.899862
bestSuite:2509,2215,3251,646,4080,2926,3510,484,2243,970,1478,1217,633,456,334,3406,2056,1608,4112

test suite251
bestAPFD:0.920932
bestSuite:2222,2786,3808,3303,1526,4080,3681,485,4109,1667,2981,3702,975,1897,3765,641,3605,267

test suite252
bestAPFD:0.909041
bestSuite:1854,3510,308,314,2291,4104,1928,4097,3843,1751,892,679,2845,2322,641,312,916,3262,2250

test suite253
bestAPFD:0.922802
bestSuite:2181,1463,3476,3688,4094,3071,4114,3782,1480,3848,980,97,1530,3642,1988,2217

test suite254
bestAPFD:0.901136
bestSuite:3860,3778,709,2269,3788,2926,4117,3623,280,4074,1884,2668,3935,3958,2194,1955,1180,2171

test suite255
bestAPFD:0.918404
bestSuite:1947,2363,93,2964,3459,1990,4106,2624,1812,682,3369,2083,35,1635,2269,1445

test suite256
bestAPFD:0.915085
bestSuite:2222,2788,4056,2338,3819,4107,290,1662,4082,3993,2843,1088,2458,695,2417

test suite257
bestAPFD:0.921116
bestSuite:2222,3175,2716,4108,4090,3979,2775,3432,2425,688,1713,2586,1148,3032,2040,3600

test suite258
bestAPFD:0.912100
bestSuite:1947,3101,4116,3198,4095,3803,3940,2013,779,3339,1720,2525,3501,778

test suite259
bestAPFD:0.884857
bestSuite:1463,2502,2509,847,4078,3020,82,4111,3236,2971,2842

test suite260
bestAPFD:0.925260
bestSuite:2986,3565,3888,82,4074,4111,2346,2567,3632,3720,942,3215,4063,1634,1522,3055,1180,1134,1224,647

test suite261
bestAPFD:0.908165
bestSuite:3576,4006,1463,223,2173,1391,924,4,2964,2926,4117,2197,2017,3341,1430,1753,2309,2780,2602,2376,1150,3490

test suite262
bestAPFD:0.899326
bestSuite:4006,1463,4068,3033,4077,2650,2834,2193,778,4071,1960,4120

test suite263
bestAPFD:0.920812
bestSuite:2222,3979,2502,3459,4115,2338,3887,1938,4099,2632,2327,2815,2903,3426,3969,2287,1501,3218,3607,2562,3720,833

test suite264
bestAPFD:0.908377
bestSuite:1758,2515,2926,3527,2512,2271,4090,1669,4130,21,797,2761,1975,1169,117,2486,909,1436,404,1347,3980

test suite265
bestAPFD:0.919497
bestSuite:1854,4006,55,4096,2037,4108,3719,714,1824,2974,2716,3858,2241,2124,3784

test suite266
bestAPFD:0.914727
bestSuite:1908,3940,2729,2084,2500,4077,4120,1832,2513,1496,1587,865,3398,1252,3703,2966

test suite267
bestAPFD:0.916103
bestSuite:1854,2788,2925,4084,4121,3112,2610,707,3712,3064,3996,3351,2333,2971,1278,1799,177,1252

test suite268
bestAPFD:0.915915
bestSuite:1908,3688,3577,1579,2092,2415,3519,4102,4096,2751,754,3367,2017,2711,2724,3654,2458,2086

test suite269
bestAPFD:0.919757
bestSuite:1618,3421,2450,3515,3527,4099,4119,828,626,2394,1720,2050,1884,3551,2067,3332,574,1428

test suite270
bestAPFD:0.919812
bestSuite:2222,3979,3655,2166,4125,3332,4088,848,2178,3314,4055,1913,2248,2910,1162

test suite271
bestAPFD:0.918151
bestSuite:3292,2083,1790,3577,4096,3472,4107,603,3230,3847,743,2372,1007,2503,864,113,2983,1829

test suite272
bestAPFD:0.914065
bestSuite:1618,2604,3165,2598,4100,2933,4128,1675,2417,2773,3997,1849

test suite273
bestAPFD:0.878828
bestSuite:4006,1666,3347,3510,739,3004,322,2926,4076,3797,4129,3854,2155

test suite274
bestAPFD:0.887224
bestSuite:2572,2155,2502,3387,1682,99,2356,2926,4081,4129,743,2754,407,2526,3696,1282,36,1388,513,1071,843

test suite275
bestAPFD:0.920787
bestSuite:3292,3732,2092,4084,4109,3403,3340,2469,2922,3860,290,1435,1638,2274,3546,1759,1798

test suite276
bestAPFD:0.924059
bestSuite:3292,3565,2696,4072,2650,4115,3740,2425,3457,3223,3282,1834,3251,1944,3129,978,531

test suite277
bestAPFD:0.914974
bestSuite:1908,3191,1526,3032,2316,4073,55,4119,752,1750,3332,2389,2320,664,516,3700,898

test suite278
bestAPFD:0.923089
bestSuite:2986,2757,2953,589,2077,4122,4096,3601,2527,3808,1865,135,3470,1980,2521,97,1251,2310

test suite279
bestAPFD:0.905039
bestSuite:1908,3403,3421,2080,589,3345,164,4117,1376,4085,1449,3028,3716,1619,2185,2120

test suite280
bestAPFD:0.915502
bestSuite:1618,3458,2480,4126,311,4072,3256,740,816,3313,3409,2420

test suite281
bestAPFD:0.923370
bestSuite:2986,4061,2729,4101,4089,1677,3940,3774,1687,3112,3000,1188,414,1880,1831,2548,1528,2188,2347

test suite282
bestAPFD:0.920789
bestSuite:3292,2174,3731,3510,2474,4076,682,4113,2500,3804,1389,1655,3130,2501,2436,1769,1579,946,509,3177,1370,1350,4060

test suite283
bestAPFD:0.921500
bestSuite:1618,3644,4008,55,4123,4078,3520,1926,3450,2367,3273,3956,805,2709,3492,400,3605,3613

test suite284
bestAPFD:0.916069
bestSuite:1658,2372,3803,1510,4077,3051,3561,4116,702,2500,2011,3757,1606,2119,3534,3373,3491,218,3043,2546,3285

test suite285
bestAPFD:0.917890
bestSuite:1618,2568,3421,4083,2527,1603,4114,99,917,1509,2193,2935,91,1539,3633,2006,1522

test suite286
bestAPFD:0.922380
bestSuite:3292,3112,4102,3051,3803,3101,4086,2601,3754,3805,4021,926,3469,1012,1836,2795,4023,575

test suite287
bestAPFD:0.916441
bestSuite:2222,3187,2515,3393,3334,4106,4090,3352,2439,3504,868,23,440,1332,1980

test suite288
bestAPFD:0.905154
bestSuite:3860,3050,1757,4042,1815,3683,4101,3529,4096,636,2204,1937,3198,2868,3549,566,1943

test suite289
bestAPFD:0.917861
bestSuite:1947,3825,2083,646,3803,4077,4107,1669,874,2809,744,761,3847,3708,3514,4005,2766,3689,3763,2888,3231

test suite290
bestAPFD:0.852618
bestSuite:2926,3624,1776,2092,1949,707,570,2291,1904,1099,4111,2271,3138,1542,2964,3619

test suite291
bestAPFD:0.911369
bestSuite:1658,2533,3905,4073,2675,3940,4113,826,3268,1506,879,906,284,3208,3927

test suite292
bestAPFD:0.918914
bestSuite:1947,3223,4074,2246,2650,4109,3447,3671,3115,2092,901,3938,3078,1452,2754,530,4025,2600,2040,1935,732

test suite293
bestAPFD:0.904784
bestSuite:1658,2604,3757,1009,4074,646,3131,996,4118,2076,3984,2478

test suite294
bestAPFD:0.917467
bestSuite:1658,3883,1724,224,4118,2174,4097,3502,1896,3274,2389,840,1984,373,3423,3765

test suite295
bestAPFD:0.912761
bestSuite:1658,3819,4082,3149,1724,3882,4110,3911,2148,2067,1793,4060,1716,2931,1585,3510,1084,3002

test suite296
bestAPFD:0.907452
bestSuite:1658,2650,3091,3891,2376,4077,4129,539,3481,1596,1338,1410,1249

test suite297
bestAPFD:0.911692
bestSuite:3292,2839,1724,93,1712,4119,2121,2216,3552,2665,980,1960,3516,4079

test suite298
bestAPFD:0.918314
bestSuite:3292,1911,3398,3655,82,2260,4075,2215,2559,1797,2406,2011,3174,3208,1827,271,3948,2180,3914,4128

test suite299
bestAPFD:0.866875
bestSuite:3784,3863,2269,4042,450,3552,2749,3269,1161,2926,4087,2866,4114,1676

test suite300
bestAPFD:0.918004
bestSuite:1658,4006,2375,4110,4076,2367,1604,3229,2157,2769,2573,305,1003,3294,2984

test suite301
bestAPFD:0.909621
bestSuite:2222,4100,224,2839,3577,2365,1193,957,3222,4120,213,1913,3198,1464,1860,2081,1472,2551,1135,547,3462,653

test suite302
bestAPFD:0.885211
bestSuite:3576,3268,3976,3882,1421,3752,694,2097,3686,3940,4107,568,2964,2312,3531,1013

test suite303
bestAPFD:0.895080
bestSuite:2768,3683,1771,224,3438,3294,3510,4098,1920,4114,2633,2952,1399,3639

test suite304
bestAPFD:0.924185
bestSuite:2986,2786,2246,4088,4116,3510,2639,832,1761,3587,2811,235,2578,1360,1835

test suite305
bestAPFD:0.904107
bestSuite:3855,3669,2356,2564,2926,4079,102,544,3199,3384,1687,744,3859,1608,96,3388,3743,4128

test suite306
bestAPFD:0.924664
bestSuite:3292,1658,2502,4092,99,4128,917,2531,3363,862,2601,271,368,3432,2207,3813,2427

test suite307
bestAPFD:0.911961
bestSuite:1854,2186,3527,2183,2170,2077,4086,3337,564,1617,3516,2487,3416,214,1166,3332,911,4109

test suite308
bestAPFD:0.883180
bestSuite:3033,2650,2376,3144,3892,4108,2558,1785,3752,2863,2602,3725,836,2964

test suite309
bestAPFD:0.923404
bestSuite:2986,3688,2953,3191,2964,4127,3337,2718,945,1831,3989,2083,2979,2077,1418,606,1103,3968

test suite310
bestAPFD:0.917623
bestSuite:2986,3684,4100,1526,2347,3527,4120,100,3269,2338,1771,2448,772,2274,1683

test suite311
bestAPFD:0.880704
bestSuite:3112,2926,3905,2778,2204,93,1980,1432,1288,2796,4080,4117,1589,419,3231,1304,2803

test suite312
bestAPFD:0.877271
bestSuite:2926,699,2117,2338,3181,3124,4084,307,3293,3493,2452,3472,3345,4114,1608,347,3623,1402,2556,828,1336

test suite313
bestAPFD:0.871989
bestSuite:2363,2866,1597,1776,93,3332,2926,3136,2084,1810,4087,3792,193,4111

test suite314
bestAPFD:0.912622
bestSuite:1908,3187,931,2514,4123,646,4095,312,3457,2151,966,2316,923,4009,1433,3805,3660

test suite315
bestAPFD:0.922284
bestSuite:2986,2182,3051,2788,623,4097,4129,1955,2697,3757,3676,295,792,2902,3961,1997

test suite316
bestAPFD:0.896873
bestSuite:3883,2380,3976,1781,3752,3521,1229,55,2770,4124,2675,3992,4079,994,13,1451,2757,2849,2416

test suite317
bestAPFD:0.902411
bestSuite:1463,2117,3476,4103,1596,1969,2599,55,4086,2602,1737,462,946,3582,869,1873,2485

test suite318
bestAPFD:0.905607
bestSuite:1908,2354,3472,2568,2231,4092,235,3503,4109,2146,626,1576,3155,1140,2447,2314,4046,1511

test suite319
bestAPFD:0.885186
bestSuite:3033,3662,713,3655,3338,2439,4075,1414,795,3688,3752,4108,2618,2328,3919,1673

test suite320
bestAPFD:0.919557
bestSuite:1618,3655,3695,4111,4095,2554,3540,2254,2514,2778,824,2282,2754,3800,1998,934

test suite321
bestAPFD:0.887785
bestSuite:3860,712,2902,3251,4097,3683,4130,843,2533,2633,2527,1027,630,1490

test suite322
bestAPFD:0.916004
bestSuite:1658,2117,3683,224,2104,2018,4109,2835,4095,1764,3685,1877,3150,797,1931,206,3605,3881

test suite323
bestAPFD:0.890501
bestSuite:2524,3796,1613,3738,1710,3752,4128,3910,3248,4081,790,3850,3736,2501,2473

test suite324
bestAPFD:0.917970
bestSuite:1658,2363,2925,2971,2610,4127,2837,4079,2839,20,1892,1761,1074,2549,1836,1133,1639

test suite325
bestAPFD:0.901452
bestSuite:3356,1724,2805,3894,3683,3332,3090,3911,4123,4085,921,2626,3393,1455,3105,2740,2560,340,1872

test suite326
bestAPFD:0.918817
bestSuite:2524,1854,3438,4112,4097,3343,3066,151,3702,1547,2486,3352,1262,3770,3065,2263,1587,2483,1504

test suite327
bestAPFD:0.903581
bestSuite:2986,3669,3976,2936,4098,4113,3275,3207,2973

test suite328
bestAPFD:0.920803
bestSuite:1618,2037,2449,3501,3352,4121,4088,658,2316,170,2269,1291,3993,1674,3144,3376,3893,1994

test suite329
bestAPFD:0.897172
bestSuite:3883,1772,4006,1986,3303,2273,4095,3752,1139,3352,4112,67,151,2028,874,3150

test suite330
bestAPFD:0.922467
bestSuite:3292,2375,3510,2564,2373,2492,4078,4127,1976,2182,3103,3192,2856,1985,1695,2023,1891

test suite331
bestAPFD:0.905327
bestSuite:1854,3979,2649,2788,4125,4089,3978,3054,2716,2082,1222

test suite332
bestAPFD:0.914620
bestSuite:2425,1854,741,4096,2554,2729,3989,4130,3389,2698,3901,2216,1631,655,1384,535,1826,675,3489,906,2534,3379

test suite333
bestAPFD:0.924830
bestSuite:1618,3688,4093,4115,3976,2165,3398,1675,3111,3144,1965,2643,896,4043,351

test suite334
bestAPFD:0.917670
bestSuite:2222,2601,1526,82,3600,2083,4120,2216,4082,2165,3830,1193,3441,961,3130,235,1475,1755,2635,622

test suite335
bestAPFD:0.917300
bestSuite:1658,2461,3788,93,910,2964,866,4117,2999,899,2071,3616,2847,369,1033,3376,1483,1538,3986

test suite336
bestAPFD:0.895101
bestSuite:1658,2621,2568,3472,2580,4091,4118,2847,793,3697

test suite337
bestAPFD:0.911929
bestSuite:1908,2533,3705,55,2500,3175,4095,4124,2901,664,3687,3683,2982,3560,1803,1552

test suite338
bestAPFD:0.866567
bestSuite:2264,2515,1493,1623,2796,3319,2696,1547,2610,3752,3478,1130,2627,4129,3867,4087,3178,1,2314,1688

test suite339
bestAPFD:0.917043
bestSuite:1947,2830,2953,99,4095,4121,3174,2509,862,2649,2229,3327,314,353,837,835

test suite340
bestAPFD:0.923415
bestSuite:3292,2568,2515,3732,4076,320,4121,3824,697,3531,3277,2216,1427,3197,1159,1672,1504,3166,1476

test suite341
bestAPFD:0.892087
bestSuite:3329,3683,2514,719,2604,3230,3303,82,2527,4130,3250,1532,2409,860,3412,1362,56,147,4076,133

test suite342
bestAPFD:0.895860
bestSuite:3033,2215,4128,2926,3577,775,308,2964,990,3258,3623,3296,773

test suite343
bestAPFD:0.920126
bestSuite:1947,3303,2524,2564,3352,4126,4091,3520,1577,2273,1015,1723,3536,3956,2829,62,3493,2836

test suite344
bestAPFD:0.880764
bestSuite:2502,1650,3808,1573,825,3101,4111,2853,391,2926,4100,238,714,2674,752,2759,722,1104

test suite345
bestAPFD:0.922193
bestSuite:2986,2336,2512,4091,2610,2138,2656,4113,2338,1757,1693,2673,3921,603,2362,2756,3167,102,3058,2380,12,1768

test suite346
bestAPFD:0.915450
bestSuite:1618,3581,2271,3472,2788,4085,4101,2781,732,1928,1464,2996,805,2587,2894,440

test suite347
bestAPFD:0.909450
bestSuite:1908,2186,3272,1884,2847,4096,739,570,3520,4128,3677,3826,704,1606,2285,726

test suite348
bestAPFD:0.915176
bestSuite:1658,3979,3251,3268,4083,4123,2472,4038,1982,676,3225,766,2028,1944,3452

test suite349
bestAPFD:0.916756
bestSuite:3565,2147,3175,3752,2610,2155,4121,752,990,4092,3340,2281,3758,1135,2603,2537

test suite350
bestAPFD:0.920396
bestSuite:1618,2117,4072,2926,3051,966,4108,3318,221,3658,1879,863,1317,3955,1746,2420

test suite351
bestAPFD:0.916426
bestSuite:2222,3332,2752,4111,2363,3165,3906,3732,3624,4089,109,3250,935,2637,242,1926,3834,1688

test suite352
bestAPFD:0.914961
bestSuite:1947,3364,4114,2291,2500,2330,224,4088,1822,3200,2004,1334,3804,2910,2825,2854,63,1793,2902,3617

test suite353
bestAPFD:0.919669
bestSuite:2222,3459,3187,2830,3848,2598,2964,3058,4114,3601,3203,2560,1827,2956,2570,558,1782,3441,821,3658,2160,3751

test suite354
bestAPFD:0.910950
bestSuite:1908,3249,2336,3655,4095,55,4112,3239,3033,1482,3695,2368,2360

test suite355
bestAPFD:0.918706
bestSuite:1854,3796,4091,4119,3175,1480,3910,3213,890,3572,1610,2559,2127,186,2515,924,624

test suite356
bestAPFD:0.926077
bestSuite:2222,3033,2450,55,4083,4120,1500,3341,700,858,3618,620,1282,2607,3485,2041,1544,2205,1018,1290

test suite357
bestAPFD:0.917143
bestSuite:1854,2568,2084,4094,3938,4111,149,3005,3995,3050,3032,3320,3874,3384,896,624,3984,750,3873,920

test suite358
bestAPFD:0.921883
bestSuite:1618,2842,3905,3527,4103,4076,951,3522,3268,3342,3388,815,1586,1617,1482,3552,744,2825,2141

test suite359
bestAPFD:0.880828
bestSuite:2601,2716,3914,2512,629,1509,818,3683,2421,391,1781,313,3420,4095,4108,1806,1195

test suite360
bestAPFD:0.919327
bestSuite:1854,3303,4115,3803,2749,2526,4077,854,3249,2866,651,1978,161,1910,1346,1841,2557,3164,3231,3431,2276

test suite361
bestAPFD:0.919585
bestSuite:2222,3099,1658,4113,4077,3175,982,3732,1840,4046,3580,1847,2059,1824,4062,1800,2553,2296,1036

test suite362
bestAPFD:0.914766
bestSuite:3565,3471,2729,909,2926,4094,2554,4108,3636,2080,2559,3498,663,669,1623

test suite363
bestAPFD:0.916527
bestSuite:1947,3883,3051,2953,3191,4093,4123,2084,3461,3480,3231,932,2455,3298

test suite364
bestAPFD:0.908084
bestSuite:1658,3686,468,4102,2568,4074,2938,2205,1693,1787,2318,1055

test suite365
bestAPFD:0.907532
bestSuite:1854,2155,2729,3975,2842,739,1653,4092,2910,4118,2714,3180,3862,1796

test suite366
bestAPFD:0.872830
bestSuite:3892,3112,3888,3561,2724,887,4100,3624,2926,2706,570,2087,4125,122,2889

test suite367
bestAPFD:0.926562
bestSuite:2222,3688,2839,4006,4098,4110,2757,2966,2573,1944,1927,820,2213,695,1905,944,2139,3605,1254

test suite368
bestAPFD:0.912619
bestSuite:1658,2649,3644,93,4124,979,34,3021,4084,785,3883,1066,4070

test suite369
bestAPFD:0.919328
bestSuite:1854,3688,3456,4107,4077,2942,3625,591,2902,1425,3705,2927,3946,3501,2810,1704,1697,596,1322,2961,1238,1071,3523

test suite370
bestAPFD:0.924434
bestSuite:2222,3979,2830,2376,4093,2527,4113,2561,2627,1353,1545,523,1855,1728,1428,207,3911,676,3663,804,2243

test suite371
bestAPFD:0.923394
bestSuite:2222,3688,2450,2269,2089,4097,4123,3988,1575,330,2801,759,3666,283,2274,3537,3786

test suite372
bestAPFD:0.914888
bestSuite:1947,312,3577,2785,1841,224,4098,922,4128,2275,3003,2101,3582,1421,1844,680,2793,3573

test suite373
bestAPFD:0.917073
bestSuite:2524,1947,4088,2186,224,3334,4105,2248,1823,2993,1644,2622,755,2569,1092,552

test suite374
bestAPFD:0.917343
bestSuite:2222,2474,1618,3287,2634,4087,1427,308,4106,2527,1434,3065,1242,3802,2419,3344,2157,2827,2414

test suite375
bestAPFD:0.917825
bestSuite:2222,3456,2515,3732,213,1668,4084,4121,2170,3501,1726,2121,1633,2113,1294,2664

test suite376
bestAPFD:0.922824
bestSuite:3292,1947,2610,4092,2246,3266,4130,2834,4046,2604,1936,655,3457,701,2288,1847,2042,1329,3104

test suite377
bestAPFD:0.900476
bestSuite:1854,2749,2509,3014,1724,1791,1777,4073,2417,4102,4028,768,1865,3842,3419

test suite378
bestAPFD:0.908236
bestSuite:1658,3268,896,2788,3360,4011,589,2964,3487,547,1692,3662,2183,1486,2281,701,4126

test suite379
bestAPFD:0.892353
bestSuite:1463,3802,2450,4084,2362,4122,3007,1797,3780,2368,3332,2844

test suite380
bestAPFD:0.923046
bestSuite:3292,2450,2515,4097,3979,3626,4107,2121,2638,2732,2683,3296,847,3870,3466,2458,488,3056,1973,3631

test suite381
bestAPFD:0.918345
bestSuite:1947,2336,4099,2844,2502,3737,4129,2387,3943,668,513,4032,2828,3296,3079,3231,1775

test suite382
bestAPFD:0.876242
bestSuite:2601,3033,1998,3456,1974,3683,3213,3472,4096,3500,4111,3164,2804,3378

test suite383
bestAPFD:0.883893
bestSuite:4039,2194,2083,3030,2474,1843,1198,1535,3752,2598,4030,2307,2251,4110,4069,3054,4095

test suite384
bestAPFD:0.914080
bestSuite:1658,4007,2492,2964,311,2568,705,4103,1597,2060,2804,1672,1584,722,1460,2134,3349

test suite385
bestAPFD:0.917871
bestSuite:2222,3050,2564,4094,3922,3472,2714,2728,4117,3785,3945,3502,995,1722

test suite386
bestAPFD:0.904384
bestSuite:3417,1658,311,3876,3655,2150,4122,4072,2273,2406,3439,3725,1475,2061,1242

test suite387
bestAPFD:0.893579
bestSuite:1463,3251,2177,2527,4101,2233,698,2554,3848,864,1731,2915,1100,4097,334,774,2412,1489

test suite388
bestAPFD:0.918964
bestSuite:2222,3803,3268,391,1423,4073,4109,608,2372,924,1726,2160,3663,970

test suite389
bestAPFD:0.919806
bestSuite:1658,3892,2953,55,4081,2524,2660,4117,3347,3572,963,2491,1313,2951,3342,2676,292

test suite390
bestAPFD:0.897707
bestSuite:3234,2650,3683,2953,955,3033,1849,4123,4098,1055,3887,1555,2809,561,2525,1485

test suite391
bestAPFD:0.917258
bestSuite:1908,3421,3860,2480,2694,4128,4084,2849,2275,253,2374,1512,3349,3962,4040,1306,1861

test suite392
bestAPFD:0.871990
bestSuite:2363,3343,2092,3919,2415,1290,2732,1765,223,4074,3752,3351,4125,3900,1112,1905

test suite393
bestAPFD:0.858389
bestSuite:3683,2174,2515,3133,1813,1403,2788,3527,34,4101,2573,4077,1431,2330,56,2880,2589

test suite394
bestAPFD:0.904855
bestSuite:2697,3796,2291,3725,3510,3683,1559,646,1470,4096,543,4125,4061,1554,2693,2490

test suite395
bestAPFD:0.915251
bestSuite:2786,3337,3683,2480,2356,3854,2964,4121,1943,2705,603,2756,2298,2020,3427,1012,912,1458,3566

test suite396
bestAPFD:0.891420
bestSuite:1463,2512,2399,3066,2454,2417,149,4101,1451,4087,986,978,3725,2926,232

test suite397
bestAPFD:0.878817
bestSuite:3528,2564,708,2902,1845,3752,2658,4081,4116,2177,149

test suite398
bestAPFD:0.841321
bestSuite:3175,3483,2669,1660,843,3510,867,773,997,1553,2547,4079,149,4047,3752,2871,3364,2247,4105

test suite399
bestAPFD:0.890976
bestSuite:2834,1804,3752,3808,2554,4073,4124,2773,1792,2677,3675,1687,3819,411,3281,2617,2376

test suite400
bestAPFD:0.909668
bestSuite:1908,3565,3577,4091,2072,468,4115,637,900,687,3407,2085

test suite401
bestAPFD:0.913560
bestSuite:2786,1658,3223,4082,4105,2502,3247,1615,2752,3112,1076,3088

test suite402
bestAPFD:0.922029
bestSuite:2166,1947,3456,4077,3979,436,4110,400,3112,3729,2100,3174,1941,3400,3246,1457

test suite403
bestAPFD:0.915054
bestSuite:2986,2246,3066,1543,2598,4107,4100,1888,2584,1795,1959,807,672,3386,2469

test suite404
bestAPFD:0.905267
bestSuite:1658,312,2115,3803,1525,646,4085,1559,2414,720,1457,805,3564,1553,1201,3705,3332,4109

test suite405
bestAPFD:0.917321
bestSuite:1908,3694,3187,3334,3472,4074,4112,701,2347,3921,3454,1662,2515,2630,705,804,225,820,1917

test suite406
bestAPFD:0.922701
bestSuite:1618,3860,2186,4095,3838,4110,3941,3011,1517,756,3266,3223,1735,3746,3605,2515

test suite407
bestAPFD:0.889842
bestSuite:2842,1502,2926,3332,1526,4097,1239,3425,2336,2610,4108,341,1523,24,2975,1290,2539,3682

test suite408
bestAPFD:0.888771
bestSuite:3476,1875,3352,2634,3438,4058,2399,4095,734,3752,2078,4113,3318,3808,3885,2587,526,2987

test suite409
bestAPFD:0.886676
bestSuite:2524,2783,2502,3979,1518,3533,4111,3752,3907,3428,4095

test suite410
bestAPFD:0.911841
bestSuite:3565,2564,673,3910,3524,1463,4082,4108,755,3695,3792,2531,750,3273,34,849

test suite411
bestAPFD:0.919205
bestSuite:1658,3223,2363,412,4129,4081,3993,3247,3808,3926,2525,119,3956,1852,2495,826

test suite412
bestAPFD:0.920250
bestSuite:2786,1463,3639,2449,4079,4121,2716,97,3662,3891,349,2441,1529,2469,2197,3136,1659

test suite413
bestAPFD:0.914584
bestSuite:1658,3979,2863,3888,4078,3003,2599,4102,670,2213,1926,3514,2508,2605,209,531,2092

test suite414
bestAPFD:0.915897
bestSuite:1658,2524,3456,2650,4119,2634,4079,3200,1201,1736,3632,2858,2241,2199,2664

test suite415
bestAPFD:0.865528
bestSuite:3476,1707,3124,3872,3913,939,899,3683,4110,2599,2554,1486,4098

test suite416
bestAPFD:0.917511
bestSuite:2786,1854,4086,3251,3090,4126,840,1811,3398,3743,540,1732,2018,719

test suite417
bestAPFD:0.904050
bestSuite:1908,2182,2512,3581,2933,391,2331,4098,3077,2741,4125,3996,926,417,2283

test suite418
bestAPFD:0.916827
bestSuite:3292,1555,2083,308,3605,3788,4130,2815,4099,3601,1002,2194,3725,2148,751,1984,81,3999

test suite419
bestAPFD:0.920992
bestSuite:2986,2377,3644,953,4125,4093,2120,3051,1777,1794,2313,1803,1015,2296,1938,3804,3332,1139,249,2322,1387,2108,3072

test suite420
bestAPFD:0.922642
bestSuite:3292,3808,3051,2568,4078,4107,3383,2684,436,1750,2775,2997,957,2959,856,2223,3230,3467,3595,3357

test suite421
bestAPFD:0.896648
bestSuite:2509,3356,3976,2926,2572,2083,290,946,4101,514,4085,1898,634,3444,2187

test suite422
bestAPFD:0.921605
bestSuite:3292,3808,3860,4109,3913,2825,4087,2707,4046,3691,3163,2605,738,1592,1814,1878,2868,203

test suite423
bestAPFD:0.917720
bestSuite:2986,2494,3403,3943,2554,4087,1853,4105,573,3232,679,3112,1647,699,3552,3324,944,3816

test suite424
bestAPFD:0.910187
bestSuite:2082,3251,1463,149,2830,4109,1795,3774,4091,3522,3376,3919,3566,1576,665,1322,1837,1522,204,209,1250,1712

test suite425
bestAPFD:0.905463
bestSuite:1854,3050,2788,3568,2425,93,4123,3323,2200,4072,1668,3049,1687

test suite426
bestAPFD:0.920500
bestSuite:3678,1463,4079,1526,99,4128,3502,2107,3772,2095,2092,2577,1459,225,1777

test suite427
bestAPFD:0.923101
bestSuite:2986,3576,3888,2610,4104,4072,865,1572,3328,3545,2092,344,2526,2999,3629,1396,193

test suite428
bestAPFD:0.893947
bestSuite:1908,3513,864,2647,1978,2480,2830,4083,99,1514,1581,4126,2509

test suite429
bestAPFD:0.896623
bestSuite:3731,2926,3887,4125,2194,656,3332,3803,4083,3480,518,670,999,2872,880,710,2242

test suite430
bestAPFD:0.870670
bestSuite:2973,4069,3250,3683,2658,3808,3456,1577,290,4095,1554,4126,698,3146,3592,3912,190

test suite431
bestAPFD:0.923045
bestSuite:2597,3175,4122,1908,99,3398,4097,2684,3495,2430,1735,2833,1931,1769,354,3992,2566

test suite432
bestAPFD:0.920499
bestSuite:1947,2634,3655,3979,4115,3775,1021,4075,45,3398,916,123,3296,1604,4058,2682,1757

test suite433
bestAPFD:0.919860
bestSuite:1854,4006,4106,99,2658,1562,4098,2101,3200,883,1008,639,3632,974,494,3171,182

test suite434
bestAPFD:0.917767
bestSuite:3292,2215,2356,4078,2953,3910,4104,2847,3830,3343,3862,630,934,31,2076,2966

test suite435
bestAPFD:0.915885
bestSuite:3292,2181,704,570,2083,4091,2752,4124,2649,3531,3956,1440,482,709

test suite436
bestAPFD:0.914757
bestSuite:2181,3883,2375,3740,2926,4117,4089,589,2293,560,3530,785,1089,3673

test suite437
bestAPFD:0.885225
bestSuite:3497,2514,1717,2860,3683,1724,739,4085,4123,2177,1162,1285,1974,1503,3545,2482,3452,3906

test suite438
bestAPFD:0.924450
bestSuite:2986,2473,3050,4092,646,4126,2684,1859,2840,3819,1449,3931,1242,1515,1508,3034,1408,3804

test suite439
bestAPFD:0.889246
bestSuite:1463,2092,1004,1979,3433,3010,2474,3998,2367,4098,135,1428,82,752,4102,268,1580,3209,1338,1289,1197

test suite440
bestAPFD:0.868234
bestSuite:3976,3483,2925,1784,1915,1689,699,2515,38,3472,4114,3023,3752,139,3847,3273,3174,3680,4093,267

test suite441
bestAPFD:0.900493
bestSuite:1812,3854,3644,1463,168,4081,3979,4115,52,3076,2021,1382,3207

test suite442
bestAPFD:0.919787
bestSuite:2986,2729,2098,4093,2092,468,3892,4107,3163,1936,3901,2128,1591,2864,3082,2510,1743,1224,2406

test suite443
bestAPFD:0.916412
bestSuite:1854,2117,4079,2375,3639,4104,2469,1692,2056,913,3110,2442,4071,1500,3651,2356

test suite444
bestAPFD:0.924767
bestSuite:2786,1908,3456,4122,3510,4073,1884,2461,833,2082,3136,674,3608,1246,1591,179

test suite445
bestAPFD:0.919980
bestSuite:1854,3860,4080,2480,4107,3283,3515,2356,2637,2879,1609,121,405,3834,229,3740,1642

test suite446
bestAPFD:0.917910
bestSuite:1854,3576,2729,4115,93,2092,4072,1560,429,3449,3692,968,3608,2868,3186

test suite447
bestAPFD:0.905520
bestSuite:2375,1658,2271,3621,1526,2379,1677,4084,2950,3198,4112,2269,1714,2140

test suite448
bestAPFD:0.916082
bestSuite:1618,3175,3676,3268,4128,3527,4088,2519,2379,3385,814,2064,2828,3822

test suite449
bestAPFD:0.910096
bestSuite:1854,3533,1005,3403,4125,3351,308,4084,2738,2684,3348,3844,2327,2177,3821,2179,1649,2304

test suite450
bestAPFD:0.917491
bestSuite:1908,2650,3503,2568,4097,4107,2495,3474,3412,925,4062,4020,2869,2083,493,1680,1291,125,2787

test suite451
bestAPFD:0.914951
bestSuite:3565,1854,2363,4092,570,4117,2705,1795,3384,3626,3846

test suite452
bestAPFD:0.918821
bestSuite:3292,3359,2480,224,2356,4083,4007,1894,4124,3000,1687,1501,3867,2663,2657,1909,3002,1193,2270

test suite453
bestAPFD:0.914758
bestSuite:1854,2621,3888,2844,4075,1841,4125,2061,3874,858,2673,1676,1382,1752

test suite454
bestAPFD:0.903133
bestSuite:1758,2926,3334,2083,3577,149,4072,1886,4103,78,3632,3138,2847,1710,2892,2011

test suite455
bestAPFD:0.922360
bestSuite:2597,4083,1658,3527,2480,4123,3305,3343,2864,727,311,3246,57,3116,3294,1432

test suite456
bestAPFD:0.919923
bestSuite:2639,1947,2788,3926,308,4122,4094,2378,324,2708,1771,1428,1829,3899,3231

test suite457
bestAPFD:0.920610
bestSuite:2986,3732,3891,2480,4107,4098,3522,3497,772,2151,2574,2325,3301,1939,1894

test suite458
bestAPFD:0.924407
bestSuite:3565,1854,2729,4115,93,2964,3223,2572,3570,3502,997,3877,1840,1512,1565,2756,3228

test suite459
bestAPFD:0.902140
bestSuite:2731,3731,4042,2515,4093,2926,4129,1809,1968,3479,2931

test suite460
bestAPFD:0.903907
bestSuite:3565,1618,2610,2953,4114,4078,843,972,3458

test suite461
bestAPFD:0.904237
bestSuite:1854,3528,3510,3976,4084,4110,739,3185,1110,493,3521,1810

test suite462
bestAPFD:0.915438
bestSuite:3528,1463,2564,3472,2077,4119,2064,4088,3410,2268,2561,3743,3944,2628,2902,2980,935,3673,2328,1000

test suite463
bestAPFD:0.916268
bestSuite:1908,4061,1877,1749,4124,224,2474,3763,4094,4063,2602,3505,848,3224,3013,2563,3834,906,218,2902,1437

test suite464
bestAPFD:0.920178
bestSuite:1854,3175,3688,4115,3639,4096,4062,3796,3203,2365,2823,1050,439,3931,2514,2313,1197,1064,512

test suite465
bestAPFD:0.900921
bestSuite:1463,3497,258,4091,3976,806,3940,2458,4123,1466,993,1449,2269,2708,4020,757,3095,1619,1311,45

test suite466
bestAPFD:0.912887
bestSuite:3565,2181,4075,589,1953,4123,2926,2037,1949,1766,3501,25

test suite467
bestAPFD:0.902983
bestSuite:2731,1985,3941,3752,2083,3577,468,4095,863,4123,2492,1713,3723,3144,1479,1743

test suite468
bestAPFD:0.913085
bestSuite:1854,2363,82,2064,3099,3855,4091,4111,3399,2083,2286,3040,1979,2056,3395,616,3314

test suite469
bestAPFD:0.924667
bestSuite:2986,2450,3732,4096,2925,4124,933,3681,3909,3299,1057,1809,1528,1820

test suite470
bestAPFD:0.915773
bestSuite:3292,2473,3883,1434,3669,4125,4092,3855,2372,3138,3261,3796,1704,3782

test suite471
bestAPFD:0.922544
bestSuite:2597,3644,1854,4076,1749,2469,589,2464,4128,2644,725,3774,1578,3895,2320,2328

test suite472
bestAPFD:0.919791
bestSuite:3292,1990,3883,3644,4108,739,1692,4098,925,1818,3691,2334,629,2685,1520,3670,500,443

test suite473
bestAPFD:0.886165
bestSuite:3050,962,2729,2209,754,3691,3383,2021,2554,3752,4090,1681,461,3792,4102,850,382,3982

test suite474
bestAPFD:0.922331
bestSuite:2986,4006,570,4107,2860,987,3808,4091,3569,3848,829,3707,2810,3778,1134,473

test suite475
bestAPFD:0.918539
bestSuite:2222,646,3398,3223,3803,4114,4094,1000,2111,627,3257,602,698,1571,3115

test suite476
bestAPFD:0.910030
bestSuite:1658,3270,3115,2480,3051,2337,4127,4073,2789,3734,2752,2716,2712,918,818,3980,36,3889,3957

test suite477
bestAPFD:0.893586
bestSuite:2254,3808,3683,4043,2376,1450,4098,2216,1654,3352,2156,920,1801,2712,2112,4108

test suite478
bestAPFD:0.907586
bestSuite:1908,2696,3259,2658,4121,1681,2612,391,4074,2270,1836,708,3376,2245,1512,3295,2173,1582,3332

test suite479
bestAPFD:0.926022
bestSuite:1947,3669,4087,2450,4129,3233,2973,3398,2006,3796,2914,2279,138,1078,926,711,3629

test suite480
bestAPFD:0.918821
bestSuite:3292,2512,3268,1901,4122,589,2174,4090,2527,2815,3745,3950,2669,3022,1996,148,3232

test suite481
bestAPFD:0.916802
bestSuite:1618,4021,2621,311,2449,4110,4082,3610,881,2439,3005,2340,1777,715,3398

test suite482
bestAPFD:0.915460
bestSuite:1854,2601,2512,3883,308,2964,3632,4124,2542,738,384,749,777,2968,2431,2488

test suite483
bestAPFD:0.922290
bestSuite:2181,1947,4121,3732,4088,2284,2214,2855,822,985,1949,3335,1774,3432,2548,2460,3174,392,466

test suite484
bestAPFD:0.925556
bestSuite:1618,3565,2564,4107,3669,4072,2435,2357,3111,3140,67,967,1945,3806,2612,1158,2991,955

test suite485
bestAPFD:0.908684
bestSuite:1947,3163,1794,468,2376,3940,4094,4130,3192,973,3210,3464,2720,1859

test suite486
bestAPFD:0.916504
bestSuite:1658,2502,3987,646,3027,4130,2270,4095,3004,613,231,1783,3404,2594,325,1806,1061,1316,414

test suite487
bestAPFD:0.913367
bestSuite:1908,2516,2644,4126,3403,2731,311,4090,1810,3006,2217,1922,742,2269,776,2893,2493,3326,2439

test suite488
bestAPFD:0.921016
bestSuite:2986,2505,2788,213,739,4074,3476,3105,3978,799,4122,1964,3712,1880,669,4052,1382,1999,3300

test suite489
bestAPFD:0.920929
bestSuite:1618,2731,4111,3187,82,4084,2431,3247,2931,3445,1697,2584,435,897,233,2188,2232,2515,567

test suite490
bestAPFD:0.908998
bestSuite:2375,4006,3033,3148,841,3752,3135,4108,4074,3864,2799,2561,937,1602,1307,3447

test suite491
bestAPFD:0.925984
bestSuite:3565,2222,1526,2749,4128,3509,667,4083,1440,2915,1998,2999,1254,1162,3484,3395,3519,256

test suite492
bestAPFD:0.919429
bestSuite:1947,2830,3438,4124,1713,4090,3058,3940,3576,3938,1765,2740,1751,21,67,745,1575,649,1068,1885

test suite493
bestAPFD:0.896444
bestSuite:2621,3752,2729,2328,2338,2152,4123,1444,4073,739,987,1926,4064,3513,947,3774,1158,3198

test suite494
bestAPFD:0.911796
bestSuite:2222,4006,2842,2338,224,4096,4122,2997,4034,3247,3796,2627

test suite495
bestAPFD:0.907068
bestSuite:1618,3417,1526,4093,3691,2472,4101,694,1861,2752,1941,149

test suite496
bestAPFD:0.894397
bestSuite:3981,1463,719,3205,3803,1922,4084,4102,1311,681,2311,2715,3979

test suite497
bestAPFD:0.913879
bestSuite:2222,3456,2338,2082,4093,391,2282,2099,4102,4064,3652,2057,1826

test suite498
bestAPFD:0.919085
bestSuite:1658,3907,3175,739,4092,4130,2317,561,3808,1713,4026,2753,2467,292,3935,3429,2103,964

test suite499
bestAPFD:0.917902
bestSuite:1947,2362,3976,2296,4111,739,4082,1167,1713,2317,2147,543,3798,1697,3682,1223,983,1474

test suite500
bestAPFD:0.862430
bestSuite:3572,3020,813,2338,3375,1627,2449,2926,391,4101,1747,4080,3279,2152,2947

