test suite1
bestAPFD:0.942330
bestSuite:1908,3976,2966,3099,4017,3010,3808,1771,356,4090,4112,2598,2618,1246,1468,2276,1837

test suite2
bestAPFD:0.941721
bestSuite:1947,3251,561,342,3853,3912,2754,3605,4092,93,4127,810,1806,1161,1809,697,1387,1940

test suite3
bestAPFD:0.922460
bestSuite:2604,1791,2514,4068,2759,746,2138,3925,3109,3175,2508,3667,3940,3752,2352,2360,313,4081,2513,4125,184,2507

test suite4
bestAPFD:0.936601
bestSuite:1854,3159,2474,2926,3719,3257,2132,739,4073,1096,4120,236,1612,2594,799

test suite5
bestAPFD:0.940087
bestSuite:1947,3731,3343,3417,2559,3657,3078,1901,2393,3208,2246,4088,4104,1108,1390,2311,1512,778

test suite6
bestAPFD:0.922876
bestSuite:1908,2336,4030,2712,3510,2576,3848,3138,1910,4077,1724,4120,739,1576,1070

test suite7
bestAPFD:0.938998
bestSuite:2786,1908,3112,3811,1804,3403,1911,3882,3245,1988,3379,3454,4099,2367,4127,2725,1181,45

test suite8
bestAPFD:0.938562
bestSuite:2986,3856,2271,4006,793,82,1332,2074,1824,1430,4076,4114,3006,3386,3551

test suite9
bestAPFD:0.911152
bestSuite:1908,4061,3198,3006,3312,3426,2968,3788,2891,1669,2170,164,4084,82,4127,1768

test suite10
bestAPFD:0.937908
bestSuite:1947,3684,2425,3919,2340,3002,2269,3788,3352,2419,3178,1945,4077,4116,979,1972,643,687

test suite11
bestAPFD:0.930719
bestSuite:1908,2254,3913,2533,3762,3709,353,3816,4046,4075,2610,4130,868,64,1620

test suite12
bestAPFD:0.898349
bestSuite:3272,2500,3683,2716,3497,1781,1604,1983,2021,3661,3838,2376,3925,2035,224,1072,4073,191,4106

test suite13
bestAPFD:0.929972
bestSuite:1947,3503,2644,2512,2375,2146,3332,301,1997,4094,4114,1486,846,776

test suite14
bestAPFD:0.950980
bestSuite:1947,3669,2568,3347,1546,3937,861,2714,4078,4104,1788,531,2487,725,2424,806,948

test suite15
bestAPFD:0.914345
bestSuite:2524,3283,3752,1450,3518,3325,3928,2056,2300,1723,2246,2964,4121,99,2806,617,958,2098,946

test suite16
bestAPFD:0.927171
bestSuite:2986,2166,3050,2500,3767,909,2146,82,2291,1749,4085,4125,3791,3146

test suite17
bestAPFD:0.905882
bestSuite:3860,2338,1977,2842,2718,2704,3655,164,3752,1283,4075,4101,3069,3437,3278

test suite18
bestAPFD:0.932598
bestSuite:1908,2524,1795,3425,3438,3891,3699,1676,2848,4091,4117,311,1093,1995,1097,1716

test suite19
bestAPFD:0.929972
bestSuite:3565,1947,1732,2834,3956,3719,149,3577,2871,636,4088,4111,2982,3185

test suite20
bestAPFD:0.939628
bestSuite:2786,1658,3359,2514,3218,3135,3771,2424,3667,2989,3480,4076,2186,4123,788,2067,2411,1711,2419

test suite21
bestAPFD:0.940600
bestSuite:2986,2621,3356,1716,909,2291,2610,847,1377,324,923,2526,1882,4088,4119,2902,4067

test suite22
bestAPFD:0.888889
bestSuite:2084,2141,2839,1979,2926,967,2535,1884,2811,2480,3108,4084,4116,224,38

test suite23
bestAPFD:0.917484
bestSuite:2986,3459,3860,3436,1482,2788,474,1751,846,4104,2716,4078

test suite24
bestAPFD:0.928105
bestSuite:1658,3594,2076,3938,3457,2291,3683,4076,99,4129,234,874,1540,1721,963

test suite25
bestAPFD:0.924837
bestSuite:2830,2650,1668,4007,2729,741,960,1587,3486,3683,2627,3029,2539,3289,4073,2931,4123,2248

test suite26
bestAPFD:0.907563
bestSuite:3112,3686,2377,4011,2451,3683,2439,3976,2732,1832,3290,124,3910,732,1472,3156,2361,803,4123,4072,3145

test suite27
bestAPFD:0.910539
bestSuite:3731,1444,1906,2568,3885,3510,2098,1861,291,3853,360,3752,4121,4094,3317,3224

test suite28
bestAPFD:0.933333
bestSuite:1618,3101,2494,3476,3351,2729,3051,2415,3666,4093,1120,4110,1380,1594,1910

test suite29
bestAPFD:0.932773
bestSuite:3565,2986,1600,3233,2512,3676,3325,391,2364,2419,4111,4084,3118,3207

test suite30
bestAPFD:0.946970
bestSuite:3292,1542,1629,977,3012,3456,3050,2333,2610,575,293,1385,4097,433,4104,3170,3886,3942,3137,3750,3471,3838

test suite31
bestAPFD:0.895425
bestSuite:1947,2347,2731,3427,3913,2082,99,4087,4112

test suite32
bestAPFD:0.920915
bestSuite:1908,3156,3803,3910,3800,1444,3444,1543,4077,583,2367,4127,1885,58,1619

test suite33
bestAPFD:0.899860
bestSuite:2621,3688,3268,2439,2291,3752,3638,3550,901,826,674,722,4098,4101

test suite34
bestAPFD:0.940564
bestSuite:2222,3510,2731,1716,3595,3502,4077,2696,2598,4105,1135,153,663,2571,2523,2301

test suite35
bestAPFD:0.932921
bestSuite:3528,4042,3919,739,3883,2926,869,718,3359,3638,3138,2961,1324,328,102,2884,4120,2211,4096

test suite36
bestAPFD:0.930065
bestSuite:3786,1658,2524,3976,2572,2509,2435,3878,3496,2749,2805,1080,4119,4097,3215

test suite37
bestAPFD:0.932405
bestSuite:3292,1020,1721,2291,1801,860,2062,1593,3159,3883,2610,421,2053,2723,2041,4114,4085,3069,3895

test suite38
bestAPFD:0.940023
bestSuite:1947,3175,2377,2494,3225,3014,2815,2147,3908,93,2839,2964,4109,17,2424,1083,1594

test suite39
bestAPFD:0.935049
bestSuite:2222,3905,814,3314,3598,1474,4087,2839,4118,561,2610,1218,170,611,2463,829

test suite40
bestAPFD:0.935185
bestSuite:1908,3684,2524,3819,2988,2788,3527,3062,921,1239,2707,2931,4080,4114,1045,582,648,632

test suite41
bestAPFD:0.928571
bestSuite:2181,1947,2910,3332,3341,1536,3090,855,3766,4094,4107,223,2734,279

test suite42
bestAPFD:0.892157
bestSuite:3214,3198,2365,3683,1824,3268,3867,3007,2568,3563,3250,3911,1164,3161,3132,253,4128,4096

test suite43
bestAPFD:0.938998
bestSuite:1854,3454,2564,3535,2915,2102,2148,381,400,2613,1713,311,2269,4090,4123,971,849,1558

test suite44
bestAPFD:0.942208
bestSuite:2181,1854,2768,1840,3808,1804,631,3704,752,3699,1853,2060,3371,4088,4113,149,207,2550,1333

test suite45
bestAPFD:0.925606
bestSuite:3033,2215,1463,743,2246,3266,3686,4007,186,3538,224,2081,4085,2333,4123,3930,3382

test suite46
bestAPFD:0.897317
bestSuite:3856,2926,2666,2514,1579,3447,2439,2262,739,334,1326,1885,2026,2376,3675,81,2734,4111,4092

test suite47
bestAPFD:0.932598
bestSuite:3292,1480,1734,1543,3655,2514,2419,591,2816,4107,4092,3860,3498,3660,4005,3129

test suite48
bestAPFD:0.909586
bestSuite:1618,2844,4063,3655,2357,4079,4117,386,759

test suite49
bestAPFD:0.912918
bestSuite:3688,3112,2389,716,861,3175,3853,2926,3974,3822,2248,1282,220,77,4116,4091,4063

test suite50
bestAPFD:0.933007
bestSuite:1658,3855,3033,3066,2873,2407,1426,2749,2325,3712,3788,784,345,4078,4130,904,809,2023

test suite51
bestAPFD:0.929739
bestSuite:3292,734,654,1449,1478,2474,2166,3732,3883,441,126,2840,2930,2170,3483,4082,4105,3874

test suite52
bestAPFD:0.939869
bestSuite:1618,3854,3050,2474,2262,2375,3217,185,3740,4075,4129,1927,1428,2065,1896

test suite53
bestAPFD:0.951426
bestSuite:1947,3033,2363,2509,4024,3246,2490,2630,3762,31,2078,2589,310,93,4088,4125,2646,1745,1788,1418,2795,2485

test suite54
bestAPFD:0.937140
bestSuite:1908,3004,3576,2554,3241,2778,1633,1526,4080,4127,2944,1785,2043,1625,1936,2963,334

test suite55
bestAPFD:0.933333
bestSuite:3565,1980,785,1714,2474,646,286,2472,4125,4079,3683,3947,3825,3070,3872

test suite56
bestAPFD:0.954412
bestSuite:2222,1463,3099,2375,4096,3762,1579,3198,2474,4118,2205,2560,2646,855,386,1451,419,866,747,2762

test suite57
bestAPFD:0.935662
bestSuite:1947,2830,3684,2796,2966,2449,276,1705,2327,2598,4094,4130,2021,1704,1434,2395

test suite58
bestAPFD:0.946623
bestSuite:2222,3175,1968,3814,570,4013,3894,2356,4091,4129,2040,955,831,2950,344,2888,1447,433

test suite59
bestAPFD:0.894880
bestSuite:2072,1939,653,2842,2007,1535,1556,1898,2788,3165,2839,3752,3812,2605,4097,4117,2598,2349

test suite60
bestAPFD:0.940600
bestSuite:1618,3214,3268,2473,3619,3070,3564,3813,3026,3507,4085,99,4116,2686,1037,750,1492

test suite61
bestAPFD:0.922794
bestSuite:2284,3112,2896,2926,3051,3564,2698,3803,2747,4091,4117,423,1436,1252,2177,1977

test suite62
bestAPFD:0.955882
bestSuite:2986,2181,2367,2401,2610,3651,1229,1555,4084,313,1733,1531,1886,1362,2171,4124,3095,3750,3993,3207

test suite63
bestAPFD:0.938562
bestSuite:2986,2502,2336,2712,3050,2840,570,3867,583,1827,943,2820,4114,4082,3237

test suite64
bestAPFD:0.889978
bestSuite:1658,3160,3860,3606,3077,2642,4080,2376,4127

test suite65
bestAPFD:0.901961
bestSuite:3050,983,2208,933,3005,3203,738,4042,2492,3738,4023,3524,3752,2674,406,4110,3940,4086,3357,3176,3462,3714

test suite66
bestAPFD:0.896285
bestSuite:2080,863,1822,774,2953,2926,2141,2902,3345,3533,3911,3131,3785,135,518,4098,4105,240,556

test suite67
bestAPFD:0.901144
bestSuite:1463,2363,2762,3503,3319,2486,308,726,2396,4083,4104,751

test suite68
bestAPFD:0.949346
bestSuite:1618,3819,3527,2950,2696,389,106,3184,2515,4084,4124,1369,2235,1400,985,2011,1990,427

test suite69
bestAPFD:0.934833
bestSuite:2222,3803,3768,3534,589,3014,3609,2839,1952,4097,2925,4118,549,633,2590,895,1877

test suite70
bestAPFD:0.935185
bestSuite:3292,659,723,2246,3101,3141,2083,311,36,40,3605,379,2922,2511,2122,4080,4110,3285

test suite71
bestAPFD:0.929739
bestSuite:3883,1873,3639,1596,2474,2650,3316,3010,3683,2057,3885,4046,2909,1061,170,4100,4107,3439

test suite72
bestAPFD:0.927871
bestSuite:2986,2514,4063,3850,1642,2375,3187,2316,2656,4075,4101,3339,3207,3932

test suite73
bestAPFD:0.940523
bestSuite:1947,2604,2842,3745,3190,468,3359,1445,4075,4108,80,37,1480,1490,2824

test suite74
bestAPFD:0.941176
bestSuite:1854,2512,2092,3066,3767,3644,2185,2000,2968,93,4078,4102,801,2557,706,1636,2694,1912

test suite75
bestAPFD:0.937908
bestSuite:2166,1854,4039,2716,3655,3940,3452,3410,3691,4073,4102,2500,2339,1472,1084

test suite76
bestAPFD:0.944060
bestSuite:2986,3688,1589,2788,2515,669,119,525,1626,1606,2920,727,1986,4116,4077,3520,3354

test suite77
bestAPFD:0.942330
bestSuite:3292,3808,646,1530,911,1785,1894,3888,2495,2104,3792,4129,4087,3804,3858,3373,3912

test suite78
bestAPFD:0.888480
bestSuite:4039,2264,2775,1978,3332,3252,3910,3683,335,2480,2393,2823,3021,3380,4118,4075

test suite79
bestAPFD:0.916993
bestSuite:1908,4060,3031,2842,2165,3332,3940,1872,520,1606,2379,2512,4088,4128,995

test suite80
bestAPFD:0.930219
bestSuite:1658,3540,2775,3075,1741,1464,350,4086,1724,149,1053,4117,1191,2694,399,1580,497

test suite81
bestAPFD:0.953560
bestSuite:2222,3688,3050,3105,3251,3060,3145,3198,3282,3133,4082,4109,2599,2197,2550,2732,578,2612,2759

test suite82
bestAPFD:0.936533
bestSuite:1908,2907,2552,3510,2576,2962,2696,3442,2141,1449,2744,2101,4077,2796,4112,646,374,2348,875

test suite83
bestAPFD:0.941789
bestSuite:2986,2450,3576,433,2469,955,1881,2375,455,1933,1507,946,4077,4128,3815,3142

test suite84
bestAPFD:0.915686
bestSuite:1908,3828,2974,3655,2830,4077,3100,2579,1681,821,570,4101,1840,855,2119

test suite85
bestAPFD:0.899346
bestSuite:2254,2515,1619,3463,3352,3659,2436,4093,1526,1791,2377,2926,4130,972,186

test suite86
bestAPFD:0.932921
bestSuite:1854,2509,2760,3428,312,3976,3489,3410,690,2338,4078,55,1396,4119,1671,227,1161,2330,344

test suite87
bestAPFD:0.916122
bestSuite:2336,1597,1781,2030,839,2729,3752,3365,3875,4088,2083,4124,93,505,2764,2381,79,2857

test suite88
bestAPFD:0.953864
bestSuite:2639,1658,3438,3472,4078,3520,3358,90,2356,4104,553,1825,812,874,1447,305,1539

test suite89
bestAPFD:0.935574
bestSuite:1618,3303,3907,2650,2474,3070,3792,3410,2114,4077,4126,484,1976,877

test suite90
bestAPFD:0.913993
bestSuite:3476,1998,1761,1551,2706,312,2926,1938,933,3577,3483,2520,308,3354,4128,1226,90,2703,1339,4084,3750,3155

test suite91
bestAPFD:0.924837
bestSuite:1618,3298,2347,3803,2947,2036,4074,2356,646,4108,1229,1494

test suite92
bestAPFD:0.922722
bestSuite:3292,1619,1500,1771,2783,1627,3421,3976,3313,2141,506,473,4118,4074,3051,3125,3184

test suite93
bestAPFD:0.899897
bestSuite:1463,2762,3323,2989,3112,312,3793,2138,1919,2211,4097,1596,82,2376,4102,952,974,868,1858

test suite94
bestAPFD:0.932921
bestSuite:2181,3001,1805,2336,3752,3920,2657,3765,4009,1511,391,4077,2514,4117,576,1042,286,2405,2863

test suite95
bestAPFD:0.933987
bestSuite:3239,1618,3688,3343,3955,3142,3251,2720,1066,153,2407,3966,4117,4094,3381

test suite96
bestAPFD:0.929972
bestSuite:1908,1423,3033,3187,3940,3016,3977,1800,3336,846,1647,4074,4104,2750

test suite97
bestAPFD:0.909804
bestSuite:3565,3292,827,849,2788,3216,2430,4084,3688,4105

test suite98
bestAPFD:0.861015
bestSuite:3648,3683,1925,1806,779,1642,2338,1596,2991,3303,3632,259,4042,138,468,4127,4090

test suite99
bestAPFD:0.941789
bestSuite:2986,2186,2524,2461,2341,1612,149,3227,1696,1500,1244,4090,4119,3749,3388,3753

test suite100
bestAPFD:0.938080
bestSuite:3796,1463,3979,3572,1861,2568,3675,3076,2719,923,2630,1792,2338,3878,855,4085,4128,3621,3955

test suite101
bestAPFD:0.946943
bestSuite:1618,3669,3981,2621,3913,433,2291,2411,2515,4084,1329,2684,4117,642,909,1494,2518

test suite102
bestAPFD:0.911188
bestSuite:3033,1499,3636,2926,3745,1392,2073,2291,2141,4026,393,3766,3349,223,2948,4111,4099

test suite103
bestAPFD:0.886390
bestSuite:3688,1481,3010,2716,1478,963,1964,2721,2317,3788,3752,3354,3394,2217,2654,4106,4088

test suite104
bestAPFD:0.898396
bestSuite:2369,1463,2010,2907,3976,3975,646,3920,2229,4072,4112

test suite105
bestAPFD:0.941622
bestSuite:1658,3860,4061,2177,3217,3754,3551,3187,2684,743,1888,1863,1520,4072,1193,4103,1342,2047,531,1277,924,727

test suite106
bestAPFD:0.938453
bestSuite:3292,1637,928,1896,3888,3786,3476,2749,494,2837,4130,605,3197,2964,3302,3435,3562,3941

test suite107
bestAPFD:0.917647
bestSuite:1463,3688,3185,3205,2509,2474,3413,3217,2716,2971,2573,4093,4117,395,1783

test suite108
bestAPFD:0.933103
bestSuite:1908,3662,3647,3895,3184,2568,1749,3919,2150,2849,2769,4096,4122,99,1319,1006,874

test suite109
bestAPFD:0.931985
bestSuite:2786,3398,3267,2117,3909,2547,2354,4075,2566,2926,4118,1634,2956,1169,189,223

test suite110
bestAPFD:0.946569
bestSuite:1947,2502,3364,3322,2098,290,3630,2423,2535,1506,2822,2404,2789,4072,2839,4106,1359,978,1836,484

test suite111
bestAPFD:0.932526
bestSuite:1854,3586,2317,2568,3966,3619,3363,2152,3313,3690,3000,2520,1607,224,4098,4103,1583

test suite112
bestAPFD:0.917484
bestSuite:2768,3883,3860,3752,4046,2896,3187,2393,4073,4121,1528,763

test suite113
bestAPFD:0.904684
bestSuite:3398,907,1677,2002,3417,2373,3403,2754,2209,2262,3752,3613,224,426,4129,4077,3748,4066

test suite114
bestAPFD:0.934256
bestSuite:2786,1908,2514,3719,3516,2658,3071,3317,3527,2164,2474,4072,2182,4104,2150,261,2544

test suite115
bestAPFD:0.937166
bestSuite:2731,1463,900,1972,2729,1731,1720,1479,958,1663,2650,2439,3787,3964,3217,4094,4110,2025,1330,2620,2171,2880

test suite116
bestAPFD:0.922876
bestSuite:1854,3163,3503,2473,3712,3778,3104,2428,3755,3493,4083,224,4128,352,1943

test suite117
bestAPFD:0.900327
bestSuite:3033,3200,2278,1797,2926,3020,3976,2749,2467,283,4100,4113

test suite118
bestAPFD:0.939951
bestSuite:3565,1658,1980,2023,2834,1526,308,2777,172,1698,552,4073,4126,3966,3166,3975

test suite119
bestAPFD:0.904139
bestSuite:2117,3476,712,3343,2341,4002,1443,2193,3640,3700,1486,3752,3582,2554,4099,2283,2862,4124

test suite120
bestAPFD:0.888480
bestSuite:1494,2092,2094,2073,2926,2469,3203,2718,1511,739,3905,3977,993,4090,4114,934

test suite121
bestAPFD:0.928793
bestSuite:1487,2830,3223,2860,4028,2931,3683,1526,304,3100,3911,3537,3210,1732,4088,4118,2868,1629,2798

test suite122
bestAPFD:0.944444
bestSuite:1854,3480,3510,3810,3910,3649,2759,1526,979,1582,5,391,4020,3615,3213,2964,1411,4113,2855,81,1875

test suite123
bestAPFD:0.924370
bestSuite:1854,3033,2254,2084,2071,3803,3320,2665,497,93,4095,4112,1799,56

test suite124
bestAPFD:0.940087
bestSuite:1658,3276,3586,3283,2186,2036,2067,3028,3910,1601,3394,896,4078,4109,1085,585,2391,732

test suite125
bestAPFD:0.921024
bestSuite:3731,2351,2363,814,3338,2527,2902,1960,1744,598,2974,2401,2118,4115,4073,1948,3752,3781

test suite126
bestAPFD:0.955882
bestSuite:2639,1658,3332,3251,3012,3505,737,4086,739,4126,1106,1103,2578,1468,1892,754,1729,1984,142,45

test suite127
bestAPFD:0.938453
bestSuite:3292,983,1805,1726,3456,3050,2610,2023,2818,2934,2849,3502,2026,4074,4118,4005,3303,3526

test suite128
bestAPFD:0.924183
bestSuite:1908,3470,3247,3205,3189,3376,2514,3910,580,3994,2474,4087,4116,780,300

test suite129
bestAPFD:0.911011
bestSuite:2524,1658,1603,3844,3318,3598,1877,1724,4074,2104,2598,4106,1395

test suite130
bestAPFD:0.910784
bestSuite:2639,3476,3008,3911,2222,3138,2604,4079,4103,1509

test suite131
bestAPFD:0.945820
bestSuite:2786,1658,3171,3433,1670,998,3567,4097,2186,4123,2182,1888,2053,1909,193,1565,2961,989,1525

test suite132
bestAPFD:0.922722
bestSuite:3292,1811,663,1512,1864,2215,2621,3788,2083,176,2558,3605,4109,3669,4098,3956,3056

test suite133
bestAPFD:0.942330
bestSuite:1854,3454,3175,3979,2367,3464,3074,2527,2720,3122,2269,4082,4117,2853,1821,769,1551

test suite134
bestAPFD:0.950436
bestSuite:2639,2986,3472,4002,2472,2533,3454,2953,4085,4107,865,2173,1608,1021,2360,759,2199,1751

test suite135
bestAPFD:0.901961
bestSuite:3033,1777,2604,2619,1811,3022,3586,2553,3156,224,3376,4107,4077,3752,3275

test suite136
bestAPFD:0.939338
bestSuite:2986,2351,3251,2396,412,297,389,755,1621,1781,1771,1009,2839,4117,4083,3670

test suite137
bestAPFD:0.923529
bestSuite:3292,1968,1788,3719,3101,3655,2830,2500,2693,4092,2082,3911,4127,3378,3371

test suite138
bestAPFD:0.933953
bestSuite:3292,997,654,1556,1715,2450,1733,3033,2602,1,140,4117,2959,2915,3979,4088,3939,4019,3851

test suite139
bestAPFD:0.942110
bestSuite:1736,3808,3223,3752,2683,1526,3928,474,311,3749,285,3392,4099,1676,1752,4114,671,798,862,858,1918

test suite140
bestAPFD:0.896613
bestSuite:3688,845,1941,783,1805,1724,3683,3133,2356,2435,2418,2576,236,552,3069,2077,562,2300,4085,4101,3537,3713

test suite141
bestAPFD:0.935662
bestSuite:1854,3926,2830,2474,2347,2658,3632,468,477,89,4094,3900,2570,4128,1021,1741

test suite142
bestAPFD:0.891544
bestSuite:3979,746,2016,2435,3538,2356,2788,603,2816,3683,3772,2294,4119,4080,3617,3672

test suite143
bestAPFD:0.924585
bestSuite:2181,1463,1878,2389,3313,3352,1993,3126,4099,2182,4130,2552,2379

test suite144
bestAPFD:0.943240
bestSuite:1947,45,2283,3438,287,2716,2611,3547,3687,93,4082,4128,1045,30,2176,893,639,1459,680

test suite145
bestAPFD:0.899160
bestSuite:3033,4006,652,2926,3266,2950,2870,322,2749,290,526,1366,4079,4112

test suite146
bestAPFD:0.935143
bestSuite:2986,2367,3175,2650,3387,2514,1812,2114,1723,4106,4090,3823,3540

test suite147
bestAPFD:0.934833
bestSuite:2986,2830,4061,2329,3686,3376,2610,1499,785,3403,963,118,1213,57,4082,4123,3180

test suite148
bestAPFD:0.946943
bestSuite:2222,3050,3052,3905,2860,3910,826,3843,3900,4081,2993,3197,4124,295,966,2409,1974

test suite149
bestAPFD:0.930672
bestSuite:1947,3417,4058,3450,3065,3403,570,4099,4106,1104,1902,1808,885,1564

test suite150
bestAPFD:0.915802
bestSuite:2768,3112,3752,2512,2602,3734,2879,3051,657,3872,2314,1946,4086,2673,2104,4125,92

test suite151
bestAPFD:0.932773
bestSuite:1854,3684,3096,3644,2554,1791,3426,3317,2816,4081,4122,2526,642,117

test suite152
bestAPFD:0.920261
bestSuite:3883,2284,3824,3644,2114,671,3683,3441,3624,308,153,422,2177,4085,4116

test suite153
bestAPFD:0.943483
bestSuite:1947,3214,3256,2291,3744,3894,55,3336,2409,2902,1506,4092,4104,1821,886,2176,1678

test suite154
bestAPFD:0.928922
bestSuite:1658,2790,2796,2962,3401,3144,2480,4083,2598,2515,2602,4130,33,961,2293,2004

test suite155
bestAPFD:0.928309
bestSuite:2222,3165,646,1496,814,3621,3887,3567,4080,2474,2083,4110,950,2157,973,1685

test suite156
bestAPFD:0.933551
bestSuite:1908,3688,3370,3359,2840,3268,2788,3926,3084,3672,479,2301,4095,4127,2467,236,949,691

test suite157
bestAPFD:0.939542
bestSuite:2222,3627,3458,2375,3302,3420,2902,3653,1714,2450,4090,4108,666,602,1957,2371,2396,2155

test suite158
bestAPFD:0.937564
bestSuite:2222,4042,3332,3469,3964,1716,2080,1474,3499,3918,3471,4085,2925,2271,4124,99,1730,1481,2931

test suite159
bestAPFD:0.942810
bestSuite:1908,2650,3234,3725,3033,3338,3788,2205,523,3469,701,4087,4128,2670,1934,949,146,2547

test suite160
bestAPFD:0.932598
bestSuite:3981,1658,3796,4006,2184,1673,1553,3428,3808,2749,1557,1262,2584,4109,4093,3252

test suite161
bestAPFD:0.933007
bestSuite:3239,3510,2256,3731,3022,3644,2143,1297,331,1239,3334,3205,4102,3975,4092,3752,3616,3858

test suite162
bestAPFD:0.942577
bestSuite:1947,3669,3288,3966,2379,3243,3904,3332,3962,3953,440,2089,754,3605,2696,4077,4107,1191,1337,1973,679

test suite163
bestAPFD:0.936275
bestSuite:1854,4006,2117,3767,3632,739,4019,2902,4089,4109,2870,1911,2946,2138

test suite164
bestAPFD:0.925490
bestSuite:1947,2685,2512,2195,2256,3492,2892,3384,4082,391,4102,1158,2059,1650,688

test suite165
bestAPFD:0.910294
bestSuite:2336,1719,871,1637,1615,1687,2568,3295,2514,1926,1489,2256,3752,3624,4092,2872,93,4110,2889,2833

test suite166
bestAPFD:0.931373
bestSuite:1658,4007,2117,2552,3476,433,3649,2866,3448,3909,3940,714,2443,4095,4124,134

test suite167
bestAPFD:0.949275
bestSuite:1854,3591,4042,2801,2490,3518,3332,2892,297,1627,1795,55,4098,1257,4115,1275,2350,1402,888,1879,2004,502,344

test suite168
bestAPFD:0.945466
bestSuite:2597,2986,2716,3156,3337,4094,2117,4107,55,1844,1361,2373,830,2381,2374,1721

test suite169
bestAPFD:0.906089
bestSuite:3476,2502,2656,921,734,1786,1798,806,3691,3752,3173,2746,55,255,4112,509,2602,4075,4055

test suite170
bestAPFD:0.942724
bestSuite:2986,2037,3688,3033,1864,2615,3609,3788,2774,1644,56,2443,1940,1808,1224,1689,1555,4126,4073

test suite171
bestAPFD:0.949113
bestSuite:3292,2844,2716,1525,1453,1998,2254,795,3856,3913,1160,312,2313,4127,4094,3602,3829,3831,3779,3544,3834

test suite172
bestAPFD:0.951525
bestSuite:2222,3398,2786,3384,2186,4074,1978,2283,4111,1322,1459,2623,2557,770,989,996,1997,400

test suite173
bestAPFD:0.930719
bestSuite:1618,2104,2425,2926,504,2449,3937,2598,4093,4102,1709,2851,1972,1450,629

test suite174
bestAPFD:0.928105
bestSuite:2181,2768,2997,2966,2716,1709,1481,3940,3683,1700,750,1511,4099,4122,2857

test suite175
bestAPFD:0.939776
bestSuite:1658,3159,3447,3033,3862,3594,2760,2492,3027,1903,3905,1856,3210,4077,311,4112,1599,709,235,1688,1473

test suite176
bestAPFD:0.930796
bestSuite:2222,3214,3352,3893,3184,942,3028,2473,4094,1713,2083,2925,4104,2208,2458,301,1623

test suite177
bestAPFD:0.947917
bestSuite:2597,3050,3913,3483,3292,3259,4078,308,4105,2189,685,2284,1772,1813,322,742

test suite178
bestAPFD:0.928922
bestSuite:3227,2768,1854,3427,1904,3743,3803,2492,3352,1931,1785,1366,4092,2081,4101,3619

test suite179
bestAPFD:0.945534
bestSuite:1658,3669,4064,3175,3676,2580,3790,3624,3423,3948,2657,1752,4072,2269,4119,195,507,1435

test suite180
bestAPFD:0.948674
bestSuite:1947,3669,2174,3268,3976,2896,2996,3882,4076,4104,1989,2213,1913,1765,778,680,1939

test suite181
bestAPFD:0.902993
bestSuite:3085,3683,2338,2775,2399,678,233,322,3905,3150,2708,3904,468,45,3130,2370,4079,4128,3869

test suite182
bestAPFD:0.947059
bestSuite:2597,3438,3472,2083,3292,4098,4102,1333,651,2488,2368,2823,2698,1758,2946

test suite183
bestAPFD:0.923117
bestSuite:3731,3476,1604,999,2480,646,2073,3311,287,778,1832,756,2676,56,4081,4112,3752,3017,3301

test suite184
bestAPFD:0.945534
bestSuite:3565,1947,2904,1524,2246,3895,4108,527,2906,1649,1939,428,2182,3910,4099,3344,3380,3329

test suite185
bestAPFD:0.896194
bestSuite:3796,3470,3572,3186,2515,2502,1056,2234,1572,1435,2984,2598,2174,4103,3752,4091,3126

test suite186
bestAPFD:0.938725
bestSuite:1658,3732,3214,3502,2117,3091,2177,3995,3450,1818,3137,4100,4112,1999,1811,1608

test suite187
bestAPFD:0.946852
bestSuite:2222,3112,3320,3340,2786,1920,3480,3661,2946,2512,4090,4110,60,393,2149,1894,2397,778,2500

test suite188
bestAPFD:0.918473
bestSuite:1463,2243,2624,2759,3157,3888,2716,3243,3989,3911,2973,2431,3171,607,1763,2331,4074,4126,1567

test suite189
bestAPFD:0.947884
bestSuite:2639,1908,3464,1870,3399,3907,4080,2604,646,4114,378,511,762,1433,2120,2304,598,1254,205

test suite190
bestAPFD:0.931949
bestSuite:1854,3819,3175,3048,2983,3657,2114,3020,2763,3332,789,82,4093,1043,4111,1729,964

test suite191
bestAPFD:0.939216
bestSuite:1908,2375,3298,2953,3919,2238,2902,2545,670,4074,4108,54,1362,690,1954

test suite192
bestAPFD:0.942266
bestSuite:2986,3669,3534,2514,2683,1861,556,2256,1724,20,1333,301,920,4119,2964,3660,3344,3145

test suite193
bestAPFD:0.930341
bestSuite:3292,2375,2956,984,1614,1855,934,1815,3796,2363,3825,3050,2959,452,4093,4122,3218,3450,3672

test suite194
bestAPFD:0.920868
bestSuite:3292,692,1502,1913,2473,3341,2514,223,2619,511,2076,4123,4097,3581

test suite195
bestAPFD:0.877709
bestSuite:3594,1704,2967,1871,1731,2073,2439,2338,3580,2089,3888,3209,308,3752,1306,2288,4109,4084,3923

test suite196
bestAPFD:0.932680
bestSuite:1947,3688,3223,3425,2092,3636,2568,3399,2490,3306,4095,4118,1870,1976,1871

test suite197
bestAPFD:0.912656
bestSuite:3239,1947,2789,2372,2759,4042,2610,691,2275,4126,4097

test suite198
bestAPFD:0.938725
bestSuite:1908,2731,3033,3765,2114,3454,260,3800,3126,1724,4091,2749,4123,2537,40,1087,1329,2031,1481,2469

test suite199
bestAPFD:0.943137
bestSuite:2986,2117,2864,2779,1440,2953,3051,2471,2938,4087,4109,2602,2083,3726,3932

test suite200
bestAPFD:0.900735
bestSuite:2084,3669,2716,2987,3644,3713,1902,3000,2926,2358,4057,843,4074,1471,4126,2211

test suite201
bestAPFD:0.932773
bestSuite:1947,3987,2186,2625,3439,3753,1014,2386,4096,99,4125,859,923,1689

test suite202
bestAPFD:0.879085
bestSuite:2071,3683,2182,1910,3609,4062,3510,2982,3204,3714,1827,1860,118,4084,2246,1166,4116,2749

test suite203
bestAPFD:0.932526
bestSuite:1947,2037,3757,3351,3233,3910,3113,130,3146,3557,4084,2839,2246,4107,1933,1974,1432

test suite204
bestAPFD:0.933211
bestSuite:1908,2864,3014,3987,2953,411,3515,2839,4093,4108,223,275,2560,749,1768,1290

test suite205
bestAPFD:0.941721
bestSuite:1947,3283,3250,3976,3910,3683,3100,3809,3605,1467,3797,3934,4077,777,4108,141,1307,497

test suite206
bestAPFD:0.951426
bestSuite:2986,2559,3198,3124,1951,2696,391,1360,901,638,78,1970,1199,2261,1693,4083,4119,3026,3262,3037,3137,2997

test suite207
bestAPFD:0.893246
bestSuite:2799,2449,2970,3702,3581,938,2141,3767,659,887,2839,3195,3527,2926,291,2964,4103,532

test suite208
bestAPFD:0.929864
bestSuite:2222,4042,3883,3623,1840,3191,4095,2084,93,4125,2089,564,2637

test suite209
bestAPFD:0.932462
bestSuite:3292,1796,1986,1742,2604,3922,3402,3332,2931,224,596,2523,2888,2351,4113,4081,3852,3649

test suite210
bestAPFD:0.927602
bestSuite:1618,2363,2731,3623,2860,3942,3112,3834,223,4085,4120,1717,743

test suite211
bestAPFD:0.929066
bestSuite:1658,4006,3185,3576,2505,4068,3252,2360,791,2016,3699,589,4095,4127,2671,1569,1117

test suite212
bestAPFD:0.945213
bestSuite:1618,2363,3626,3087,3624,2127,4,3653,412,4084,1282,4125,1539,1972,1470,1466,2921

test suite213
bestAPFD:0.940144
bestSuite:2222,3332,3223,3367,3859,2660,3870,2941,2696,3247,4079,4122,224,1370,857,2410,2584,1381,24

test suite214
bestAPFD:0.899510
bestSuite:2707,2634,1671,2514,2512,2926,746,3346,980,1509,3561,2501,4086,1362,290,4121

test suite215
bestAPFD:0.935897
bestSuite:1618,4006,3050,2844,2862,2839,3701,4040,4096,4108,1727,1579,1879

test suite216
bestAPFD:0.917892
bestSuite:3292,2690,743,2783,797,2989,2970,3913,2269,2835,2929,613,4110,3979,4094,3165

test suite217
bestAPFD:0.933103
bestSuite:3292,829,1699,1526,3570,3356,2514,2749,1131,2687,2137,2114,2796,4089,2698,4103,3449

test suite218
bestAPFD:0.927015
bestSuite:3292,1762,1647,799,1968,937,924,3644,3883,2684,2196,1356,4074,4119,3940,4069,3469,3283

test suite219
bestAPFD:0.903799
bestSuite:1463,3101,2769,1818,3766,2789,151,3071,424,1774,70,4086,224,2376,4129,1555

test suite220
bestAPFD:0.938293
bestSuite:1947,3268,3891,3803,3304,4099,2711,4038,2574,570,4102,1831,1939,1864,1676,1849,2458

test suite221
bestAPFD:0.930719
bestSuite:3292,3808,2844,1995,794,1612,1633,1713,3764,3187,2315,3343,4089,4110,2335

test suite222
bestAPFD:0.941789
bestSuite:1618,2037,3855,4046,3803,3222,3352,597,4089,4104,322,818,964,341,1010,1884

test suite223
bestAPFD:0.928571
bestSuite:3292,1877,976,667,811,2071,3655,3006,3272,2839,2500,2802,457,417,1241,2395,2436,2810,4130,3352,4087

test suite224
bestAPFD:0.937049
bestSuite:1658,2637,3808,4042,3534,2077,4038,2665,2454,1587,2010,3624,1009,4074,149,1080,4125,1930,286

test suite225
bestAPFD:0.918004
bestSuite:3565,1618,3694,2950,2509,3788,3910,826,4080,4106,3319

test suite226
bestAPFD:0.953560
bestSuite:1618,3688,2073,2513,3053,2729,2783,2773,4086,4124,2602,2023,1007,1469,2207,422,2795,1744,828

test suite227
bestAPFD:0.942330
bestSuite:3565,2568,1840,3470,1754,2988,589,2926,2374,958,4128,4092,3064,3531,3947,3056,3197

test suite228
bestAPFD:0.952451
bestSuite:2222,3565,3438,3243,1017,3705,3870,676,3681,751,4094,2271,4107,2749,2820,2570,2240,1800,992,1624

test suite229
bestAPFD:0.901144
bestSuite:1463,2450,3656,1896,2533,1770,3734,3692,4075,93,4130,1903

test suite230
bestAPFD:0.944608
bestSuite:2786,1658,3624,3421,3378,2968,3812,2576,4017,660,1919,2729,4096,4124,85,709,681,1674,2080,2064

test suite231
bestAPFD:0.934833
bestSuite:1947,3205,3032,2474,106,2147,130,424,1530,1796,2716,3552,759,93,4096,4121,625

test suite232
bestAPFD:0.927602
bestSuite:1618,3316,3636,3101,2291,3918,3957,2598,4078,4126,1078,225,1595

test suite233
bestAPFD:0.950514
bestSuite:1908,2375,2729,3343,3497,2973,2061,3966,1693,1686,3559,1606,240,2092,4086,4105,1021,1629,2455,925,2872

test suite234
bestAPFD:0.940023
bestSuite:2181,3669,1830,1829,3332,3533,3752,2020,3832,3599,1711,3928,4072,4112,273,384,2221

test suite235
bestAPFD:0.929534
bestSuite:3678,1487,1724,2439,3268,3069,2926,969,131,2325,727,4113,4093,3979,3369,3225

test suite236
bestAPFD:0.947368
bestSuite:2986,2915,2425,3860,3033,3577,1922,897,1158,912,2484,1621,811,1678,4130,4098,3473,3942,3904

test suite237
bestAPFD:0.933211
bestSuite:3292,2716,1810,1605,2254,2327,2377,2729,149,2492,2547,2567,4105,4084,3419,4014

test suite238
bestAPFD:0.952528
bestSuite:2639,3803,3808,2222,3897,3020,1473,4075,468,4110,1,2781,2845,1500,1728,460,995,1603,1262

test suite239
bestAPFD:0.894258
bestSuite:3033,1951,2926,1728,2716,2568,24,3440,1239,93,1168,2596,4123,4093

test suite240
bestAPFD:0.950404
bestSuite:1618,3688,3268,2502,2194,3496,3792,3596,4091,4104,1952,2692,783,1846,1815,1849,69

test suite241
bestAPFD:0.888120
bestSuite:3780,693,1799,2246,505,3313,2860,2779,2321,3752,3490,4046,294,3911,4112,2594,4079

test suite242
bestAPFD:0.911765
bestSuite:2597,3033,3438,3527,3220,2964,4125,2926,1215

test suite243
bestAPFD:0.941753
bestSuite:1908,2729,3008,3234,2527,3387,3940,2196,1676,2080,1848,4077,4124,1720,330,1548,1858

test suite244
bestAPFD:0.936601
bestSuite:1854,3447,3283,2953,3182,2269,3231,2598,4097,4103,2292,1571,587,762,2585

test suite245
bestAPFD:0.941830
bestSuite:1618,3033,4042,2840,3527,2204,2249,2531,3017,4086,4115,1617,404,1738,1789

test suite246
bestAPFD:0.920343
bestSuite:2731,835,1939,3403,1951,684,3268,3688,3752,3290,3768,4090,4123,522,2590,1198

test suite247
bestAPFD:0.934804
bestSuite:1908,2966,2336,4041,3144,848,2830,1268,1828,3285,2021,2371,2512,4091,2283,4130,311,1221,1690,871

test suite248
bestAPFD:0.944637
bestSuite:2222,3577,3051,3313,3675,3506,3210,2281,4087,4122,214,2471,2109,1985,2858,137,2439

test suite249
bestAPFD:0.941176
bestSuite:2222,3456,3732,3258,1422,3447,4073,2338,391,4127,739,87,1039,2677,1470,2790,2866

test suite250
bestAPFD:0.928277
bestSuite:2215,2509,3510,3251,2243,2926,646,2056,970,633,1608,1478,3406,4080,4112,456,1217,334,484

test suite251
bestAPFD:0.942266
bestSuite:2222,3808,3303,2786,3605,3765,4080,3702,2981,3681,1667,1526,4109,485,1897,641,975,267

test suite252
bestAPFD:0.934469
bestSuite:1854,3510,3843,312,2291,1928,3262,2845,314,308,4097,4104,641,2250,892,2322,679,1751,916

test suite253
bestAPFD:0.937500
bestSuite:2181,1463,980,1480,3688,3476,1988,3642,3071,97,1530,3782,4094,3848,4114,2217

test suite254
bestAPFD:0.916122
bestSuite:3860,3623,709,3778,1884,1955,2269,2926,3788,3935,2194,3958,280,2668,2171,1180,4074,4117

test suite255
bestAPFD:0.939951
bestSuite:1947,2363,2624,3459,2269,2083,3369,1445,2964,93,4106,35,1635,682,1812,1990

test suite256
bestAPFD:0.935948
bestSuite:2222,4056,3819,3993,4082,2338,2788,4107,290,1088,2843,1662,695,2417,2458

test suite257
bestAPFD:0.945466
bestSuite:2222,3979,3175,2716,3032,3600,3432,1713,4090,2425,2775,4108,1148,688,2040,2586

test suite258
bestAPFD:0.930672
bestSuite:1947,3101,3501,3198,3339,3940,3803,2525,4095,4116,779,2013,778,1720

test suite259
bestAPFD:0.881462
bestSuite:2842,1463,3020,2971,2509,2502,847,3236,4078,82,4111

test suite260
bestAPFD:0.944608
bestSuite:3565,2986,2567,647,2346,1522,1634,3632,3888,82,1134,1224,1180,4111,942,4074,3215,3055,4063,3720

test suite261
bestAPFD:0.940731
bestSuite:3576,1463,4006,2926,924,4,3341,2780,2197,2017,2173,1753,2376,223,2602,4117,1150,1391,2309,2964,1430,3490

test suite262
bestAPFD:0.897876
bestSuite:3033,1463,2834,1960,2650,4006,2193,778,4068,4071,4120,4077

test suite263
bestAPFD:0.945187
bestSuite:2222,3979,3459,3426,3218,3969,2327,3607,3720,2502,3887,2338,4099,4115,1501,2562,1938,2815,2903,2632,833,2287

test suite264
bestAPFD:0.934174
bestSuite:1758,2926,2512,2271,2515,21,3527,1169,404,117,2486,2761,3980,1669,1436,4090,4130,1347,1975,797,909

test suite265
bestAPFD:0.936601
bestSuite:1854,4006,2037,3858,3784,3719,2974,2716,4096,55,2124,4108,1824,714,2241

test suite266
bestAPFD:0.938725
bestSuite:1908,2966,2729,3398,3703,2084,2500,3940,1832,1587,4077,4120,1252,2513,865,1496

test suite267
bestAPFD:0.941176
bestSuite:1854,2925,3712,3112,2788,3996,3064,3351,2971,2610,4084,1252,2333,4121,177,1799,1278,707

test suite268
bestAPFD:0.933551
bestSuite:1908,3688,2415,3367,2711,3577,3654,3519,2017,2086,2724,1579,2092,4096,4102,754,2751,2458

test suite269
bestAPFD:0.948802
bestSuite:1618,2450,3421,3551,3332,3527,3515,2067,4099,4119,1884,574,2394,1720,828,626,1428,2050

test suite270
bestAPFD:0.944444
bestSuite:2222,3979,3332,3655,2166,4055,3314,4088,4125,2910,2248,1162,1913,848,2178

test suite271
bestAPFD:0.925381
bestSuite:3292,743,1007,1829,1790,864,2983,3577,2083,2503,113,603,2372,4107,3472,4096,3230,3847

test suite272
bestAPFD:0.926471
bestSuite:1618,2604,3165,2417,3997,2773,2598,2933,4100,4128,1849,1675

test suite273
bestAPFD:0.881599
bestSuite:4006,1666,3347,3004,739,2926,2155,3854,3510,322,4076,4129,3797

test suite274
bestAPFD:0.929505
bestSuite:2572,2155,2502,2926,2356,743,3387,843,1071,3696,513,4081,99,2526,4129,36,2754,1282,407,1388,1682

test suite275
bestAPFD:0.929642
bestSuite:3292,1798,1759,1638,1435,3732,3403,2092,290,2469,2274,3860,2922,4084,4109,3546,3340

test suite276
bestAPFD:0.945213
bestSuite:3565,2650,3292,1944,2696,2425,3251,3457,3740,3223,531,1834,4072,978,4115,3282,3129

test suite277
bestAPFD:0.930796
bestSuite:1908,3191,3032,3332,2389,2320,2316,3700,4073,1526,4119,55,898,516,664,752,1750

test suite278
bestAPFD:0.941176
bestSuite:2986,2757,2077,3808,589,2527,2953,3601,2310,2521,1251,1980,135,97,1865,4122,4096,3470

test suite279
bestAPFD:0.919118
bestSuite:1908,3421,3028,3716,3345,3403,2185,2120,2080,164,1449,589,4085,4117,1376,1619

test suite280
bestAPFD:0.918301
bestSuite:1618,3458,3256,2420,3409,3313,311,4072,2480,4126,740,816

test suite281
bestAPFD:0.944788
bestSuite:2986,4061,2347,3774,1528,2729,3940,1831,2188,1188,2548,1880,414,1677,4089,1687,4101,3000,3112

test suite282
bestAPFD:0.934783
bestSuite:3292,1350,682,2501,1579,1769,946,1655,2174,2474,3731,3510,2500,1370,1389,2436,509,4113,4076,3177,4060,3130,3804

test suite283
bestAPFD:0.940087
bestSuite:1618,4008,2367,3644,3492,3450,3956,3605,3520,3273,2709,400,3613,4078,55,4123,805,1926

test suite284
bestAPFD:0.942577
bestSuite:1658,2372,3534,2500,3757,3285,3803,3043,3051,3373,2546,3491,3561,1510,4077,2119,4116,702,218,1606,2011

test suite285
bestAPFD:0.948097
bestSuite:1618,2568,3421,2527,4083,3633,91,2193,99,4114,1522,1603,2935,1509,917,2006,1539

test suite286
bestAPFD:0.941176
bestSuite:3292,3112,2601,1012,926,1836,3101,3803,575,2795,3051,4086,4102,3805,4023,4021,3469,3754

test suite287
bestAPFD:0.936601
bestSuite:2222,3393,3187,3334,3352,3504,1980,2515,4090,4106,440,868,23,1332,2439

test suite288
bestAPFD:0.918108
bestSuite:3860,1815,1757,3050,1943,636,1937,3683,3198,4042,3549,566,2868,4096,2204,4101,3529

test suite289
bestAPFD:0.945378
bestSuite:1947,3763,3825,4005,3708,3847,3689,3803,646,2083,3231,874,761,744,3514,4077,4107,2888,2766,2809,1669

test suite290
bestAPFD:0.863971
bestSuite:2271,3138,1776,1949,2291,2092,707,1904,1542,3624,3619,1099,2926,570,2964,4111

test suite291
bestAPFD:0.926797
bestSuite:1658,2533,3268,2675,3927,3905,3940,879,284,3208,4073,4113,826,906,1506

test suite292
bestAPFD:0.942110
bestSuite:1947,3447,3223,2092,2650,3938,3078,3671,3115,2040,1452,2754,4025,4074,2246,4109,1935,732,901,2600,530

test suite293
bestAPFD:0.910948
bestSuite:1658,2604,2076,3757,3984,3131,1009,4074,646,4118,2478,996

test suite294
bestAPFD:0.919118
bestSuite:1658,3883,3502,3274,2174,2389,840,1896,3765,3423,373,224,1724,4097,4118,1984

test suite295
bestAPFD:0.926471
bestSuite:1658,3819,3510,2931,2148,3149,3002,3882,2067,4060,3911,1793,4082,1724,4110,1716,1084,1585

test suite296
bestAPFD:0.918552
bestSuite:1658,2650,3091,3891,1596,539,3481,4077,2376,1410,4129,1249,1338

test suite297
bestAPFD:0.926471
bestSuite:3292,1960,980,1724,1712,2839,93,2665,2121,2216,4119,4079,3552,3516

test suite298
bestAPFD:0.935294
bestSuite:3292,1911,1827,2260,1797,2011,2215,3655,3398,82,2406,271,2180,4128,2559,4075,3948,3914,3208,3174

test suite299
bestAPFD:0.862745
bestSuite:3784,3863,2269,1676,2866,3269,2749,2926,1161,450,3552,4042,4114,4087

test suite300
bestAPFD:0.932680
bestSuite:1658,4006,3229,2375,2367,2984,1003,2769,305,3294,2157,4076,2573,4110,1604

test suite301
bestAPFD:0.950089
bestSuite:2222,3577,1472,957,3222,3198,3462,4100,2839,213,224,4120,2081,1135,1860,1464,2551,653,1193,547,1913,2365

test suite302
bestAPFD:0.896446
bestSuite:3576,3268,3976,3882,3531,694,1421,1013,3686,568,2312,2097,2964,3940,4107,3752

test suite303
bestAPFD:0.903361
bestSuite:2768,3683,3639,3510,1771,3294,2633,3438,1920,4098,1399,4114,224,2952

test suite304
bestAPFD:0.942484
bestSuite:2639,2986,3510,2786,3587,832,2246,4088,4116,2578,1360,1835,235,2811,1761

test suite305
bestAPFD:0.930283
bestSuite:3855,3669,2926,2356,2564,102,1608,3743,744,3388,1687,544,3859,3384,96,4128,4079,3199

test suite306
bestAPFD:0.940023
bestSuite:3292,1658,2601,2531,917,862,2502,99,2427,368,2207,271,4128,4092,3432,3813,3363

test suite307
bestAPFD:0.933007
bestSuite:1854,2186,2170,564,3337,3527,2077,3332,2183,3516,3416,4086,1166,4109,214,1617,911,2487

test suite308
bestAPFD:0.899160
bestSuite:3033,2650,836,3144,3892,1785,2376,2558,2863,3725,4108,2602,2964,3752

test suite309
bestAPFD:0.945534
bestSuite:2986,3191,2077,3688,2718,2953,606,1831,945,1418,1103,2083,2964,4127,3968,2979,3989,3337

test suite310
bestAPFD:0.937908
bestSuite:2986,3684,2347,1526,3527,1771,1683,100,2274,2448,772,4100,4120,2338,3269

test suite311
bestAPFD:0.897347
bestSuite:3112,2926,2778,2204,2796,93,1589,1980,419,3905,1288,1432,2803,1304,4117,4080,3231

test suite312
bestAPFD:0.916433
bestSuite:2117,3623,3181,699,3124,2926,2338,3493,3293,828,1608,3472,307,2452,3345,4084,1336,4114,2556,347,1402

test suite313
bestAPFD:0.894958
bestSuite:2084,3332,3136,1597,1776,2363,3792,2926,1810,2866,4087,93,4111,193

test suite314
bestAPFD:0.924452
bestSuite:1908,4009,3457,3805,931,2514,3187,3660,2151,2316,4095,646,312,4123,1433,923,966

test suite315
bestAPFD:0.941176
bestSuite:2986,2182,2697,2788,3757,3051,1997,623,295,792,1955,2902,4129,4097,3961,3676

test suite316
bestAPFD:0.908669
bestSuite:3883,1781,994,1451,2380,2770,3976,2757,1229,2675,55,2849,13,2416,3521,4079,4124,3752,3992

test suite317
bestAPFD:0.917532
bestSuite:2117,1463,3476,946,1596,2485,1737,1969,1873,869,3582,2599,2602,4086,4103,55,462

test suite318
bestAPFD:0.933551
bestSuite:1908,2231,3155,2146,2568,3503,3472,235,2354,2314,4092,4046,4109,1576,1511,626,1140,2447

test suite319
bestAPFD:0.891544
bestSuite:3033,3662,795,713,1673,3655,3688,2328,1414,2439,3338,3919,2618,4108,4075,3752

test suite320
bestAPFD:0.939951
bestSuite:1618,3695,2254,2514,3540,2554,3655,3800,2778,4095,4111,2282,2754,1998,934,824

test suite321
bestAPFD:0.878852
bestSuite:3860,712,2533,843,1490,630,2527,3251,2902,3683,2633,1027,4097,4130

test suite322
bestAPFD:0.942810
bestSuite:1658,2104,2117,3150,3605,3685,2835,3683,3881,224,4095,4109,206,1764,1877,1931,2018,797

test suite323
bestAPFD:0.911765
bestSuite:2524,3796,1613,3738,3910,3752,3850,3736,1710,3248,4081,2473,4128,2501,790

test suite324
bestAPFD:0.942907
bestSuite:1658,2363,2925,2971,1892,1761,2839,2610,4079,1074,4127,1133,20,1639,1836,2837,2549

test suite325
bestAPFD:0.920021
bestSuite:3356,2805,1724,3683,1872,3090,3911,2740,3332,3393,3894,2560,340,2626,921,3105,1455,4085,4123

test suite326
bestAPFD:0.943756
bestSuite:2524,1854,3352,3702,3343,3438,3066,2483,3770,1587,3065,2486,1547,4097,4112,1504,2263,1262,151

test suite327
bestAPFD:0.906318
bestSuite:2986,3669,3275,2973,3976,2936,4113,4098,3207

test suite328
bestAPFD:0.944989
bestSuite:1618,3376,3501,2037,3144,2449,3352,3893,3993,4088,2269,1291,4121,170,1994,658,1674,2316

test suite329
bestAPFD:0.913603
bestSuite:3883,4006,874,1772,1986,2273,2028,3303,67,1139,151,3352,3752,4112,4095,3150

test suite330
bestAPFD:0.932526
bestSuite:3292,2375,1891,1695,1985,1976,2564,3510,2492,2182,2023,2856,4127,2373,4078,3103,3192

test suite331
bestAPFD:0.909982
bestSuite:1854,2649,3979,2082,3054,3978,2788,2716,4089,4125,1222

test suite332
bestAPFD:0.939394
bestSuite:2425,1854,3989,3379,2729,2216,675,3489,3389,3901,741,1631,2554,4096,4130,1826,535,1384,655,906,2534,2698

test suite333
bestAPFD:0.943791
bestSuite:1618,3688,3398,3976,3144,4043,3111,2165,4093,4115,351,896,2643,1965,1675

test suite334
bestAPFD:0.944608
bestSuite:2222,3441,3830,2601,3130,3600,1526,4082,2083,4120,2216,82,1475,1755,622,2635,1193,961,235,2165

test suite335
bestAPFD:0.935501
bestSuite:1658,2461,3376,2071,2847,3986,2999,3788,1483,910,3616,899,2964,369,93,1033,4117,866,1538

test suite336
bestAPFD:0.896078
bestSuite:2621,1658,3472,3697,793,2847,4091,2568,2580,4118

test suite337
bestAPFD:0.925858
bestSuite:1908,2533,3560,3705,2982,2500,3175,3683,1803,3687,4095,55,4124,1552,2901,664

test suite338
bestAPFD:0.892157
bestSuite:2264,2515,3752,1547,1623,1493,2696,2796,2627,3478,3867,1130,2314,1688,3319,1,3178,2610,4087,4129

test suite339
bestAPFD:0.929534
bestSuite:1947,2830,2649,2509,2953,353,2229,3327,837,99,3174,4095,4121,835,314,862

test suite340
bestAPFD:0.944788
bestSuite:3292,2515,1504,697,1476,1672,1427,3732,2568,320,4076,1159,2216,3197,4121,3166,3531,3277,3824

test suite341
bestAPFD:0.911275
bestSuite:3329,2514,2527,2604,3683,2409,3303,719,3250,3230,860,1532,3412,1362,82,133,147,56,4076,4130

test suite342
bestAPFD:0.897436
bestSuite:3033,2215,3623,990,773,775,2926,3577,3296,3258,308,2964,4128

test suite343
bestAPFD:0.933551
bestSuite:2524,1947,3956,3352,3493,2273,3303,1015,3536,4091,1723,1577,3520,2564,4126,62,2829,2836

test suite344
bestAPFD:0.903050
bestSuite:3101,1650,2759,2502,2926,3808,825,1573,722,714,238,2853,752,391,1104,2674,4100,4111

test suite345
bestAPFD:0.951872
bestSuite:2986,2362,2336,2673,2512,603,2756,2380,2610,12,1757,1693,102,1768,4113,2656,2138,2338,4091,3921,3058,3167

test suite346
bestAPFD:0.940564
bestSuite:1618,2271,3581,2781,2788,3472,440,2996,4085,4101,2587,1928,805,1464,732,2894

test suite347
bestAPFD:0.926471
bestSuite:1908,3677,3272,2186,3826,704,1606,1884,3520,2847,570,4096,4128,739,726,2285

test suite348
bestAPFD:0.932680
bestSuite:1658,3979,3225,3268,3251,2472,3452,4038,1944,2028,4083,4123,1982,766,676

test suite349
bestAPFD:0.935049
bestSuite:3565,2155,2147,3175,2610,2537,2603,2281,752,1135,990,4092,4121,3752,3758,3340

test suite350
bestAPFD:0.941789
bestSuite:1618,2117,2420,2926,3318,3051,3658,3955,4072,1317,4108,1879,1746,863,221,966

test suite351
bestAPFD:0.941721
bestSuite:2222,3332,3165,3732,3250,2752,3834,3906,2363,3624,4089,4111,1688,242,109,935,2637,1926

test suite352
bestAPFD:0.940686
bestSuite:1947,3364,2500,3804,3200,2291,3617,2910,2330,224,2902,4088,4114,63,2854,2004,2825,1334,1822,1793

test suite353
bestAPFD:0.954991
bestSuite:2222,3459,3441,3187,2830,3751,2964,3203,3058,3658,3601,3848,2598,4114,2160,821,1782,1827,2570,558,2956,2560

test suite354
bestAPFD:0.920060
bestSuite:3239,1908,3033,2336,2368,1482,55,3655,2360,4112,3695,4095,3249

test suite355
bestAPFD:0.941176
bestSuite:1854,3796,3572,3175,2559,3910,2127,1610,3213,186,1480,2515,4091,4119,890,624,924

test suite356
bestAPFD:0.952451
bestSuite:2222,3033,3618,1018,3485,3341,4083,2450,2205,55,4120,1290,620,858,1282,2607,700,1500,2041,1544

test suite357
bestAPFD:0.941667
bestSuite:1854,3050,2084,2568,3032,3938,3320,3874,3384,3873,920,3984,3995,4094,3005,149,4111,750,624,896

test suite358
bestAPFD:0.946852
bestSuite:1618,3268,2842,2141,3342,3522,3905,3527,3552,3388,4076,4103,744,951,2825,1482,1586,1617,815

test suite359
bestAPFD:0.895617
bestSuite:2601,2716,3914,1781,3683,4095,3420,1806,629,1509,818,2512,391,4108,1195,2421,313

test suite360
bestAPFD:0.948646
bestSuite:1854,3303,3249,3803,3431,2276,1910,3164,3231,1978,161,4077,2749,1346,2526,4115,2557,651,2866,854,1841

test suite361
bestAPFD:0.954076
bestSuite:2222,3175,1658,3099,3732,4062,1840,3580,4046,4077,4113,982,2553,1847,1036,2296,1824,2059,1800

test suite362
bestAPFD:0.933333
bestSuite:3565,2729,3471,909,1623,3636,2554,2926,669,2080,4108,663,2559,4094,3498

test suite363
bestAPFD:0.924370
bestSuite:1947,3883,3191,3298,2084,3480,3051,2953,3461,2455,4093,3231,4123,932

test suite364
bestAPFD:0.919935
bestSuite:1658,3686,2568,2205,2318,1787,468,2938,4074,4102,1055,1693

test suite365
bestAPFD:0.925070
bestSuite:1854,2155,2842,3975,3862,739,2729,2714,3180,4092,4118,1796,2910,1653

test suite366
bestAPFD:0.871895
bestSuite:3112,2926,3892,2706,3888,570,3624,887,122,3561,2724,2087,2889,4125,4100

test suite367
bestAPFD:0.954076
bestSuite:2222,3688,4006,1927,2966,3605,4098,2839,4110,2139,2573,1254,2757,1905,2213,820,944,1944,695

test suite368
bestAPFD:0.927602
bestSuite:1658,3883,2649,3644,4070,3021,4084,93,1066,4124,785,979,34

test suite369
bestAPFD:0.952259
bestSuite:1854,3688,3501,3456,591,2942,3523,3625,2961,596,3705,3946,4077,2902,1322,4107,1071,1238,1697,1704,2927,1425,2810

test suite370
bestAPFD:0.954248
bestSuite:2222,3979,3911,2830,3663,676,1428,4093,2376,2243,4113,1353,207,1855,804,523,1545,2627,2561,1728,2527

test suite371
bestAPFD:0.941176
bestSuite:2222,3688,3786,3537,3666,3988,4097,2269,2450,4123,2801,330,2274,1575,759,283,2089

test suite372
bestAPFD:0.942266
bestSuite:1947,2275,312,3577,3573,3003,3582,4098,2785,224,4128,2793,922,680,1844,2101,1841,1421

test suite373
bestAPFD:0.933824
bestSuite:2524,1947,2993,3334,755,2622,1644,2186,4088,4105,224,2569,1092,2248,552,1823

test suite374
bestAPFD:0.947884
bestSuite:2222,3802,1618,3344,2474,3065,3287,4087,2634,308,4106,1242,2414,2419,1434,2827,1427,2157,2527

test suite375
bestAPFD:0.939951
bestSuite:2222,3456,3732,3501,4084,2515,1668,4121,213,1294,2664,1726,1633,2170,2121,2113

test suite376
bestAPFD:0.941692
bestSuite:3292,1947,701,1936,1847,655,2246,2604,3104,3266,2610,2288,1329,2042,2834,4092,4130,4046,3457

test suite377
bestAPFD:0.915686
bestSuite:1854,2509,2417,4028,3419,3014,1791,1724,3842,1777,4073,2749,4102,768,1865

test suite378
bestAPFD:0.925029
bestSuite:1658,3268,4011,3360,3662,2788,701,547,3487,896,2964,589,4126,1486,1692,2183,2281

test suite379
bestAPFD:0.900327
bestSuite:3780,1463,2450,1797,2362,3007,2844,3802,2368,3332,4122,4084

test suite380
bestAPFD:0.946078
bestSuite:3292,2515,1973,847,2450,3631,3626,2458,488,2638,2683,2121,2732,4097,3979,4107,3056,3466,3296,3870

test suite381
bestAPFD:0.941753
bestSuite:1947,2336,2502,2844,3737,3943,3296,4032,3231,3079,668,513,4099,4129,2387,1775,2828

test suite382
bestAPFD:0.890056
bestSuite:2601,3033,3456,3500,3213,3378,1974,3472,3683,3164,2804,1998,4096,4111

test suite383
bestAPFD:0.892734
bestSuite:4039,2194,2474,2251,4069,2083,3030,3752,3054,4030,2307,1843,1535,2598,1198,4110,4095

test suite384
bestAPFD:0.937716
bestSuite:1658,4007,2804,2568,2492,3349,2060,1584,1672,722,311,2964,4103,2134,1460,1597,705

test suite385
bestAPFD:0.933473
bestSuite:2222,3050,3922,3472,3785,3945,3502,4094,2564,4117,1722,2728,995,2714

test suite386
bestAPFD:0.932680
bestSuite:1658,3876,3417,3725,3655,2273,3439,2150,4072,311,1242,4122,2406,2061,1475

test suite387
bestAPFD:0.916122
bestSuite:1463,3251,2915,3848,2177,2527,2554,2233,334,1731,698,4097,4101,1100,2412,1489,864,774

test suite388
bestAPFD:0.938375
bestSuite:2222,3268,3803,3663,4073,1423,391,2372,4109,970,2160,608,1726,924

test suite389
bestAPFD:0.927336
bestSuite:2524,1658,2491,3892,3342,2951,963,3572,3347,2660,4081,2953,4117,55,292,2676,1313

test suite390
bestAPFD:0.911152
bestSuite:3033,1849,2650,3234,3887,1555,955,2953,1485,3683,2525,561,2809,1055,4098,4123

test suite391
bestAPFD:0.935986
bestSuite:1908,3860,3421,2694,2849,3962,3349,2374,4040,2275,2480,4084,4128,253,1306,1861,1512

test suite392
bestAPFD:0.886029
bestSuite:2363,3351,3900,2415,3343,3919,2732,3752,2092,1290,223,1905,1765,4074,4125,1112

test suite393
bestAPFD:0.883506
bestSuite:2174,3133,3683,2589,2515,1431,34,2880,3527,2788,1403,2330,1813,2573,4077,4101,56

test suite394
bestAPFD:0.919118
bestSuite:2697,3796,3510,3683,4061,2490,3725,1554,1559,4096,2291,4125,646,2693,1470,543

test suite395
bestAPFD:0.945304
bestSuite:2786,3337,3683,2356,3854,3566,2020,2480,3427,1012,2964,4121,603,2756,912,2705,1458,1943,2298

test suite396
bestAPFD:0.900000
bestSuite:1463,2417,2926,3066,2512,2399,3725,232,986,2454,4087,149,4101,978,1451

test suite397
bestAPFD:0.886809
bestSuite:3528,2564,1845,2658,708,2177,3752,2902,149,4081,4116

test suite398
bestAPFD:0.848813
bestSuite:3175,867,2669,843,997,2871,2247,3483,3364,773,3510,1553,4047,1660,2547,149,3752,4079,4105

test suite399
bestAPFD:0.917532
bestSuite:2834,1804,3808,2773,1687,1792,2376,3675,3819,3752,3281,4073,2554,4124,2677,2617,411

test suite400
bestAPFD:0.924020
bestSuite:3565,1908,2072,687,3577,468,900,2085,637,4115,4091,3407

test suite401
bestAPFD:0.915850
bestSuite:2786,1658,3112,3247,3223,3088,1615,2752,4082,2502,4105,1076

test suite402
bestAPFD:0.941176
bestSuite:2166,1947,3112,3456,3979,3400,1457,3729,3246,3174,400,4077,4110,436,1941,2100

test suite403
bestAPFD:0.928105
bestSuite:2986,2584,3066,2469,2598,1543,2246,807,1888,1959,1795,672,4100,4107,3386

test suite404
bestAPFD:0.931917
bestSuite:1658,312,3803,3564,2115,3332,1457,1525,3705,4085,646,1201,4109,1553,805,720,2414,1559

test suite405
bestAPFD:0.939112
bestSuite:1908,3334,2347,3694,820,3921,3454,3187,2515,3472,701,804,1662,2630,705,4074,4112,1917,225

test suite406
bestAPFD:0.941789
bestSuite:1618,3223,3860,3838,2186,3941,3011,3605,3266,3746,2515,4095,4110,756,1735,1517

test suite407
bestAPFD:0.893791
bestSuite:2336,1502,2975,1523,1526,2842,3425,3332,2926,1290,3682,2539,341,1239,4097,2610,4108,24

test suite408
bestAPFD:0.905773
bestSuite:3476,3808,2634,1875,734,2987,3752,2399,3438,3352,4058,2587,2078,526,4113,4095,3885,3318

test suite409
bestAPFD:0.889483
bestSuite:2524,3979,2783,3428,3907,3533,3752,1518,2502,4095,4111

test suite410
bestAPFD:0.934436
bestSuite:3565,1463,673,849,2564,3524,755,3910,2531,750,34,4082,4108,3792,3695,3273

test suite411
bestAPFD:0.935049
bestSuite:3247,1658,3223,2363,826,2495,3808,3956,3926,412,119,1852,2525,4129,4081,3993

test suite412
bestAPFD:0.945213
bestSuite:2786,1463,3136,2449,3891,3639,2716,3662,2441,4079,2469,4121,97,349,1659,2197,1529

test suite413
bestAPFD:0.935986
bestSuite:1658,3979,2092,2863,2599,3003,3514,3888,2213,670,4078,2605,4102,209,531,2508,1926

test suite414
bestAPFD:0.930065
bestSuite:2524,1658,1736,2650,3200,3632,3456,2634,4079,4119,2664,1201,2858,2199,2241

test suite415
bestAPFD:0.862745
bestSuite:3476,939,1486,899,1707,3124,2599,3913,3683,2554,3872,4098,4110

test suite416
bestAPFD:0.936975
bestSuite:2786,1854,3398,3251,3090,1732,3743,1811,4086,4126,719,2018,540,840

test suite417
bestAPFD:0.918301
bestSuite:1908,2182,3077,2933,3996,3581,2331,2741,2512,4098,391,2283,4125,926,417

test suite418
bestAPFD:0.931373
bestSuite:3292,1555,1984,751,1002,3999,3788,2083,308,2148,2815,81,3605,4130,2194,4099,3725,3601

test suite419
bestAPFD:0.955243
bestSuite:2986,2377,3644,3072,3051,2108,1938,953,2322,1803,1387,249,2313,2296,1015,4093,2120,1794,1139,1777,4125,3804,3332

test suite420
bestAPFD:0.946078
bestSuite:3292,3808,957,856,1750,2568,2997,2684,2959,2223,436,2775,3051,4107,4078,3595,3357,3467,3230,3383

test suite421
bestAPFD:0.915686
bestSuite:3356,2509,2572,2083,3976,2187,946,3444,2926,290,1898,514,634,4085,4101

test suite422
bestAPFD:0.933551
bestSuite:3292,3808,1878,1814,1592,738,2707,3163,3913,203,2868,2605,4046,2825,3860,4109,4087,3691

test suite423
bestAPFD:0.946078
bestSuite:2986,2494,679,2554,3943,3403,1853,573,944,1647,4105,699,4087,3324,3112,3232,3552,3816

test suite424
bestAPFD:0.937611
bestSuite:2082,3251,1463,1795,2830,3919,3376,1837,3774,1250,665,1576,1522,1712,3566,3522,4091,149,4109,1322,204,209

test suite425
bestAPFD:0.914781
bestSuite:2425,1854,3323,3568,3050,3049,2200,2788,4072,4123,93,1687,1668

test suite426
bestAPFD:0.928758
bestSuite:3678,1463,2092,1459,1777,3502,1526,3772,99,2107,225,2577,2095,4079,4128

test suite427
bestAPFD:0.942907
bestSuite:2986,3576,2092,2610,3545,3888,1396,193,865,1572,344,2526,4072,4104,3629,2999,3328

test suite428
bestAPFD:0.906486
bestSuite:1908,3513,2647,2830,864,1978,1514,4083,2480,2509,99,4126,1581

test suite429
bestAPFD:0.896770
bestSuite:3731,3887,3480,2926,670,2194,710,880,2242,656,2872,999,3332,3803,4125,518,4083

test suite430
bestAPFD:0.886967
bestSuite:3592,2973,2658,3683,4069,3250,3912,698,3456,3808,1554,3146,1577,290,190,4126,4095

test suite431
bestAPFD:0.950404
bestSuite:2597,3398,3175,1908,3992,3495,4097,2684,4122,99,1769,1931,2430,2566,1735,354,2833

test suite432
bestAPFD:0.940023
bestSuite:1947,2634,3398,45,3979,3296,4058,3655,3775,123,4075,4115,1604,916,2682,1757,1021

test suite433
bestAPFD:0.940600
bestSuite:1854,4006,3200,2658,3632,182,1008,2101,3171,494,4098,99,4106,974,639,883,1562

test suite434
bestAPFD:0.930147
bestSuite:3292,630,2215,934,2953,2966,2356,31,4104,2847,3910,2076,3343,4078,3862,3830

test suite435
bestAPFD:0.930672
bestSuite:3292,2181,709,1440,704,2083,570,482,2752,2649,4124,4091,3531,3956

test suite436
bestAPFD:0.923669
bestSuite:2181,3883,3740,785,2375,3530,3673,1089,589,4089,4117,2926,560,2293

test suite437
bestAPFD:0.889978
bestSuite:2860,3497,3906,3545,739,1717,1503,2514,3683,1974,3452,1724,1285,2177,4085,1162,4123,2482

test suite438
bestAPFD:0.946623
bestSuite:2986,3819,2473,3050,2840,1859,646,1508,1408,1515,1449,1242,2684,4092,4126,3931,3804,3034

test suite439
bestAPFD:0.912232
bestSuite:1463,2092,2474,2367,3010,3433,3998,1979,1580,3209,752,135,1004,4098,82,4102,1197,1289,268,1338,1428

test suite440
bestAPFD:0.916176
bestSuite:2925,2515,1689,1784,3023,1915,3976,699,3483,3174,3847,3472,3752,3680,3273,267,4093,4114,38,139

test suite441
bestAPFD:0.910256
bestSuite:1812,3854,3979,3644,3207,1463,168,3076,52,1382,2021,4081,4115

test suite442
bestAPFD:0.942208
bestSuite:2986,2098,3163,3892,2864,2092,2729,468,2406,2128,1591,2510,1936,1743,1224,4107,4093,3082,3901

test suite443
bestAPFD:0.936275
bestSuite:1854,3639,2117,2442,2375,2469,4071,3651,1500,1692,3110,2056,2356,4079,4104,913

test suite444
bestAPFD:0.946078
bestSuite:2786,1908,3456,3510,3136,3608,674,2082,4073,2461,4122,179,1591,1246,833,1884

test suite445
bestAPFD:0.935986
bestSuite:1854,3860,3283,2637,3515,2879,3740,3834,121,2356,2480,4080,4107,229,405,1642,1609

test suite446
bestAPFD:0.932026
bestSuite:1854,3186,3576,2092,3449,2729,3692,3608,4072,93,4115,968,2868,429,1560

test suite447
bestAPFD:0.916667
bestSuite:2375,1658,3198,2271,2379,2269,1677,1714,3621,2950,1526,4084,4112,2140

test suite448
bestAPFD:0.932773
bestSuite:1618,3175,3268,3822,2379,2064,3385,3676,3527,2519,4088,4128,814,2828

test suite449
bestAPFD:0.933007
bestSuite:1854,3533,2177,3403,3844,3821,3351,1005,2327,3348,2304,4084,308,4125,2684,2179,2738,1649

test suite450
bestAPFD:0.942208
bestSuite:1908,2650,3474,4062,3412,2495,2568,3503,4020,2083,4097,4107,125,1291,925,1680,2869,493,2787

test suite451
bestAPFD:0.926916
bestSuite:3565,1854,1795,2363,570,2705,4117,4092,3846,3626,3384

test suite452
bestAPFD:0.931889
bestSuite:3292,1501,1687,1909,1894,3359,2480,3002,3000,2356,224,1193,2270,2663,4124,2657,4083,3867,4007

test suite453
bestAPFD:0.928571
bestSuite:1854,2844,2621,2673,3874,1676,3888,4075,1382,4125,2061,1752,858,1841

test suite454
bestAPFD:0.917892
bestSuite:1758,3334,2926,3632,2847,2083,3138,149,3577,1886,78,2892,4072,4103,1710,2011

test suite455
bestAPFD:0.941789
bestSuite:2597,1658,3527,3343,3116,3294,3305,2480,3246,4083,311,4123,1432,57,727,2864

test suite456
bestAPFD:0.937255
bestSuite:2639,1947,3926,3231,1771,3899,2788,4094,308,4122,324,2708,1829,1428,2378

test suite457
bestAPFD:0.937908
bestSuite:2986,3732,2151,3891,2574,2480,772,1939,1894,2325,4098,4107,3301,3497,3522

test suite458
bestAPFD:0.945790
bestSuite:3565,1854,1840,2729,2572,997,93,3223,2756,1565,1512,2964,4115,3877,3228,3570,3502

test suite459
bestAPFD:0.909091
bestSuite:2731,3731,2515,1809,4042,1968,3479,4093,4129,2931,2926

test suite460
bestAPFD:0.905229
bestSuite:3565,1618,3458,972,2953,2610,843,4078,4114

test suite461
bestAPFD:0.913399
bestSuite:1854,3185,3521,3510,3528,3976,739,1810,4084,4110,1110,493

test suite462
bestAPFD:0.938725
bestSuite:3528,1463,2564,2077,1000,2561,935,2064,2980,3743,2902,3410,3472,2268,2328,2628,4119,4088,3673,3944

test suite463
bestAPFD:0.930906
bestSuite:1908,4061,3763,3834,3505,848,1749,4063,218,3224,3013,2563,1877,4094,2474,2902,224,4124,1437,906,2602

test suite464
bestAPFD:0.946336
bestSuite:1854,3796,3639,3688,3175,2514,2313,3203,2365,4062,2823,439,3931,4096,4115,1197,1064,1050,512

test suite465
bestAPFD:0.927941
bestSuite:1463,3497,3976,258,2708,45,3940,3095,4020,806,1449,1466,993,2269,4091,2458,4123,1311,1619,757

test suite466
bestAPFD:0.923203
bestSuite:3565,2181,1766,1953,2037,589,2926,25,1949,4075,4123,3501

test suite467
bestAPFD:0.909926
bestSuite:2731,1713,1985,3577,863,1479,1743,3941,3752,2083,3723,3144,4095,468,2492,4123

test suite468
bestAPFD:0.933103
bestSuite:1854,2064,2363,3855,3099,3314,2286,3399,3040,2083,2056,3395,4091,82,4111,616,1979

test suite469
bestAPFD:0.939076
bestSuite:2986,2450,2925,3732,3681,1528,1057,933,1820,1809,4124,4096,3299,3909

test suite470
bestAPFD:0.922269
bestSuite:3292,1434,1704,2473,3796,3855,3138,3883,2372,4092,4125,3669,3782,3261

test suite471
bestAPFD:0.949755
bestSuite:2597,3644,1854,3774,3895,4076,4128,2469,589,1578,2320,725,2644,2464,2328,1749

test suite472
bestAPFD:0.929194
bestSuite:3292,739,1990,1520,629,925,1692,1818,3644,3883,443,500,2334,2685,4098,4108,3670,3691

test suite473
bestAPFD:0.904684
bestSuite:3050,962,2729,754,2021,1681,2209,850,3383,2554,3691,3752,461,382,4102,3792,4090,3982

test suite474
bestAPFD:0.943015
bestSuite:2986,2860,4006,3808,570,3778,3569,1134,473,987,2810,829,4091,4107,3707,3848

test suite475
bestAPFD:0.941830
bestSuite:2222,3257,3803,3398,3223,646,3115,4094,4114,1571,698,2111,1000,627,602

test suite476
bestAPFD:0.928793
bestSuite:1658,2712,3115,3270,3734,2789,3889,3051,2716,3957,2752,3980,2480,4073,4127,36,918,2337,818

test suite477
bestAPFD:0.911152
bestSuite:2254,3683,3808,4043,1654,2712,2216,3352,920,1450,2376,4098,4108,1801,2112,2156

test suite478
bestAPFD:0.925181
bestSuite:1908,3376,3332,2696,2658,3259,2173,2612,2270,1681,1582,2245,3295,391,4074,4121,1512,708,1836

test suite479
bestAPFD:0.948674
bestSuite:1947,3669,3796,2450,3398,3629,2973,3233,2914,4087,4129,1078,138,926,711,2279,2006

test suite480
bestAPFD:0.929642
bestSuite:3292,1996,2174,1901,2512,3022,3950,3268,2527,589,148,2669,2815,4090,4122,3232,3745

test suite481
bestAPFD:0.932680
bestSuite:1618,4021,3398,2340,2621,2449,3610,3005,311,4082,2439,4110,715,881,1777

test suite482
bestAPFD:0.936887
bestSuite:1854,2601,3883,2512,2488,2542,3632,308,738,2968,2964,2431,4124,777,749,384

test suite483
bestAPFD:0.949432
bestSuite:2181,1947,3732,1949,3174,3335,3432,2284,392,822,985,1774,4088,4121,466,2855,2548,2214,2460

test suite484
bestAPFD:0.939542
bestSuite:3565,1618,2357,1945,2435,2564,3111,2991,3806,955,1158,4072,67,967,2612,3669,4107,3140

test suite485
bestAPFD:0.913165
bestSuite:1947,3163,3464,3940,468,3192,2720,3210,1794,2376,4094,4130,973,1859

test suite486
bestAPFD:0.942208
bestSuite:1658,3987,2502,2270,3004,3404,3027,325,1783,414,646,4095,4130,231,1316,1806,2594,1061,613

test suite487
bestAPFD:0.942208
bestSuite:1908,2516,2731,3326,3006,3403,2269,1810,2644,2439,4090,311,4126,776,2893,1922,2217,2493,742

test suite488
bestAPFD:0.946336
bestSuite:2986,2505,213,3105,739,2788,3300,3476,1999,1964,1382,799,669,1880,4122,4074,4052,3712,3978

test suite489
bestAPFD:0.944272
bestSuite:1618,3445,3247,2731,2584,3187,2931,2232,435,2515,4084,82,2431,4111,567,2188,897,1697,233

test suite490
bestAPFD:0.924020
bestSuite:2375,3033,3447,4006,3752,2799,3148,2561,3864,937,3135,841,4074,4108,1307,1602

test suite491
bestAPFD:0.942810
bestSuite:2222,3565,3395,256,3519,3509,2999,3484,1526,4083,2749,2915,4128,1162,1440,1254,1998,667

test suite492
bestAPFD:0.949510
bestSuite:1947,3576,2830,3058,21,3438,3938,3940,67,2740,4090,4124,1765,1068,745,1885,649,1575,1751,1713

test suite493
bestAPFD:0.910131
bestSuite:2621,2328,3198,3752,3513,2152,2338,987,1444,3774,4064,2729,4073,739,4123,1158,947,1926

test suite494
bestAPFD:0.915033
bestSuite:2222,4006,3796,2842,4034,2997,3247,2338,4096,4122,224,2627

test suite495
bestAPFD:0.928922
bestSuite:1618,3417,3691,1526,2472,4093,149,4101,1941,694,1861,2752

test suite496
bestAPFD:0.903469
bestSuite:3981,1463,719,2715,1922,681,3979,3205,3803,1311,2311,4084,4102

test suite497
bestAPFD:0.922323
bestSuite:2222,3456,2057,4064,2082,3652,391,4093,2338,4102,2099,2282,1826

test suite498
bestAPFD:0.937908
bestSuite:1658,3907,4026,3175,3808,2317,561,2753,1713,739,2467,3429,3935,4092,4130,292,2103,964

test suite499
bestAPFD:0.938453
bestSuite:1947,2362,543,3976,2317,3798,2147,3682,2296,739,4082,4111,1223,1167,1474,983,1697,1713

test suite500
bestAPFD:0.883007
bestSuite:3572,1747,3020,2338,1627,813,2449,391,2926,3375,2947,2152,3279,4101,4080

