test suite1
bestAPFD:0.946943
bestSuite:1908,3976,2966,2598,1468,4112,1837,3099,356,4017,4090,3010,1246,2276,3808,2618,1771

test suite2
bestAPFD:0.947712
bestSuite:1947,3251,4127,342,93,561,2754,4092,3853,3912,810,1806,1161,1387,3605,1940,1809,697

test suite3
bestAPFD:0.932264
bestSuite:1791,2604,2514,2759,746,3109,3752,4125,4081,3667,3175,3940,184,2508,3925,4068,2513,2138,2360,2352,313,2507

test suite4
bestAPFD:0.945098
bestSuite:1854,3159,2474,739,4073,4120,236,799,2594,2926,1612,1096,2132,3719,3257

test suite5
bestAPFD:0.956972
bestSuite:1947,3731,2246,4104,4088,2559,3417,3343,3208,2393,3078,3657,778,1512,2311,1390,1901,1108

test suite6
bestAPFD:0.943137
bestSuite:1908,2336,4030,1724,4077,739,4120,1070,3138,3510,1576,2576,3848,2712,1910

test suite7
bestAPFD:0.956427
bestSuite:1908,2786,3403,4127,4099,2367,1911,3112,3379,3811,3454,1181,45,3245,1804,3882,2725,1988

test suite8
bestAPFD:0.945752
bestSuite:2986,3856,82,4006,4076,4114,2271,1430,1332,793,2074,3386,1824,3551,3006

test suite9
bestAPFD:0.935662
bestSuite:1908,4084,4061,3788,164,2968,3312,4127,3426,82,2891,2170,3198,1669,1768,3006

test suite10
bestAPFD:0.948802
bestSuite:1947,2425,3352,3788,4077,643,687,3919,1945,2269,3684,4116,3178,1972,2419,979,2340,3002

test suite11
bestAPFD:0.934641
bestSuite:1908,2254,3762,3913,4075,2610,2533,64,3816,4046,868,1620,3709,353,4130

test suite12
bestAPFD:0.918989
bestSuite:2500,3497,2716,1983,2376,3683,3838,4106,4073,3272,1604,224,191,2021,3925,2035,1781,3661,1072

test suite13
bestAPFD:0.936975
bestSuite:1947,2512,2375,3503,2644,4094,846,776,4114,3332,1997,2146,301,1486

test suite14
bestAPFD:0.956171
bestSuite:1947,3669,4078,2568,4104,725,1788,1546,531,2487,2424,806,3937,948,861,3347,2714

test suite15
bestAPFD:0.931889
bestSuite:2524,2300,1450,3283,1723,2056,4121,3752,2246,99,2964,2098,946,958,617,2806,3518,3325,3928

test suite16
bestAPFD:0.946078
bestSuite:2166,2986,2291,4125,82,4085,2500,2146,909,3146,3791,3767,3050,1749

test suite17
bestAPFD:0.915686
bestSuite:3860,2718,2338,2842,164,3655,4075,3752,3069,4101,2704,3437,3278,1283,1977

test suite18
bestAPFD:0.941176
bestSuite:2524,1795,3438,1908,3425,3891,4117,311,4091,1093,1995,1097,1716,3699,2848,1676

test suite19
bestAPFD:0.947479
bestSuite:3565,1947,3577,4088,149,4111,1732,2982,2871,3185,2834,3719,636,3956

test suite20
bestAPFD:0.954076
bestSuite:1658,3771,3359,2186,4076,4123,2786,3218,3480,2424,2419,2411,3135,788,1711,3667,2067,2989,2514

test suite21
bestAPFD:0.956171
bestSuite:2986,2621,2291,4119,2610,4088,2526,324,923,909,2902,4067,1716,3356,1377,1882,847

test suite22
bestAPFD:0.903922
bestSuite:2084,2141,1979,2926,1884,3108,2839,2480,4116,4084,2811,224,2535,38,967

test suite23
bestAPFD:0.931373
bestSuite:2986,3459,2788,1482,3860,4078,4104,3436,2716,1751,474,846

test suite24
bestAPFD:0.934641
bestSuite:1658,2076,3457,2291,4129,99,4076,3683,1721,963,3594,1540,234,874,3938

test suite25
bestAPFD:0.933551
bestSuite:2830,2650,960,3683,1668,2729,4123,3029,4073,1587,2931,4007,2627,2539,3289,741,2248,3486

test suite26
bestAPFD:0.915033
bestSuite:3112,1832,2377,2451,4072,2361,3976,2732,2439,3910,4123,3683,3145,4011,3290,3156,803,124,1472,3686,732

test suite27
bestAPFD:0.916667
bestSuite:3731,2568,3510,3885,1861,1444,2098,4121,4094,3317,3853,291,360,1906,3224,3752

test suite28
bestAPFD:0.947059
bestSuite:1618,3101,2729,4093,4110,3476,3051,1910,1594,2494,1380,3666,2415,3351,1120

test suite29
bestAPFD:0.946078
bestSuite:2986,3565,2512,4111,391,4084,1600,3118,3207,2364,3676,3325,2419,3233

test suite30
bestAPFD:0.959893
bestSuite:3292,1542,3050,3456,2333,3012,4104,4097,2610,3137,1629,3838,3750,1385,3886,575,3170,3942,293,977,3471,433

test suite31
bestAPFD:0.909586
bestSuite:1947,2731,3913,4112,2347,99,4087,2082,3427

test suite32
bestAPFD:0.932680
bestSuite:1908,3803,3156,583,1444,2367,3910,4077,4127,58,3444,1543,1885,3800,1619

test suite33
bestAPFD:0.909664
bestSuite:2621,3268,2291,3752,674,901,4101,2439,3688,3638,3550,722,826,4098

test suite34
bestAPFD:0.946691
bestSuite:2222,4105,3510,2696,2731,4077,2598,2301,3502,3595,2523,2571,663,1716,153,1135

test suite35
bestAPFD:0.942208
bestSuite:3528,739,3919,4042,3883,2926,2961,4096,2884,4120,2211,869,3359,718,3638,1324,328,102,3138

test suite36
bestAPFD:0.943137
bestSuite:2524,1658,3976,2749,2509,4097,2572,4119,3786,3878,2805,3215,1080,3496,2435

test suite37
bestAPFD:0.954076
bestSuite:3292,2062,2291,3883,4085,421,860,4114,2610,1721,2053,2041,1020,3895,1801,1593,3069,2723,3159

test suite38
bestAPFD:0.948674
bestSuite:1947,3175,4109,3014,93,2964,2377,2839,2147,1594,2424,1083,3225,2494,2815,17,3908

test suite39
bestAPFD:0.946078
bestSuite:2222,3905,2839,4118,814,561,4087,2610,3598,611,3314,170,1474,829,2463,1218

test suite40
bestAPFD:0.946078
bestSuite:1908,3684,3062,2788,921,4080,3819,3527,4114,2931,632,1045,2707,648,582,1239,2524,2988

test suite41
bestAPFD:0.943277
bestSuite:2181,1947,3090,4107,3766,4094,279,223,2734,855,3332,1536,3341,2910

test suite42
bestAPFD:0.903595
bestSuite:2365,3007,3268,3250,3683,4128,2568,3911,1824,4096,3214,3867,1164,3161,3198,253,3132,3563

test suite43
bestAPFD:0.952070
bestSuite:1854,3454,2564,311,2915,4090,4123,381,2613,1713,1558,400,2148,2102,849,971,3535,2269

test suite44
bestAPFD:0.957688
bestSuite:2181,1854,3808,4113,149,2768,4088,2060,1804,3371,207,1840,1853,2550,3699,752,1333,631,3704

test suite45
bestAPFD:0.937716
bestSuite:3033,1463,2215,2246,3686,4085,4007,4123,224,186,2333,3930,743,3538,3266,3382,2081

test suite46
bestAPFD:0.920537
bestSuite:2514,3447,2376,1579,2026,4111,2926,3856,2262,4092,739,334,1326,2734,1885,2666,2439,81,3675

test suite47
bestAPFD:0.946691
bestSuite:3292,3655,2514,3860,1480,4092,2816,4107,3129,1543,4005,3660,3498,1734,2419,591

test suite48
bestAPFD:0.912854
bestSuite:1618,2844,3655,4117,4063,4079,759,386,2357

test suite49
bestAPFD:0.920415
bestSuite:3688,3112,2389,716,4091,3853,3822,3175,4116,2926,3974,861,4063,2248,220,1282,77

test suite50
bestAPFD:0.950436
bestSuite:1658,3855,3788,4078,3066,4130,2749,345,809,2325,2407,2873,784,2023,3033,1426,904,3712

test suite51
bestAPFD:0.954248
bestSuite:3292,2474,3883,2166,4082,4105,3732,3874,2930,3483,1478,441,654,2840,734,2170,1449,126

test suite52
bestAPFD:0.946405
bestSuite:1618,2474,3854,4075,2375,4129,3217,1927,3050,2262,1428,1896,185,3740,2065

test suite53
bestAPFD:0.962567
bestSuite:1947,3033,93,2363,2490,4125,2795,1788,4088,3246,2078,2485,310,3762,1418,2589,2509,2630,1745,31,4024,2646

test suite54
bestAPFD:0.938870
bestSuite:1908,1526,3004,4080,1633,3576,2963,4127,2554,2778,1785,1625,2944,1936,334,2043,3241

test suite55
bestAPFD:0.940523
bestSuite:3565,2474,1980,3683,1714,646,4079,4125,3947,3872,785,3825,3070,2472,286

test suite56
bestAPFD:0.953431
bestSuite:2375,1463,3099,2222,2474,4096,2762,4118,2205,1451,747,866,386,855,419,3762,1579,2646,3198,2560

test suite57
bestAPFD:0.947304
bestSuite:1947,2830,2449,4094,4130,3684,2598,1705,276,1434,2395,2966,2796,1704,2327,2021

test suite58
bestAPFD:0.945534
bestSuite:2222,2356,3175,570,344,1968,4129,2888,831,955,4013,2950,433,2040,1447,3894,3814,4091

test suite59
bestAPFD:0.930828
bestSuite:2072,1939,2839,2842,3752,2788,2605,4097,2598,4117,1898,653,3165,1535,2007,3812,1556,2349

test suite60
bestAPFD:0.953864
bestSuite:1618,3268,2473,4116,99,3214,4085,1492,3564,750,3507,3619,3070,3026,1037,3813,2686

test suite61
bestAPFD:0.927083
bestSuite:2284,2896,3803,2698,3112,4117,2926,4091,2747,2177,3051,3564,1436,423,1977,1252

test suite62
bestAPFD:0.962255
bestSuite:2181,2986,4124,2367,4084,1733,2610,3750,2401,3095,3651,1555,2171,1531,313,3993,1229,1362,3207,1886

test suite63
bestAPFD:0.952941
bestSuite:2986,2502,570,4082,4114,3867,2840,3050,2336,2820,1827,943,2712,583,3237

test suite64
bestAPFD:0.899782
bestSuite:1658,3160,3606,2376,3860,4127,2642,3077,4080

test suite65
bestAPFD:0.916221
bestSuite:3050,983,3005,3738,4042,3940,3524,933,2208,4110,3714,3752,4023,3357,4086,3203,738,3462,2674,406,2492,3176

test suite66
bestAPFD:0.909185
bestSuite:2080,863,2902,2926,3533,2141,774,2953,4098,3345,240,3911,4105,518,556,3785,135,3131,1822

test suite67
bestAPFD:0.902778
bestSuite:1463,2363,2762,4083,2486,308,3503,2396,751,726,3319,4104

test suite68
bestAPFD:0.956972
bestSuite:1618,3819,2696,4124,4084,3527,1990,2235,106,1369,389,1400,985,2011,2950,2515,427,3184

test suite69
bestAPFD:0.950980
bestSuite:2222,3803,589,1952,2839,4097,1877,4118,3609,633,2590,3768,3014,549,2925,895,3534

test suite70
bestAPFD:0.952614
bestSuite:3292,2246,2083,311,3141,3605,4080,4110,2122,379,3285,2511,3101,2922,36,659,723,40

test suite71
bestAPFD:0.943355
bestSuite:3883,2650,3639,3683,4107,2474,4100,1596,4046,3316,2057,3010,3885,3439,170,1873,1061,2909

test suite72
bestAPFD:0.939076
bestSuite:2986,4063,1642,4075,3187,2375,3207,3339,4101,2316,3932,2656,2514,3850

test suite73
bestAPFD:0.948366
bestSuite:1947,2604,4075,3190,468,4108,2824,37,1480,1445,3359,3745,2842,1490,80

test suite74
bestAPFD:0.946078
bestSuite:1854,2092,3066,2512,4078,2557,3767,4102,1636,93,2185,2694,1912,706,2000,3644,2968,801

test suite75
bestAPFD:0.947712
bestSuite:2166,1854,3655,3940,4102,3452,4073,3691,2500,2339,4039,2716,1084,3410,1472

test suite76
bestAPFD:0.953864
bestSuite:2986,3688,2515,4116,2788,4077,1589,2920,1606,3520,3354,669,525,727,119,1986,1626

test suite77
bestAPFD:0.954441
bestSuite:3292,3808,3888,4087,646,4129,3792,1530,3858,3373,2104,1785,2495,1894,3912,3804,911

test suite78
bestAPFD:0.904412
bestSuite:4039,3910,2775,2264,3332,3683,3380,4075,2480,4118,1978,2393,3021,2823,335,3252

test suite79
bestAPFD:0.935948
bestSuite:1908,4060,2512,1872,2842,3940,4088,2379,4128,3031,2165,3332,520,995,1606

test suite80
bestAPFD:0.938870
bestSuite:1658,2775,3540,1724,149,4117,1464,4086,399,2694,3075,1191,1580,1741,350,1053,497

test suite81
bestAPFD:0.958204
bestSuite:2222,3050,3688,4082,2759,3251,4109,2612,2732,3133,3060,3145,2599,578,3105,2197,3198,2550,3282

test suite82
bestAPFD:0.947368
bestSuite:1908,2696,3510,2907,2576,2552,646,4112,4077,2962,2348,374,875,3442,2101,2141,1449,2796,2744

test suite83
bestAPFD:0.952819
bestSuite:2986,3576,2450,4128,4077,2375,2469,946,433,1507,1933,3142,1881,455,3815,955

test suite84
bestAPFD:0.930719
bestSuite:1908,2974,2830,3655,821,1681,4101,4077,570,3100,2119,855,2579,3828,1840

test suite85
bestAPFD:0.903922
bestSuite:2254,2515,3463,1619,1526,3352,2926,4093,2377,4130,3659,186,2436,972,1791

test suite86
bestAPFD:0.945820
bestSuite:2509,1854,3976,4078,690,3489,55,4119,1396,3410,2760,1161,344,312,3428,227,1671,2338,2330

test suite87
bestAPFD:0.924837
bestSuite:2336,1781,1597,4124,3752,2030,2083,2729,93,3365,2381,4088,2857,505,839,79,2764,3875

test suite88
bestAPFD:0.956171
bestSuite:2639,1658,3438,4104,4078,3472,90,3520,1539,553,305,874,3358,1447,1825,812,2356

test suite89
bestAPFD:0.945378
bestSuite:1618,3303,2474,2650,4126,4077,2114,3792,1976,484,3907,3410,3070,877

test suite90
bestAPFD:0.924688
bestSuite:3476,312,1551,2520,3577,2926,1761,2706,2703,308,1998,4128,4084,3155,90,1226,3483,1339,1938,3750,3354,933

test suite91
bestAPFD:0.932190
bestSuite:1618,2347,3803,646,2356,4074,1229,4108,3298,1494,2947,2036

test suite92
bestAPFD:0.949827
bestSuite:3292,3976,3313,1500,3051,4118,2141,4074,3421,2783,473,1627,1771,1619,506,3184,3125

test suite93
bestAPFD:0.924149
bestSuite:1463,312,2989,4097,2762,1596,2376,82,2211,868,4102,3112,1858,2138,3323,1919,952,974,3793

test suite94
bestAPFD:0.949432
bestSuite:2181,2336,1805,2514,3752,391,4077,4117,2863,3920,2657,3765,4009,1042,3001,286,2405,1511,576

test suite95
bestAPFD:0.950980
bestSuite:1618,3688,4094,3251,4117,3381,1066,3142,153,3966,2407,3239,3955,3343,2720

test suite96
bestAPFD:0.932073
bestSuite:1908,1423,3033,3187,1800,4104,4074,3977,1647,2750,3336,846,3016,3940

test suite97
bestAPFD:0.921569
bestSuite:3565,3292,2788,3688,4105,2430,827,3216,849,4084

test suite98
bestAPFD:0.890427
bestSuite:3683,3648,1806,3303,1596,1925,4042,4090,2991,2338,468,4127,3632,138,1642,779,259

test suite99
bestAPFD:0.949142
bestSuite:2986,2186,1612,4119,2461,1244,4090,149,1696,2524,3227,3749,2341,3753,3388,1500

test suite100
bestAPFD:0.952528
bestSuite:3796,1463,2568,4128,2630,3979,2338,3076,3878,4085,3621,1861,3955,3572,1792,923,855,2719,3675

test suite101
bestAPFD:0.953864
bestSuite:1618,3669,3981,3913,909,4084,4117,1494,2684,2518,433,2621,642,1329,2411,2291,2515

test suite102
bestAPFD:0.927912
bestSuite:3033,3636,1499,2291,1392,2141,223,2926,4099,4111,3745,2948,4026,393,3766,3349,2073

test suite103
bestAPFD:0.881776
bestSuite:3688,1481,4088,2716,2317,3752,3788,3394,963,1964,1478,3354,2721,3010,2654,2217,4106

test suite104
bestAPFD:0.912656
bestSuite:1463,2907,3976,4112,4072,2369,2229,646,3920,3975,2010

test suite105
bestAPFD:0.956774
bestSuite:1658,3860,4072,3187,2177,1520,4103,2684,4061,743,924,1863,727,531,3551,1888,3217,2047,1277,3754,1342,1193

test suite106
bestAPFD:0.950980
bestSuite:3292,1896,2749,2964,3476,3888,4130,2837,605,3197,494,3435,1637,3302,928,3941,3786,3562

test suite107
bestAPFD:0.926797
bestSuite:1463,3688,3185,3217,3413,2474,4117,2971,395,4093,2716,2573,2509,3205,1783

test suite108
bestAPFD:0.944060
bestSuite:1908,2568,3662,3919,4096,1749,4122,99,2849,2769,1319,3895,874,2150,3647,1006,3184

test suite109
bestAPFD:0.938113
bestSuite:2786,3267,2566,2117,2926,3398,4118,1169,4075,223,2547,189,2354,2956,1634,3909

test suite110
bestAPFD:0.956863
bestSuite:1947,2502,290,3364,484,2822,4106,4072,978,2423,2535,1506,3322,2404,2789,1836,2839,2098,1359,3630

test suite111
bestAPFD:0.934256
bestSuite:3586,1854,2568,2317,224,4103,3966,3363,1583,1607,3313,2152,3690,3000,3619,2520,4098

test suite112
bestAPFD:0.927288
bestSuite:2768,3883,3187,3752,4073,4121,3860,763,4046,2896,2393,1528

test suite113
bestAPFD:0.903595
bestSuite:907,3398,224,2002,3417,2373,3403,4129,3752,2754,2262,4077,4066,2209,1677,3613,3748,426

test suite114
bestAPFD:0.950404
bestSuite:1908,2786,4072,2474,3516,2182,2544,4104,2150,3071,3719,2658,2164,3527,3317,2514,261

test suite115
bestAPFD:0.950980
bestSuite:1463,2729,2731,3964,4110,4094,2650,1720,2880,1731,1972,2025,1479,2620,900,958,3217,3787,1330,2439,2171,1663

test suite116
bestAPFD:0.933987
bestSuite:1854,2473,3712,3163,224,3503,4128,1943,3104,4083,3755,352,3778,2428,3493

test suite117
bestAPFD:0.910131
bestSuite:3033,3200,3976,1797,4100,2926,2467,4113,283,2278,3020,2749

test suite118
bestAPFD:0.952819
bestSuite:3565,1658,4126,308,1526,4073,2834,3975,1980,172,552,3166,3966,2023,2777,1698

test suite119
bestAPFD:0.926471
bestSuite:3476,712,2117,1486,3752,4002,3640,2554,2193,4099,4124,1443,3343,2283,3700,3582,2862,2341

test suite120
bestAPFD:0.925858
bestSuite:1494,2092,3905,993,739,2926,4090,2094,4114,2073,2718,934,3977,3203,1511,2469

test suite121
bestAPFD:0.942724
bestSuite:2830,1487,3683,1732,4118,1526,3911,4088,2868,3100,1629,304,2860,3223,2798,3537,2931,4028,3210

test suite122
bestAPFD:0.955649
bestSuite:1854,3480,5,1526,391,3510,4113,3649,2964,4020,3910,1875,2759,979,2855,3615,1582,81,1411,3810,3213

test suite123
bestAPFD:0.936275
bestSuite:1854,3033,2254,3803,4095,4112,2071,1799,93,3320,2084,2665,56,497

test suite124
bestAPFD:0.941721
bestSuite:1658,2186,3276,3910,2036,3283,2067,4078,896,3586,3394,732,585,1601,3028,1085,2391,4109

test suite125
bestAPFD:0.933007
bestSuite:3731,814,3338,2902,2363,2351,4073,4115,3752,2974,2527,1960,598,1744,1948,2118,3781,2401

test suite126
bestAPFD:0.962745
bestSuite:2639,1658,3251,4086,739,4126,3332,2578,737,1984,754,142,45,3505,1729,3012,1103,1106,1468,1892

test suite127
bestAPFD:0.950436
bestSuite:3292,3050,983,2610,3456,4074,1726,2023,1805,4118,3303,2934,2849,3502,3526,2818,2026,4005

test suite128
bestAPFD:0.939216
bestSuite:1908,3247,2474,3910,4116,3470,4087,3205,3189,780,3376,300,2514,3994,580

test suite129
bestAPFD:0.929864
bestSuite:2524,1658,3844,2104,1724,2598,4074,4106,3598,1603,1395,3318,1877

test suite130
bestAPFD:0.918627
bestSuite:2222,3476,2639,4103,2604,4079,3911,1509,3008,3138

test suite131
bestAPFD:0.955624
bestSuite:2786,1658,4097,3567,2186,2182,998,4123,1525,2961,1565,989,3433,1909,1670,3171,2053,193,1888

test suite132
bestAPFD:0.950404
bestSuite:3292,2621,2083,3788,3669,2558,4109,4098,3605,1864,1811,2215,176,663,3056,3956,1512

test suite133
bestAPFD:0.947520
bestSuite:1854,3175,4117,3979,2367,1551,2527,4082,769,3464,2269,1821,2853,3122,3074,3454,2720

test suite134
bestAPFD:0.959695
bestSuite:2639,2986,2953,4085,4107,3472,3454,2360,1751,759,2199,2533,2472,865,4002,1021,1608,2173

test suite135
bestAPFD:0.914379
bestSuite:3033,2604,1777,2619,224,3156,4077,3586,3752,1811,4107,3022,2553,3376,3275

test suite136
bestAPFD:0.940564
bestSuite:2986,412,3251,1771,2396,755,2351,1009,4117,4083,1781,1621,389,2839,3670,297

test suite137
bestAPFD:0.943791
bestSuite:3292,3655,2830,4127,1968,3911,4092,1788,3719,3371,3101,3378,2082,2500,2693

test suite138
bestAPFD:0.956140
bestSuite:3292,2450,654,3033,4117,3979,4088,2915,4019,997,3851,1,2602,1733,2959,3939,1715,140,1556

test suite139
bestAPFD:0.944444
bestSuite:1736,3808,1526,1918,3223,798,4099,3752,1752,4114,3392,311,2683,285,474,3928,3749,858,862,1676,671

test suite140
bestAPFD:0.930036
bestSuite:3688,3683,1724,2435,3133,3069,1941,2356,4085,2418,4101,783,3713,3537,2077,1805,845,236,552,562,2576,2300

test suite141
bestAPFD:0.944240
bestSuite:1854,3926,468,4128,2474,4094,2658,3632,477,89,1021,1741,2570,2347,3900,2830

test suite142
bestAPFD:0.902574
bestSuite:3979,2016,2435,3683,3538,4119,2356,2788,3772,2816,603,3672,3617,2294,746,4080

test suite143
bestAPFD:0.940422
bestSuite:2181,1463,3352,2182,4099,2552,4130,2379,2389,3126,1878,1993,3313

test suite144
bestAPFD:0.948916
bestSuite:1947,45,93,3438,4082,2716,2283,4128,3687,639,1045,893,3547,2176,1459,680,287,30,2611

test suite145
bestAPFD:0.911765
bestSuite:4006,3033,652,2926,2870,322,290,4079,2749,4112,3266,2950,1366,526

test suite146
bestAPFD:0.941931
bestSuite:2986,2367,4106,3175,4090,2650,3823,1812,3540,1723,2114,2514,3387

test suite147
bestAPFD:0.948097
bestSuite:2986,785,4061,3403,4123,3180,2610,3686,4082,118,2830,57,963,1213,1499,3376,2329

test suite148
bestAPFD:0.952134
bestSuite:2222,3052,3050,4081,3905,3910,4124,826,2409,966,295,1974,2993,2860,3843,3900,3197

test suite149
bestAPFD:0.942577
bestSuite:1947,3417,570,3403,4099,885,4106,3065,1564,1104,1902,4058,3450,1808

test suite150
bestAPFD:0.923875
bestSuite:2768,4125,3112,2512,1946,4086,3752,657,3051,3734,2314,2673,3872,2104,2602,92,2879

test suite151
bestAPFD:0.941176
bestSuite:1854,3684,3644,2554,4081,4122,3096,3317,2816,2526,642,3426,117,1791

test suite152
bestAPFD:0.932680
bestSuite:3883,2284,3824,3644,308,4085,3683,3624,4116,2177,671,153,2114,3441,422

test suite153
bestAPFD:0.953864
bestSuite:1947,3214,2291,55,4092,2902,4104,2409,3336,1821,3256,3744,2176,3894,1678,886,1506

test suite154
bestAPFD:0.930760
bestSuite:1658,2790,4083,3144,961,2480,2796,2598,2602,2004,3401,2962,2293,33,2515,4130

test suite155
bestAPFD:0.944240
bestSuite:2222,646,2474,2083,3887,4110,3165,3621,4080,950,814,973,2157,1685,3567,1496

test suite156
bestAPFD:0.950980
bestSuite:1908,3688,2788,2301,4095,3370,3359,4127,3926,949,3268,479,3672,691,236,3084,2840,2467

test suite157
bestAPFD:0.953159
bestSuite:2222,3458,2375,2450,4108,2902,4090,666,1957,602,3653,2155,3302,3420,2396,2371,3627,1714

test suite158
bestAPFD:0.951496
bestSuite:2222,3332,1474,4085,99,2925,2931,4042,3471,4124,3499,3918,3469,1481,3964,2080,1730,2271,1716

test suite159
bestAPFD:0.953704
bestSuite:1908,2650,3788,2205,4128,3338,4087,3725,3033,146,701,1934,2547,949,2670,3234,3469,523

test suite160
bestAPFD:0.946078
bestSuite:1658,4006,3981,4093,3796,4109,2749,1673,3808,1553,3428,3252,2584,1557,2184,1262

test suite161
bestAPFD:0.942266
bestSuite:3239,3510,3731,3022,4102,3644,4092,3975,2256,3858,3205,3752,3334,1239,3616,1297,331,2143

test suite162
bestAPFD:0.962652
bestSuite:1947,3669,1337,2696,4077,2089,4107,3288,3966,3962,440,754,679,3605,3332,1191,3953,3904,3243,1973,2379

test suite163
bestAPFD:0.942577
bestSuite:1854,4006,2117,4109,4089,4019,739,1911,2946,2138,2870,2902,3632,3767

test suite164
bestAPFD:0.938562
bestSuite:1947,2512,4082,2256,3384,391,4102,2195,688,2685,2059,2892,1650,3492,1158

test suite165
bestAPFD:0.933333
bestSuite:2336,1719,2514,871,3752,3624,2568,93,4092,2256,1615,1926,1489,1687,2833,2889,3295,2872,1637,4110

test suite166
bestAPFD:0.947304
bestSuite:1658,2117,3476,3940,4124,4095,4007,2866,134,3448,3649,714,2552,433,3909,2443

test suite167
bestAPFD:0.954817
bestSuite:1854,2801,4098,3591,2490,4042,4115,55,3332,1627,2350,1402,888,1879,297,1257,1795,3518,2892,1275,502,344,2004

test suite168
bestAPFD:0.956495
bestSuite:2986,2117,55,4094,4107,2373,2381,2374,2597,2716,1721,1844,1361,3156,3337,830

test suite169
bestAPFD:0.920537
bestSuite:3476,2502,1798,2746,1786,3691,2656,4112,734,4075,55,3752,2602,806,509,255,4055,3173,921

test suite170
bestAPFD:0.959236
bestSuite:2986,3688,2615,3788,4126,4073,1224,1940,2443,3609,1864,2037,1808,1689,56,3033,2774,1644,1555

test suite171
bestAPFD:0.963119
bestSuite:3292,2716,2844,3913,4127,4094,2254,3779,1453,2313,795,3544,1998,312,3831,1525,1160,3834,3602,3856,3829

test suite172
bestAPFD:0.953704
bestSuite:2222,2786,2186,3398,4111,2283,4074,3384,2623,989,1997,770,400,1459,1322,996,1978,2557

test suite173
bestAPFD:0.944444
bestSuite:1618,2104,2449,4093,4102,3937,2598,1972,1450,629,2851,1709,504,2926,2425

test suite174
bestAPFD:0.942484
bestSuite:2181,2768,4122,3940,2716,3683,4099,2997,2966,750,2857,1709,1700,1511,1481

test suite175
bestAPFD:0.957516
bestSuite:1658,3033,3159,3905,311,4077,1473,4112,3447,2760,3594,709,3027,3862,3210,235,1856,1903,1688,2492,1599

test suite176
bestAPFD:0.948097
bestSuite:2222,3352,2083,1713,2473,4094,3214,4104,1623,3028,2208,942,2458,301,2925,3184,3893

test suite177
bestAPFD:0.950980
bestSuite:2597,3913,3050,308,4105,4078,742,3292,1772,3483,685,2284,322,3259,2189,1813

test suite178
bestAPFD:0.942402
bestSuite:1854,2768,3227,4101,4092,3803,3352,2492,1931,3427,1904,2081,3743,1785,3619,1366

test suite179
bestAPFD:0.954793
bestSuite:1658,3175,3669,4072,4119,1435,2657,3790,2269,3948,3676,3624,507,3423,4064,195,1752,2580

test suite180
bestAPFD:0.956747
bestSuite:1947,3669,3976,4076,4104,1939,680,2996,2213,778,2174,1913,2896,1989,1765,3882,3268

test suite181
bestAPFD:0.911765
bestSuite:3085,2338,3683,4079,3905,2775,322,233,4128,3150,678,45,2708,468,3130,2370,3869,3904,2399

test suite182
bestAPFD:0.945752
bestSuite:2597,3292,2083,4102,3438,4098,2823,3472,1333,651,2698,1758,2368,2946,2488

test suite183
bestAPFD:0.937564
bestSuite:3731,3476,1604,646,2480,3752,3311,4081,4112,2073,756,56,999,3301,778,3017,2676,1832,287

test suite184
bestAPFD:0.956972
bestSuite:1947,3565,2246,4099,4108,3910,527,1649,3329,3380,1524,3895,2182,1939,2904,428,2906,3344

test suite185
bestAPFD:0.914648
bestSuite:3572,3186,2515,2984,3796,2502,1435,4091,4103,2234,2598,3470,3752,1056,2174,1572,3126

test suite186
bestAPFD:0.950980
bestSuite:1658,3732,2117,4100,4112,3450,3137,1608,1818,1811,1999,3214,3995,3502,2177,3091

test suite187
bestAPFD:0.958204
bestSuite:2222,3112,4090,4110,2512,3340,2786,778,2500,2946,2397,3661,3320,1894,1920,2149,393,60,3480

test suite188
bestAPFD:0.937564
bestSuite:1463,2243,3888,2759,3989,4074,2431,3911,607,4126,2973,2331,2624,3171,3243,1763,3157,1567,2716

test suite189
bestAPFD:0.953560
bestSuite:2639,1908,1870,2604,4080,4114,646,3399,2304,1254,3907,598,1433,511,762,378,205,3464,2120

test suite190
bestAPFD:0.948097
bestSuite:1854,3175,2763,4111,82,3819,3332,4093,789,2114,3020,1729,1043,3657,964,3048,2983

test suite191
bestAPFD:0.945752
bestSuite:1908,2375,2953,4074,3919,4108,690,2545,1362,1954,670,2902,54,2238,3298

test suite192
bestAPFD:0.958061
bestSuite:2986,3669,2256,1724,2964,4119,301,20,920,3660,1333,3344,2514,556,2683,3145,1861,3534

test suite193
bestAPFD:0.958204
bestSuite:3292,2363,3050,2375,4122,4093,452,3796,3672,3450,1614,934,3218,2956,3825,2959,1815,1855,984

test suite194
bestAPFD:0.941176
bestSuite:3292,2473,2514,1913,223,4097,4123,511,2076,692,3581,1502,2619,3341

test suite195
bestAPFD:0.887513
bestSuite:2073,2967,1704,2089,2338,3752,1871,3888,1731,3209,4109,3580,4084,2439,3594,2288,3923,1306,308

test suite196
bestAPFD:0.946405
bestSuite:1947,3688,2568,4095,2092,4118,3636,2490,3399,1976,3223,3425,1871,1870,3306

test suite197
bestAPFD:0.926025
bestSuite:3239,1947,2610,4042,2372,4097,4126,2275,2759,2789,691

test suite198
bestAPFD:0.950490
bestSuite:1908,2114,2731,1724,3765,4123,4091,2749,1481,3126,3033,3454,1329,2031,40,3800,1087,2537,2469,260

test suite199
bestAPFD:0.951634
bestSuite:2986,2117,2083,4109,3051,4087,2602,3932,2953,2779,2864,3726,2938,2471,1440

test suite200
bestAPFD:0.921569
bestSuite:3669,2926,3000,2716,1471,3644,1902,4126,2211,4074,3713,2084,2358,4057,843,2987

test suite201
bestAPFD:0.941176
bestSuite:1947,3987,99,2186,4125,4096,859,1014,3753,2625,3439,1689,923,2386

test suite202
bestAPFD:0.901961
bestSuite:2071,3683,1910,2182,1860,3510,4116,2982,1827,2246,4084,3609,3204,2749,4062,118,1166,3714

test suite203
bestAPFD:0.951557
bestSuite:1947,2037,3910,4107,4084,2246,1432,3113,3233,130,3757,1974,3146,1933,2839,3351,3557

test suite204
bestAPFD:0.939951
bestSuite:1908,3987,411,2953,3014,4108,223,4093,2839,275,1768,2560,749,1290,3515,2864

test suite205
bestAPFD:0.950980
bestSuite:1947,3283,4077,777,4108,3976,3809,3910,497,1307,3683,3100,1467,3797,3605,141,3934,3250

test suite206
bestAPFD:0.964795
bestSuite:2986,3198,2696,391,4083,4119,1693,2997,1951,3037,3124,2261,638,2559,3137,1970,78,901,1360,3262,1199,3026

test suite207
bestAPFD:0.912854
bestSuite:2799,2970,2449,2141,2926,3581,2839,3767,3527,4103,887,938,2964,532,3195,659,3702,291

test suite208
bestAPFD:0.932881
bestSuite:2222,3883,1840,4042,4095,3623,93,564,2637,4125,2084,3191,2089

test suite209
bestAPFD:0.953704
bestSuite:3292,2604,1742,3332,4081,224,4113,1986,3649,3402,2523,3852,1796,2931,596,3922,2351,2888

test suite210
bestAPFD:0.934389
bestSuite:1618,3623,3112,4120,2363,223,3834,4085,743,1717,3942,2860,2731

test suite211
bestAPFD:0.950980
bestSuite:1658,4006,2016,589,4127,4095,791,3252,2360,3185,2505,1569,3699,3576,1117,2671,4068

test suite212
bestAPFD:0.953287
bestSuite:1618,2363,3626,412,4084,1470,4,4125,3653,3624,1972,2127,1466,1282,3087,2921,1539

test suite213
bestAPFD:0.953044
bestSuite:2222,3332,4079,2696,224,2941,4122,1381,3223,24,3870,3859,2410,2660,2584,3247,3367,857,1370

test suite214
bestAPFD:0.901961
bestSuite:2514,2707,1671,2512,3346,4086,2634,1362,4121,290,3561,2926,980,746,2501,1509

test suite215
bestAPFD:0.941931
bestSuite:1618,4006,4096,2844,4108,3050,1579,2839,1879,3701,4040,1727,2862

test suite216
bestAPFD:0.946691
bestSuite:3292,2970,2269,3913,4110,2783,4094,3979,613,3165,797,2929,743,2989,2835,2690

test suite217
bestAPFD:0.950404
bestSuite:3292,829,2514,1526,2749,4103,2687,2796,4089,3449,3356,3570,2114,2698,2137,1699,1131

test suite218
bestAPFD:0.950436
bestSuite:3292,1647,4074,3883,3940,4069,3644,4119,3469,924,1356,1968,799,1762,2196,3283,2684,937

test suite219
bestAPFD:0.912990
bestSuite:2769,1463,3101,1818,424,4086,224,2376,4129,151,1774,2789,70,3071,1555,3766

test suite220
bestAPFD:0.938870
bestSuite:1947,2711,3803,3891,570,2574,4102,4099,1864,2458,1849,3268,1676,4038,1939,3304,1831

test suite221
bestAPFD:0.945752
bestSuite:3292,2844,4089,3187,3808,4110,2335,3343,2315,1713,1633,1612,3764,1995,794

test suite222
bestAPFD:0.949142
bestSuite:1618,2037,3803,3222,4104,3352,4089,341,4046,1010,597,3855,818,964,322,1884

test suite223
bestAPFD:0.956116
bestSuite:3292,4087,3655,2839,667,3352,417,4130,3272,2810,2436,976,2071,3006,457,2395,1241,1877,2500,811,2802

test suite224
bestAPFD:0.948916
bestSuite:1658,2637,1009,4042,4125,2077,149,1587,4074,3624,2665,2010,2454,286,4038,3534,1930,3808,1080

test suite225
bestAPFD:0.932264
bestSuite:3565,1618,3788,3910,4080,2509,4106,2950,826,3319,3694

test suite226
bestAPFD:0.961300
bestSuite:1618,3688,2729,4086,2073,4124,2773,828,1744,2602,3053,2795,2783,1469,1007,2207,2513,2023,422

test suite227
bestAPFD:0.947520
bestSuite:3565,2568,2926,1840,3470,589,4128,3064,4092,958,3197,2988,3531,3947,1754,2374,3056

test suite228
bestAPFD:0.963235
bestSuite:3565,2222,3438,4094,4107,2749,1800,3681,751,1624,992,676,3870,2570,3705,1017,3243,2240,2820,2271

test suite229
bestAPFD:0.904412
bestSuite:1463,3656,2450,4075,1896,93,2533,4130,3734,1903,1770,3692

test suite230
bestAPFD:0.960294
bestSuite:2786,1658,2729,3421,4124,4096,660,2968,3812,709,2064,1674,2576,3624,4017,681,3378,1919,2080,85

test suite231
bestAPFD:0.950404
bestSuite:1947,3032,2474,424,4096,4121,93,3552,1530,2147,2716,106,130,3205,1796,759,625

test suite232
bestAPFD:0.939668
bestSuite:1618,3101,2291,4078,2598,4126,225,3957,3636,3918,1078,1595,3316

test suite233
bestAPFD:0.960784
bestSuite:1908,2729,2375,3966,4086,3343,4105,2092,2872,240,925,2973,3497,1629,1606,3559,1021,2455,2061,1686,1693

test suite234
bestAPFD:0.943483
bestSuite:3669,2181,1830,3752,3332,4112,4072,1829,3832,2020,3599,1711,2221,3533,384,3928,273

test suite235
bestAPFD:0.936275
bestSuite:1487,2926,3268,3979,1724,4113,3069,4093,2439,969,3369,3225,3678,2325,131,727

test suite236
bestAPFD:0.960784
bestSuite:2986,2915,3577,4098,3860,4130,3942,3033,3904,912,1678,811,3473,897,1158,2484,2425,1922,1621

test suite237
bestAPFD:0.950980
bestSuite:3292,2716,2729,149,4105,2492,2567,4084,4014,2377,2327,3419,2254,2547,1605,1810

test suite238
bestAPFD:0.957172
bestSuite:2222,3803,3808,2639,468,4075,4110,995,3020,1728,460,1262,2845,1500,1603,1473,3897,1,2781

test suite239
bestAPFD:0.902661
bestSuite:3033,2926,1951,4123,24,1239,2568,93,2716,3440,4093,1168,2596,1728

test suite240
bestAPFD:0.957324
bestSuite:1618,3688,2502,4091,4104,3596,3792,1849,1952,69,2194,1815,3496,783,2692,3268,1846

test suite241
bestAPFD:0.900231
bestSuite:3780,1799,505,2321,3313,3490,693,4079,3752,2246,4112,3911,2860,2779,2594,294,4046

test suite242
bestAPFD:0.912854
bestSuite:2597,3033,3438,2964,3527,2926,3220,1215,4125

test suite243
bestAPFD:0.949827
bestSuite:1908,2729,1676,3940,4124,3387,4077,1848,1858,3008,3234,2196,330,2080,2527,1548,1720

test suite244
bestAPFD:0.945098
bestSuite:1854,3283,2953,2598,4103,4097,587,2585,762,2269,1571,2292,3182,3447,3231

test suite245
bestAPFD:0.947059
bestSuite:1618,2840,4042,4115,3527,1617,4086,3017,404,2204,1738,2249,2531,3033,1789

test suite246
bestAPFD:0.931985
bestSuite:2731,1939,3268,3403,835,4123,3752,4090,684,1951,3290,3688,3768,2590,522,1198

test suite247
bestAPFD:0.957353
bestSuite:1908,2966,2512,2336,4091,311,4130,1690,1828,2021,2830,848,3285,3144,4041,1268,871,2371,1221,2283

test suite248
bestAPFD:0.950404
bestSuite:2222,3313,3577,3051,4087,2281,137,4122,3506,2858,2109,2471,3675,3210,214,1985,2439

test suite249
bestAPFD:0.949250
bestSuite:2222,391,3456,4073,1422,2338,4127,2790,3732,3447,3258,2677,739,2866,1470,1039,87

test suite250
bestAPFD:0.936533
bestSuite:2215,2509,646,3251,970,3510,2926,4112,1608,4080,3406,1217,1478,334,2056,484,633,2243,456

test suite251
bestAPFD:0.953704
bestSuite:2222,3808,2786,4109,4080,3303,1526,975,1897,641,2981,3765,1667,3681,3702,485,3605,267

test suite252
bestAPFD:0.944272
bestSuite:1854,3510,314,2291,4104,1928,308,4097,3262,916,3843,312,679,2322,892,2250,1751,2845,641

test suite253
bestAPFD:0.950368
bestSuite:2181,3688,1463,4094,1480,4114,3642,3071,1530,980,3476,1988,2217,3782,3848,97

test suite254
bestAPFD:0.930828
bestSuite:3623,3860,3778,2269,3788,2926,709,1955,4117,4074,3958,1180,2668,1884,3935,2171,280,2194

test suite255
bestAPFD:0.950368
bestSuite:1947,2363,3459,2964,93,2083,4106,2624,1635,1812,682,3369,35,1445,2269,1990

test suite256
bestAPFD:0.937908
bestSuite:2222,290,2338,4056,4107,2788,4082,3819,3993,2417,2458,2843,1088,695,1662

test suite257
bestAPFD:0.949142
bestSuite:2222,3175,3979,2716,2775,4108,2040,4090,3432,3600,1148,2586,3032,1713,2425,688

test suite258
bestAPFD:0.939076
bestSuite:1947,3101,3803,3940,2525,4095,4116,3501,779,3198,2013,1720,3339,778

test suite259
bestAPFD:0.900178
bestSuite:1463,2509,2502,3020,847,82,4078,4111,3236,2971,2842

test suite260
bestAPFD:0.961275
bestSuite:3565,2986,82,4111,4074,3888,2346,3055,1634,942,3215,3720,647,1134,1522,4063,3632,1224,1180,2567

test suite261
bestAPFD:0.954545
bestSuite:4006,1463,3341,924,2964,3576,4117,223,2017,2926,3490,2197,1430,4,2602,2780,2309,1753,2173,1391,2376,1150

test suite262
bestAPFD:0.918301
bestSuite:1463,4006,4068,4120,4077,3033,2834,2193,778,2650,4071,1960

test suite263
bestAPFD:0.961676
bestSuite:2222,3459,2338,4099,4115,3979,3887,2502,2287,3218,3969,2815,2632,833,3607,1938,3426,2327,1501,3720,2562,2903

test suite264
bestAPFD:0.947712
bestSuite:1758,2512,2515,2926,3527,2271,4130,404,4090,2761,1347,797,909,1669,2486,117,1436,1169,3980,21,1975

test suite265
bestAPFD:0.947059
bestSuite:1854,4006,4096,2037,55,4108,3719,3784,2974,714,1824,2241,2716,3858,2124

test suite266
bestAPFD:0.947917
bestSuite:1908,2966,2729,2084,3940,4120,4077,1832,3703,3398,1587,2513,1496,2500,865,1252

test suite267
bestAPFD:0.951525
bestSuite:1854,2925,2971,2788,4084,2610,4121,3112,2333,3351,3064,1799,177,1278,707,3712,3996,1252

test suite268
bestAPFD:0.950436
bestSuite:1908,3688,1579,4096,3577,2415,3654,4102,2458,3367,3519,2724,2086,754,2751,2711,2017,2092

test suite269
bestAPFD:0.944989
bestSuite:1618,574,2450,3527,4099,3421,4119,1720,3515,2067,828,2050,1884,2394,1428,3551,626,3332

test suite270
bestAPFD:0.943791
bestSuite:2166,2222,3332,3655,4125,4088,3979,1913,2910,1162,3314,2178,2248,848,4055

test suite271
bestAPFD:0.953159
bestSuite:3292,2083,1790,3577,4107,3472,4096,1007,113,603,743,3230,1829,2983,3847,2372,864,2503

test suite272
bestAPFD:0.934641
bestSuite:1618,3165,2604,4100,4128,2598,1675,2933,3997,2417,1849,2773

test suite273
bestAPFD:0.897436
bestSuite:4006,3347,1666,3510,322,3004,4129,2926,739,3854,3797,2155,4076

test suite274
bestAPFD:0.923903
bestSuite:2502,2572,843,2155,4129,3387,1388,2356,513,99,4081,1282,2926,2526,743,1682,1071,407,2754,3696,36

test suite275
bestAPFD:0.952710
bestSuite:3292,2092,3732,3403,4109,4084,3546,290,2922,1435,3340,2469,3860,1638,2274,1759,1798

test suite276
bestAPFD:0.952710
bestSuite:3565,3292,4115,3251,3740,2650,4072,2425,3457,1834,3129,978,531,3223,1944,2696,3282

test suite277
bestAPFD:0.940023
bestSuite:1908,1526,3032,2316,2389,4073,4119,1750,55,3191,898,2320,664,752,3332,516,3700

test suite278
bestAPFD:0.954793
bestSuite:2986,2077,3601,2953,4122,4096,589,97,3470,135,2757,2527,1251,1865,2521,2310,1980,3808

test suite279
bestAPFD:0.931985
bestSuite:1908,3716,589,164,3345,3403,2080,4117,3028,4085,2185,2120,1619,1376,1449,3421

test suite280
bestAPFD:0.929739
bestSuite:3458,1618,2480,311,4072,3313,4126,3256,816,3409,2420,740

test suite281
bestAPFD:0.959236
bestSuite:2986,4061,3940,2729,4089,4101,3000,1188,1528,1677,414,1831,3774,3112,1687,1880,2188,2347,2548

test suite282
bestAPFD:0.963768
bestSuite:3292,2474,2174,3510,3731,4113,4076,1579,3130,1769,682,946,2436,1389,1350,2501,509,4060,1370,1655,3177,3804,2500

test suite283
bestAPFD:0.957516
bestSuite:1618,4008,3644,4123,55,4078,3956,3450,3520,2367,3273,400,1926,3492,3613,3605,2709,805

test suite284
bestAPFD:0.954715
bestSuite:1658,2372,4116,3803,4077,1510,3051,3373,3757,2546,1606,3491,2011,3043,2500,702,3285,3534,2119,3561,218

test suite285
bestAPFD:0.950980
bestSuite:1618,3421,2568,4114,4083,99,2527,917,91,2193,1539,1603,1509,2935,3633,2006,1522

test suite286
bestAPFD:0.954793
bestSuite:3292,3112,4102,4086,3803,2795,3051,3469,2601,4021,3101,926,1836,1012,3805,4023,575,3754

test suite287
bestAPFD:0.937908
bestSuite:2222,3187,3393,2515,3334,4090,3504,3352,440,23,868,2439,1980,1332,4106

test suite288
bestAPFD:0.929642
bestSuite:3050,3860,1757,4101,4042,3529,3683,1815,4096,3549,636,1943,2204,2868,566,3198,1937

test suite289
bestAPFD:0.959384
bestSuite:1947,3763,3825,646,4077,3803,4107,1669,3689,744,2083,761,4005,2766,3514,2888,874,3847,3231,2809,3708

test suite290
bestAPFD:0.878676
bestSuite:2926,1949,1776,2092,3624,707,570,2964,1099,4111,1542,3138,1904,3619,2271,2291

test suite291
bestAPFD:0.933333
bestSuite:1658,3268,2675,4073,3905,3940,284,2533,906,879,3208,3927,826,1506,4113

test suite292
bestAPFD:0.960784
bestSuite:1947,3447,2246,3223,2650,4109,4074,3078,2040,901,530,732,3115,2754,2600,1935,2092,1452,3671,4025,3938

test suite293
bestAPFD:0.925654
bestSuite:1658,2604,3757,1009,4074,4118,646,3131,3984,2076,996,2478

test suite294
bestAPFD:0.946078
bestSuite:1658,3883,1724,4097,4118,224,2174,3502,1984,1896,373,2389,840,3274,3765,3423

test suite295
bestAPFD:0.947168
bestSuite:1658,3819,1793,1724,4110,2148,4082,3149,3911,1716,2067,1585,3882,3510,4060,1084,3002,2931

test suite296
bestAPFD:0.929110
bestSuite:1658,3891,3091,2376,2650,4077,4129,3481,1338,1249,1596,539,1410

test suite297
bestAPFD:0.941176
bestSuite:3292,980,2839,1724,93,4079,4119,2216,1960,2121,1712,3552,3516,2665

test suite298
bestAPFD:0.956373
bestSuite:3292,2215,4075,3398,3655,3208,4128,82,2260,2559,3174,2406,2180,1827,2011,3914,3948,271,1911,1797

test suite299
bestAPFD:0.872549
bestSuite:3863,3784,4042,1161,2269,3552,2926,450,4114,4087,2866,1676,2749,3269

test suite300
bestAPFD:0.943791
bestSuite:1658,4006,4110,2375,2367,4076,1604,2573,3294,2157,2984,2769,1003,305,3229

test suite301
bestAPFD:0.954100
bestSuite:2222,1472,3577,2839,224,4120,4100,1464,2551,1913,1193,3222,1860,653,547,2081,3198,2365,957,3462,1135,213

test suite302
bestAPFD:0.902574
bestSuite:3576,3976,3268,1421,2964,694,3940,3882,3531,4107,3752,1013,2097,2312,568,3686

test suite303
bestAPFD:0.917367
bestSuite:2768,3683,1771,3510,3438,3294,4098,4114,2633,1920,3639,1399,2952,224

test suite304
bestAPFD:0.951634
bestSuite:2639,2986,2246,4116,2786,4088,3510,832,1835,1360,3587,2578,235,1761,2811

test suite305
bestAPFD:0.931373
bestSuite:3855,2356,3669,4128,2926,2564,3384,102,3388,544,1687,3859,744,3743,4079,1608,3199,96

test suite306
bestAPFD:0.950980
bestSuite:3292,4128,1658,2502,4092,99,2427,917,2207,3363,271,2601,3813,862,368,2531,3432

test suite307
bestAPFD:0.943355
bestSuite:1854,2170,3527,4109,2186,2183,3332,2077,1166,4086,3416,1617,564,911,3516,3337,214,2487

test suite308
bestAPFD:0.911064
bestSuite:2650,3033,836,3892,2558,2376,2964,3752,4108,2863,1785,3725,3144,2602

test suite309
bestAPFD:0.954248
bestSuite:2986,3191,2953,3337,3688,4127,2718,2964,945,1103,2083,1831,3989,606,1418,3968,2979,2077

test suite310
bestAPFD:0.944444
bestSuite:2986,3684,1526,3527,2274,2347,4100,4120,772,3269,1771,2338,100,2448,1683

test suite311
bestAPFD:0.907151
bestSuite:2926,3112,3905,2204,1432,93,2778,1589,2796,4117,1304,4080,1980,2803,419,3231,1288

test suite312
bestAPFD:0.919701
bestSuite:2117,3181,3124,2338,699,3493,307,4114,2926,2556,3472,1402,828,3293,3623,1608,2452,1336,3345,347,4084

test suite313
bestAPFD:0.909664
bestSuite:2084,2363,1597,1776,3332,4087,2926,3792,93,4111,193,2866,3136,1810

test suite314
bestAPFD:0.944060
bestSuite:1908,3187,931,2514,4095,312,646,4123,2151,966,923,3805,4009,1433,3457,2316,3660

test suite315
bestAPFD:0.952206
bestSuite:2986,2182,2788,4097,3051,2697,2902,4129,623,1955,3757,295,792,1997,3961,3676

test suite316
bestAPFD:0.928277
bestSuite:3883,1229,1781,4079,2380,2757,3976,4124,3521,3752,13,2770,55,994,2849,2675,2416,3992,1451

test suite317
bestAPFD:0.927336
bestSuite:2117,1969,1463,3476,1596,55,4103,4086,869,1737,2602,2485,1873,462,3582,2599,946

test suite318
bestAPFD:0.940632
bestSuite:1908,2231,235,3472,2354,4109,2568,4092,2314,3503,2447,4046,1511,3155,2146,1140,626,1576

test suite319
bestAPFD:0.911765
bestSuite:3033,713,3662,2439,1414,3655,4075,2328,3688,3752,4108,795,2618,1673,3338,3919

test suite320
bestAPFD:0.951593
bestSuite:1618,3695,2554,3655,4095,4111,2514,2778,934,3800,2282,1998,2254,3540,824,2754

test suite321
bestAPFD:0.906863
bestSuite:3860,2533,2527,2902,3683,3251,4130,2633,1027,712,1490,843,630,4097

test suite322
bestAPFD:0.950436
bestSuite:1658,2117,2104,4095,224,3605,4109,2835,1877,1931,2018,3150,797,1764,3685,3683,3881,206

test suite323
bestAPFD:0.920915
bestSuite:2524,1613,1710,2473,3738,3752,4128,3796,4081,3850,3736,790,2501,3248,3910

test suite324
bestAPFD:0.949250
bestSuite:1658,2363,4079,4127,2925,2971,2610,2549,1639,1892,1761,1074,20,1133,1836,2839,2837

test suite325
bestAPFD:0.927245
bestSuite:3356,3332,1724,3683,2560,3894,2805,3911,3090,3105,4085,2740,921,2626,1872,3393,340,1455,4123

test suite326
bestAPFD:0.952528
bestSuite:1854,2524,3066,3438,4097,3702,3352,4112,1504,3065,3343,1547,151,2263,1262,3770,2486,1587,2483

test suite327
bestAPFD:0.917211
bestSuite:2986,3669,3976,2936,4113,4098,3207,3275,2973

test suite328
bestAPFD:0.952614
bestSuite:1618,3376,3352,2449,4088,3893,2037,170,4121,3144,3993,3501,1674,2269,658,1994,2316,1291

test suite329
bestAPFD:0.923407
bestSuite:3883,4006,874,1772,1986,4112,3352,3303,3752,151,67,3150,1139,2028,2273,4095

test suite330
bestAPFD:0.953287
bestSuite:3292,2375,3510,2564,4127,2373,2856,4078,2492,1976,1985,1891,1695,2023,2182,3103,3192

test suite331
bestAPFD:0.922460
bestSuite:1854,3979,2649,2788,4125,4089,2716,3054,1222,3978,2082

test suite332
bestAPFD:0.954545
bestSuite:2425,1854,2554,2729,741,4096,3389,1384,4130,906,2216,3489,535,3989,675,3379,1826,2698,655,3901,2534,1631

test suite333
bestAPFD:0.950980
bestSuite:1618,3688,4093,3976,4115,1965,3111,1675,2165,2643,3144,351,4043,896,3398

test suite334
bestAPFD:0.954902
bestSuite:2222,2601,2083,1526,3441,4120,82,3830,2216,4082,2165,961,2635,235,3600,1755,1193,3130,1475,622

test suite335
bestAPFD:0.955624
bestSuite:1658,2461,3788,93,2964,866,4117,2071,1538,3376,910,899,1033,3986,1483,2999,2847,369,3616

test suite336
bestAPFD:0.909804
bestSuite:2621,1658,3472,4118,2580,2568,4091,3697,2847,793

test suite337
bestAPFD:0.936887
bestSuite:1908,3705,2533,3175,4124,55,664,4095,2500,1803,1552,2982,2901,3683,3560,3687

test suite338
bestAPFD:0.900000
bestSuite:2515,2264,3319,3752,1493,1547,4129,1623,2610,3478,2696,2796,1,4087,3867,2314,1688,2627,3178,1130

test suite339
bestAPFD:0.947304
bestSuite:1947,2830,4095,2953,99,4121,3174,862,2229,314,837,2649,3327,353,835,2509

test suite340
bestAPFD:0.953560
bestSuite:3292,2515,2568,3732,3197,4121,1504,697,3531,320,3166,1476,1672,3277,2216,1427,3824,1159,4076

test suite341
bestAPFD:0.932353
bestSuite:3329,2604,2514,3683,719,4130,4076,3412,82,147,1362,56,3250,2527,133,860,3303,3230,2409,1532

test suite342
bestAPFD:0.918552
bestSuite:2215,3033,2926,3577,4128,775,308,2964,3258,3296,990,773,3623

test suite343
bestAPFD:0.948802
bestSuite:1947,3303,1577,2564,2836,4091,4126,1723,3352,3536,3956,3493,1015,2273,2524,2829,3520,62

test suite344
bestAPFD:0.914488
bestSuite:1650,3808,2502,3101,825,1573,391,2853,4100,2926,4111,2674,714,1104,2759,238,722,752

test suite345
bestAPFD:0.963904
bestSuite:2986,2512,2336,1768,4113,2610,3058,4091,2338,2673,2756,2362,3167,2380,1693,603,102,3921,1757,2138,2656,12

test suite346
bestAPFD:0.941176
bestSuite:1618,3472,2788,2271,2894,4085,4101,3581,2781,2996,440,732,805,1464,2587,1928

test suite347
bestAPFD:0.938725
bestSuite:1908,3677,1606,2186,2847,570,4096,739,2285,4128,3520,704,3826,726,1884,3272

test suite348
bestAPFD:0.943137
bestSuite:1658,3979,3251,4123,3268,4083,3452,766,676,3225,4038,2472,1982,2028,1944

test suite349
bestAPFD:0.945466
bestSuite:3565,2155,3175,2147,4121,2610,4092,2281,3752,3758,2603,990,3340,1135,752,2537

test suite350
bestAPFD:0.950980
bestSuite:1618,2117,3051,2926,4108,3955,4072,863,221,966,1879,1746,1317,3658,3318,2420

test suite351
bestAPFD:0.950980
bestSuite:2222,3332,2752,3732,2363,4111,3165,3906,1688,4089,3250,3834,109,242,935,2637,3624,1926

test suite352
bestAPFD:0.955882
bestSuite:1947,3364,2291,2910,4114,224,63,1334,4088,3617,1822,1793,2500,3200,2854,2330,2902,3804,2004,2825

test suite353
bestAPFD:0.960339
bestSuite:2222,2830,3441,2160,4114,3187,2964,2598,3203,3658,3058,2570,3848,3601,1782,2560,558,3459,2956,821,1827,3751

test suite354
bestAPFD:0.929110
bestSuite:3239,1908,3033,2336,55,4095,3655,4112,1482,2368,3249,2360,3695

test suite355
bestAPFD:0.952710
bestSuite:1854,3796,3175,3910,4119,4091,186,3572,1480,2559,924,2515,3213,890,624,1610,2127

test suite356
bestAPFD:0.962745
bestSuite:2222,3033,2450,4120,4083,1544,3618,55,1500,3485,1290,1018,858,620,2205,3341,2607,2041,700,1282

test suite357
bestAPFD:0.952941
bestSuite:1854,3050,2084,920,2568,4094,4111,896,149,3995,624,3032,750,3938,3874,3873,3384,3320,3984,3005

test suite358
bestAPFD:0.953044
bestSuite:1618,4103,2842,3905,3527,4076,3388,3268,1617,2141,815,3522,1482,1586,3552,3342,744,2825,951

test suite359
bestAPFD:0.904844
bestSuite:2601,3683,2716,818,629,1781,1509,4108,2512,3914,4095,3420,391,313,1806,2421,1195

test suite360
bestAPFD:0.959851
bestSuite:1854,3303,3803,4115,3431,854,4077,2749,3164,2866,1978,2276,1910,3249,161,2557,3231,1346,651,2526,1841

test suite361
bestAPFD:0.956140
bestSuite:2222,1658,3099,4077,3732,4113,3175,2296,3580,2059,4062,1824,1847,982,1840,2553,4046,1800,1036

test suite362
bestAPFD:0.940523
bestSuite:3565,2729,3636,2554,1623,4094,663,4108,2926,2559,3471,669,3498,2080,909

test suite363
bestAPFD:0.941877
bestSuite:1947,3883,2953,3051,932,4123,4093,3298,3461,3191,3480,2455,2084,3231

test suite364
bestAPFD:0.928105
bestSuite:1658,3686,468,4102,2568,4074,2318,2205,1055,1693,1787,2938

test suite365
bestAPFD:0.933473
bestSuite:1854,2155,3180,2729,739,4118,2842,4092,3862,3975,2910,1653,2714,1796

test suite366
bestAPFD:0.895425
bestSuite:3112,3892,3561,3888,570,3624,2724,4100,887,2926,2087,4125,2889,2706,122

test suite367
bestAPFD:0.958720
bestSuite:2222,2839,3688,4006,4110,4098,2966,2573,944,1254,695,2139,3605,1944,2757,1905,820,2213,1927

test suite368
bestAPFD:0.935897
bestSuite:1658,2649,3644,93,4124,4084,4070,1066,3021,979,3883,34,785

test suite369
bestAPFD:0.963342
bestSuite:1854,3688,3456,3625,4077,3501,1425,4107,1322,2902,1071,2942,596,1704,2927,1697,3523,1238,3946,591,2961,3705,2810

test suite370
bestAPFD:0.960784
bestSuite:2222,2830,2376,3979,1728,4113,4093,2527,2561,1545,2627,3911,1428,804,2243,523,1855,676,207,1353,3663

test suite371
bestAPFD:0.956171
bestSuite:2222,3688,2269,2450,4123,4097,3786,2089,3988,2801,759,283,2274,1575,3537,3666,330

test suite372
bestAPFD:0.941721
bestSuite:1947,224,312,4098,3577,2785,3003,922,4128,2275,2101,680,1844,1841,2793,1421,3582,3573

test suite373
bestAPFD:0.944853
bestSuite:1947,3334,4105,224,2524,2186,4088,755,552,2248,2993,2569,2622,1823,1644,1092

test suite374
bestAPFD:0.953560
bestSuite:2222,1618,3287,2474,4106,3065,2634,4087,308,1427,1434,2157,1242,3802,3344,2827,2527,2419,2414

test suite375
bestAPFD:0.944240
bestSuite:2222,1668,3456,2515,3732,4084,4121,1726,1294,213,1633,2664,2113,2170,3501,2121

test suite376
bestAPFD:0.959236
bestSuite:1947,2604,4046,2610,4092,4130,2246,3266,655,1847,1936,2042,2834,3104,1329,3457,2288,701,3292

test suite377
bestAPFD:0.928105
bestSuite:1854,1724,2509,3419,4102,1791,4073,2749,4028,3842,3014,1777,768,2417,1865

test suite378
bestAPFD:0.942907
bestSuite:1658,3268,2788,2964,896,4126,589,3360,4011,2281,3662,2183,701,3487,1692,1486,547

test suite379
bestAPFD:0.916667
bestSuite:1463,2450,3802,2362,2844,4122,4084,3007,3332,2368,1797,3780

test suite380
bestAPFD:0.962255
bestSuite:3292,2515,4107,2450,4097,3979,2732,2458,847,2683,3296,2121,3466,1973,3626,3870,3631,2638,488,3056

test suite381
bestAPFD:0.949250
bestSuite:1947,2336,3079,2502,2844,3296,4129,4099,668,4032,2387,3231,2828,3943,513,3737,1775

test suite382
bestAPFD:0.904762
bestSuite:2601,3033,3213,1974,3378,3456,4096,1998,4111,3683,3472,3164,3500,2804

test suite383
bestAPFD:0.918685
bestSuite:4039,2194,3030,2474,1843,2083,4110,2598,3054,4095,3752,4069,4030,2251,1535,2307,1198

test suite384
bestAPFD:0.946367
bestSuite:1658,4007,311,722,4103,2568,2964,2492,705,2804,2060,1672,1597,1460,3349,2134,1584

test suite385
bestAPFD:0.938375
bestSuite:2222,3050,3922,2564,4094,3472,2728,1722,3502,995,3945,2714,3785,4117

test suite386
bestAPFD:0.941830
bestSuite:1658,3876,1242,3655,4072,311,2406,4122,2061,1475,2150,3725,2273,3439,3417

test suite387
bestAPFD:0.922658
bestSuite:1463,3251,4097,2554,698,2527,2177,4101,864,1731,1489,2233,2915,3848,2412,1100,334,774

test suite388
bestAPFD:0.941176
bestSuite:2222,3268,3803,4109,4073,1423,924,391,2372,1726,608,2160,3663,970

test suite389
bestAPFD:0.952134
bestSuite:1658,3892,2953,4081,55,4117,2524,3347,3572,963,2491,2660,292,1313,2676,2951,3342

test suite390
bestAPFD:0.933824
bestSuite:3033,2650,3887,3683,4123,2953,4098,561,2809,3234,955,1485,1849,1055,1555,2525

test suite391
bestAPFD:0.949250
bestSuite:1908,3860,2694,3421,4084,4128,2480,4040,3962,253,3349,1306,1861,2275,1512,2849,2374

test suite392
bestAPFD:0.896446
bestSuite:2363,3919,2092,2415,3351,3343,2732,1905,4074,3752,4125,1112,223,1290,3900,1765

test suite393
bestAPFD:0.895617
bestSuite:2174,3683,2788,3133,1813,2589,2515,4077,4101,34,1403,2573,2330,2880,1431,56,3527

test suite394
bestAPFD:0.933211
bestSuite:3796,2697,3510,2291,3725,4125,646,3683,1554,4096,2490,543,1470,4061,2693,1559

test suite395
bestAPFD:0.948916
bestSuite:2786,2480,3337,3854,2356,4121,3683,2298,2964,3427,3566,2705,912,1943,2756,2020,603,1458,1012

test suite396
bestAPFD:0.905229
bestSuite:1463,2926,2512,3725,2454,149,4101,4087,3066,232,978,2417,1451,986,2399

test suite397
bestAPFD:0.898396
bestSuite:3528,2564,2902,1845,3752,4116,708,149,2658,2177,4081

test suite398
bestAPFD:0.868421
bestSuite:843,3175,2669,3510,867,2547,3483,997,2247,773,3752,1660,3364,149,4079,4047,2871,1553,4105

test suite399
bestAPFD:0.913495
bestSuite:3819,2834,1804,4124,3808,2376,4073,3752,2617,2554,2773,1792,3675,3281,2677,411,1687

test suite400
bestAPFD:0.932190
bestSuite:3565,1908,3577,468,2072,4091,4115,900,3407,687,2085,637

test suite401
bestAPFD:0.934641
bestSuite:2786,1658,3223,2502,4105,4082,3247,1615,3088,2752,3112,1076

test suite402
bestAPFD:0.950980
bestSuite:1947,3456,2166,4110,3979,4077,400,3112,2100,1941,3174,3246,3729,3400,436,1457

test suite403
bestAPFD:0.944444
bestSuite:2986,3066,2246,1543,4100,4107,1959,2598,3386,672,2469,2584,1795,1888,807

test suite404
bestAPFD:0.940087
bestSuite:1658,312,2115,1457,3803,646,4109,4085,2414,3705,3564,1201,1525,720,1553,1559,805,3332

test suite405
bestAPFD:0.956140
bestSuite:1908,3334,3694,3187,4112,4074,3472,225,705,701,820,2347,2630,1662,3921,2515,804,3454,1917

test suite406
bestAPFD:0.952206
bestSuite:1618,3223,2186,4110,3860,4095,3941,3838,3605,3011,2515,756,1735,1517,3266,3746

test suite407
bestAPFD:0.909586
bestSuite:2926,2842,1502,1239,3332,2336,1526,2610,2975,4108,2539,24,341,1523,3425,1290,3682,4097

test suite408
bestAPFD:0.923203
bestSuite:3476,2634,3352,1875,3438,4058,2987,4113,4095,3752,3808,2399,526,3885,2587,3318,734,2078

test suite409
bestAPFD:0.905526
bestSuite:2524,3979,2783,1518,2502,3752,4111,4095,3428,3907,3533

test suite410
bestAPFD:0.943627
bestSuite:3565,2564,1463,3524,673,3910,4082,4108,849,2531,34,3792,750,3273,755,3695

test suite411
bestAPFD:0.947917
bestSuite:1658,2363,4081,3223,4129,412,3993,3808,2525,3247,2495,3926,1852,3956,826,119

test suite412
bestAPFD:0.951557
bestSuite:2786,1463,3891,2449,4121,4079,3136,2197,97,1529,349,2469,1659,2716,3639,2441,3662

test suite413
bestAPFD:0.942907
bestSuite:1658,3979,2599,3888,4078,2863,2213,531,2508,1926,2092,209,3514,3003,670,2605,4102

test suite414
bestAPFD:0.943791
bestSuite:2524,1658,3456,2634,2650,4119,4079,3632,1736,2241,3200,2199,1201,2858,2664

test suite415
bestAPFD:0.879336
bestSuite:3476,939,2599,3872,3913,1486,1707,899,4098,2554,4110,3124,3683

test suite416
bestAPFD:0.939076
bestSuite:1854,2786,3251,4086,540,3090,3743,4126,1732,3398,2018,719,1811,840

test suite417
bestAPFD:0.931373
bestSuite:1908,2182,2512,2933,4098,2331,4125,3077,391,3581,3996,417,2741,2283,926

test suite418
bestAPFD:0.947168
bestSuite:3292,3788,1002,2083,308,4099,2148,751,3999,3725,1984,3601,1555,2815,2194,3605,81,4130

test suite419
bestAPFD:0.964621
bestSuite:2986,3644,2377,4125,2120,4093,3051,2296,3072,1777,2313,249,2322,3804,1938,3332,1387,1139,953,1015,1794,1803,2108

test suite420
bestAPFD:0.960294
bestSuite:3292,3808,4078,3051,2568,4107,856,2997,2775,2684,436,3230,1750,3383,3595,3467,957,2959,3357,2223

test suite421
bestAPFD:0.929412
bestSuite:3356,2509,3976,2572,2083,2926,290,4101,1898,4085,2187,634,946,3444,514

test suite422
bestAPFD:0.953704
bestSuite:3292,3808,4087,2707,4109,3860,3913,3691,2825,738,2605,4046,3163,1592,2868,1814,1878,203

test suite423
bestAPFD:0.952070
bestSuite:2986,2494,3403,4087,2554,3943,4105,1853,679,1647,3816,699,3324,944,3552,3232,573,3112

test suite424
bestAPFD:0.950089
bestSuite:2082,3251,1463,3919,1837,2830,4091,149,1795,4109,3522,3566,3376,1522,1322,665,209,204,3774,1576,1712,1250

test suite425
bestAPFD:0.926848
bestSuite:1854,3568,2788,4072,93,3050,2425,4123,3323,1668,2200,1687,3049

test suite426
bestAPFD:0.948366
bestSuite:3678,1463,1526,99,4079,2095,4128,3502,2577,225,3772,2107,1459,1777,2092

test suite427
bestAPFD:0.953864
bestSuite:2986,3576,4072,3888,2610,4104,1572,3545,344,193,2092,3328,1396,865,3629,2999,2526

test suite428
bestAPFD:0.912519
bestSuite:1908,3513,1514,2480,1978,864,2509,4083,99,2830,1581,2647,4126

test suite429
bestAPFD:0.915802
bestSuite:3731,2926,3332,656,3887,710,3803,670,2242,4083,4125,2872,3480,518,999,880,2194

test suite430
bestAPFD:0.891003
bestSuite:3592,2973,2658,3146,698,3808,1577,290,3683,4126,4095,190,3912,4069,1554,3250,3456

test suite431
bestAPFD:0.956171
bestSuite:2597,3175,1908,4122,4097,2833,99,2566,1735,3495,3992,1769,2684,354,2430,3398,1931

test suite432
bestAPFD:0.952134
bestSuite:1947,2634,3979,3655,4075,3398,4115,4058,3296,45,1021,1757,916,3775,123,2682,1604

test suite433
bestAPFD:0.953287
bestSuite:1854,4006,4098,99,2658,4106,639,883,494,3200,1562,3171,974,1008,2101,182,3632

test suite434
bestAPFD:0.947917
bestSuite:3292,2953,2356,4104,934,3910,4078,3830,2966,2847,31,630,3862,2076,3343,2215

test suite435
bestAPFD:0.936275
bestSuite:3292,1440,2181,2083,4091,4124,2752,3531,709,704,3956,2649,482,570

test suite436
bestAPFD:0.929972
bestSuite:2181,3740,4089,3883,589,2375,4117,2926,3530,560,1089,3673,2293,785

test suite437
bestAPFD:0.917211
bestSuite:2860,3497,2514,1717,3452,1724,739,3683,4123,2177,2482,4085,1162,1974,3545,1503,1285,3906

test suite438
bestAPFD:0.956972
bestSuite:2986,3819,4126,2473,646,4092,3050,1515,2684,3034,3931,1449,2840,1508,3804,1408,1242,1859

test suite439
bestAPFD:0.919234
bestSuite:2092,1463,3433,1004,4098,1979,2474,752,1197,2367,4102,1428,3010,1338,1580,268,82,3209,3998,1289,135

test suite440
bestAPFD:0.919608
bestSuite:2925,1915,4093,2515,1784,1689,699,3273,3976,4114,3752,3472,3174,139,38,3023,3680,3847,3483,267

test suite441
bestAPFD:0.916290
bestSuite:3854,1812,1463,3644,4115,3979,3076,4081,2021,3207,168,52,1382

test suite442
bestAPFD:0.958720
bestSuite:2986,2098,468,2729,2406,4107,4093,3901,2092,3892,3082,2128,1224,1743,1936,2864,1591,3163,2510

test suite443
bestAPFD:0.947917
bestSuite:1854,3639,2375,4104,2117,4079,913,2356,3651,2442,1692,4071,3110,2056,1500,2469

test suite444
bestAPFD:0.950980
bestSuite:2786,1908,3456,2461,4073,2082,4122,179,1884,1591,674,1246,3136,3510,833,3608

test suite445
bestAPFD:0.952710
bestSuite:1854,3860,2480,4080,4107,3283,1642,2879,2356,3515,2637,121,3834,405,3740,229,1609

test suite446
bestAPFD:0.940523
bestSuite:3576,1854,93,2729,4072,4115,1560,3186,3449,2868,968,3608,2092,429,3692

test suite447
bestAPFD:0.936275
bestSuite:1658,3198,2375,1526,4112,4084,2271,2379,2950,1714,1677,3621,2140,2269

test suite448
bestAPFD:0.936975
bestSuite:1618,3527,3175,4088,3268,3676,4128,2379,2828,3822,2519,3385,2064,814

test suite449
bestAPFD:0.943900
bestSuite:1854,3533,3821,4084,3403,1005,308,4125,3348,1649,3351,2738,2179,2304,2684,2327,3844,2177

test suite450
bestAPFD:0.950980
bestSuite:1908,2650,3412,2568,4107,2495,4097,3503,3474,4062,2787,4020,1680,1291,125,493,2083,2869,925

test suite451
bestAPFD:0.933155
bestSuite:3565,1854,2363,4092,570,4117,2705,3846,1795,3384,3626

test suite452
bestAPFD:0.956140
bestSuite:3292,3359,2356,4124,2480,224,4083,2657,1193,2663,1909,3867,1894,3000,2270,4007,3002,1687,1501

test suite453
bestAPFD:0.940476
bestSuite:1854,2844,3888,4125,2621,1752,4075,1382,2673,858,1841,1676,3874,2061

test suite454
bestAPFD:0.932598
bestSuite:1758,3334,3577,2083,2926,149,4103,4072,2847,2892,1886,3632,2011,1710,3138,78

test suite455
bestAPFD:0.949142
bestSuite:2597,1658,4083,3343,2480,4123,3246,3305,3527,727,2864,311,3294,57,3116,1432

test suite456
bestAPFD:0.945752
bestSuite:2639,1947,308,2788,4094,4122,3926,1829,3231,1428,2708,2378,1771,3899,324

test suite457
bestAPFD:0.949673
bestSuite:2986,3732,2480,4107,4098,3891,1939,1894,2151,3497,772,2325,2574,3522,3301

test suite458
bestAPFD:0.952710
bestSuite:3565,2729,1854,4115,997,3502,2964,93,2572,3228,3877,1565,3570,1512,3223,1840,2756

test suite459
bestAPFD:0.916221
bestSuite:3731,2731,2515,4129,4042,4093,1809,2926,1968,3479,2931

test suite460
bestAPFD:0.918301
bestSuite:3565,1618,2953,4078,2610,4114,3458,843,972

test suite461
bestAPFD:0.924020
bestSuite:1854,3521,3528,4110,3976,739,4084,1810,493,3185,1110,3510

test suite462
bestAPFD:0.950980
bestSuite:3528,2564,1463,4088,2902,3472,4119,3673,2077,2064,2628,3743,3944,3410,2268,935,2561,2328,1000,2980

test suite463
bestAPFD:0.952381
bestSuite:1908,1749,4061,4094,1877,4124,3763,2902,2474,224,218,906,2563,3224,4063,2602,3013,848,3505,1437,3834

test suite464
bestAPFD:0.956140
bestSuite:1854,3796,4115,3175,3931,3688,4096,2313,1064,3203,4062,1197,2823,2514,2365,512,439,3639,1050

test suite465
bestAPFD:0.934804
bestSuite:1463,3497,258,3976,806,1311,2458,2269,3940,2708,4123,1466,1449,757,4091,4020,993,45,1619,3095

test suite466
bestAPFD:0.934641
bestSuite:3565,2181,1953,4123,589,2926,4075,2037,3501,1949,25,1766

test suite467
bestAPFD:0.931985
bestSuite:2731,1713,4095,2083,1743,3577,468,4123,863,3941,3752,2492,1479,1985,3723,3144

test suite468
bestAPFD:0.946367
bestSuite:1854,2363,4091,2064,4111,3099,82,3040,2286,3855,3395,2056,3399,2083,616,3314,1979

test suite469
bestAPFD:0.946779
bestSuite:2986,2450,3732,4124,2925,3681,4096,1809,3299,1820,1528,3909,933,1057

test suite470
bestAPFD:0.939776
bestSuite:3292,3138,3883,2473,4125,4092,3669,3796,1434,3782,3261,3855,2372,1704

test suite471
bestAPFD:0.951593
bestSuite:2597,3644,589,1854,4128,2469,4076,2320,725,1578,2644,1749,2464,3895,3774,2328

test suite472
bestAPFD:0.953704
bestSuite:3292,1692,3644,3883,4098,4108,739,500,1818,443,2334,3691,629,2685,3670,925,1520,1990

test suite473
bestAPFD:0.911220
bestSuite:3050,2209,962,754,2729,2021,3752,3691,3383,4102,4090,850,1681,461,3982,3792,382,2554

test suite474
bestAPFD:0.952819
bestSuite:2986,2860,4006,4091,570,3808,4107,829,3778,3569,3848,2810,473,3707,987,1134

test suite475
bestAPFD:0.944444
bestSuite:2222,3223,646,3398,3803,4094,4114,3257,602,698,2111,3115,627,1571,1000

test suite476
bestAPFD:0.947368
bestSuite:1658,2712,3051,3115,4127,2480,2716,4073,3889,3270,36,3980,2752,3957,3734,2337,918,2789,818

test suite477
bestAPFD:0.925245
bestSuite:2254,3683,4043,1450,2376,2216,3352,4098,3808,4108,2112,2712,2156,920,1654,1801

test suite478
bestAPFD:0.942724
bestSuite:1908,2658,1681,3259,2696,2612,4121,4074,391,3295,708,2270,1582,3332,1836,2173,3376,2245,1512

test suite479
bestAPFD:0.956747
bestSuite:1947,3669,2450,4087,4129,926,711,3629,1078,3233,2914,3796,3398,2279,2006,138,2973

test suite480
bestAPFD:0.950404
bestSuite:3292,2512,1996,3268,589,4122,1901,4090,3950,2815,3745,2527,3022,2669,148,3232,2174

test suite481
bestAPFD:0.941830
bestSuite:1618,2621,311,4021,2449,4110,4082,3005,2340,3610,1777,715,3398,881,2439

test suite482
bestAPFD:0.944240
bestSuite:1854,2601,2964,4124,2512,2968,3632,308,738,749,3883,384,777,2542,2488,2431

test suite483
bestAPFD:0.958720
bestSuite:2181,1947,4121,3732,2284,4088,3174,392,2548,822,985,466,2855,3335,2460,3432,1774,1949,2214

test suite484
bestAPFD:0.957516
bestSuite:1618,2564,3669,4107,4072,2435,967,2991,2612,3111,67,2357,1158,3806,3140,1945,955,3565

test suite485
bestAPFD:0.932773
bestSuite:1947,468,3163,4130,1794,2376,4094,3940,1859,3464,973,3210,3192,2720

test suite486
bestAPFD:0.942724
bestSuite:2502,1658,3987,646,3027,4095,4130,3004,3404,325,2594,1316,1806,231,613,2270,414,1061,1783

test suite487
bestAPFD:0.950980
bestSuite:1908,2516,3006,2731,311,3403,4126,4090,776,2269,2493,2217,2893,1922,2644,2439,1810,3326,742

test suite488
bestAPFD:0.957688
bestSuite:2986,2505,2788,739,4122,213,1880,4074,3712,799,669,3105,3978,3476,1382,1964,3300,1999,4052

test suite489
bestAPFD:0.957688
bestSuite:1618,2731,3187,4084,82,2931,2515,4111,233,3445,3247,2584,1697,2431,897,2232,2188,435,567

test suite490
bestAPFD:0.935049
bestSuite:2375,3033,4006,2799,841,3752,4108,3148,3447,1602,937,3135,2561,3864,4074,1307

test suite491
bestAPFD:0.955882
bestSuite:2222,2749,3565,1526,4128,4083,1162,667,3395,3519,3484,256,1998,2915,3509,1440,1254,2999

test suite492
bestAPFD:0.953922
bestSuite:1947,3438,3576,4124,4090,67,3940,2740,649,21,1765,3938,1885,1751,2830,1575,1068,1713,745,3058

test suite493
bestAPFD:0.923203
bestSuite:2621,2338,2328,3752,2152,3198,2729,1444,4073,3774,4123,1926,1158,3513,4064,739,947,987

test suite494
bestAPFD:0.933007
bestSuite:2222,4006,2842,2338,4096,224,4122,2997,3796,2627,3247,4034

test suite495
bestAPFD:0.931373
bestSuite:1618,3417,3691,1526,4101,4093,149,2752,1861,2472,1941,694

test suite496
bestAPFD:0.910256
bestSuite:1463,3981,3979,719,1922,3803,4102,3205,1311,4084,2311,681,2715

test suite497
bestAPFD:0.935897
bestSuite:2222,3456,391,2082,4093,2338,4102,1826,4064,2099,3652,2057,2282

test suite498
bestAPFD:0.948802
bestSuite:1658,3175,3907,2467,561,4092,739,4130,4026,1713,2317,292,3429,3808,3935,964,2103,2753

test suite499
bestAPFD:0.949891
bestSuite:1947,3976,2362,2296,4111,739,3798,1223,4082,1474,2317,1167,3682,1697,1713,2147,543,983

test suite500
bestAPFD:0.892810
bestSuite:3572,2449,2338,1747,1627,3375,391,813,2926,4080,3279,3020,2152,2947,4101

