test suite1
bestAPFD:0.920992
bestSuite:1908,1771,1837,2276,3099,4090,4112,2598,1246,4017,356,2618,3976,3010,2966,1468,3808

test suite2
bestAPFD:0.893791
bestSuite:1940,1161,1809,3251,3912,4127,810,93,561,342,1947,4092,3853,697,3605,2754,1806,1387

test suite3
bestAPFD:0.894831
bestSuite:2360,2352,3940,184,4125,3175,746,2514,2138,2759,3667,2604,1791,4068,3925,2507,3752,4081,2513,2508,313,3109

test suite4
bestAPFD:0.934641
bestSuite:2926,2132,3719,2594,3159,1612,4120,3257,1854,2474,4073,799,739,1096,236

test suite5
bestAPFD:0.931373
bestSuite:2559,3208,1901,2393,1108,2246,2311,4104,3657,3417,3731,3078,1390,1947,778,3343,1512,4088

test suite6
bestAPFD:0.927451
bestSuite:4120,1910,4030,3138,2576,1576,3848,4077,2336,2712,1070,1908,3510,739,1724

test suite7
bestAPFD:0.923203
bestSuite:1911,2367,4099,1988,2786,2725,3403,3882,1804,1908,3379,45,3245,4127,3811,3112,1181,3454

test suite8
bestAPFD:0.925490
bestSuite:1430,2271,2074,1332,4076,793,3856,4006,4114,3386,3551,2986,1824,82,3006

test suite9
bestAPFD:0.929534
bestSuite:1908,4084,4061,164,3788,3006,3426,3198,82,2968,4127,1768,2170,3312,2891,1669

test suite10
bestAPFD:0.935730
bestSuite:3178,1945,4116,1947,3788,3002,687,979,2269,2425,3352,643,2419,4077,3919,3684,2340,1972

test suite11
bestAPFD:0.883007
bestSuite:2254,64,3762,1620,4075,4130,3816,3913,2610,868,353,4046,3709,2533,1908

test suite12
bestAPFD:0.892157
bestSuite:3925,3497,2376,4106,2035,3272,2500,224,191,1072,1604,1983,3683,1781,3838,2716,2021,3661,4073

test suite13
bestAPFD:0.912465
bestSuite:2146,4114,2644,846,3503,1947,2512,776,1997,3332,301,4094,2375,1486

test suite14
bestAPFD:0.927336
bestSuite:2424,806,2568,1546,1947,3937,4078,948,3669,3347,861,2714,4104,725,531,1788,2487

test suite15
bestAPFD:0.901961
bestSuite:3283,3325,1723,2246,1450,958,4121,2056,2806,2964,617,2524,3928,2300,3518,2098,99,3752,946

test suite16
bestAPFD:0.913165
bestSuite:3767,2166,909,2500,4125,2146,3050,82,3146,2291,4085,3791,2986,1749

test suite17
bestAPFD:0.866667
bestSuite:2704,3437,1977,4075,3860,3278,2842,4101,1283,2338,3752,164,2718,3069,3655

test suite18
bestAPFD:0.927696
bestSuite:1716,1908,3891,1795,311,2848,2524,4091,3425,1093,1676,1995,3438,1097,3699,4117

test suite19
bestAPFD:0.920868
bestSuite:636,3565,149,2982,3185,1947,3719,2834,1732,3956,4111,2871,3577,4088

test suite20
bestAPFD:0.937049
bestSuite:4076,2186,3359,2786,3771,2989,3135,1658,1711,2411,2514,2419,2067,2424,4123,3667,3218,3480,788

test suite21
bestAPFD:0.946943
bestSuite:2986,4119,923,2610,3356,1377,1882,4088,909,2621,2291,847,2902,324,4067,2526,1716

test suite22
bestAPFD:0.868627
bestSuite:4116,2839,2926,4084,2811,224,38,3108,967,2480,2084,2535,1979,1884,2141

test suite23
bestAPFD:0.919118
bestSuite:2788,3436,3860,1482,474,2716,2986,846,3459,4104,4078,1751

test suite24
bestAPFD:0.910458
bestSuite:2076,4076,1658,874,3683,2291,99,1540,4129,3594,234,1721,3457,963,3938

test suite25
bestAPFD:0.905229
bestSuite:3029,2729,3683,2627,2248,2830,4007,1668,960,3486,4073,3289,2931,1587,4123,2539,2650,741

test suite26
bestAPFD:0.878151
bestSuite:4011,2361,3112,3683,3290,2439,3686,2732,3156,803,4072,3976,2451,3145,732,4123,3910,124,2377,1832,1472

test suite27
bestAPFD:0.875613
bestSuite:3752,2098,4094,3853,1861,3317,1906,2568,360,3510,4121,3731,1444,3224,291,3885

test suite28
bestAPFD:0.909804
bestSuite:1120,3476,1380,2494,3666,4110,2415,3051,1910,3351,3101,1618,2729,1594,4093

test suite29
bestAPFD:0.942577
bestSuite:2986,2512,391,4111,3565,3325,1600,3233,3207,2419,2364,4084,3118,3676

test suite30
bestAPFD:0.940731
bestSuite:4097,3456,3050,3292,1629,3471,3750,3886,2333,3838,1542,3170,293,433,3942,1385,3137,2610,575,977,3012,4104

test suite31
bestAPFD:0.894336
bestSuite:3913,2082,99,2731,3427,2347,1947,4087,4112

test suite32
bestAPFD:0.917647
bestSuite:1908,3800,1619,1444,583,4127,3444,3910,3803,1543,4077,2367,3156,58,1885

test suite33
bestAPFD:0.894958
bestSuite:2621,3268,674,4098,3752,826,2439,4101,2291,722,3688,3638,901,3550

test suite34
bestAPFD:0.928922
bestSuite:2222,2301,1716,3595,2571,2731,1135,3510,2696,153,663,2598,4077,2523,3502,4105

test suite35
bestAPFD:0.916925
bestSuite:2884,3138,3919,4042,2211,1324,102,2926,4120,4096,718,3528,739,328,2961,3638,869,3359,3883

test suite36
bestAPFD:0.926797
bestSuite:1080,3215,4119,3878,3976,2524,2435,2749,3496,1658,3786,4097,2805,2572,2509

test suite37
bestAPFD:0.945820
bestSuite:3292,2610,2062,2053,1721,860,3159,3069,2291,4085,4114,421,3895,2041,1020,2723,1593,3883,1801

test suite38
bestAPFD:0.891003
bestSuite:93,3225,2964,1083,3014,3175,17,1947,1594,2424,2147,2377,4109,2815,3908,2494,2839

test suite39
bestAPFD:0.926471
bestSuite:561,611,1474,3314,814,2222,170,4118,3905,3598,2839,2463,4087,2610,1218,829

test suite40
bestAPFD:0.919935
bestSuite:2707,632,2931,3527,1908,3062,4114,3684,921,2524,1045,1239,648,3819,2788,582,4080,2988

test suite41
bestAPFD:0.925070
bestSuite:3341,1536,279,2910,3332,3766,2734,2181,855,4107,3090,4094,223,1947

test suite42
bestAPFD:0.870915
bestSuite:3007,3268,3911,4128,3198,2568,253,3250,1824,2365,3683,3161,1164,3563,3132,3867,3214,4096

test suite43
bestAPFD:0.919390
bestSuite:971,3454,400,849,4090,2613,311,1558,2102,2564,2915,381,1854,2269,1713,4123,2148,3535

test suite44
bestAPFD:0.945304
bestSuite:631,3699,4113,2768,1804,2181,3371,3808,3704,149,2060,1840,1333,1854,4088,207,1853,2550,752

test suite45
bestAPFD:0.912918
bestSuite:743,2081,3686,4085,3930,3382,1463,3033,4007,4123,186,3538,2246,224,3266,2333,2215

test suite46
bestAPFD:0.886997
bestSuite:2926,1885,2262,3675,1579,1326,2734,3856,3447,2376,2666,739,81,4092,2439,2026,4111,2514,334

test suite47
bestAPFD:0.939951
bestSuite:2816,4107,1543,3655,4005,1480,3660,2419,3292,3129,1734,591,2514,3498,3860,4092

test suite48
bestAPFD:0.909586
bestSuite:4063,759,1618,2844,4079,3655,4117,386,2357

test suite49
bestAPFD:0.869666
bestSuite:4063,4091,3822,4116,716,3974,3112,861,3175,3853,2248,1282,220,2926,2389,3688,77

test suite50
bestAPFD:0.936275
bestSuite:809,3033,2749,2023,2325,904,345,3712,3855,1658,3066,2873,4130,2407,4078,3788,1426,784

test suite51
bestAPFD:0.942810
bestSuite:1449,441,3732,2930,2166,126,2474,1478,3292,2170,2840,3874,734,4082,3483,3883,654,4105

test suite52
bestAPFD:0.941830
bestSuite:3050,4129,3217,1896,1618,2375,3854,2065,185,2474,1927,1428,4075,3740,2262

test suite53
bestAPFD:0.938503
bestSuite:4088,2485,2363,2589,31,1947,93,4024,2490,2509,2795,3762,1788,1745,3033,3246,4125,2078,1418,310,2630,2646

test suite54
bestAPFD:0.917532
bestSuite:4080,2963,1908,334,1785,2944,4127,1625,3004,2043,1633,1936,1526,3241,2778,2554,3576

test suite55
bestAPFD:0.890850
bestSuite:2472,646,3683,785,1714,4079,2474,3070,3565,4125,3872,3947,286,3825,1980

test suite56
bestAPFD:0.901961
bestSuite:419,2375,1451,2762,3198,3099,2560,2205,2222,3762,1579,866,1463,747,386,2646,4118,4096,2474,855

test suite57
bestAPFD:0.930147
bestSuite:1947,4094,2966,1704,2598,1705,2327,2796,3684,1434,2830,2021,276,2449,4130,2395

test suite58
bestAPFD:0.929739
bestSuite:4129,3814,2356,1968,1447,4013,831,2888,344,2950,2222,3175,3894,955,4091,570,2040,433

test suite59
bestAPFD:0.894336
bestSuite:3752,2598,1898,2072,3165,4097,3812,2839,2788,2842,4117,2605,1556,1535,1939,653,2349,2007

test suite60
bestAPFD:0.937140
bestSuite:3813,3507,4116,1492,1618,3564,2686,750,2473,3070,3214,99,3268,4085,3619,1037,3026

test suite61
bestAPFD:0.879289
bestSuite:2698,4117,3051,1977,2896,3112,2284,423,4091,1252,2747,2926,2177,1436,3803,3564

test suite62
bestAPFD:0.951471
bestSuite:2181,2401,3993,4124,1555,2171,1229,1362,2610,1733,2986,3651,2367,3207,3095,313,4084,1886,3750,1531

test suite63
bestAPFD:0.934641
bestSuite:2840,943,583,2502,570,2986,2820,2712,2336,1827,3050,4082,3867,3237,4114

test suite64
bestAPFD:0.895425
bestSuite:1658,4127,2376,3160,3077,3860,2642,3606,4080

test suite65
bestAPFD:0.861854
bestSuite:3357,3005,3203,738,2208,3940,4023,3462,3714,4042,3176,3752,2492,3738,983,2674,3524,4110,3050,4086,933,406

test suite66
bestAPFD:0.888029
bestSuite:1822,2080,2902,4105,774,2141,2926,3131,135,3345,240,518,556,3911,863,2953,3533,3785,4098

test suite67
bestAPFD:0.894608
bestSuite:2363,2762,751,308,726,3319,1463,4104,2396,2486,3503,4083

test suite68
bestAPFD:0.931917
bestSuite:1618,4084,2235,4124,2515,1400,2950,106,985,3819,2011,427,3184,2696,3527,389,1369,1990

test suite69
bestAPFD:0.916955
bestSuite:2590,633,4097,2925,3768,3609,3534,2839,549,1952,895,3803,589,3014,1877,2222,4118

test suite70
bestAPFD:0.943900
bestSuite:3292,2083,2246,723,40,3141,2922,311,379,2122,4110,3285,3101,36,659,4080,3605,2511

test suite71
bestAPFD:0.922658
bestSuite:170,2057,3883,3639,4107,3885,4100,1061,1873,1596,3316,2650,3439,3010,2909,3683,2474,4046

test suite72
bestAPFD:0.918067
bestSuite:3850,2514,2375,3932,3339,2986,3187,4101,4063,3207,2316,1642,2656,4075

test suite73
bestAPFD:0.926797
bestSuite:468,3359,4108,80,2824,37,1947,3745,1480,2842,2604,4075,3190,1445,1490

test suite74
bestAPFD:0.894336
bestSuite:4102,1854,2694,2185,2092,3644,2557,1912,801,93,3767,2000,2968,2512,3066,706,4078,1636

test suite75
bestAPFD:0.924183
bestSuite:2166,1472,4039,3655,1854,2339,3691,1084,3940,2500,2716,4073,4102,3410,3452

test suite76
bestAPFD:0.925029
bestSuite:2986,119,1986,2788,4077,2920,1626,727,3354,1589,3688,1606,4116,3520,669,525,2515

test suite77
bestAPFD:0.946367
bestSuite:2104,3292,4129,3888,3808,1785,646,3858,4087,3804,911,3373,2495,1894,1530,3912,3792

test suite78
bestAPFD:0.882353
bestSuite:1978,2775,2480,2823,4118,2393,3252,2264,4039,335,4075,3683,3380,3021,3332,3910

test suite79
bestAPFD:0.928105
bestSuite:2842,3031,4060,2379,1606,1908,2165,4128,2512,4088,995,1872,3940,3332,520

test suite80
bestAPFD:0.895040
bestSuite:3075,350,4117,1741,3540,2775,149,2694,1191,1658,497,1464,4086,1580,1053,1724,399

test suite81
bestAPFD:0.939628
bestSuite:3133,2732,2612,2599,3050,4109,2550,578,2759,3198,3251,4082,2197,3060,3105,2222,3282,3145,3688

test suite82
bestAPFD:0.914861
bestSuite:2796,2141,3442,2907,2552,2348,4112,1449,2101,2962,4077,374,875,3510,646,2576,2696,1908,2744

test suite83
bestAPFD:0.947917
bestSuite:946,433,3815,455,2986,3576,2375,1507,4077,1881,1933,4128,2450,955,2469,3142

test suite84
bestAPFD:0.912418
bestSuite:1908,3100,2579,3828,821,1681,2974,4077,4101,2119,1840,2830,570,3655,855

test suite85
bestAPFD:0.871242
bestSuite:1791,3463,2515,2377,1526,186,2436,1619,4093,3659,2926,4130,2254,3352,972

test suite86
bestAPFD:0.925181
bestSuite:1671,344,4078,2760,1396,312,690,3489,1854,2330,2509,3428,3410,55,1161,227,2338,4119,3976

test suite87
bestAPFD:0.886166
bestSuite:2083,2729,2030,4088,839,1597,3752,2381,2336,2857,505,79,93,1781,3365,3875,4124,2764

test suite88
bestAPFD:0.936563
bestSuite:1539,3438,90,2639,2356,874,1658,812,3472,4078,4104,1825,3520,1447,553,3358,305

test suite89
bestAPFD:0.938375
bestSuite:1618,2650,484,2114,4077,4126,1976,877,3070,3792,3410,3303,3907,2474

test suite90
bestAPFD:0.885472
bestSuite:3483,3155,4128,2926,1938,3354,1761,3476,4084,1551,312,3750,3577,2706,90,308,1339,1998,1226,2703,933,2520

test suite91
bestAPFD:0.906046
bestSuite:646,2356,4108,1494,2347,3298,1618,1229,2036,4074,3803,2947

test suite92
bestAPFD:0.933679
bestSuite:3292,1619,2141,2783,3421,3313,1627,4118,1771,1500,3184,3051,506,473,3125,4074,3976

test suite93
bestAPFD:0.878741
bestSuite:4097,2211,1858,2762,3793,2376,1463,952,974,2989,2138,3323,868,1596,1919,82,4102,3112,312

test suite94
bestAPFD:0.911249
bestSuite:4077,2181,2657,3752,4009,2405,2863,391,2336,3920,576,2514,3765,1805,286,4117,3001,1042,1511

test suite95
bestAPFD:0.932026
bestSuite:1618,2720,3251,3142,153,3966,3239,2407,1066,3381,3688,4094,3343,3955,4117

test suite96
bestAPFD:0.904762
bestSuite:3033,3016,3336,3977,2750,3187,3940,1800,1423,846,1647,4104,4074,1908

test suite97
bestAPFD:0.914706
bestSuite:3688,849,3216,2430,827,3292,2788,4105,4084,3565

test suite98
bestAPFD:0.865052
bestSuite:1925,4127,468,3632,779,2991,4090,138,1642,3303,1596,259,2338,3648,3683,1806,4042

test suite99
bestAPFD:0.943627
bestSuite:2186,2461,2341,3227,149,2986,4119,1500,4090,2524,1612,1244,3753,3388,1696,3749

test suite100
bestAPFD:0.933953
bestSuite:1463,3955,3796,2338,3076,2719,855,3572,923,3621,3979,2568,3675,2630,4128,1792,3878,4085,1861

test suite101
bestAPFD:0.933679
bestSuite:2515,433,3669,2684,2291,1494,4117,2411,1618,642,1329,2621,4084,3913,3981,2518,909

test suite102
bestAPFD:0.897347
bestSuite:1499,3766,393,3636,3033,1392,4026,2073,2141,4099,2291,4111,3349,3745,2948,223,2926

test suite103
bestAPFD:0.861015
bestSuite:3688,1964,1481,3788,4106,2317,2217,4088,3752,3394,2721,963,3010,3354,2716,1478,2654

test suite104
bestAPFD:0.899287
bestSuite:4112,2907,1463,2229,3976,3975,646,2369,4072,3920,2010

test suite105
bestAPFD:0.917558
bestSuite:2177,1658,3217,4072,1888,1277,1863,1520,1193,2684,4103,2047,3551,924,3860,4061,743,531,1342,3187,3754,727

test suite106
bestAPFD:0.920479
bestSuite:3476,2964,3786,3941,1637,1896,3435,2749,928,4130,3292,494,3197,3888,3562,605,3302,2837

test suite107
bestAPFD:0.911765
bestSuite:2474,1463,1783,3688,395,4117,3185,3205,2716,2509,3217,2971,3413,2573,4093

test suite108
bestAPFD:0.918108
bestSuite:3647,3919,874,2150,2769,2568,1319,99,4096,1908,1749,3184,3895,2849,1006,3662,4122

test suite109
bestAPFD:0.928922
bestSuite:2354,3909,2926,2547,3398,4118,2117,2786,2956,223,1634,1169,189,2566,3267,4075

test suite110
bestAPFD:0.933333
bestSuite:2822,3630,3364,1836,4072,2098,978,2404,1359,3322,1947,1506,484,4106,2789,290,2502,2839,2423,2535

test suite111
bestAPFD:0.904844
bestSuite:1583,2568,4103,3313,3586,3000,224,1854,2520,4098,3619,2152,1607,3966,3363,3690,2317

test suite112
bestAPFD:0.910948
bestSuite:3883,4121,3187,2393,763,3752,2896,1528,3860,4046,2768,4073

test suite113
bestAPFD:0.886166
bestSuite:3417,426,3398,4077,2373,2754,4129,2209,3752,1677,224,3748,2002,2262,4066,3613,3403,907

test suite114
bestAPFD:0.931949
bestSuite:3516,4072,3317,2786,3527,2164,2474,1908,2150,261,4104,3071,2514,3719,2182,2658,2544

test suite115
bestAPFD:0.943405
bestSuite:1720,1972,2731,1663,1463,3217,2650,958,2171,4094,4110,1330,2620,2025,3964,2729,2439,1479,2880,3787,900,1731

test suite116
bestAPFD:0.903922
bestSuite:3104,3163,4083,1943,2428,1854,2473,3712,3778,4128,3493,3503,224,352,3755

test suite117
bestAPFD:0.883170
bestSuite:3020,4113,3033,3976,2926,2749,2467,1797,4100,283,2278,3200

test suite118
bestAPFD:0.912990
bestSuite:552,4073,4126,2777,1658,2834,3975,3966,172,1980,3166,2023,308,1698,3565,1526

test suite119
bestAPFD:0.891068
bestSuite:3343,1486,2193,2283,3476,3700,712,3582,3752,2117,2554,4002,4099,1443,3640,2862,4124,2341

test suite120
bestAPFD:0.882966
bestSuite:2469,2094,3203,4114,2718,993,4090,2092,739,3977,3905,2926,1511,2073,934,1494

test suite121
bestAPFD:0.907637
bestSuite:1526,304,4118,1487,2830,3683,3210,2860,1732,2931,3537,2798,3911,3100,2868,4088,4028,3223,1629

test suite122
bestAPFD:0.925303
bestSuite:2759,5,3810,1526,1411,3649,1854,4020,4113,3213,391,2964,3615,3510,3910,1582,1875,2855,81,3480,979

test suite123
bestAPFD:0.933473
bestSuite:4095,2084,3320,2665,93,3803,3033,2254,4112,2071,1799,56,1854,497

test suite124
bestAPFD:0.932462
bestSuite:3586,4078,1601,1658,3394,4109,2186,1085,3283,585,732,2391,2067,2036,896,3276,3028,3910

test suite125
bestAPFD:0.910675
bestSuite:1744,3731,2351,1960,814,2974,2118,2902,3338,3752,4073,598,2527,2401,2363,4115,3781,1948

test suite126
bestAPFD:0.916176
bestSuite:3012,45,1892,739,3505,3251,1658,1106,2578,4086,2639,1468,4126,737,1729,1103,142,1984,754,3332

test suite127
bestAPFD:0.939542
bestSuite:1726,3502,3050,4005,3526,2934,2849,2818,2026,1805,983,3303,3456,3292,4074,4118,2023,2610

test suite128
bestAPFD:0.933333
bestSuite:2474,3205,1908,3470,2514,3247,300,780,4087,3910,580,3994,3376,4116,3189

test suite129
bestAPFD:0.922323
bestSuite:3844,1877,1603,4074,2524,1658,3318,4106,1395,3598,1724,2104,2598

test suite130
bestAPFD:0.904902
bestSuite:2604,3911,1509,3476,3138,4079,4103,3008,2639,2222

test suite131
bestAPFD:0.945304
bestSuite:1888,998,2182,4123,193,2961,1565,2186,3567,3433,3171,1909,1658,1670,2786,2053,1525,989,4097

test suite132
bestAPFD:0.928489
bestSuite:3056,2558,2621,1864,3956,4098,663,4109,176,2215,3292,2083,3605,3788,1512,1811,3669

test suite133
bestAPFD:0.907151
bestSuite:2367,3074,1551,2269,2720,3122,2527,1854,2853,4117,1821,769,4082,3454,3464,3979,3175

test suite134
bestAPFD:0.943900
bestSuite:2639,2953,759,1751,865,2986,4107,1608,2533,4002,2472,4085,3454,2360,1021,2173,2199,3472

test suite135
bestAPFD:0.893464
bestSuite:3033,3156,3022,2553,224,3586,2619,1777,3275,1811,3376,4107,2604,3752,4077

test suite136
bestAPFD:0.892157
bestSuite:1009,2351,2396,412,755,1621,1771,4083,2839,4117,389,3251,297,2986,1781,3670

test suite137
bestAPFD:0.897386
bestSuite:1968,1788,2830,3101,3371,4127,4092,3719,3292,2500,2693,2082,3911,3655,3378

test suite138
bestAPFD:0.927761
bestSuite:3979,1,2915,1556,1733,2602,997,3033,3939,4019,1715,2450,3292,140,4088,654,3851,2959,4117

test suite139
bestAPFD:0.923436
bestSuite:285,4114,1736,1676,1526,1918,3752,474,3749,3223,3808,862,798,4099,311,858,2683,3392,671,3928,1752

test suite140
bestAPFD:0.906417
bestSuite:3688,2418,3133,1724,3683,4085,2077,1941,1805,2576,845,2435,552,2356,4101,783,562,3069,3713,236,3537,2300

test suite141
bestAPFD:0.927083
bestSuite:2570,1021,2347,3900,2474,4094,3632,4128,1854,2658,2830,468,477,3926,89,1741

test suite142
bestAPFD:0.871324
bestSuite:2016,2788,746,3979,3772,3683,2435,3538,4080,2356,4119,2816,2294,3672,603,3617

test suite143
bestAPFD:0.925339
bestSuite:2181,1993,1463,3313,1878,2389,3352,2182,3126,2379,4130,4099,2552

test suite144
bestAPFD:0.871517
bestSuite:893,2611,287,45,680,4082,3547,4128,1459,30,3687,639,2283,1045,93,3438,1947,2716,2176

test suite145
bestAPFD:0.890056
bestSuite:322,3266,2950,4112,2749,3033,4006,2926,2870,652,4079,526,290,1366

test suite146
bestAPFD:0.898190
bestSuite:3823,1812,3175,2114,2514,4090,1723,2650,3387,2986,2367,4106,3540

test suite147
bestAPFD:0.934256
bestSuite:3403,963,3180,4123,1213,2986,785,2329,2610,1499,3686,57,2830,4061,3376,118,4082

test suite148
bestAPFD:0.929066
bestSuite:826,3910,3052,3905,2222,3197,2409,3050,1974,295,4081,2993,4124,3843,966,2860,3900

test suite149
bestAPFD:0.922969
bestSuite:1808,885,1947,3065,3403,4058,570,4099,3450,1104,3417,1902,4106,1564

test suite150
bestAPFD:0.891003
bestSuite:2512,2879,4086,1946,2104,2768,92,3734,3051,657,2314,3752,3112,4125,2673,2602,3872

test suite151
bestAPFD:0.934874
bestSuite:1854,3096,2816,4122,3684,2554,3317,2526,3426,1791,642,4081,117,3644

test suite152
bestAPFD:0.911765
bestSuite:3824,308,153,422,2284,3644,3624,2177,4085,3883,671,3441,3683,2114,4116

test suite153
bestAPFD:0.940023
bestSuite:1947,3894,1821,4104,2176,886,3214,1506,2291,1678,2902,2409,3256,55,4092,3336,3744

test suite154
bestAPFD:0.876225
bestSuite:1658,2602,3144,2962,2293,2796,2515,33,2598,4130,2480,3401,2790,4083,961,2004

test suite155
bestAPFD:0.925858
bestSuite:2474,973,646,3887,814,4080,4110,2157,3165,1496,1685,3621,950,3567,2083,2222

test suite156
bestAPFD:0.927015
bestSuite:2301,3268,479,2467,4095,1908,2840,3926,3370,3084,2788,691,949,3672,4127,236,3359,3688

test suite157
bestAPFD:0.917211
bestSuite:602,3458,2450,4090,2902,3627,2155,2396,3653,2222,1957,4108,3420,666,2375,1714,3302,2371

test suite158
bestAPFD:0.937049
bestSuite:2271,1716,2222,3471,3332,2925,99,3499,4124,4085,3964,3469,1481,2080,1474,2931,3918,1730,4042

test suite159
bestAPFD:0.917211
bestSuite:2547,3788,2670,1934,3725,701,1908,2205,3338,3234,146,3033,4128,2650,3469,4087,949,523

test suite160
bestAPFD:0.902574
bestSuite:2184,1553,1658,3796,4006,2584,1673,1262,3981,4093,3808,1557,2749,4109,3252,3428

test suite161
bestAPFD:0.916667
bestSuite:3752,3731,3205,3334,3858,3239,4092,3644,1297,2256,4102,2143,3022,3510,3616,331,3975,1239

test suite162
bestAPFD:0.939309
bestSuite:1947,4107,3966,2379,2696,2089,1973,754,3288,4077,3605,1337,440,3243,3962,3332,679,3953,3904,3669,1191

test suite163
bestAPFD:0.931373
bestSuite:2946,1911,4109,4006,739,3632,2902,4019,1854,2117,2138,2870,3767,4089

test suite164
bestAPFD:0.932680
bestSuite:2892,2685,688,2512,4102,1947,4082,1158,3384,2059,391,3492,2195,2256,1650

test suite165
bestAPFD:0.916176
bestSuite:2872,3295,1637,93,3752,2514,4110,1719,1489,871,1615,2256,2889,2336,2568,1687,1926,4092,3624,2833

test suite166
bestAPFD:0.929534
bestSuite:2443,2117,1658,4007,3649,3909,714,134,3940,3476,2866,433,4124,3448,2552,4095

test suite167
bestAPFD:0.919864
bestSuite:4042,344,888,502,2004,2350,2801,1795,1627,1854,1275,1257,55,4098,3518,297,2892,1402,3591,1879,2490,4115,3332

test suite168
bestAPFD:0.918505
bestSuite:2374,4107,3337,1361,2381,830,2373,2597,55,1721,2986,1844,2117,4094,3156,2716

test suite169
bestAPFD:0.888029
bestSuite:3691,4055,3173,3476,255,2502,3752,806,55,921,2656,734,1786,1798,509,2602,4112,4075,2746

test suite170
bestAPFD:0.944788
bestSuite:1644,2443,3688,1864,3033,4073,1224,2774,3788,1940,2615,56,1555,2986,4126,2037,1689,3609,1808

test suite171
bestAPFD:0.935107
bestSuite:4127,3856,1998,3779,3913,1160,3292,2254,2313,795,2844,1525,4094,3602,312,1453,3829,3831,3544,3834,2716

test suite172
bestAPFD:0.908497
bestSuite:2186,400,2786,2283,2222,1459,770,3398,4111,2557,1978,996,1997,1322,4074,989,2623,3384

test suite173
bestAPFD:0.931373
bestSuite:2598,1618,2104,2425,3937,1450,2449,504,2926,629,2851,1972,4102,4093,1709

test suite174
bestAPFD:0.921569
bestSuite:3683,2966,1709,2181,1700,2716,2997,1511,2857,3940,4099,1481,2768,750,4122

test suite175
bestAPFD:0.943511
bestSuite:3594,709,1658,3033,1688,3210,3027,3159,3447,311,4112,1856,4077,3905,235,3862,1473,1599,2760,2492,1903

test suite176
bestAPFD:0.935986
bestSuite:2458,3028,2222,1623,2925,2083,4104,3184,3352,1713,2473,301,942,3214,4094,3893,2208

test suite177
bestAPFD:0.927083
bestSuite:3050,4078,4105,2189,3483,322,2284,742,3292,308,1813,3913,1772,3259,2597,685

test suite178
bestAPFD:0.925858
bestSuite:1366,2768,2492,1854,4092,1785,1904,3743,3227,4101,3427,2081,3352,1931,3619,3803

test suite179
bestAPFD:0.895969
bestSuite:3948,1435,4119,1658,3423,4072,507,2580,3669,3676,3790,1752,2269,195,3624,4064,2657,3175

test suite180
bestAPFD:0.945213
bestSuite:1939,2896,3669,680,1947,2213,1913,3976,2174,778,1989,4104,2996,4076,3882,1765,3268

test suite181
bestAPFD:0.864293
bestSuite:3130,45,468,4128,2370,2399,3150,3905,2338,2775,3869,2708,678,4079,233,3683,322,3904,3085

test suite182
bestAPFD:0.922222
bestSuite:1758,2083,4102,2946,4098,651,3438,2597,3292,3472,1333,2823,2698,2488,2368

test suite183
bestAPFD:0.861197
bestSuite:56,3752,646,778,3301,4112,3017,999,3476,2676,4081,1604,2480,287,3731,3311,756,1832,2073

test suite184
bestAPFD:0.941721
bestSuite:1947,3910,2246,1524,3380,2904,1939,527,428,3344,3329,2182,4108,2906,3895,4099,3565,1649

test suite185
bestAPFD:0.911188
bestSuite:3470,4091,3796,3186,1056,2515,2502,1435,2174,3752,2598,4103,3126,2984,3572,2234,1572

test suite186
bestAPFD:0.929534
bestSuite:3091,2117,3995,4100,3214,1999,1658,3502,2177,1818,3450,3137,1811,3732,4112,1608

test suite187
bestAPFD:0.943240
bestSuite:3112,3320,2500,3661,3480,4110,778,4090,2149,393,2397,2946,3340,2222,60,2786,2512,1894,1920

test suite188
bestAPFD:0.869969
bestSuite:3911,2331,3171,1763,2243,2973,4074,2716,2759,3157,1463,607,2431,3989,3243,1567,4126,2624,3888

test suite189
bestAPFD:0.907637
bestSuite:4080,1254,762,1908,3399,646,598,205,378,511,2604,3464,2304,2639,2120,3907,1870,1433,4114

test suite190
bestAPFD:0.899077
bestSuite:3048,1854,964,3020,4111,789,2983,3332,2114,4093,1043,82,2763,3175,3657,3819,1729

test suite191
bestAPFD:0.939216
bestSuite:4074,54,1954,2238,2375,4108,3919,2902,1908,1362,3298,2953,690,670,2545

test suite192
bestAPFD:0.934641
bestSuite:2514,2986,3669,920,20,1861,1724,2683,301,556,2964,4119,2256,3534,3660,3344,3145,1333

test suite193
bestAPFD:0.945820
bestSuite:3292,2363,3218,3050,3672,1815,4122,2375,984,3796,452,2959,1855,934,1614,3825,3450,4093,2956

test suite194
bestAPFD:0.930672
bestSuite:2473,2514,3341,2619,1502,3292,3581,223,4097,4123,1913,2076,692,511

test suite195
bestAPFD:0.853457
bestSuite:3209,3752,308,2338,2073,4109,1731,3888,3580,1306,3594,2089,4084,2439,1704,1871,2967,3923,2288

test suite196
bestAPFD:0.929412
bestSuite:3223,2568,3636,3688,2490,4095,1871,1870,3306,1947,3425,2092,3399,1976,4118

test suite197
bestAPFD:0.916221
bestSuite:4097,2275,2789,3239,2759,4042,1947,2610,2372,691,4126

test suite198
bestAPFD:0.944118
bestSuite:40,3454,3765,2731,2114,2749,1329,1481,3800,4091,2469,4123,260,1087,3033,3126,1908,2031,1724,2537

test suite199
bestAPFD:0.937255
bestSuite:2471,1440,3726,2953,4087,2779,2864,3932,2602,2083,2938,3051,2117,2986,4109

test suite200
bestAPFD:0.899510
bestSuite:2716,3669,3644,2084,3713,1471,2358,843,3000,2987,2211,4074,4126,1902,4057,2926

test suite201
bestAPFD:0.906162
bestSuite:1947,3439,859,923,3987,2625,4125,2386,4096,1689,3753,1014,2186,99

test suite202
bestAPFD:0.886166
bestSuite:3683,1910,3204,4084,118,2182,2071,1827,2246,3510,2749,1166,4062,3714,2982,1860,3609,4116

test suite203
bestAPFD:0.901961
bestSuite:3757,2839,1947,130,1432,4084,2246,3113,3233,2037,3557,1974,3351,1933,3146,3910,4107

test suite204
bestAPFD:0.916054
bestSuite:4108,3014,2953,3987,411,2560,2839,1290,1768,3515,223,4093,1908,275,749,2864

test suite205
bestAPFD:0.906318
bestSuite:4108,3976,3100,1947,3283,497,3683,3934,1467,3910,3605,3809,4077,1307,777,141,3250,3797

test suite206
bestAPFD:0.920232
bestSuite:2997,4083,3037,2696,391,3124,1951,2986,3198,901,1199,2559,1360,78,4119,3026,1693,3137,3262,2261,638,1970

test suite207
bestAPFD:0.894336
bestSuite:2964,2141,659,2970,532,2449,3527,887,938,3702,4103,2926,2839,3767,2799,291,3581,3195

test suite208
bestAPFD:0.898944
bestSuite:2089,93,4125,3623,2222,2084,4095,1840,2637,3883,4042,3191,564

test suite209
bestAPFD:0.944444
bestSuite:2604,4113,3292,596,4081,1742,3332,2351,2523,3649,3402,3922,2888,1796,3852,224,2931,1986

test suite210
bestAPFD:0.929110
bestSuite:2363,1618,4120,3623,2860,1717,3112,3834,743,2731,223,4085,3942

test suite211
bestAPFD:0.938293
bestSuite:1658,3699,4006,791,4127,2360,2016,589,3576,1569,3185,3252,4095,2671,4068,2505,1117

test suite212
bestAPFD:0.928489
bestSuite:2363,4084,3087,4,412,1972,4125,2921,1466,3653,1618,1282,3624,3626,1470,1539,2127

test suite213
bestAPFD:0.896801
bestSuite:2660,1370,2584,2941,2696,3332,224,857,2410,3367,3859,3247,3870,4122,2222,24,3223,1381,4079

test suite214
bestAPFD:0.890319
bestSuite:3346,2634,3561,2707,2501,290,1509,4121,2926,1671,2512,2514,4086,980,746,1362

test suite215
bestAPFD:0.928356
bestSuite:4040,1727,1618,2862,4006,4096,1579,4108,3701,1879,3050,2839,2844

test suite216
bestAPFD:0.934436
bestSuite:2269,613,2989,3165,3979,2783,4094,2690,2929,3913,797,3292,2835,743,2970,4110

test suite217
bestAPFD:0.908304
bestSuite:2687,2514,2749,2698,3570,1526,4103,4089,3356,2114,829,3292,2796,3449,2137,1131,1699

test suite218
bestAPFD:0.931373
bestSuite:1968,937,3469,799,3292,4119,3644,1647,4069,3283,3883,924,2196,4074,3940,2684,1762,1356

test suite219
bestAPFD:0.881127
bestSuite:1555,151,3766,2376,1774,3101,2789,1818,2769,4129,4086,1463,224,3071,424,70

test suite220
bestAPFD:0.920415
bestSuite:1939,3891,1864,4038,1947,1831,3304,2574,4102,570,1676,2458,1849,2711,3268,4099,3803

test suite221
bestAPFD:0.908497
bestSuite:1633,3343,4089,3764,2335,1713,3292,3808,3187,4110,1995,794,1612,2315,2844

test suite222
bestAPFD:0.927696
bestSuite:964,1010,3803,2037,1618,322,4046,341,4089,1884,3352,4104,597,3855,818,3222

test suite223
bestAPFD:0.946779
bestSuite:2071,3292,3352,2436,2839,2802,3272,3006,811,417,3655,2500,457,2810,4130,2395,4087,1877,667,976,1241

test suite224
bestAPFD:0.936017
bestSuite:2077,2454,3624,3534,2010,2637,1658,4042,286,3808,4038,1930,1080,4125,149,1587,2665,4074,1009

test suite225
bestAPFD:0.918004
bestSuite:3565,3694,2509,2950,3788,1618,4106,4080,826,3319,3910

test suite226
bestAPFD:0.953044
bestSuite:1744,2073,4086,2207,2795,2729,828,3053,2783,3688,1618,2602,4124,2513,2023,1469,422,1007,2773

test suite227
bestAPFD:0.927912
bestSuite:1754,3056,589,2374,1840,2926,2988,958,3565,4128,3531,3064,3197,2568,4092,3470,3947

test suite228
bestAPFD:0.952451
bestSuite:2222,3705,3870,2749,992,751,676,2820,3438,1800,3565,4094,4107,2240,2271,1017,1624,3243,2570,3681

test suite229
bestAPFD:0.878268
bestSuite:2450,3656,1896,4130,3734,1770,93,2533,1903,4075,1463,3692

test suite230
bestAPFD:0.923529
bestSuite:3378,1674,660,681,85,2576,1658,2729,4124,2786,2064,1919,3812,4017,709,2080,3624,3421,2968,4096

test suite231
bestAPFD:0.933103
bestSuite:2716,2147,106,759,1530,3205,93,4121,2474,130,1796,1947,4096,424,3032,625,3552

test suite232
bestAPFD:0.917044
bestSuite:3101,1618,3957,2598,2291,1595,4126,1078,3636,225,3316,3918,4078

test suite233
bestAPFD:0.940710
bestSuite:1629,1908,3966,3343,2375,925,1693,4105,1606,2092,2455,1686,4086,1021,3497,2061,2872,240,2729,3559,2973

test suite234
bestAPFD:0.942330
bestSuite:2181,3669,4072,1830,4112,3332,3533,384,3928,1829,2221,3832,2020,3599,273,3752,1711

test suite235
bestAPFD:0.897672
bestSuite:1724,2926,3268,4113,3678,2439,3979,1487,3225,3069,727,969,131,4093,2325,3369

test suite236
bestAPFD:0.945820
bestSuite:811,2484,3904,3473,3860,912,4130,1158,1922,3942,3577,1678,2986,4098,2915,2425,897,3033,1621

test suite237
bestAPFD:0.941176
bestSuite:2567,2327,1810,4105,2716,2492,1605,2729,3292,2377,4014,2254,4084,3419,149,2547

test suite238
bestAPFD:0.934985
bestSuite:2845,3803,2222,3897,1473,4110,1728,2781,2639,995,1262,460,3808,1500,1603,1,3020,4075,468

test suite239
bestAPFD:0.861345
bestSuite:1239,2926,2568,2596,4093,2716,3440,3033,24,93,1168,1951,1728,4123

test suite240
bestAPFD:0.929066
bestSuite:783,4091,1846,3792,2194,3688,3496,1849,3596,2692,69,1618,1815,3268,4104,1952,2502

test suite241
bestAPFD:0.886967
bestSuite:2779,2321,4112,3313,2246,4079,693,4046,3780,294,505,3490,3911,1799,2860,2594,3752

test suite242
bestAPFD:0.906318
bestSuite:2964,2926,1215,3438,3220,4125,2597,3527,3033

test suite243
bestAPFD:0.938293
bestSuite:1548,1676,3387,2527,3940,1908,1720,4124,4077,3234,3008,1848,1858,330,2729,2080,2196

test suite244
bestAPFD:0.884314
bestSuite:3283,3231,4097,1854,3447,2269,1571,2585,2953,762,3182,587,2292,2598,4103

test suite245
bestAPFD:0.937908
bestSuite:1618,1789,4042,404,2249,2840,1617,4086,3527,1738,3017,4115,3033,2204,2531

test suite246
bestAPFD:0.886029
bestSuite:4123,684,2590,3403,3290,4090,835,3752,1951,3688,3268,1198,2731,522,3768,1939

test suite247
bestAPFD:0.949510
bestSuite:4041,2283,4130,1908,2371,1221,2336,311,2512,3285,871,1268,2021,1828,3144,1690,2966,848,4091,2830

test suite248
bestAPFD:0.867935
bestSuite:3506,3577,3675,3210,3051,214,2858,2471,4087,3313,2281,2439,137,2109,2222,1985,4122

test suite249
bestAPFD:0.927336
bestSuite:3447,3456,739,1422,2222,87,1470,2677,2338,2790,3732,4127,3258,4073,391,1039,2866

test suite250
bestAPFD:0.899381
bestSuite:2243,1217,2056,334,4112,4080,2215,3510,2509,633,3251,3406,1608,1478,456,646,970,2926,484

test suite251
bestAPFD:0.906863
bestSuite:4109,641,3702,2786,485,4080,1526,2981,267,3765,3808,975,2222,1667,3303,3681,3605,1897

test suite252
bestAPFD:0.904541
bestSuite:1751,1854,2322,3510,4097,2250,641,314,679,2845,892,308,3262,916,2291,312,4104,3843,1928

test suite253
bestAPFD:0.892770
bestSuite:3642,1480,3782,980,1988,4114,3476,2217,4094,3688,3848,97,2181,1463,3071,1530

test suite254
bestAPFD:0.874183
bestSuite:1180,4074,3860,280,3788,3958,709,1884,4117,3778,1955,3935,2269,2171,3623,2926,2194,2668

test suite255
bestAPFD:0.922794
bestSuite:3369,2624,93,3459,2083,2363,1445,1635,682,2269,1947,1812,1990,35,2964,4106

test suite256
bestAPFD:0.938562
bestSuite:2222,2338,4107,4082,3819,3993,1662,2458,290,2788,2417,4056,2843,695,1088

test suite257
bestAPFD:0.911765
bestSuite:3175,1148,3600,688,3979,2425,3032,2716,4090,1713,3432,4108,2586,2040,2775,2222

test suite258
bestAPFD:0.925070
bestSuite:3501,779,2525,4116,778,3940,3101,3339,3198,4095,1947,3803,1720,2013

test suite259
bestAPFD:0.894831
bestSuite:847,1463,82,4078,2509,3236,2502,2842,4111,2971,3020

test suite260
bestAPFD:0.925980
bestSuite:3215,1180,3055,1224,942,3565,2986,2346,82,2567,1522,1634,3720,3632,4074,1134,3888,647,4111,4063

test suite261
bestAPFD:0.908645
bestSuite:2309,1463,3576,4006,2780,2964,2376,1391,2017,3341,1753,223,2926,1150,2197,2173,4117,3490,924,4,1430,2602

test suite262
bestAPFD:0.884804
bestSuite:778,2650,4071,4077,1463,2193,1960,4006,2834,4068,4120,3033

test suite263
bestAPFD:0.918004
bestSuite:3720,2502,3887,2903,2327,2815,4115,3969,3607,2287,3218,2222,2632,2562,1501,3459,2338,4099,833,3979,3426,1938

test suite264
bestAPFD:0.927638
bestSuite:1758,117,4090,1347,2486,2761,1436,21,2515,2926,4130,3980,2512,1975,1169,1669,404,2271,3527,909,797

test suite265
bestAPFD:0.939869
bestSuite:55,2974,2716,1824,4108,2124,3784,4006,3858,3719,2037,1854,2241,714,4096

test suite266
bestAPFD:0.928309
bestSuite:4120,2729,2500,1587,3398,3940,1908,1252,3703,2084,4077,865,1832,2513,2966,1496

test suite267
bestAPFD:0.895425
bestSuite:3112,177,4084,3351,2925,3996,3712,707,1252,1799,1854,2971,3064,2788,4121,2610,2333,1278

test suite268
bestAPFD:0.927015
bestSuite:754,1908,3519,3688,2415,3577,4102,2017,3654,4096,2711,2751,3367,2092,2086,1579,2724,2458

test suite269
bestAPFD:0.917756
bestSuite:3551,2067,1884,4099,1618,4119,3527,2394,626,574,828,3421,2450,2050,1428,3515,3332,1720

test suite270
bestAPFD:0.918954
bestSuite:4125,2222,2910,1913,2166,2178,3314,4088,1162,3332,2248,3655,3979,848,4055

test suite271
bestAPFD:0.911220
bestSuite:3230,2503,1007,603,3847,4107,2083,1790,3292,2372,4096,113,743,3577,864,1829,2983,3472

test suite272
bestAPFD:0.906863
bestSuite:2773,2417,3997,1618,4128,2933,2598,2604,1675,1849,3165,4100

test suite273
bestAPFD:0.874811
bestSuite:3510,2155,4076,3854,322,739,4129,1666,3347,2926,3797,3004,4006

test suite274
bestAPFD:0.908497
bestSuite:2572,1682,407,2502,2356,3696,4129,36,843,513,2926,2155,1388,2526,743,3387,1071,99,4081,1282,2754

test suite275
bestAPFD:0.925029
bestSuite:2469,2922,3860,290,3340,3546,2274,1435,4084,3292,3732,1798,3403,1638,2092,4109,1759

test suite276
bestAPFD:0.944637
bestSuite:3565,978,3129,1834,3457,2650,4072,3292,3282,3251,2696,4115,1944,3223,3740,531,2425

test suite277
bestAPFD:0.934256
bestSuite:2389,898,4073,1908,55,2316,4119,1750,664,1526,3191,752,516,3700,3332,2320,3032

test suite278
bestAPFD:0.948802
bestSuite:2986,2953,2757,2521,589,97,3470,1865,2310,4122,135,4096,3601,1980,2527,2077,1251,3808

test suite279
bestAPFD:0.918505
bestSuite:2185,3028,3345,4085,1376,2080,1619,2120,4117,3403,3421,589,1908,1449,3716,164

test suite280
bestAPFD:0.928922
bestSuite:2480,3256,2420,3313,816,3458,4126,3409,740,311,1618,4072

test suite281
bestAPFD:0.946336
bestSuite:2729,4061,1528,3000,3112,1687,2188,4089,1831,2548,1677,2986,4101,1880,2347,1188,3940,414,3774

test suite282
bestAPFD:0.924552
bestSuite:2436,1350,2500,1389,1655,3292,2174,1769,2474,3804,682,1370,3731,3130,4113,946,509,4076,1579,4060,3510,2501,3177

test suite283
bestAPFD:0.935730
bestSuite:4078,3520,1618,3956,1926,2367,4123,3450,2709,3492,55,3273,805,3613,400,3605,3644,4008

test suite284
bestAPFD:0.891690
bestSuite:218,1658,1606,3285,3043,4116,2372,3373,3561,2119,1510,2011,3491,3803,3051,3757,2500,2546,3534,4077,702

test suite285
bestAPFD:0.907728
bestSuite:2527,1618,2006,4083,1539,99,1522,2935,2193,1509,3633,1603,917,2568,3421,91,4114

test suite286
bestAPFD:0.931917
bestSuite:3754,3292,3803,2601,3101,1836,4023,1012,4021,4086,3051,2795,3805,4102,926,3112,575,3469

test suite287
bestAPFD:0.922876
bestSuite:2515,868,2222,440,1332,4106,3352,23,1980,2439,4090,3187,3504,3334,3393

test suite288
bestAPFD:0.881776
bestSuite:1815,3050,3860,566,4042,2204,2868,3529,3683,1757,3549,636,4101,1943,3198,4096,1937

test suite289
bestAPFD:0.914566
bestSuite:1669,2083,3231,4077,2888,3763,744,3825,3847,2766,4107,1947,3803,3514,3708,2809,3689,4005,874,646,761

test suite290
bestAPFD:0.840074
bestSuite:1542,3138,3624,1099,707,1776,2926,2092,2271,1949,2964,1904,3619,4111,570,2291

test suite291
bestAPFD:0.914379
bestSuite:1658,3905,906,3268,1506,2533,4113,3927,879,4073,3208,2675,3940,826,284

test suite292
bestAPFD:0.932773
bestSuite:3078,4074,3447,2754,732,4025,2040,3223,1947,4109,1452,3671,2092,901,3938,3115,2600,1935,530,2650,2246

test suite293
bestAPFD:0.912582
bestSuite:1658,3757,996,1009,4118,2604,2076,3984,646,3131,4074,2478

test suite294
bestAPFD:0.927083
bestSuite:373,1658,2174,3883,224,1984,840,3423,4118,3274,2389,4097,1896,3502,1724,3765

test suite295
bestAPFD:0.919390
bestSuite:1585,3819,1793,1658,1084,3149,2931,1724,4110,1716,3510,4082,3002,2148,3911,3882,2067,4060

test suite296
bestAPFD:0.918552
bestSuite:1249,1410,1658,3481,3091,1596,1338,3891,2376,2650,4077,539,4129

test suite297
bestAPFD:0.907563
bestSuite:93,2665,4079,1724,980,3516,3292,2121,3552,2839,2216,4119,1960,1712

test suite298
bestAPFD:0.951471
bestSuite:3292,3948,3655,82,3174,4075,3398,4128,1797,2260,1827,2011,2180,2406,2215,3914,271,2559,1911,3208

test suite299
bestAPFD:0.860644
bestSuite:4042,2269,450,1676,4087,3784,2749,3269,3863,3552,2926,4114,1161,2866

test suite300
bestAPFD:0.929412
bestSuite:4006,2375,1604,305,2984,2573,1003,4076,3229,1658,4110,2769,2367,3294,2157

test suite301
bestAPFD:0.925579
bestSuite:2839,224,1860,1913,1193,653,4120,3577,1472,3222,1464,213,2222,547,3198,2365,2551,3462,957,4100,1135,2081

test suite302
bestAPFD:0.871324
bestSuite:3531,3686,1421,2964,3752,3940,1013,2097,3268,568,3576,694,4107,3976,2312,3882

test suite303
bestAPFD:0.887255
bestSuite:1399,4114,3683,2768,4098,1920,224,3510,3639,2952,1771,3294,2633,3438

test suite304
bestAPFD:0.942484
bestSuite:1761,2986,4116,4088,235,2246,3510,2639,2811,2578,1360,2786,3587,832,1835

test suite305
bestAPFD:0.918845
bestSuite:3669,1687,3384,2564,3199,3855,544,4128,2926,1608,2356,3743,4079,3859,102,3388,744,96

test suite306
bestAPFD:0.933103
bestSuite:1658,862,4092,2531,3432,2601,3813,4128,271,3292,2207,99,917,368,3363,2502,2427

test suite307
bestAPFD:0.906318
bestSuite:911,3337,1617,214,3527,3416,1854,4086,2170,564,4109,2077,3332,2487,2183,3516,1166,2186

test suite308
bestAPFD:0.890056
bestSuite:2863,4108,2964,3033,2650,3892,3752,836,3725,1785,2558,2602,2376,3144

test suite309
bestAPFD:0.943900
bestSuite:1103,2964,3337,945,3688,2718,3989,1831,606,2077,1418,4127,2979,2953,2986,3191,2083,3968

test suite310
bestAPFD:0.924837
bestSuite:1771,2347,2274,3684,2986,3269,2448,4100,2338,1526,100,1683,3527,772,4120

test suite311
bestAPFD:0.885236
bestSuite:2926,3231,3112,93,1980,2803,3905,1589,1432,2778,1304,4080,4117,419,1288,2796,2204

test suite312
bestAPFD:0.887955
bestSuite:1608,3623,3345,3293,3181,3124,2117,699,4084,828,1402,4114,307,3472,347,2452,2338,2926,1336,2556,3493

test suite313
bestAPFD:0.883053
bestSuite:1810,1597,3792,2926,193,2866,3136,2363,3332,4087,4111,93,2084,1776

test suite314
bestAPFD:0.933679
bestSuite:3187,4095,1433,4009,2151,3805,2514,923,1908,931,312,3457,4123,3660,2316,646,966

test suite315
bestAPFD:0.934436
bestSuite:1997,623,2182,4129,2788,2986,2697,3961,3051,3757,792,295,4097,1955,3676,2902

test suite316
bestAPFD:0.908153
bestSuite:2416,3883,13,3976,2380,994,3752,1229,2849,55,4079,1781,2675,2770,3521,4124,1451,3992,2757

test suite317
bestAPFD:0.909458
bestSuite:946,1463,2117,1873,3476,3582,2485,4086,2599,2602,1596,1737,4103,1969,55,462,869

test suite318
bestAPFD:0.929194
bestSuite:1908,2314,2354,4092,2568,3472,4046,1576,1140,2146,626,2447,235,1511,2231,3503,3155,4109

test suite319
bestAPFD:0.909314
bestSuite:713,3919,3338,1414,3752,3688,2618,3655,3662,3033,4108,2328,2439,795,1673,4075

test suite320
bestAPFD:0.925858
bestSuite:3655,3695,934,2254,3540,4095,1998,2282,2754,2554,2514,3800,1618,4111,2778,824

test suite321
bestAPFD:0.892157
bestSuite:3683,843,630,4097,1490,3860,3251,2633,4130,712,2902,1027,2527,2533

test suite322
bestAPFD:0.924292
bestSuite:3683,2104,2835,1658,797,4109,206,1931,224,1764,3605,2117,2018,4095,3881,1877,3150,3685

test suite323
bestAPFD:0.898039
bestSuite:3796,4081,4128,1613,1710,3850,3910,2524,3738,2473,3736,3248,2501,790,3752

test suite324
bestAPFD:0.942330
bestSuite:1761,2363,1658,2925,4127,2971,2839,1074,2549,2610,2837,1836,20,1639,4079,1892,1133

test suite325
bestAPFD:0.894737
bestSuite:2805,3393,3356,921,3683,3894,3332,3090,4123,340,4085,3911,1455,2740,1872,2626,3105,2560,1724

test suite326
bestAPFD:0.942724
bestSuite:4112,1547,3702,1854,2524,3770,1262,1504,3066,151,3343,2486,2483,3438,2263,1587,3352,3065,4097

test suite327
bestAPFD:0.897603
bestSuite:2973,3275,3207,2986,4098,3976,4113,3669,2936

test suite328
bestAPFD:0.943355
bestSuite:3893,1618,3144,1674,4121,2037,4088,2269,3376,3352,658,3501,2449,3993,1291,1994,170,2316

test suite329
bestAPFD:0.900735
bestSuite:1986,1139,4006,3752,3352,3150,3303,3883,2273,2028,67,1772,874,4095,4112,151

test suite330
bestAPFD:0.946943
bestSuite:3510,4078,3103,2492,3192,3292,4127,1695,1891,1976,1985,2182,2564,2375,2856,2023,2373

test suite331
bestAPFD:0.899287
bestSuite:1854,4089,3054,3978,2716,1222,2082,2649,3979,2788,4125

test suite332
bestAPFD:0.921569
bestSuite:3379,3989,655,4130,1854,906,1631,2216,1384,2534,2698,3389,2729,2554,3489,741,3901,4096,2425,535,675,1826

test suite333
bestAPFD:0.941176
bestSuite:3688,3976,3144,896,2643,3398,1675,2165,4093,1618,1965,3111,4115,351,4043

test suite334
bestAPFD:0.923529
bestSuite:2083,2216,4120,1526,1193,1475,622,2222,2635,4082,961,3600,1755,3130,3441,2165,235,2601,3830,82

test suite335
bestAPFD:0.932405
bestSuite:369,93,2964,3616,1658,2071,910,2847,899,1033,4117,3986,1538,1483,3376,2461,866,3788,2999

test suite336
bestAPFD:0.893137
bestSuite:2847,3472,3697,2568,1658,4091,4118,793,2580,2621

test suite337
bestAPFD:0.920343
bestSuite:1908,3705,4095,1803,55,3687,4124,3175,2982,3560,2901,3683,1552,2500,2533,664

test suite338
bestAPFD:0.853922
bestSuite:1493,3178,1623,3867,2627,1,2264,3319,3478,2515,4129,3752,1130,1688,2610,1547,2796,2314,2696,4087

test suite339
bestAPFD:0.925858
bestSuite:4095,837,3327,2830,2649,2953,314,3174,862,835,353,2229,4121,99,2509,1947

test suite340
bestAPFD:0.900929
bestSuite:697,3732,3166,3824,4076,3531,320,2568,3277,2216,1476,1427,1159,2515,1672,4121,3197,1504,3292

test suite341
bestAPFD:0.896078
bestSuite:4130,719,2527,3303,1362,147,2409,133,1532,82,2514,3230,4076,3329,3250,56,2604,3412,860,3683

test suite342
bestAPFD:0.895173
bestSuite:3296,3033,3577,308,775,3258,990,773,2215,2926,4128,3623,2964

test suite343
bestAPFD:0.929739
bestSuite:3303,3520,3493,2836,1947,62,3956,2829,1577,4091,1723,2273,2524,2564,3352,1015,3536,4126

test suite344
bestAPFD:0.864379
bestSuite:2759,722,2853,1104,238,3808,3101,714,4100,2926,1573,4111,2502,2674,752,1650,825,391

test suite345
bestAPFD:0.910428
bestSuite:3058,102,2756,1768,3921,2336,4091,2656,2512,2338,12,2138,2610,603,2380,3167,2362,1757,4113,2673,1693,2986

test suite346
bestAPFD:0.924632
bestSuite:2271,3472,4101,1618,1464,2587,1928,732,805,2788,3581,440,2996,2894,2781,4085

test suite347
bestAPFD:0.916667
bestSuite:704,2847,3826,1908,3520,1606,726,1884,739,4096,3272,4128,2285,3677,2186,570

test suite348
bestAPFD:0.915033
bestSuite:3452,3225,4038,4123,3251,766,3979,2472,676,3268,1982,1658,4083,2028,1944

test suite349
bestAPFD:0.923407
bestSuite:3758,752,990,4121,2281,4092,3752,3565,2610,2147,2155,3175,1135,2603,2537,3340

test suite350
bestAPFD:0.912377
bestSuite:863,3051,4108,2420,1879,3955,2117,1746,3658,966,1317,221,2926,3318,4072,1618

test suite351
bestAPFD:0.930283
bestSuite:3834,3624,1688,2637,2222,3732,3906,109,242,4089,4111,3165,2363,3250,2752,935,1926,3332

test suite352
bestAPFD:0.931373
bestSuite:1947,2330,1822,63,2500,2910,1334,3200,3804,3617,3364,2854,4114,4088,2825,1793,224,2004,2291,2902

test suite353
bestAPFD:0.936275
bestSuite:3058,3203,2222,2570,821,4114,3459,2964,2830,3601,3658,3848,3751,558,2598,2160,2560,3441,2956,1782,3187,1827

test suite354
bestAPFD:0.911011
bestSuite:3695,2336,3033,1908,3655,4095,3249,3239,2360,2368,1482,55,4112

test suite355
bestAPFD:0.944637
bestSuite:1854,3175,624,924,3796,2559,3910,3213,4119,2127,890,4091,1480,3572,186,2515,1610

test suite356
bestAPFD:0.916667
bestSuite:700,2222,55,1500,4120,1544,2041,3618,2607,3485,1282,2205,4083,3033,858,620,1018,3341,1290,2450

test suite357
bestAPFD:0.899020
bestSuite:3050,896,3938,3995,2568,4111,3873,624,3320,149,2084,920,3984,3032,750,1854,4094,3874,3005,3384

test suite358
bestAPFD:0.938080
bestSuite:3552,3342,1586,1618,951,3527,4103,3268,1617,1482,744,2842,3522,3388,2825,815,4076,3905,2141

test suite359
bestAPFD:0.893310
bestSuite:3914,2512,2601,629,3683,4095,818,1509,2716,391,1195,3420,1806,1781,313,2421,4108

test suite360
bestAPFD:0.901961
bestSuite:2749,1841,3164,3431,3231,1910,4077,3249,4115,2557,2276,651,2526,1978,2866,3803,1346,3303,1854,854,161

test suite361
bestAPFD:0.935501
bestSuite:1658,2296,1036,1800,4113,1824,2553,3099,2222,4062,3580,1847,3175,982,4077,3732,1840,2059,4046

test suite362
bestAPFD:0.898693
bestSuite:3636,3471,3498,663,2926,4094,2554,669,1623,3565,4108,2559,2729,909,2080

test suite363
bestAPFD:0.928571
bestSuite:1947,3231,3051,2084,4123,2455,4093,932,3191,3298,3883,2953,3461,3480

test suite364
bestAPFD:0.919118
bestSuite:2318,2568,1693,2938,3686,1055,468,2205,4074,4102,1658,1787

test suite365
bestAPFD:0.923669
bestSuite:3975,3180,2155,2729,1854,739,1653,1796,2842,2910,4118,2714,4092,3862

test suite366
bestAPFD:0.841176
bestSuite:122,2926,2706,2889,4100,2724,887,3624,3112,4125,570,3888,3561,2087,3892

test suite367
bestAPFD:0.940144
bestSuite:1927,3688,4110,1944,2757,2966,2573,2222,2839,2213,820,1905,1254,4006,4098,944,695,3605,2139

test suite368
bestAPFD:0.920060
bestSuite:1658,4070,3644,4084,34,1066,979,785,2649,4124,93,3883,3021

test suite369
bestAPFD:0.930094
bestSuite:3456,3501,2902,1071,1425,1697,1704,1322,3946,1854,3705,2810,1238,591,2961,3688,2927,2942,4107,596,4077,3523,3625

test suite370
bestAPFD:0.940710
bestSuite:523,4093,3663,2527,1728,804,2222,1353,4113,1855,1428,2561,2830,3911,2627,2376,207,676,3979,1545,2243

test suite371
bestAPFD:0.934833
bestSuite:1575,2450,2222,3537,330,2089,283,4123,759,4097,2801,3786,3666,2269,3688,3988,2274

test suite372
bestAPFD:0.900871
bestSuite:1844,1421,1947,4128,224,2275,2785,922,4098,680,312,3577,2793,3582,1841,2101,3573,3003

test suite373
bestAPFD:0.927696
bestSuite:2993,3334,2622,1092,552,1823,2186,755,1947,1644,2569,2524,224,2248,4105,4088

test suite374
bestAPFD:0.928793
bestSuite:1434,3344,2157,1427,2527,2827,3287,1242,2634,2419,2474,4106,1618,2222,308,3065,3802,2414,4087

test suite375
bestAPFD:0.916667
bestSuite:3501,1294,3732,2222,2170,3456,2121,1726,2113,213,4121,2515,1668,4084,2664,1633

test suite376
bestAPFD:0.943240
bestSuite:1847,2288,3457,1936,1329,655,3104,2604,4046,3266,4130,2246,2610,701,3292,2834,1947,4092,2042

test suite377
bestAPFD:0.911765
bestSuite:1854,4102,1724,4028,2509,2749,2417,1865,3419,1791,4073,3014,768,3842,1777

test suite378
bestAPFD:0.903114
bestSuite:1486,4011,3268,3487,3662,896,1658,701,2964,547,4126,2788,2281,3360,2183,1692,589

test suite379
bestAPFD:0.904412
bestSuite:4084,2844,1463,1797,3780,2450,3332,3802,2362,4122,3007,2368

test suite380
bestAPFD:0.942157
bestSuite:2638,3631,3626,3296,2121,3979,847,488,3466,2732,2515,2458,1973,3056,2450,3870,4107,4097,3292,2683

test suite381
bestAPFD:0.916955
bestSuite:2844,3079,1775,2502,3737,2828,4032,4129,4099,3943,1947,2387,668,2336,513,3231,3296

test suite382
bestAPFD:0.851541
bestSuite:3378,2804,3033,2601,3472,3500,1998,4111,1974,3164,4096,3683,3213,3456

test suite383
bestAPFD:0.836217
bestSuite:1198,2307,4110,3054,4069,4030,2474,2251,2598,2194,4095,2083,1535,3030,3752,4039,1843

test suite384
bestAPFD:0.926182
bestSuite:2492,1584,4007,705,2134,311,2568,1597,3349,4103,1672,2804,1658,2964,1460,722,2060

test suite385
bestAPFD:0.922269
bestSuite:3502,3785,2222,4094,3050,995,2728,3922,2564,4117,3945,3472,2714,1722

test suite386
bestAPFD:0.918954
bestSuite:2273,1658,3417,1242,2061,3876,4122,3655,2150,1475,4072,2406,311,3725,3439

test suite387
bestAPFD:0.904684
bestSuite:1463,2233,2412,4101,2554,3251,2527,334,1489,698,1731,864,2915,4097,2177,3848,1100,774

test suite388
bestAPFD:0.909664
bestSuite:2160,608,1423,3803,2222,1726,970,924,3268,4109,3663,391,4073,2372

test suite389
bestAPFD:0.919262
bestSuite:4081,55,1658,4117,2524,2660,3342,2953,2951,1313,2676,3347,292,3892,963,2491,3572

test suite390
bestAPFD:0.881127
bestSuite:1485,1555,2809,955,3683,4098,2525,2650,1055,3234,4123,2953,3033,1849,561,3887

test suite391
bestAPFD:0.883506
bestSuite:3349,1861,2849,3860,3962,253,1306,2480,4084,2374,4040,3421,1908,2275,2694,1512,4128

test suite392
bestAPFD:0.896446
bestSuite:3351,2092,3900,1112,3343,2363,223,4074,3752,1905,2415,2732,1290,3919,4125,1765

test suite393
bestAPFD:0.871972
bestSuite:4101,1813,56,2174,2573,3527,1403,2880,4077,2515,3683,2330,2589,1431,34,2788,3133

test suite394
bestAPFD:0.911765
bestSuite:4061,2697,3683,2490,3510,646,4096,1559,1554,543,2291,4125,1470,3725,3796,2693

test suite395
bestAPFD:0.903509
bestSuite:912,2786,2356,3427,2964,1458,3683,1943,3337,2480,2298,4121,2020,2756,3566,1012,3854,2705,603

test suite396
bestAPFD:0.901307
bestSuite:2926,232,2512,3725,986,3066,4101,1451,1463,2399,149,2454,978,2417,4087

test suite397
bestAPFD:0.890374
bestSuite:1845,2658,4116,2177,3528,708,2564,2902,3752,4081,149

test suite398
bestAPFD:0.849329
bestSuite:3752,843,997,1553,867,149,2547,2247,4047,3175,3510,3483,4105,2871,1660,773,4079,3364,2669

test suite399
bestAPFD:0.916955
bestSuite:4073,3808,2554,1804,2617,2376,3819,2773,2834,1687,411,3281,2677,3752,4124,3675,1792

test suite400
bestAPFD:0.929739
bestSuite:3565,637,1908,2072,4115,900,687,2085,468,3577,3407,4091

test suite401
bestAPFD:0.918301
bestSuite:2786,3247,1615,2752,3112,1658,4082,4105,3088,2502,1076,3223

test suite402
bestAPFD:0.939951
bestSuite:3456,1457,1941,2166,3400,3112,400,1947,2100,436,4110,3246,3174,3729,4077,3979

test suite403
bestAPFD:0.916340
bestSuite:1543,2986,3386,4100,1795,1959,807,672,1888,2598,3066,2246,2584,2469,4107

test suite404
bestAPFD:0.879085
bestSuite:3332,4085,1201,3564,1525,4109,3803,3705,1457,805,720,2414,312,646,1658,1553,1559,2115

test suite405
bestAPFD:0.924665
bestSuite:2347,705,1917,3454,4112,701,3187,2515,4074,1662,225,804,3334,3694,3921,3472,2630,820,1908

test suite406
bestAPFD:0.932598
bestSuite:3838,756,2186,1517,3011,3941,1618,3860,3223,4110,2515,3605,4095,3746,3266,1735

test suite407
bestAPFD:0.898148
bestSuite:1239,2926,2610,2336,4097,1523,3682,3332,2975,341,3425,1502,1290,24,1526,4108,2842,2539

test suite408
bestAPFD:0.881264
bestSuite:2078,4095,4113,3476,734,2987,2587,1875,3318,526,3438,3808,2634,3885,3352,3752,4058,2399

test suite409
bestAPFD:0.889483
bestSuite:2783,3533,3907,1518,2502,2524,3979,4111,4095,3752,3428

test suite410
bestAPFD:0.912990
bestSuite:1463,2564,750,755,3524,3273,2531,3910,673,3565,4082,3792,3695,849,34,4108

test suite411
bestAPFD:0.928922
bestSuite:4129,1658,3223,3993,3808,3247,3926,412,2495,4081,119,826,3956,2525,1852,2363

test suite412
bestAPFD:0.919262
bestSuite:3662,2786,4121,2716,2449,2469,4079,3136,97,1463,3891,1529,2197,3639,2441,349,1659

test suite413
bestAPFD:0.929066
bestSuite:2599,670,4078,1658,2508,1926,3003,3888,2092,3514,209,2213,531,3979,2863,4102,2605

test suite414
bestAPFD:0.930719
bestSuite:1658,1201,3456,4119,3632,2634,1736,2241,4079,2199,2524,2858,2664,2650,3200

test suite415
bestAPFD:0.878582
bestSuite:1707,3124,899,2599,3872,3476,2554,3683,939,4110,3913,4098,1486

test suite416
bestAPFD:0.908263
bestSuite:3743,4086,4126,1811,2018,1732,3090,840,3251,719,2786,540,3398,1854

test suite417
bestAPFD:0.916340
bestSuite:2283,391,1908,2741,4098,3077,926,2512,2331,417,2933,3581,2182,3996,4125

test suite418
bestAPFD:0.938998
bestSuite:3292,81,3788,308,4099,2083,1555,1984,3601,3605,2194,1002,751,2148,4130,3999,3725,2815

test suite419
bestAPFD:0.902813
bestSuite:3332,1387,1139,4125,4093,1794,2986,1938,2120,3644,3804,1015,2322,2377,249,1777,2108,953,2313,1803,3072,2296,3051

test suite420
bestAPFD:0.955392
bestSuite:3292,3808,2568,2775,2684,3595,3230,2959,2997,3357,3467,3383,856,3051,2223,436,4107,1750,4078,957

test suite421
bestAPFD:0.907843
bestSuite:2187,2509,2572,1898,2926,3356,634,4101,4085,2083,3976,514,290,3444,946

test suite422
bestAPFD:0.931373
bestSuite:4087,3163,1814,3913,4046,1592,2707,3292,4109,203,3860,3691,2868,2825,2605,1878,3808,738

test suite423
bestAPFD:0.940632
bestSuite:3816,2986,699,3943,3324,1853,2494,3112,1647,679,3403,4087,573,4105,2554,3232,3552,944

test suite424
bestAPFD:0.927807
bestSuite:2830,1576,1712,665,3566,1522,1837,1795,1322,3774,3919,204,1463,2082,209,4109,4091,3251,149,3522,3376,1250

test suite425
bestAPFD:0.922323
bestSuite:3323,1854,3568,1668,2200,2425,93,3050,4072,3049,2788,1687,4123

test suite426
bestAPFD:0.918954
bestSuite:2095,225,1463,4079,3678,99,2107,1526,1459,4128,1777,2092,3502,2577,3772

test suite427
bestAPFD:0.918685
bestSuite:3545,2999,3328,2092,193,3888,4104,344,4072,3576,865,3629,2610,2526,2986,1396,1572

test suite428
bestAPFD:0.901961
bestSuite:1514,1908,99,1978,864,2509,4083,2480,4126,3513,2830,1581,2647

test suite429
bestAPFD:0.913495
bestSuite:3731,670,4083,3480,656,4125,2926,3803,518,880,710,2194,999,2872,3332,2242,3887

test suite430
bestAPFD:0.884660
bestSuite:3146,1554,4069,4095,2658,3912,190,1577,2973,4126,3683,3456,3808,3592,698,3250,290

test suite431
bestAPFD:0.942330
bestSuite:354,2597,3398,3175,2833,1931,4097,4122,1908,2684,2430,2566,3495,1769,99,1735,3992

test suite432
bestAPFD:0.941753
bestSuite:3296,1947,1021,1757,1604,2682,45,3398,123,3655,3979,2634,4058,4115,4075,916,3775

test suite433
bestAPFD:0.917532
bestSuite:3200,2101,2658,974,639,99,1008,883,4006,182,3632,1854,4106,3171,1562,4098,494

test suite434
bestAPFD:0.927083
bestSuite:2953,2076,4078,3910,2847,2356,3292,2215,3862,2966,934,3343,3830,31,630,4104

test suite435
bestAPFD:0.929972
bestSuite:2181,4091,2083,4124,482,3956,2752,3531,709,570,704,3292,1440,2649

test suite436
bestAPFD:0.922269
bestSuite:2293,2181,4117,2375,1089,2926,3673,3740,3530,3883,785,560,4089,589

test suite437
bestAPFD:0.887255
bestSuite:3452,2860,1717,4123,3497,1285,3906,3683,1162,739,1974,4085,3545,2177,1724,1503,2482,2514

test suite438
bestAPFD:0.940087
bestSuite:1242,2986,3050,1449,646,3034,2473,3804,1859,2684,4092,1508,3931,4126,3819,2840,1408,1515

test suite439
bestAPFD:0.880019
bestSuite:2092,2367,82,1979,1463,1338,3209,3998,1428,1197,4098,1004,3010,3433,2474,1580,4102,1289,268,135,752

test suite440
bestAPFD:0.898529
bestSuite:267,1915,3023,4093,3976,3680,1689,699,2515,3752,1784,3847,3174,3273,2925,3483,139,4114,3472,38

test suite441
bestAPFD:0.905732
bestSuite:168,1812,3644,1463,1382,4115,3854,4081,3076,3979,3207,52,2021

test suite442
bestAPFD:0.941176
bestSuite:2406,1936,3892,3082,1591,468,2729,3163,1743,2128,4093,2986,3901,1224,2864,2510,4107,2092,2098

test suite443
bestAPFD:0.925858
bestSuite:4104,2442,2056,2117,2375,3639,4079,1692,913,3651,2469,1500,4071,3110,1854,2356

test suite444
bestAPFD:0.945466
bestSuite:4073,1591,3136,833,2786,3456,3510,1884,1908,2082,1246,4122,674,2461,3608,179

test suite445
bestAPFD:0.927912
bestSuite:2879,4080,4107,3740,229,1854,3515,3860,2637,3834,3283,2480,1609,2356,121,405,1642

test suite446
bestAPFD:0.922876
bestSuite:968,3449,4072,93,1854,3576,2729,2092,3692,3186,429,4115,3608,2868,1560

test suite447
bestAPFD:0.915966
bestSuite:1714,2379,2950,1526,3198,4112,1677,4084,1658,2271,2140,2269,2375,3621

test suite448
bestAPFD:0.917367
bestSuite:3822,4128,3175,2519,2828,3268,2064,3385,814,1618,3527,2379,3676,4088

test suite449
bestAPFD:0.924837
bestSuite:2177,308,3351,3403,4125,2327,1005,2304,1854,4084,2684,3533,3844,1649,2179,3348,2738,3821

test suite450
bestAPFD:0.944272
bestSuite:3474,4097,2568,4020,1908,3412,2787,3503,2495,125,4062,925,4107,2650,2083,1680,493,1291,2869

test suite451
bestAPFD:0.914439
bestSuite:570,4092,3384,1854,2705,3626,2363,3846,1795,3565,4117

test suite452
bestAPFD:0.939112
bestSuite:3359,3292,1894,3867,3002,4083,1193,1687,2480,2657,2356,1909,3000,1501,4007,2270,224,4124,2663

test suite453
bestAPFD:0.920868
bestSuite:1841,4125,2844,858,1382,2621,4075,1854,3874,2673,1676,3888,2061,1752

test suite454
bestAPFD:0.911765
bestSuite:2847,2083,4072,3138,149,2892,3334,3632,2011,4103,1758,1886,1710,2926,78,3577

test suite455
bestAPFD:0.925245
bestSuite:3294,2480,727,3246,1658,2597,2864,57,3527,3343,311,3116,3305,4083,4123,1432

test suite456
bestAPFD:0.932680
bestSuite:1829,1947,3899,324,3926,4094,3231,2788,2639,308,2708,4122,1771,2378,1428

test suite457
bestAPFD:0.932026
bestSuite:2986,3522,4098,2325,3497,3301,2480,1939,3732,4107,2151,1894,3891,2574,772

test suite458
bestAPFD:0.930219
bestSuite:3223,2572,2756,3565,93,997,4115,2729,1565,3570,1854,3228,1840,1512,2964,3877,3502

test suite459
bestAPFD:0.901070
bestSuite:2515,1968,4093,3479,2926,2931,1809,2731,4129,3731,4042

test suite460
bestAPFD:0.907407
bestSuite:2953,3458,2610,3565,972,4114,1618,4078,843

test suite461
bestAPFD:0.917484
bestSuite:3528,739,493,4084,1854,1110,3185,3521,4110,3510,3976,1810

test suite462
bestAPFD:0.912255
bestSuite:935,2077,2980,4119,3472,2561,3410,3944,2064,2328,1000,2268,2628,2564,2902,3743,3673,4088,1463,3528

test suite463
bestAPFD:0.941643
bestSuite:1908,3763,1749,4124,224,3224,218,4061,4063,3013,3505,2602,2902,4094,2563,848,1437,3834,1877,906,2474

test suite464
bestAPFD:0.937564
bestSuite:2823,2313,1854,3688,2514,3175,4062,4096,1197,1064,3203,3931,512,4115,2365,3639,439,3796,1050

test suite465
bestAPFD:0.883333
bestSuite:3095,1463,1466,4020,993,45,2458,806,1619,3497,757,1311,2708,4091,2269,3940,3976,4123,1449,258

test suite466
bestAPFD:0.925654
bestSuite:3565,2926,4075,1949,2181,3501,25,4123,589,1766,2037,1953

test suite467
bestAPFD:0.914828
bestSuite:1713,3752,3941,1479,3577,4123,2731,1985,3144,2492,2083,863,3723,4095,468,1743

test suite468
bestAPFD:0.932526
bestSuite:2083,82,2064,1979,4111,3399,3395,3855,2286,3314,3040,3099,616,1854,4091,2056,2363

test suite469
bestAPFD:0.931373
bestSuite:4124,3909,4096,3299,1820,2925,1528,1809,933,3732,1057,2450,2986,3681

test suite470
bestAPFD:0.924370
bestSuite:3261,3796,3855,1434,3883,3292,1704,3138,4092,4125,2473,3782,2372,3669

test suite471
bestAPFD:0.927083
bestSuite:4076,3644,3774,2644,1854,1749,2464,2597,2328,2320,4128,589,2469,725,1578,3895

test suite472
bestAPFD:0.924292
bestSuite:2334,925,3691,1990,3292,739,2685,4098,3644,629,4108,1818,443,3883,1520,500,1692,3670

test suite473
bestAPFD:0.897603
bestSuite:3050,3691,3752,2554,3982,461,1681,3792,2209,4102,962,754,2021,382,4090,2729,850,3383

test suite474
bestAPFD:0.939338
bestSuite:4006,3808,3569,4107,829,2986,473,987,1134,3778,3707,2860,2810,3848,570,4091

test suite475
bestAPFD:0.939216
bestSuite:698,1000,1571,3398,4114,627,646,4094,3223,2222,602,3115,2111,3803,3257

test suite476
bestAPFD:0.938596
bestSuite:3980,2716,3957,3889,2712,1658,4073,3734,3270,3051,2337,3115,2789,2480,918,4127,36,2752,818

test suite477
bestAPFD:0.880515
bestSuite:2156,2376,4043,2112,4108,2216,1801,3808,1654,920,1450,3683,2254,2712,3352,4098

test suite478
bestAPFD:0.888545
bestSuite:2696,1836,2173,1908,4121,3376,391,3332,2245,2658,1681,3295,2270,708,2612,1512,4074,1582,3259

test suite479
bestAPFD:0.934256
bestSuite:3669,138,2450,2006,926,2973,3233,2279,1947,711,3796,4087,3629,1078,2914,3398,4129

test suite480
bestAPFD:0.921569
bestSuite:2512,2669,3292,3022,2527,3950,148,3745,1901,589,1996,3232,2174,4122,4090,3268,2815

test suite481
bestAPFD:0.927451
bestSuite:2449,311,4082,4021,881,715,2621,1777,3610,3005,2439,2340,4110,3398,1618

test suite482
bestAPFD:0.931373
bestSuite:2512,1854,2488,3883,384,2968,4124,308,2964,749,777,738,2601,2431,3632,2542

test suite483
bestAPFD:0.941176
bestSuite:4088,822,3335,3732,2181,3174,1947,4121,1949,2460,985,2855,466,2214,392,3432,1774,2284,2548

test suite484
bestAPFD:0.942810
bestSuite:2435,2357,2991,4072,3669,3565,955,1158,3140,967,3111,2564,67,1618,2612,4107,3806,1945

test suite485
bestAPFD:0.901961
bestSuite:1794,4130,3210,2720,1859,2376,1947,3464,4094,3163,468,3940,3192,973

test suite486
bestAPFD:0.943240
bestSuite:325,414,1061,1658,231,3404,3004,613,3987,1316,2502,3027,1806,2270,2594,1783,4095,4130,646

test suite487
bestAPFD:0.920537
bestSuite:4126,1908,776,2516,1922,1810,3326,742,4090,3403,2493,2893,2217,2269,3006,2731,311,2644,2439

test suite488
bestAPFD:0.905573
bestSuite:2788,213,1880,799,1964,3476,3712,669,3300,2986,1999,4074,4052,739,3105,3978,4122,2505,1382

test suite489
bestAPFD:0.949948
bestSuite:82,1697,1618,4084,2515,3247,4111,435,2731,3445,2931,2232,2188,3187,233,897,567,2584,2431

test suite490
bestAPFD:0.925245
bestSuite:3033,2375,2799,4074,841,1602,937,3864,3148,3447,3752,1307,2561,4108,3135,4006

test suite491
bestAPFD:0.940632
bestSuite:3509,1998,4083,2915,2749,4128,1526,2999,3484,667,3565,1254,3519,256,1440,1162,2222,3395

test suite492
bestAPFD:0.928431
bestSuite:3438,2740,1068,21,1885,3940,649,1765,745,1713,3576,67,4124,2830,3058,1575,1947,1751,4090,3938

test suite493
bestAPFD:0.893246
bestSuite:3774,1158,4123,4073,987,2621,2328,2152,2338,3752,947,739,1444,4064,3513,1926,2729,3198

test suite494
bestAPFD:0.906863
bestSuite:4034,2627,224,4006,3247,2997,2842,4096,3796,2222,2338,4122

test suite495
bestAPFD:0.900327
bestSuite:1861,1618,3691,2752,694,1526,4093,1941,2472,4101,149,3417

test suite496
bestAPFD:0.899698
bestSuite:3981,3979,2715,4102,1922,1311,1463,3205,2311,4084,3803,719,681

test suite497
bestAPFD:0.920814
bestSuite:3652,2338,2082,4093,2099,3456,1826,4064,2222,2057,4102,391,2282

test suite498
bestAPFD:0.944444
bestSuite:1658,3907,4092,739,2753,561,4130,4026,3429,964,3175,2103,1713,2317,2467,3935,292,3808

test suite499
bestAPFD:0.912854
bestSuite:2362,1474,4111,1947,1697,3798,1223,2296,739,4082,2147,1713,2317,983,3682,543,1167,3976

test suite500
bestAPFD:0.852941
bestSuite:2947,2338,2152,3279,4080,1627,391,2926,1747,4101,3572,2449,3375,813,3020

