test suite1
bestAPFD:0.939653
bestSuite:1908,2966,3976,2598,4112,4090,356,3010,3808,1837,4017,1468,2276,1246,2618,1771,3099

test suite2
bestAPFD:0.934008
bestSuite:1947,561,342,4127,2754,93,3912,4092,3605,3251,810,3853,1806,1940,1809,1161,1387,697

test suite3
bestAPFD:0.921234
bestSuite:2514,2604,1791,2759,4081,4068,3109,4125,2513,3940,3752,3175,2352,2507,3667,2138,3925,2360,2508,184,746,313

test suite4
bestAPFD:0.934716
bestSuite:3159,1854,739,2474,4073,1612,4120,799,3719,2132,2926,1096,236,2594,3257

test suite5
bestAPFD:0.945263
bestSuite:3731,1947,4104,4088,3417,3343,778,3657,2559,3078,2311,2246,1512,1901,3208,1390,2393,1108

test suite6
bestAPFD:0.937007
bestSuite:1908,2336,4030,739,4077,4120,1910,3138,1576,3848,2712,3510,1724,1070,2576

test suite7
bestAPFD:0.946844
bestSuite:2786,1908,4099,4127,3112,3882,3403,3454,1804,3811,2367,1911,3379,45,3245,1181,1988,2725

test suite8
bestAPFD:0.938087
bestSuite:2986,3856,4076,82,4114,2271,4006,2074,1430,1824,3006,3551,793,1332,3386

test suite9
bestAPFD:0.934280
bestSuite:1908,4061,4127,164,2968,82,2170,4084,3198,1669,1768,3426,2891,3006,3788,3312

test suite10
bestAPFD:0.938605
bestSuite:2425,3178,1947,4077,4116,3352,1972,3684,2269,687,3919,979,3788,3002,1945,643,2419,2340

test suite11
bestAPFD:0.936086
bestSuite:2254,1908,3762,2610,4130,4075,3913,4046,3816,1620,353,64,3709,868,2533

test suite12
bestAPFD:0.921199
bestSuite:3272,3683,2500,3497,1983,224,4073,2716,2021,3661,2035,1781,2376,3838,1604,1072,191,3925,4106

test suite13
bestAPFD:0.934269
bestSuite:2375,2644,1947,4114,4094,2512,846,2146,1997,3503,776,3332,1486,301

test suite14
bestAPFD:0.938108
bestSuite:1947,2568,3669,4078,3937,4104,948,1788,3347,725,2487,531,806,2424,2714,1546,861

test suite15
bestAPFD:0.932424
bestSuite:2524,2964,4121,2056,2300,1723,99,3752,2098,1450,617,3283,2246,3928,2806,3518,958,3325,946

test suite16
bestAPFD:0.939434
bestSuite:2166,2986,82,4125,4085,3050,2291,2500,1749,3791,3767,2146,3146,909

test suite17
bestAPFD:0.923878
bestSuite:2842,1977,3860,164,2718,4101,3437,4075,3752,3655,1283,2338,3069,3278,2704

test suite18
bestAPFD:0.938355
bestSuite:1908,2524,4117,4091,1795,311,2848,1716,3891,1676,3425,3699,1093,1995,1097,3438

test suite19
bestAPFD:0.938320
bestSuite:3565,1947,4088,4111,149,3185,3719,1732,3577,2982,2834,636,2871,3956

test suite20
bestAPFD:0.945727
bestSuite:2786,1658,4076,4123,2424,2411,2186,3359,2989,2419,3135,3480,3667,1711,3771,788,3218,2514,2067

test suite21
bestAPFD:0.939266
bestSuite:2986,2621,1882,4119,4088,2610,1716,3356,909,2291,923,1377,2526,4067,324,2902,847

test suite22
bestAPFD:0.923727
bestSuite:2084,2141,1979,1884,2926,4084,224,2811,4116,2480,3108,967,38,2535,2839

test suite23
bestAPFD:0.930101
bestSuite:2986,3860,4078,1482,4104,3459,3436,846,1751,2788,2716,474

test suite24
bestAPFD:0.917944
bestSuite:1658,3938,2076,4076,99,4129,2291,3594,3683,963,234,1540,874,1721,3457

test suite25
bestAPFD:0.931315
bestSuite:2650,2729,3683,4123,2830,4073,4007,2627,2539,3289,960,3029,1587,2248,3486,741,1668,2931

test suite26
bestAPFD:0.914516
bestSuite:2451,3686,2377,3112,2732,3910,2439,4123,3683,124,4072,1832,3156,3976,732,3145,4011,3290,2361,803,1472

test suite27
bestAPFD:0.928932
bestSuite:3731,1444,1906,3885,2098,4094,4121,1861,3317,360,291,3224,3510,2568,3853,3752

test suite28
bestAPFD:0.935057
bestSuite:1618,3101,3476,4110,3051,4093,2494,1910,3351,2415,1120,1594,1380,3666,2729

test suite29
bestAPFD:0.938419
bestSuite:3565,2986,391,4084,4111,3233,1600,2512,2419,3207,3676,3325,3118,2364

test suite30
bestAPFD:0.945473
bestSuite:3292,3456,2610,4104,4097,3838,3050,3471,1542,977,1629,3012,433,3942,3886,293,3137,1385,3750,575,2333,3170

test suite31
bestAPFD:0.915453
bestSuite:2731,1947,4087,99,4112,2347,2082,3913,3427

test suite32
bestAPFD:0.933239
bestSuite:1908,3156,583,1444,3910,4077,4127,1619,3444,58,2367,3800,3803,1885,1543

test suite33
bestAPFD:0.928026
bestSuite:2621,3688,2439,4098,901,4101,674,3752,826,2291,3268,3550,3638,722

test suite34
bestAPFD:0.944324
bestSuite:2222,4077,2598,4105,1716,2571,2731,3502,153,663,3510,2696,2523,3595,2301,1135

test suite35
bestAPFD:0.935381
bestSuite:3528,739,2926,4096,4120,2961,3138,3359,2211,1324,3883,3638,3919,102,869,328,718,2884,4042

test suite36
bestAPFD:0.940406
bestSuite:3786,1658,4119,4097,2749,2509,2572,2805,2524,3976,2435,3878,3215,1080,3496

test suite37
bestAPFD:0.943602
bestSuite:3292,1593,2610,4085,4114,3159,2723,1721,3895,2062,421,2041,860,2291,1801,3883,2053,3069,1020

test suite38
bestAPFD:0.936098
bestSuite:1947,3175,3014,93,2815,2964,4109,2147,2377,2494,3908,2839,2424,1594,1083,17,3225

test suite39
bestAPFD:0.942871
bestSuite:2222,2610,4087,1474,3905,4118,3314,3598,2463,561,611,829,170,2839,1218,814

test suite40
bestAPFD:0.939850
bestSuite:1908,2524,3527,4080,4114,632,921,2707,2988,3684,3819,582,2931,2788,648,3062,1239,1045

test suite41
bestAPFD:0.939489
bestSuite:2181,1947,4094,223,4107,279,3341,855,3090,2734,3766,1536,3332,2910

test suite42
bestAPFD:0.915065
bestSuite:3198,1824,3250,2365,3911,3214,3007,3683,4096,4128,3161,3867,2568,1164,3132,3268,253,3563

test suite43
bestAPFD:0.937127
bestSuite:1854,3454,2148,4090,311,1558,4123,2564,400,3535,849,2269,1713,2915,971,2102,2613,381

test suite44
bestAPFD:0.944594
bestSuite:2181,1854,4088,149,3371,4113,1840,2060,2768,207,3808,752,1804,1853,3699,1333,631,3704,2550

test suite45
bestAPFD:0.931152
bestSuite:3033,1463,743,4123,4085,224,3686,3382,3930,2333,2246,186,3538,4007,2081,2215,3266

test suite46
bestAPFD:0.929045
bestSuite:3447,1579,2514,2926,739,2026,4111,2666,3856,4092,334,3675,1885,2734,81,2376,1326,2439,2262

test suite47
bestAPFD:0.941417
bestSuite:3292,1734,4107,3860,4092,4005,2514,3655,3129,1543,591,2419,1480,2816,3498,3660

test suite48
bestAPFD:0.917828
bestSuite:1618,2844,4117,4079,4063,759,2357,3655,386

test suite49
bestAPFD:0.927405
bestSuite:3688,716,2389,4116,3853,4091,3822,2926,77,3175,3974,3112,2248,4063,1282,220,861

test suite50
bestAPFD:0.938345
bestSuite:3855,1658,4130,3066,4078,2749,2407,784,3712,3033,1426,345,904,2873,2325,809,2023,3788

test suite51
bestAPFD:0.943529
bestSuite:3292,3732,4082,4105,2840,2166,3883,3483,1449,441,2170,734,2474,126,2930,654,1478,3874

test suite52
bestAPFD:0.937477
bestSuite:2375,3050,1618,4075,4129,3740,2474,3217,1927,1896,1428,185,2065,3854,2262

test suite53
bestAPFD:0.943054
bestSuite:1947,2363,4088,93,4125,2490,2509,1788,3762,2485,2078,1745,1418,4024,3033,2630,31,310,2589,3246,2795,2646

test suite54
bestAPFD:0.936042
bestSuite:1908,2554,4127,4080,3576,3004,1633,1625,2778,2043,1936,2963,334,3241,1526,1785,2944

test suite55
bestAPFD:0.934791
bestSuite:3565,1980,4079,4125,1714,646,3683,3070,2474,2472,286,3872,3947,785,3825

test suite56
bestAPFD:0.947038
bestSuite:2222,2375,4118,4096,1463,2560,2762,3198,3099,2474,2205,3762,1451,419,386,747,855,1579,2646,866

test suite57
bestAPFD:0.938692
bestSuite:1947,2830,4094,2598,4130,2327,2966,2021,1704,3684,2449,1705,1434,2395,276,2796

test suite58
bestAPFD:0.942772
bestSuite:2222,1968,4091,3894,570,3814,4129,955,3175,2950,1447,4013,433,2356,2888,2040,831,344

test suite59
bestAPFD:0.935084
bestSuite:2072,1939,4097,4117,2842,2598,3752,3165,2788,1898,1556,653,1535,2349,2839,2605,2007,3812

test suite60
bestAPFD:0.937982
bestSuite:1618,3268,4116,3813,4085,99,3214,3564,3026,2473,3507,3619,3070,750,1037,2686,1492

test suite61
bestAPFD:0.933331
bestSuite:2284,2896,3051,4091,2926,2698,2177,4117,2747,1436,3564,1977,423,3803,1252,3112

test suite62
bestAPFD:0.943257
bestSuite:2181,4124,4084,2986,2610,2367,2401,1886,1733,1362,3207,3095,3993,313,1555,1531,2171,1229,3750,3651

test suite63
bestAPFD:0.938355
bestSuite:2986,2502,570,4114,4082,2840,3050,2336,2820,943,2712,3867,1827,583,3237

test suite64
bestAPFD:0.913307
bestSuite:3860,1658,3606,4080,4127,3160,2642,2376,3077

test suite65
bestAPFD:0.915612
bestSuite:3050,983,3738,2208,4023,3752,933,3524,3940,4086,4110,3005,4042,406,3176,3714,3462,2674,3357,3203,2492,738

test suite66
bestAPFD:0.922109
bestSuite:2080,774,2926,2141,3911,4105,518,863,3785,4098,3345,1822,2953,2902,240,556,3131,135,3533

test suite67
bestAPFD:0.913085
bestSuite:2363,1463,2762,4104,308,3503,2486,4083,726,751,3319,2396

test suite68
bestAPFD:0.939210
bestSuite:1618,3819,3527,4124,4084,2696,2515,985,3184,1990,106,2950,389,427,2235,1369,1400,2011

test suite69
bestAPFD:0.944071
bestSuite:2222,4097,4118,1952,589,2925,3768,3014,3534,3609,895,1877,633,3803,549,2590,2839

test suite70
bestAPFD:0.943509
bestSuite:3292,723,4080,311,4110,3101,3141,36,2922,3285,3605,2511,379,40,659,2246,2122,2083

test suite71
bestAPFD:0.935990
bestSuite:3883,3639,2650,3683,4107,1596,4100,4046,2057,3439,3316,3885,3010,2474,170,1873,1061,2909

test suite72
bestAPFD:0.933173
bestSuite:2986,3850,1642,4075,2375,4101,2514,3207,2656,2316,3932,3339,4063,3187

test suite73
bestAPFD:0.937208
bestSuite:1947,2604,4075,4108,468,2842,3190,3359,3745,1480,1445,1490,80,37,2824

test suite74
bestAPFD:0.933882
bestSuite:1854,2092,3066,4102,2512,2000,93,4078,3767,2557,706,3644,2185,801,2968,1912,2694,1636

test suite75
bestAPFD:0.940006
bestSuite:2166,1854,4102,3940,4073,3655,4039,2500,3410,2716,2339,3691,1472,1084,3452

test suite76
bestAPFD:0.940323
bestSuite:2986,3688,4116,2515,4077,2788,1986,727,525,2920,119,1589,1626,1606,3520,3354,669

test suite77
bestAPFD:0.944666
bestSuite:3292,646,4087,4129,911,3792,1894,2495,2104,3808,3858,3912,3373,3888,3804,1785,1530

test suite78
bestAPFD:0.923719
bestSuite:4039,2775,2264,3910,3380,4118,3683,4075,3252,335,2480,2823,3021,2393,3332,1978

test suite79
bestAPFD:0.932774
bestSuite:1908,4088,2842,2165,3940,3031,4128,1606,1872,520,2512,2379,995,4060,3332

test suite80
bestAPFD:0.924192
bestSuite:1658,1741,2775,4117,3540,149,1464,4086,399,1580,497,1724,2694,3075,350,1191,1053

test suite81
bestAPFD:0.946817
bestSuite:2222,3688,4082,4109,2599,3050,3133,3198,2759,3282,578,3251,3060,3105,2732,3145,2612,2550,2197

test suite82
bestAPFD:0.936661
bestSuite:2552,646,1908,4077,4112,2141,2348,2696,2907,2962,2744,1449,2101,3442,2796,3510,875,374,2576

test suite83
bestAPFD:0.938754
bestSuite:2375,3576,2986,4077,946,4128,1507,2450,2469,1933,433,3142,3815,1881,955,455

test suite84
bestAPFD:0.928208
bestSuite:1908,570,3828,2974,4077,821,1681,4101,1840,3655,855,2830,2579,3100,2119

test suite85
bestAPFD:0.925790
bestSuite:2254,1619,3352,2515,4130,3463,4093,1791,2926,3659,186,2377,1526,972,2436

test suite86
bestAPFD:0.933421
bestSuite:2509,3976,1854,55,4119,690,4078,2760,3428,2330,2338,344,3410,312,1671,3489,227,1396,1161

test suite87
bestAPFD:0.919216
bestSuite:1781,2336,4124,4088,93,2030,3752,2857,1597,79,839,2083,2764,3875,505,2381,2729,3365

test suite88
bestAPFD:0.943030
bestSuite:2639,1658,4078,3472,4104,1447,1539,90,553,874,3438,305,3520,812,2356,3358,1825

test suite89
bestAPFD:0.935109
bestSuite:1618,3303,2650,4077,4126,2114,2474,3792,3907,484,1976,877,3410,3070

test suite90
bestAPFD:0.917642
bestSuite:3476,2926,1761,312,2706,308,4084,1998,3577,2520,1938,4128,1226,3155,1551,2703,3483,933,90,3750,3354,1339

test suite91
bestAPFD:0.930191
bestSuite:1618,2347,4074,646,4108,1494,3298,2947,1229,2356,3803,2036

test suite92
bestAPFD:0.942224
bestSuite:3292,1500,3051,4118,4074,3421,2783,1771,3976,1627,3313,1619,506,473,3184,3125,2141

test suite93
bestAPFD:0.918538
bestSuite:1463,312,3112,2762,4102,1596,2989,2211,82,2376,4097,952,2138,1919,868,974,1858,3793,3323

test suite94
bestAPFD:0.941579
bestSuite:2181,4077,391,2657,1805,4117,3752,2405,2514,2863,3765,2336,286,4009,3001,1042,3920,576,1511

test suite95
bestAPFD:0.940051
bestSuite:1618,3688,4117,4094,3239,3343,3251,3142,2720,2407,3966,3381,153,3955,1066

test suite96
bestAPFD:0.933468
bestSuite:1908,3033,1423,4074,3940,4104,3336,846,3187,1647,3016,1800,2750,3977

test suite97
bestAPFD:0.924930
bestSuite:3292,2788,3688,4084,4105,827,3565,3216,849,2430

test suite98
bestAPFD:0.911787
bestSuite:3648,3683,2991,1925,3632,468,1806,3303,4127,4090,1596,779,2338,259,138,1642,4042

test suite99
bestAPFD:0.941510
bestSuite:2524,2986,149,4090,4119,2341,2461,2186,3753,3227,1612,1244,1500,3749,1696,3388

test suite100
bestAPFD:0.939031
bestSuite:3796,1463,4128,4085,3979,3878,2568,1861,923,3675,2338,3572,3955,855,1792,2630,3621,3076,2719

test suite101
bestAPFD:0.941443
bestSuite:1618,3669,2515,4084,4117,2621,1494,2411,3981,2291,2684,3913,433,1329,2518,642,909

test suite102
bestAPFD:0.928965
bestSuite:4026,1499,3636,4099,2141,2926,223,4111,3745,3033,393,3349,2291,3766,2948,1392,2073

test suite103
bestAPFD:0.916899
bestSuite:3688,1481,963,3010,2716,3752,1478,4106,3394,4088,2317,3354,2721,1964,3788,2217,2654

test suite104
bestAPFD:0.922352
bestSuite:2907,1463,4112,646,4072,3976,2369,3975,2010,3920,2229

test suite105
bestAPFD:0.939265
bestSuite:3860,1658,1888,1277,1520,4072,4103,4061,531,1863,743,2177,2684,727,3187,3754,3551,2047,924,3217,1193,1342

test suite106
bestAPFD:0.942506
bestSuite:3292,3888,2749,4130,3476,2964,494,3941,3562,3786,928,2837,1637,3197,605,3302,3435,1896

test suite107
bestAPFD:0.925901
bestSuite:1463,3688,4093,2509,3413,3185,2971,4117,2716,2573,1783,2474,395,3217,3205

test suite108
bestAPFD:0.939994
bestSuite:1908,3662,3647,4122,4096,99,3184,3919,1749,2568,2769,2849,874,1319,1006,3895,2150

test suite109
bestAPFD:0.941569
bestSuite:2786,4075,2566,2547,4118,2926,3398,2956,223,1634,2117,1169,3909,3267,189,2354

test suite110
bestAPFD:0.942056
bestSuite:1947,2502,290,4072,4106,2404,2098,2789,1506,1836,2822,484,3364,2839,2535,3630,978,2423,3322,1359

test suite111
bestAPFD:0.934972
bestSuite:3586,1854,224,3363,4103,4098,3313,2152,3000,2317,1583,2520,1607,3966,3619,3690,2568

test suite112
bestAPFD:0.925699
bestSuite:3860,2768,2896,4073,4121,3187,3752,4046,1528,3883,2393,763

test suite113
bestAPFD:0.923838
bestSuite:3417,3398,907,224,2373,2002,4077,4129,3752,2209,1677,3403,2262,426,4066,3748,3613,2754

test suite114
bestAPFD:0.944456
bestSuite:2786,1908,4104,3516,4072,2164,3071,2182,2658,3719,2544,3527,2474,2150,3317,261,2514

test suite115
bestAPFD:0.939434
bestSuite:2731,2729,4110,1463,2880,4094,2650,900,1972,2171,1663,1720,2620,1731,3964,3217,958,3787,1479,2025,1330,2439

test suite116
bestAPFD:0.929851
bestSuite:1854,3712,3163,224,4083,4128,3104,3778,3503,2428,2473,352,1943,3493,3755

test suite117
bestAPFD:0.917869
bestSuite:3033,3200,2749,2926,4100,1797,4113,2278,283,3020,3976,2467

test suite118
bestAPFD:0.942265
bestSuite:3565,1658,308,4073,4126,3975,1698,2834,1980,552,1526,3966,3166,2777,2023,172

test suite119
bestAPFD:0.920688
bestSuite:3476,712,4002,4124,4099,2554,1486,2341,3752,3343,3640,1443,3700,2193,2117,2283,3582,2862

test suite120
bestAPFD:0.925097
bestSuite:1494,2094,739,2926,4090,2073,993,4114,3203,2469,3905,2718,2092,1511,3977,934

test suite121
bestAPFD:0.931234
bestSuite:2830,1487,3683,3911,4088,2860,2931,4118,3223,3100,1526,1732,2798,3210,304,3537,4028,2868,1629

test suite122
bestAPFD:0.938518
bestSuite:1854,3480,5,2964,979,3910,4113,3649,2759,1582,3510,1875,4020,81,391,2855,1411,3213,1526,3615,3810

test suite123
bestAPFD:0.931212
bestSuite:2084,1854,4095,2071,4112,93,3033,2254,2665,3803,1799,56,3320,497

test suite124
bestAPFD:0.937510
bestSuite:1658,3276,3910,4109,4078,2036,2186,1601,732,3394,3586,585,896,3028,1085,3283,2391,2067

test suite125
bestAPFD:0.933858
bestSuite:3731,3338,4073,2363,814,3752,598,4115,2351,2527,2974,3781,2401,1948,2118,1744,2902,1960

test suite126
bestAPFD:0.945531
bestSuite:2639,1658,4086,739,4126,3251,142,1984,1729,1892,3505,754,45,3012,1468,737,2578,1103,1106,3332

test suite127
bestAPFD:0.943711
bestSuite:3292,1726,2610,4118,4074,3502,3456,3303,2818,983,2849,1805,3050,3526,2026,4005,2934,2023

test suite128
bestAPFD:0.937030
bestSuite:1908,3470,3247,4087,3910,4116,2514,2474,3376,3994,780,3205,300,3189,580

test suite129
bestAPFD:0.935581
bestSuite:2524,1658,4074,2598,4106,3598,1724,3844,3318,2104,1877,1395,1603

test suite130
bestAPFD:0.928189
bestSuite:2222,3911,2639,4079,4103,2604,3476,3138,3008,1509

test suite131
bestAPFD:0.944976
bestSuite:2786,1658,1525,4097,4123,989,1909,2182,3567,193,1888,1565,3433,2186,1670,998,2053,2961,3171

test suite132
bestAPFD:0.942162
bestSuite:3292,1864,4098,3669,4109,2083,176,2215,3788,2621,1811,2558,663,3056,1512,3956,3605

test suite133
bestAPFD:0.935495
bestSuite:1854,3175,4117,3979,4082,3074,2527,1551,3454,2269,3122,3464,2853,1821,2720,2367,769

test suite134
bestAPFD:0.943394
bestSuite:2639,2986,4085,4107,2953,3472,4002,2472,3454,2533,1021,1751,2360,2199,1608,759,2173,865

test suite135
bestAPFD:0.917192
bestSuite:2604,3586,2619,3156,4077,2553,224,4107,3752,3275,3033,3022,1811,3376,1777

test suite136
bestAPFD:0.937251
bestSuite:2986,2351,4117,412,2396,4083,755,389,3251,1781,1771,1621,297,1009,3670,2839

test suite137
bestAPFD:0.939647
bestSuite:3292,1788,3911,4127,4092,2082,2830,3371,3101,2500,3655,3378,1968,2693,3719

test suite138
bestAPFD:0.943491
bestSuite:3292,1556,4088,3979,4117,1,3033,2450,2915,1733,2602,997,654,1715,2959,140,3939,4019,3851

test suite139
bestAPFD:0.935045
bestSuite:1736,3223,4099,4114,3808,1918,311,3752,858,1752,474,285,671,798,3749,1526,862,3928,1676,3392,2683

test suite140
bestAPFD:0.922481
bestSuite:2435,3683,3688,783,3069,3133,1805,4085,4101,2356,2576,845,1941,1724,2077,3537,562,2418,3713,552,236,2300

test suite141
bestAPFD:0.934176
bestSuite:1854,2830,4094,2347,468,4128,1021,2570,2474,3900,3632,3926,89,1741,477,2658

test suite142
bestAPFD:0.909950
bestSuite:2435,3683,2016,3979,2816,3538,4119,2356,2788,4080,746,2294,3772,3617,603,3672

test suite143
bestAPFD:0.936304
bestSuite:2181,1463,4099,3352,4130,2182,2389,2379,1878,3126,2552,1993,3313

test suite144
bestAPFD:0.935738
bestSuite:1947,45,4082,680,2611,3547,4128,93,893,2283,1459,639,2716,1045,30,3438,3687,2176,287

test suite145
bestAPFD:0.915047
bestSuite:3033,4006,2926,322,4112,2870,2749,4079,652,3266,2950,526,1366,290

test suite146
bestAPFD:0.934628
bestSuite:2986,2650,1812,4106,4090,2114,3540,3175,1723,2367,3823,3387,2514

test suite147
bestAPFD:0.940989
bestSuite:2986,2830,4123,2610,4082,3686,4061,1499,2329,963,785,3180,118,1213,3376,57,3403

test suite148
bestAPFD:0.943467
bestSuite:2222,4081,3910,826,4124,3050,2409,1974,3197,2993,3843,966,3900,295,3052,3905,2860

test suite149
bestAPFD:0.936031
bestSuite:1947,3417,4099,570,4106,3403,1902,1564,1808,3065,4058,3450,1104,885

test suite150
bestAPFD:0.929370
bestSuite:2768,3752,3112,3051,4086,657,2673,4125,1946,2104,3734,2512,2879,2602,2314,3872,92

test suite151
bestAPFD:0.932840
bestSuite:3684,1854,2554,4122,4081,3644,3096,2526,3426,1791,2816,642,117,3317

test suite152
bestAPFD:0.931469
bestSuite:2284,3824,3683,4116,308,4085,3883,3644,2114,422,3624,671,2177,153,3441

test suite153
bestAPFD:0.939555
bestSuite:1947,3214,4092,4104,3744,55,3256,2409,1821,886,3894,3336,2291,2902,1678,2176,1506

test suite154
bestAPFD:0.924133
bestSuite:2790,1658,4083,2515,2598,4130,2480,3401,2004,2962,33,3144,2796,2293,961,2602

test suite155
bestAPFD:0.944489
bestSuite:2222,646,4080,4110,2474,3567,2083,973,3887,2157,814,950,1685,3165,3621,1496

test suite156
bestAPFD:0.938218
bestSuite:1908,3688,4127,2840,2301,3370,3084,4095,3359,691,2467,3268,3926,2788,949,3672,236,479

test suite157
bestAPFD:0.946528
bestSuite:2222,4090,2375,4108,3458,2450,3653,3627,2155,2371,2396,602,666,1957,1714,3420,2902,3302

test suite158
bestAPFD:0.945616
bestSuite:2222,4085,99,1716,4124,2925,3499,2080,3471,2271,4042,2931,1474,3469,3918,3964,3332,1481,1730

test suite159
bestAPFD:0.942444
bestSuite:1908,2650,4128,4087,3234,3338,3033,3469,701,3725,146,2205,3788,1934,2547,949,2670,523

test suite160
bestAPFD:0.940398
bestSuite:3981,1658,4109,2749,4093,4006,3796,3808,2184,2584,1553,3428,3252,1673,1262,1557

test suite161
bestAPFD:0.941321
bestSuite:3239,3731,4102,4092,3752,3022,2256,3858,3975,3334,3510,3644,2143,1239,331,3616,1297,3205

test suite162
bestAPFD:0.944709
bestSuite:1947,3669,4107,679,4077,3243,3966,3904,3288,2379,440,3953,3962,2089,3332,754,1973,2696,1191,1337,3605

test suite163
bestAPFD:0.933641
bestSuite:1854,4006,4109,4089,739,3632,3767,2946,2138,4019,1911,2870,2902,2117

test suite164
bestAPFD:0.934764
bestSuite:1947,2685,4082,391,4102,2195,2512,688,2256,2892,1650,3384,1158,3492,2059

test suite165
bestAPFD:0.930305
bestSuite:2336,1719,3295,93,4110,1615,4092,1687,3752,1637,2872,1489,2568,2256,3624,1926,871,2833,2889,2514

test suite166
bestAPFD:0.933481
bestSuite:2117,1658,3476,3940,4095,3909,4124,2552,2866,4007,714,433,2443,3448,3649,134

test suite167
bestAPFD:0.939185
bestSuite:1854,3591,2490,4098,55,2801,502,4115,3518,888,1795,4042,1879,2004,344,297,1275,1627,2892,1257,1402,3332,2350

test suite168
bestAPFD:0.942246
bestSuite:2597,2381,4094,4107,55,2986,2117,3156,2373,3337,1721,2374,830,2716,1361,1844

test suite169
bestAPFD:0.919092
bestSuite:3476,3752,1786,2746,3173,1798,4075,921,55,4112,806,4055,2502,2656,3691,2602,734,255,509

test suite170
bestAPFD:0.943062
bestSuite:2986,3688,2037,4126,4073,3033,1940,3609,1808,2443,3788,2774,1555,1864,56,1644,1689,1224,2615

test suite171
bestAPFD:0.944872
bestSuite:3292,3856,2844,4094,4127,3913,2254,3831,1453,1525,3834,2313,3602,2716,3544,1160,1998,3829,3779,312,795

test suite172
bestAPFD:0.945930
bestSuite:2222,4074,2786,4111,3398,989,1997,2186,770,1459,996,2557,2283,2623,400,3384,1322,1978

test suite173
bestAPFD:0.937131
bestSuite:2425,1618,4102,2851,4093,2598,2926,1972,1450,2104,629,1709,3937,504,2449

test suite174
bestAPFD:0.939134
bestSuite:2181,2768,3940,4099,4122,3683,1511,2716,2966,1709,1481,1700,2857,2997,750

test suite175
bestAPFD:0.942842
bestSuite:3159,1658,311,4077,4112,3594,3033,3027,1688,3210,2760,1473,1856,3862,3447,1903,2492,1599,3905,235,709

test suite176
bestAPFD:0.944142
bestSuite:2222,3352,1713,4094,2925,4104,3214,301,2208,2083,1623,2473,2458,942,3028,3184,3893

test suite177
bestAPFD:0.943745
bestSuite:2597,308,4105,3292,4078,742,3913,2284,3050,685,1772,1813,3259,2189,322,3483

test suite178
bestAPFD:0.938959
bestSuite:2768,3227,4092,4101,3352,1854,3743,3803,1904,1931,3427,2492,3619,1785,1366,2081

test suite179
bestAPFD:0.941447
bestSuite:3669,1658,4072,4119,4064,3423,3676,2580,1752,3624,3175,3948,1435,3790,195,507,2657,2269

test suite180
bestAPFD:0.941932
bestSuite:1947,3669,4076,4104,1765,1913,2896,2996,2174,3882,3976,778,3268,1939,2213,680,1989

test suite181
bestAPFD:0.915658
bestSuite:3085,2338,3683,2775,322,3150,468,4079,2399,3130,4128,3904,45,3869,2708,3905,233,2370,678

test suite182
bestAPFD:0.942504
bestSuite:2597,3472,3292,4102,4098,1758,2083,2488,2823,2698,2368,3438,1333,2946,651

test suite183
bestAPFD:0.930239
bestSuite:3731,3476,4081,646,3752,1604,2073,3311,999,2480,1832,287,778,3301,3017,756,2676,56,4112

test suite184
bestAPFD:0.939915
bestSuite:3565,1939,1947,4099,4108,3895,3910,3380,3329,2182,527,3344,428,2906,1649,2246,2904,1524

test suite185
bestAPFD:0.924981
bestSuite:3572,3186,4091,2174,4103,2984,2598,1435,3752,3470,1056,3796,3126,2515,2234,1572,2502

test suite186
bestAPFD:0.941960
bestSuite:3732,1658,4100,4112,3502,2117,3214,3091,1818,3450,2177,1608,1811,3137,1999,3995

test suite187
bestAPFD:0.946241
bestSuite:2222,2786,4090,4110,3112,3340,2500,2512,3480,2946,2149,1920,1894,2397,3320,778,3661,60,393

test suite188
bestAPFD:0.927543
bestSuite:1463,2243,3989,2759,4126,1763,3911,2431,4074,2716,2973,3888,2331,3157,607,1567,3171,3243,2624

test suite189
bestAPFD:0.942933
bestSuite:2639,4080,1870,646,2304,4114,1908,3464,762,3399,1433,2604,205,2120,3907,1254,511,598,378

test suite190
bestAPFD:0.934052
bestSuite:1854,3819,4093,2114,82,3175,4111,3657,3048,3020,1729,2763,1043,2983,3332,964,789

test suite191
bestAPFD:0.941502
bestSuite:1908,2375,4074,4108,3298,2953,690,670,3919,2545,1362,1954,54,2902,2238

test suite192
bestAPFD:0.942910
bestSuite:2986,3669,4119,2964,301,2256,1861,3344,2514,920,2683,1724,20,3534,556,3660,1333,3145

test suite193
bestAPFD:0.944521
bestSuite:3292,2375,4122,1855,4093,3050,2363,3825,1614,2956,1815,3450,984,3218,3672,3796,934,452,2959

test suite194
bestAPFD:0.937541
bestSuite:3292,1502,4123,223,4097,3581,692,2619,3341,2514,2076,511,1913,2473

test suite195
bestAPFD:0.906861
bestSuite:2089,2073,3752,2967,1704,3209,1731,4109,308,4084,3580,2288,2439,3594,2338,3923,3888,1306,1871

test suite196
bestAPFD:0.936914
bestSuite:1947,3688,3399,4095,4118,2490,3223,2092,1870,1976,2568,1871,3425,3306,3636

test suite197
bestAPFD:0.931176
bestSuite:3239,1947,4097,2610,4126,2275,2789,4042,2759,691,2372

test suite198
bestAPFD:0.935742
bestSuite:2731,1908,3454,2749,4123,4091,2114,3765,260,3126,3033,40,1724,1087,3800,2031,1481,2537,1329,2469

test suite199
bestAPFD:0.936812
bestSuite:2986,2117,3051,2953,4109,4087,2779,2864,1440,2083,2602,2938,3932,3726,2471

test suite200
bestAPFD:0.929336
bestSuite:3669,2084,4074,4126,1902,3000,1471,2926,3644,4057,2211,843,2716,2358,3713,2987

test suite201
bestAPFD:0.931620
bestSuite:1947,3987,4125,2386,99,4096,2625,923,3753,3439,1014,859,1689,2186

test suite202
bestAPFD:0.920248
bestSuite:2182,1860,1910,1827,2749,4116,4084,3683,3204,4062,2982,2071,3609,2246,3714,1166,3510,118

test suite203
bestAPFD:0.940264
bestSuite:1947,2037,4084,3910,4107,3146,1974,3351,1432,3233,1933,130,3757,2246,3113,2839,3557

test suite204
bestAPFD:0.937122
bestSuite:1908,2864,4108,4093,411,275,223,749,3014,2953,1768,2560,2839,1290,3515,3987

test suite205
bestAPFD:0.939085
bestSuite:1947,3283,3683,3910,4108,4077,3934,141,777,3976,1467,3809,1307,3605,3797,497,3100,3250

test suite206
bestAPFD:0.942025
bestSuite:2986,3198,4083,1693,391,3037,4119,1951,2997,3124,78,2559,2696,1199,1970,3026,638,3137,901,1360,2261,3262

test suite207
bestAPFD:0.916029
bestSuite:2141,2799,3767,3581,2970,3527,4103,2926,3195,2449,2964,291,938,2839,3702,532,887,659

test suite208
bestAPFD:0.936765
bestSuite:2222,4125,4095,93,1840,3623,2637,2089,3883,2084,4042,564,3191

test suite209
bestAPFD:0.942839
bestSuite:3292,1986,224,4081,4113,2931,3402,2351,3332,1796,3922,3852,3649,2888,1742,2523,596,2604

test suite210
bestAPFD:0.932365
bestSuite:1618,2363,4085,4120,223,2731,2860,3623,3112,743,3834,1717,3942

test suite211
bestAPFD:0.933075
bestSuite:3576,1658,4095,2505,2016,4006,589,4127,791,1117,1569,3252,3185,3699,4068,2360,2671

test suite212
bestAPFD:0.933551
bestSuite:3626,3087,1618,4084,412,4125,1972,1282,2363,1466,1539,4,1470,2127,3653,2921,3624

test suite213
bestAPFD:0.945845
bestSuite:2222,4079,2660,224,4122,3247,3859,3870,3223,2584,24,3367,2941,2696,1370,857,3332,1381,2410

test suite214
bestAPFD:0.924259
bestSuite:2634,1671,2926,4121,4086,2514,2707,2512,290,746,2501,1362,980,3346,3561,1509

test suite215
bestAPFD:0.935527
bestSuite:1618,2844,4096,4108,2862,4006,1727,3050,2839,1579,3701,4040,1879

test suite216
bestAPFD:0.940622
bestSuite:3292,2783,3979,4094,2970,4110,3165,743,3913,2929,613,2835,2989,797,2269,2690

test suite217
bestAPFD:0.942156
bestSuite:3292,1526,2749,4103,4089,2514,2114,3570,3356,2796,3449,2137,1699,2687,1131,2698,829

test suite218
bestAPFD:0.943149
bestSuite:3292,1647,4074,4119,3940,3644,1968,3283,3883,2684,799,3469,4069,2196,937,924,1356,1762

test suite219
bestAPFD:0.912252
bestSuite:3101,2769,1463,1774,3766,4086,424,224,70,151,1818,2789,3071,1555,2376,4129

test suite220
bestAPFD:0.936124
bestSuite:1947,3268,570,4102,2458,2574,4099,2711,3891,1831,4038,1864,1939,1676,3803,3304,1849

test suite221
bestAPFD:0.941961
bestSuite:3292,2844,4089,4110,3764,3343,1633,3808,1612,2335,794,1995,2315,1713,3187

test suite222
bestAPFD:0.938886
bestSuite:1618,2037,4089,4104,4046,3352,1884,3855,3803,322,3222,597,1010,341,818,964

test suite223
bestAPFD:0.943255
bestSuite:3292,1877,3352,2500,4087,2395,4130,2071,811,2810,3006,3272,2436,667,976,2839,3655,457,2802,1241,417

test suite224
bestAPFD:0.941927
bestSuite:2637,1658,4074,4125,149,2454,1587,3808,2010,3534,1930,1009,4038,2665,2077,3624,4042,1080,286

test suite225
bestAPFD:0.927393
bestSuite:3565,1618,3788,3910,4080,4106,2509,3694,2950,826,3319

test suite226
bestAPFD:0.943570
bestSuite:1618,3688,4124,4086,2783,2729,2602,2073,2795,1744,828,422,1469,2207,2513,2773,1007,2023,3053

test suite227
bestAPFD:0.937475
bestSuite:3565,1840,589,3470,4128,4092,2568,3197,2926,3056,1754,3064,958,2374,2988,3947,3531

test suite228
bestAPFD:0.944502
bestSuite:2222,4107,4094,2749,2271,3565,3438,3681,1624,1800,992,2240,3870,2570,676,751,3705,1017,3243,2820

test suite229
bestAPFD:0.914502
bestSuite:2450,1896,1463,3734,4130,4075,1903,93,3656,1770,2533,3692

test suite230
bestAPFD:0.945823
bestSuite:2786,4096,1658,4124,1919,2064,2729,3624,709,2968,660,4017,1674,3421,2576,681,3378,85,3812,2080

test suite231
bestAPFD:0.934423
bestSuite:1947,2474,4096,93,2147,4121,3205,759,106,3032,1796,2716,3552,1530,625,130,424

test suite232
bestAPFD:0.934022
bestSuite:1618,3316,4126,2598,4078,3636,2291,1595,3101,3918,3957,225,1078

test suite233
bestAPFD:0.943335
bestSuite:2375,1908,4086,4105,3343,3559,2092,2729,3966,3497,2973,925,240,2872,1021,1629,2061,2455,1606,1686,1693

test suite234
bestAPFD:0.940070
bestSuite:2181,3669,4072,1830,1829,3928,3752,4112,3599,384,2221,3832,3533,3332,1711,2020,273

test suite235
bestAPFD:0.939965
bestSuite:3678,1487,2926,4093,3979,4113,3225,3069,3369,1724,727,2439,2325,131,969,3268

test suite236
bestAPFD:0.942862
bestSuite:2425,3860,2986,4130,4098,3033,2915,1621,1678,912,3942,811,897,1922,3473,3577,1158,3904,2484

test suite237
bestAPFD:0.941212
bestSuite:3292,2327,149,4105,4084,2254,2729,4014,2377,2716,2492,2567,3419,1605,2547,1810

test suite238
bestAPFD:0.945284
bestSuite:2222,468,2639,4075,4110,1473,2781,3808,1500,3803,995,1603,2845,3897,1728,3020,1262,460,1

test suite239
bestAPFD:0.915257
bestSuite:3033,1951,2926,2716,93,24,4123,1239,3440,4093,1168,2568,2596,1728

test suite240
bestAPFD:0.941932
bestSuite:1618,3688,4091,4104,1815,2194,3268,3792,1849,2502,69,3496,783,1846,2692,1952,3596

test suite241
bestAPFD:0.913805
bestSuite:3780,693,505,3911,3490,1799,3752,4046,2594,4079,3313,4112,2246,294,2860,2779,2321

test suite242
bestAPFD:0.925365
bestSuite:2597,3527,2964,2926,4125,3033,1215,3220,3438

test suite243
bestAPFD:0.939214
bestSuite:1908,3008,2729,3940,4124,4077,2080,3234,1848,2527,1548,1676,3387,330,1858,1720,2196

test suite244
bestAPFD:0.934756
bestSuite:1854,3447,762,4097,2598,4103,3283,2953,3231,2292,2269,3182,1571,587,2585

test suite245
bestAPFD:0.938050
bestSuite:1618,3033,3527,4086,4115,404,2840,2204,4042,2249,1617,2531,3017,1789,1738

test suite246
bestAPFD:0.934511
bestSuite:2731,1939,4090,3688,4123,835,3403,3752,2590,3290,1951,1198,3768,3268,684,522

test suite247
bestAPFD:0.941438
bestSuite:1908,2966,2336,311,1690,4130,4091,871,2830,2512,2021,3144,2371,3285,4041,2283,1268,1221,848,1828

test suite248
bestAPFD:0.943913
bestSuite:2222,3051,2281,4087,4122,3506,137,3675,2858,2439,1985,2109,3210,2471,3313,3577,214

test suite249
bestAPFD:0.944115
bestSuite:2222,4073,391,1422,4127,2790,3732,3456,1470,3447,739,87,3258,2866,1039,2338,2677

test suite250
bestAPFD:0.934810
bestSuite:2509,2215,4080,646,2926,4112,3251,1608,1478,633,334,2056,3406,2243,1217,3510,484,970,456

test suite251
bestAPFD:0.947099
bestSuite:2222,2786,4080,4109,3681,3303,3702,2981,975,1667,3605,485,267,1526,3765,1897,641,3808

test suite252
bestAPFD:0.931438
bestSuite:1854,3843,308,4104,1928,2291,314,2845,4097,1751,679,892,2250,312,916,3510,2322,641,3262

test suite253
bestAPFD:0.942453
bestSuite:2181,1463,4094,3688,4114,3476,980,3782,3642,3848,3071,1480,1530,97,1988,2217

test suite254
bestAPFD:0.933314
bestSuite:3623,3860,3778,4074,709,2926,4117,280,2194,3788,2269,1180,1884,2171,3958,3935,1955,2668

test suite255
bestAPFD:0.937901
bestSuite:1947,2363,2964,93,4106,1812,3459,1990,1445,682,35,2269,2083,3369,1635,2624

test suite256
bestAPFD:0.942043
bestSuite:2222,4107,4056,4082,290,2417,3819,2338,2788,1662,3993,2843,2458,1088,695

test suite257
bestAPFD:0.945012
bestSuite:2222,3979,4108,4090,688,2775,3432,2586,3032,3175,3600,2425,2040,1713,1148,2716

test suite258
bestAPFD:0.932412
bestSuite:1947,3198,3101,4095,3940,4116,2013,3339,779,3501,3803,2525,1720,778

test suite259
bestAPFD:0.909400
bestSuite:2509,2502,1463,4078,82,847,2971,4111,2842,3020,3236

test suite260
bestAPFD:0.942759
bestSuite:3565,2986,82,1224,4111,3215,4074,2346,4063,1180,3632,3055,942,1522,647,2567,1634,3720,3888,1134

test suite261
bestAPFD:0.936067
bestSuite:4006,3576,924,1463,223,4117,2964,2197,2602,1430,3341,1150,2017,2173,4,2376,1753,2309,1391,3490,2780,2926

test suite262
bestAPFD:0.924526
bestSuite:4006,1463,2650,4068,4077,4120,3033,2834,1960,778,4071,2193

test suite263
bestAPFD:0.947372
bestSuite:2222,3979,4099,3459,4115,3887,833,2287,3720,2502,2327,3607,2338,2632,2903,3969,3218,2562,1938,2815,3426,1501

test suite264
bestAPFD:0.935668
bestSuite:1758,2926,4130,3527,2515,2512,1169,21,4090,1436,117,2271,1669,1975,2761,404,909,797,3980,1347,2486

test suite265
bestAPFD:0.936541
bestSuite:4006,1854,4096,4108,55,2037,2716,2974,714,1824,2124,3858,3719,2241,3784

test suite266
bestAPFD:0.938152
bestSuite:1908,2966,3940,4077,2084,4120,3398,2729,3703,1587,2500,1832,865,1496,2513,1252

test suite267
bestAPFD:0.938898
bestSuite:1854,2925,2971,4084,2610,4121,707,3064,2788,3112,1252,1799,3712,2333,3996,177,3351,1278

test suite268
bestAPFD:0.941119
bestSuite:1908,3688,1579,2415,4096,4102,3367,2017,754,3654,2092,2086,2711,2724,3577,2458,3519,2751

test suite269
bestAPFD:0.938494
bestSuite:1618,2450,4099,3527,3515,4119,1720,626,1884,828,3421,574,2067,1428,3332,3551,2394,2050

test suite270
bestAPFD:0.943927
bestSuite:2222,3979,4125,3314,4088,1162,848,1913,4055,2166,3655,2178,3332,2248,2910

test suite271
bestAPFD:0.942701
bestSuite:3292,1829,3472,4096,4107,3230,3847,743,1790,2983,2083,1007,2503,864,3577,603,113,2372

test suite272
bestAPFD:0.925494
bestSuite:1618,3165,4100,2933,2598,4128,1849,2417,2773,3997,2604,1675

test suite273
bestAPFD:0.916654
bestSuite:2155,739,3854,2926,4129,4076,3004,322,4006,1666,3510,3797,3347

test suite274
bestAPFD:0.933916
bestSuite:2572,2155,4081,99,2526,843,3696,2502,2926,3387,407,4129,2754,2356,743,513,1682,1282,1388,1071,36

test suite275
bestAPFD:0.943245
bestSuite:3292,3732,4084,4109,2092,3340,3403,2469,3860,1435,2922,1798,290,1638,3546,2274,1759

test suite276
bestAPFD:0.942361
bestSuite:3292,2425,4115,4072,2650,3565,3223,3457,3251,3282,1944,1834,2696,3129,978,3740,531

test suite277
bestAPFD:0.939555
bestSuite:1908,3191,4073,2316,55,4119,1526,2389,2320,752,3700,664,3332,898,3032,1750,516

test suite278
bestAPFD:0.939790
bestSuite:2986,2077,2527,4122,589,4096,3470,1980,1865,3601,3808,1251,2521,135,2953,97,2310,2757

test suite279
bestAPFD:0.930847
bestSuite:1908,3028,3345,164,3421,4117,4085,589,2080,2185,1619,2120,3403,1449,1376,3716

test suite280
bestAPFD:0.930183
bestSuite:1618,3458,311,4126,4072,3409,3256,740,816,2420,2480,3313

test suite281
bestAPFD:0.941022
bestSuite:2986,4061,3940,1677,4101,4089,3112,2347,1687,414,3774,1188,3000,2548,2729,2188,1880,1528,1831

test suite282
bestAPFD:0.946348
bestSuite:3292,3731,4113,4076,2474,1655,2174,682,2501,4060,946,3510,1579,1769,2500,3804,1389,2436,3177,3130,1350,509,1370

test suite283
bestAPFD:0.940835
bestSuite:1618,4008,55,4123,4078,3520,3450,805,3605,2709,400,1926,3956,2367,3273,3613,3492,3644

test suite284
bestAPFD:0.935475
bestSuite:1658,2372,3491,3051,4077,4116,2500,3534,2546,3757,2119,1510,3373,2011,3803,3043,1606,218,3561,3285,702

test suite285
bestAPFD:0.935490
bestSuite:1618,3421,4083,2527,99,4114,2193,2006,1539,1509,917,91,1603,3633,2935,2568,1522

test suite286
bestAPFD:0.944154
bestSuite:3292,1012,4086,4102,3051,2601,3112,4021,3101,3754,4023,926,3805,1836,3469,575,3803,2795

test suite287
bestAPFD:0.942263
bestSuite:2222,3352,4090,3393,4106,3334,440,1980,2439,2515,3187,3504,23,868,1332

test suite288
bestAPFD:0.934372
bestSuite:3860,1815,3198,3683,1757,4096,4101,566,1937,4042,3050,2204,3529,1943,3549,2868,636

test suite289
bestAPFD:0.942046
bestSuite:1947,3763,646,4077,4107,2083,3825,3708,761,1669,874,3847,2809,3803,3231,3689,3514,4005,2766,2888,744

test suite290
bestAPFD:0.897648
bestSuite:2092,1776,2271,1949,3624,707,2964,570,1099,4111,3619,3138,1904,1542,2291,2926

test suite291
bestAPFD:0.929234
bestSuite:2533,1658,3940,2675,4113,826,4073,284,879,3268,3905,3208,3927,906,1506

test suite292
bestAPFD:0.941971
bestSuite:1947,2650,4109,4074,2092,2246,3671,3447,901,2600,1452,3078,2754,4025,530,3223,3115,732,1935,3938,2040

test suite293
bestAPFD:0.915848
bestSuite:2604,1658,3757,646,4118,1009,4074,2076,2478,3131,3984,996

test suite294
bestAPFD:0.937937
bestSuite:3883,1658,4097,224,4118,2389,3502,3274,2174,1896,3765,840,1724,1984,373,3423

test suite295
bestAPFD:0.926053
bestSuite:2931,1658,3819,3911,4082,1724,4110,3002,2067,1793,2148,3510,1716,3149,1585,1084,4060,3882

test suite296
bestAPFD:0.925284
bestSuite:2650,1658,3891,1596,4129,4077,3481,3091,1338,1410,539,1249,2376

test suite297
bestAPFD:0.938375
bestSuite:3292,1712,4079,93,4119,1960,2216,980,2665,1724,3552,3516,2839,2121

test suite298
bestAPFD:0.944459
bestSuite:3292,2011,82,4075,4128,2559,3655,3398,2215,1797,3174,2406,271,3914,1827,2260,3208,2180,3948,1911

test suite299
bestAPFD:0.907721
bestSuite:3784,3863,3269,450,1161,3552,2749,2926,1676,2866,4087,2269,4042,4114

test suite300
bestAPFD:0.935723
bestSuite:2375,4006,4110,1658,4076,1604,3229,305,2769,2367,1003,2573,2157,3294,2984

test suite301
bestAPFD:0.945352
bestSuite:2222,224,4120,4100,1472,3577,1860,2365,1913,653,3462,957,2081,547,2551,3198,213,1464,1135,1193,2839,3222

test suite302
bestAPFD:0.915388
bestSuite:3576,3976,694,3882,3686,3940,3268,1421,2964,4107,2097,568,3531,1013,2312,3752

test suite303
bestAPFD:0.923966
bestSuite:2768,3683,1771,3294,4114,4098,1920,3639,2633,3438,3510,2952,1399,224

test suite304
bestAPFD:0.943806
bestSuite:2786,2986,4088,2246,4116,3510,2639,1761,2811,832,3587,235,2578,1360,1835

test suite305
bestAPFD:0.935058
bestSuite:3669,3855,3743,2926,4079,3859,4128,102,2564,1608,3388,544,3384,744,2356,3199,96,1687

test suite306
bestAPFD:0.941427
bestSuite:3292,1658,99,3363,4128,4092,271,2601,2502,862,2531,3432,368,3813,917,2207,2427

test suite307
bestAPFD:0.937400
bestSuite:1854,2170,2183,3527,4086,4109,2186,564,3337,911,2077,3516,214,1166,2487,1617,3416,3332

test suite308
bestAPFD:0.917238
bestSuite:2650,3033,836,4108,2558,3752,1785,3892,2964,2376,2602,3144,3725,2863

test suite309
bestAPFD:0.941463
bestSuite:2986,3688,2718,2964,4127,2953,2077,3337,2083,606,945,2979,1418,1831,3191,3989,1103,3968

test suite310
bestAPFD:0.936404
bestSuite:2986,3684,4120,1771,4100,3527,772,2347,1683,2338,3269,2448,2274,100,1526

test suite311
bestAPFD:0.915761
bestSuite:1980,2926,2204,2778,1304,4080,1432,1589,4117,2796,93,3112,3905,2803,3231,1288,419

test suite312
bestAPFD:0.925061
bestSuite:2117,3124,2926,4084,3181,699,4114,828,3472,3493,2556,307,3345,3293,2452,3623,2338,347,1336,1608,1402

test suite313
bestAPFD:0.918254
bestSuite:2084,2926,1776,3136,4087,1597,93,4111,2363,193,2866,3792,1810,3332

test suite314
bestAPFD:0.936019
bestSuite:1908,2514,931,923,4123,4095,646,2151,966,1433,3457,312,3660,3187,3805,4009,2316

test suite315
bestAPFD:0.941111
bestSuite:2697,2986,4097,3051,4129,2182,792,1997,2788,623,295,3676,1955,3757,3961,2902

test suite316
bestAPFD:0.929057
bestSuite:3883,1781,3992,2380,4079,1229,55,4124,2757,3752,2675,994,2416,2770,2849,1451,3976,13,3521

test suite317
bestAPFD:0.926276
bestSuite:1463,2599,3476,1596,55,1969,4086,4103,1737,2117,2485,2602,946,3582,869,1873,462

test suite318
bestAPFD:0.937612
bestSuite:1908,2231,3472,2354,2146,4092,4109,626,2568,2314,2447,3155,4046,1576,3503,1511,235,1140

test suite319
bestAPFD:0.914630
bestSuite:3688,795,3662,3033,1414,4108,3338,2439,4075,713,3752,3655,1673,3919,2328,2618

test suite320
bestAPFD:0.938110
bestSuite:1618,2514,2554,4095,4111,2778,3540,824,2254,2282,1998,3695,3800,3655,2754,934

test suite321
bestAPFD:0.924521
bestSuite:3860,712,3251,3683,4130,2902,843,4097,2533,2527,630,1490,1027,2633

test suite322
bestAPFD:0.937179
bestSuite:1658,2104,4095,224,4109,2117,1931,2018,1877,1764,3683,3881,3605,206,3685,2835,797,3150

test suite323
bestAPFD:0.921354
bestSuite:3796,2524,1710,3738,3910,1613,3752,4128,3850,790,2473,2501,3736,3248,4081

test suite324
bestAPFD:0.938682
bestSuite:2925,1658,4079,4127,2610,1836,2971,1761,1639,20,2363,1892,1133,1074,2839,2837,2549

test suite325
bestAPFD:0.932733
bestSuite:3356,2805,3894,3911,3683,4085,340,2740,4123,3090,2626,3393,2560,1455,3105,1872,921,1724,3332

test suite326
bestAPFD:0.944207
bestSuite:2524,1854,4112,4097,3352,1587,3343,1547,3702,3770,3066,3065,2486,2483,151,3438,2263,1262,1504

test suite327
bestAPFD:0.916913
bestSuite:2986,3669,4113,3976,4098,2936,3207,2973,3275

test suite328
bestAPFD:0.941373
bestSuite:1618,3376,3352,4088,4121,3144,3501,2316,2037,3993,1674,2449,658,1291,170,3893,1994,2269

test suite329
bestAPFD:0.924807
bestSuite:3883,1986,3352,2273,4006,1772,4112,4095,3752,3150,3303,874,151,67,2028,1139

test suite330
bestAPFD:0.944945
bestSuite:3292,2375,4127,4078,2492,2182,2373,1976,2564,3510,3192,1695,2856,1985,3103,2023,1891

test suite331
bestAPFD:0.923280
bestSuite:1854,2649,3979,4125,4089,2716,2788,2082,3054,1222,3978

test suite332
bestAPFD:0.940180
bestSuite:1854,2698,741,2554,4096,4130,2729,2216,2425,3901,3389,3989,2534,655,3489,906,3379,1826,675,1631,1384,535

test suite333
bestAPFD:0.940223
bestSuite:1618,3688,4115,4093,1675,2165,3144,3111,3976,3398,4043,896,2643,351,1965

test suite334
bestAPFD:0.945785
bestSuite:2222,4082,3441,4120,82,2216,2083,3600,2601,961,3830,1475,2635,622,1526,1193,1755,235,3130,2165

test suite335
bestAPFD:0.937476
bestSuite:1658,2461,2964,4117,93,2071,2847,3376,1538,899,369,2999,866,3986,910,3616,1483,1033,3788

test suite336
bestAPFD:0.915859
bestSuite:2621,1658,3472,2580,4118,793,2568,3697,2847,4091

test suite337
bestAPFD:0.934754
bestSuite:1908,2533,55,4095,3705,4124,2500,3175,3683,2982,1552,3560,2901,3687,1803,664

test suite338
bestAPFD:0.905662
bestSuite:3752,2264,1688,1493,3319,2515,4129,1623,1547,2610,4087,3178,2696,3478,2627,2314,2796,1130,3867,1

test suite339
bestAPFD:0.938267
bestSuite:1947,2830,4121,4095,99,2649,862,2509,3174,837,2953,314,3327,2229,353,835

test suite340
bestAPFD:0.943970
bestSuite:3292,1672,4076,4121,3732,2515,1159,2216,2568,3824,697,3531,3277,1504,1476,3197,1427,3166,320

test suite341
bestAPFD:0.925441
bestSuite:3329,2514,3683,719,3230,82,2604,4076,2527,1532,3250,3412,4130,147,1362,56,860,3303,2409,133

test suite342
bestAPFD:0.921242
bestSuite:3033,2215,308,4128,2926,775,2964,773,3577,3258,3623,3296,990

test suite343
bestAPFD:0.942523
bestSuite:2524,1947,3352,4091,4126,1577,2273,3520,1015,1723,62,2836,3303,2829,3536,3493,3956,2564

test suite344
bestAPFD:0.909069
bestSuite:3101,2502,1650,391,4111,2853,4100,825,714,2926,722,2759,2674,3808,1104,238,752,1573

test suite345
bestAPFD:0.943287
bestSuite:2986,2362,4113,2610,4091,2336,2512,3921,2656,2380,2138,1757,603,2673,2338,2756,3058,1693,1768,3167,102,12

test suite346
bestAPFD:0.932203
bestSuite:1618,2271,440,3472,3581,4085,4101,2788,732,2781,1464,1928,2587,805,2894,2996

test suite347
bestAPFD:0.935869
bestSuite:1908,3272,704,3677,4128,739,4096,1884,3520,2847,726,2186,3826,2285,1606,570

test suite348
bestAPFD:0.930091
bestSuite:1658,3979,3251,4083,4123,2472,1944,3452,3268,766,676,1982,4038,2028,3225

test suite349
bestAPFD:0.935242
bestSuite:3565,2610,2147,990,4121,2155,4092,3752,3340,2603,1135,752,3175,2537,2281,3758

test suite350
bestAPFD:0.935193
bestSuite:1618,2926,3318,4108,3051,3658,4072,2117,966,863,1746,221,1879,1317,3955,2420

test suite351
bestAPFD:0.943906
bestSuite:2222,3732,4089,2363,2752,4111,2637,109,242,3250,3906,3624,1926,3834,935,1688,3165,3332

test suite352
bestAPFD:0.936934
bestSuite:1947,3364,224,4088,3200,4114,2330,2500,1822,3804,2910,1334,2004,2291,1793,2902,3617,2854,2825,63

test suite353
bestAPFD:0.945644
bestSuite:2222,2964,2598,3459,4114,3058,2956,2560,558,3601,821,2830,1827,3203,3848,3658,2570,1782,3441,2160,3751,3187

test suite354
bestAPFD:0.933476
bestSuite:3239,1908,55,2368,4112,4095,3249,3033,1482,2360,3695,3655,2336

test suite355
bestAPFD:0.939414
bestSuite:3796,1854,4091,3910,3175,4119,924,3572,2515,890,2127,3213,1610,1480,624,186,2559

test suite356
bestAPFD:0.946180
bestSuite:2222,4083,4120,55,1018,2450,3341,3033,2607,3618,1500,858,2205,620,700,2041,1282,1290,1544,3485

test suite357
bestAPFD:0.937990
bestSuite:1854,3050,4111,149,2084,4094,920,2568,3005,3874,3938,3032,3320,896,3384,3995,750,3984,3873,624

test suite358
bestAPFD:0.939071
bestSuite:1618,2842,1482,3527,4076,744,4103,1617,951,2141,3388,3522,3268,3342,3905,1586,2825,3552,815

test suite359
bestAPFD:0.912012
bestSuite:2601,3683,4108,2716,818,391,1781,3914,2421,4095,1509,2512,3420,313,629,1806,1195

test suite360
bestAPFD:0.940928
bestSuite:1854,3303,4077,2749,4115,3431,1910,1978,1841,161,2866,2557,651,3164,2276,854,3803,2526,3231,1346,3249

test suite361
bestAPFD:0.944408
bestSuite:2222,4077,1658,3732,3099,4113,3175,1847,1800,1036,1840,4046,3580,2296,2553,2059,4062,982,1824

test suite362
bestAPFD:0.934451
bestSuite:3565,3471,4094,2554,4108,3636,2926,669,663,1623,909,3498,2729,2559,2080

test suite363
bestAPFD:0.935166
bestSuite:1947,3883,4093,3051,4123,2084,3480,3191,2953,2455,932,3461,3231,3298

test suite364
bestAPFD:0.923414
bestSuite:1658,3686,468,4074,4102,2205,1693,2568,2318,1787,2938,1055

test suite365
bestAPFD:0.933144
bestSuite:1854,2155,4092,739,4118,1653,2842,3180,2910,2729,3862,1796,3975,2714

test suite366
bestAPFD:0.908293
bestSuite:3892,3112,3561,2724,2926,4100,570,887,122,4125,3624,2087,2889,2706,3888

test suite367
bestAPFD:0.947562
bestSuite:2222,3688,4098,2966,4110,944,2573,1927,1905,4006,2213,820,2839,3605,695,2139,2757,1254,1944

test suite368
bestAPFD:0.931825
bestSuite:3883,1658,93,4084,4124,2649,785,3644,3021,979,4070,1066,34

test suite369
bestAPFD:0.942667
bestSuite:1854,3688,2961,4107,4077,596,591,2927,3625,3501,3456,3705,1697,2942,1704,3946,2810,1425,2902,1322,1238,1071,3523

test suite370
bestAPFD:0.947187
bestSuite:2222,3979,4113,2243,1728,4093,2561,2627,2830,1545,2527,676,523,1428,3911,804,2376,1855,207,1353,3663

test suite371
bestAPFD:0.946270
bestSuite:2222,3688,4123,4097,2450,2801,759,3786,3666,2269,2089,1575,283,2274,330,3537,3988

test suite372
bestAPFD:0.935428
bestSuite:1947,3003,2275,224,4128,3573,4098,922,680,2785,2101,3582,2793,1841,3577,312,1844,1421

test suite373
bestAPFD:0.936064
bestSuite:3334,1947,2524,4105,224,4088,755,2186,552,1092,2993,2622,2248,1644,2569,1823

test suite374
bestAPFD:0.945606
bestSuite:2222,3802,308,4106,4087,2634,1618,2527,3287,3065,2414,2474,1434,3344,2419,2157,2827,1242,1427

test suite375
bestAPFD:0.943322
bestSuite:2222,4121,4084,3732,1668,3456,2170,1633,2113,1726,2515,2664,3501,213,1294,2121

test suite376
bestAPFD:0.943747
bestSuite:3292,2246,2610,4130,4092,1936,1947,4046,2834,3104,3266,2604,1847,3457,655,1329,2288,2042,701

test suite377
bestAPFD:0.927297
bestSuite:2417,1791,1854,4102,3014,4073,2749,1865,2509,3419,4028,1777,1724,768,3842

test suite378
bestAPFD:0.929201
bestSuite:1658,4011,3662,589,4126,2964,3268,896,3360,701,1486,2788,3487,1692,2183,2281,547

test suite379
bestAPFD:0.916576
bestSuite:2450,3802,1463,4122,2844,3780,2362,2368,3332,3007,1797,4084

test suite380
bestAPFD:0.943730
bestSuite:3292,847,3979,4107,4097,3870,2515,3626,2458,2121,3296,1973,2683,3466,488,2450,2732,2638,3056,3631

test suite381
bestAPFD:0.940532
bestSuite:1947,2336,4099,2844,4129,2502,3943,3079,3737,3296,513,1775,2828,3231,668,4032,2387

test suite382
bestAPFD:0.916802
bestSuite:2601,3033,1974,3472,3378,3213,4096,1998,4111,3683,2804,3500,3456,3164

test suite383
bestAPFD:0.916081
bestSuite:4039,3030,3752,2194,2474,2598,4095,4110,4030,2083,1535,1198,1843,2251,3054,4069,2307

test suite384
bestAPFD:0.933525
bestSuite:4007,1658,4103,311,2492,2964,2568,1597,705,2060,1460,3349,1672,722,2134,1584,2804

test suite385
bestAPFD:0.941161
bestSuite:2222,3922,4117,3472,4094,3945,3502,2564,3050,2714,3785,2728,995,1722

test suite386
bestAPFD:0.934269
bestSuite:3876,1658,4072,311,4122,3439,2273,3417,2061,3655,1475,2406,3725,2150,1242

test suite387
bestAPFD:0.922042
bestSuite:1463,3251,2527,2554,2177,4101,698,2412,4097,774,2233,3848,1489,1731,334,2915,864,1100

test suite388
bestAPFD:0.941359
bestSuite:2222,4073,391,1423,4109,608,2372,3268,1726,924,2160,970,3663,3803

test suite389
bestAPFD:0.941445
bestSuite:2524,1658,55,4081,4117,2491,2951,3892,3572,2660,292,3347,2676,3342,1313,963,2953

test suite390
bestAPFD:0.930707
bestSuite:3033,3887,2650,3683,4123,4098,1555,1849,2525,3234,2953,1485,561,2809,1055,955

test suite391
bestAPFD:0.939535
bestSuite:3860,1908,4128,2694,4084,1861,3349,1512,3421,2480,253,2374,2849,1306,3962,4040,2275

test suite392
bestAPFD:0.920875
bestSuite:3343,2363,2415,2732,3900,4074,4125,1112,223,3752,2092,1765,3919,1905,1290,3351

test suite393
bestAPFD:0.908677
bestSuite:2174,3133,1813,3683,2589,4077,3527,4101,2880,2330,2515,2788,56,2573,34,1431,1403

test suite394
bestAPFD:0.936852
bestSuite:2697,3796,3725,646,4096,4125,3683,2490,4061,2693,2291,3510,1559,1554,543,1470

test suite395
bestAPFD:0.945603
bestSuite:2786,3337,4121,3683,2964,2705,3854,2756,603,2298,912,2480,3427,2356,1458,1012,2020,1943,3566

test suite396
bestAPFD:0.920840
bestSuite:2417,1463,2399,986,4087,149,4101,2512,2454,232,3066,3725,2926,978,1451

test suite397
bestAPFD:0.915832
bestSuite:3528,2564,4081,3752,1845,149,4116,2177,2902,708,2658

test suite398
bestAPFD:0.889543
bestSuite:3364,2247,773,2669,867,2547,997,1660,149,4105,843,4079,2871,4047,3175,3510,1553,3483,3752

test suite399
bestAPFD:0.934232
bestSuite:2834,1804,4073,2773,2554,4124,3675,3752,3808,1792,3819,411,2677,2617,2376,3281,1687

test suite400
bestAPFD:0.930329
bestSuite:3565,1908,2072,4091,468,4115,3577,3407,637,687,2085,900

test suite401
bestAPFD:0.938177
bestSuite:2786,1658,4082,4105,3247,2502,3112,1615,3223,3088,1076,2752

test suite402
bestAPFD:0.941192
bestSuite:2166,1947,4110,3979,3112,4077,1941,3174,1457,3729,436,400,3246,2100,3456,3400

test suite403
bestAPFD:0.935126
bestSuite:2986,2469,4107,4100,1543,2598,1888,1795,1959,3066,2584,672,3386,2246,807

test suite404
bestAPFD:0.913532
bestSuite:1658,1525,3705,312,3332,2115,4109,3803,4085,720,646,1457,805,1559,2414,1201,3564,1553

test suite405
bestAPFD:0.940556
bestSuite:1908,2347,3472,4074,2515,4112,1662,3454,3334,2630,705,3921,225,1917,701,3187,804,820,3694

test suite406
bestAPFD:0.941222
bestSuite:1618,3860,4110,4095,2186,3223,3266,3838,756,3941,2515,1517,3011,3605,1735,3746

test suite407
bestAPFD:0.923652
bestSuite:2842,2975,4108,2926,24,2610,1290,4097,1239,3332,2336,3425,341,1523,1502,2539,3682,1526

test suite408
bestAPFD:0.926254
bestSuite:2634,2987,3476,3352,4058,1875,4113,4095,3752,3438,734,2399,3808,3885,526,3318,2587,2078

test suite409
bestAPFD:0.918735
bestSuite:2524,2783,1518,4095,3979,4111,3752,3907,3533,3428,2502

test suite410
bestAPFD:0.933421
bestSuite:3565,673,4108,3910,849,4082,3524,1463,3273,2564,3695,34,2531,3792,750,755

test suite411
bestAPFD:0.941347
bestSuite:3247,1658,4129,4081,412,2495,3926,1852,3223,826,3956,3993,3808,2525,119,2363

test suite412
bestAPFD:0.943662
bestSuite:2786,3136,1463,4121,4079,3639,2449,3662,2469,2441,2716,1659,3891,1529,97,349,2197

test suite413
bestAPFD:0.932764
bestSuite:1658,2863,4078,3979,4102,2092,1926,2605,670,3514,3888,209,2213,2599,2508,531,3003

test suite414
bestAPFD:0.938437
bestSuite:2524,2650,1658,4119,3632,4079,3456,2634,1736,3200,2858,1201,2199,2241,2664

test suite415
bestAPFD:0.902120
bestSuite:3476,3124,899,2554,1707,3872,939,4110,4098,3913,2599,1486,3683

test suite416
bestAPFD:0.942063
bestSuite:2786,1854,4086,4126,3251,719,3398,1732,2018,840,3090,3743,540,1811

test suite417
bestAPFD:0.931357
bestSuite:1908,2182,2331,4125,4098,391,3581,2933,2283,3077,2741,3996,2512,926,417

test suite418
bestAPFD:0.941686
bestSuite:3292,1555,4130,3601,308,4099,3999,2194,2083,751,2815,81,1984,1002,3788,2148,3725,3605

test suite419
bestAPFD:0.940135
bestSuite:2986,2377,3644,3051,3804,4093,2120,1777,1794,4125,2313,2108,953,2322,2296,1015,1139,3072,249,3332,1803,1387,1938

test suite420
bestAPFD:0.944169
bestSuite:3292,856,3051,4078,4107,3808,3383,2684,957,3230,1750,2568,2997,2775,436,3595,3357,2223,3467,2959

test suite421
bestAPFD:0.929876
bestSuite:2572,3356,290,2509,946,4085,4101,2926,3444,514,634,3976,1898,2187,2083

test suite422
bestAPFD:0.943861
bestSuite:3292,2707,4109,3860,4087,3163,3808,4046,1592,2605,3913,738,1878,2825,1814,203,2868,3691

test suite423
bestAPFD:0.935296
bestSuite:2986,4087,2494,2554,699,4105,679,3403,3232,3943,944,573,3112,1647,3816,3552,3324,1853

test suite424
bestAPFD:0.935008
bestSuite:1463,3376,2082,149,1837,4109,4091,1712,1795,3251,3774,3919,2830,3522,1522,665,209,204,3566,1576,1250,1322

test suite425
bestAPFD:0.928664
bestSuite:2425,3323,4072,1854,93,2788,4123,3568,1668,1687,3050,2200,3049

test suite426
bestAPFD:0.938756
bestSuite:3678,99,1463,4128,4079,2092,3502,1459,1526,2577,3772,2107,1777,2095,225

test suite427
bestAPFD:0.940004
bestSuite:2986,3576,4072,2610,2092,4104,3545,2526,2999,3888,865,1572,193,344,1396,3629,3328

test suite428
bestAPFD:0.923626
bestSuite:1908,4083,2647,864,99,1978,2509,1581,2830,2480,3513,1514,4126

test suite429
bestAPFD:0.935275
bestSuite:3731,2926,3887,656,4125,4083,670,3332,3480,2194,999,2872,710,2242,518,3803,880

test suite430
bestAPFD:0.912185
bestSuite:3592,3912,2973,698,3250,4126,290,3683,1577,190,3808,4069,2658,1554,3456,3146,4095

test suite431
bestAPFD:0.945383
bestSuite:2597,4097,99,4122,1908,1769,2430,2684,3398,3175,3495,354,2566,2833,1931,3992,1735

test suite432
bestAPFD:0.938678
bestSuite:1947,45,3979,4115,4075,2682,3655,1021,3398,3296,1757,123,1604,4058,3775,916,2634

test suite433
bestAPFD:0.939009
bestSuite:4006,1854,4106,4098,99,3200,2658,883,494,1008,182,2101,974,639,1562,3171,3632

test suite434
bestAPFD:0.941104
bestSuite:3292,630,3910,4104,4078,3343,3830,2966,3862,2215,2953,2847,2076,31,934,2356

test suite435
bestAPFD:0.937999
bestSuite:3292,709,4091,570,4124,2649,2181,2083,1440,704,3531,482,2752,3956

test suite436
bestAPFD:0.935696
bestSuite:2181,3740,4089,589,785,4117,2926,3883,2375,3530,3673,1089,560,2293

test suite437
bestAPFD:0.922024
bestSuite:2514,3452,739,3497,1717,4085,3683,4123,3545,1724,3906,2177,1974,2482,2860,1285,1503,1162

test suite438
bestAPFD:0.941218
bestSuite:2986,3050,4126,646,2473,4092,3819,2840,1859,1449,1242,3034,2684,1515,3804,3931,1508,1408

test suite439
bestAPFD:0.925675
bestSuite:1463,2092,1979,4098,1004,3433,752,2474,4102,2367,268,82,1197,1428,3998,135,3209,1289,1338,1580,3010

test suite440
bestAPFD:0.926001
bestSuite:2925,1915,699,1784,3472,1689,4093,4114,3976,2515,3483,3023,139,3847,267,3273,38,3174,3680,3752

test suite441
bestAPFD:0.921096
bestSuite:3979,1812,168,1463,4115,4081,3644,3854,3076,3207,2021,1382,52

test suite442
bestAPFD:0.942004
bestSuite:2986,2098,468,3163,4093,4107,3892,2864,2729,1936,2092,1591,1743,3082,2128,2510,3901,1224,2406

test suite443
bestAPFD:0.937633
bestSuite:2375,2117,1854,4079,4104,3639,1500,3651,2056,913,1692,4071,2442,2356,2469,3110

test suite444
bestAPFD:0.945999
bestSuite:2786,1908,4073,4122,833,3456,2461,2082,1884,3510,1591,3608,3136,674,1246,179

test suite445
bestAPFD:0.941098
bestSuite:1854,3860,4080,4107,3283,1642,2637,121,1609,2879,2480,3515,2356,3834,3740,405,229

test suite446
bestAPFD:0.936898
bestSuite:3186,1854,93,4115,3692,3576,4072,2729,429,2092,3449,1560,2868,968,3608

test suite447
bestAPFD:0.927140
bestSuite:3198,1658,2375,4084,4112,2379,2950,1677,2269,1714,3621,2140,1526,2271

test suite448
bestAPFD:0.934915
bestSuite:1618,2064,3527,4088,4128,2519,2379,3268,3175,3385,3822,3676,2828,814

test suite449
bestAPFD:0.933139
bestSuite:1854,2177,4084,3351,4125,308,1005,2327,2304,2684,3533,3821,3403,2179,2738,3844,1649,3348

test suite450
bestAPFD:0.941717
bestSuite:1908,2650,2495,4062,4107,3503,4097,2083,925,2869,3474,3412,493,2568,125,4020,1291,1680,2787

test suite451
bestAPFD:0.930345
bestSuite:3565,1854,570,4092,4117,2363,2705,3626,1795,3384,3846

test suite452
bestAPFD:0.942930
bestSuite:3292,2480,4083,4124,4007,224,3002,3359,1894,3000,2663,2270,1909,1687,1193,2657,1501,3867,2356

test suite453
bestAPFD:0.935788
bestSuite:2621,1854,2844,4075,4125,858,1841,3888,2673,1752,1382,3874,1676,2061

test suite454
bestAPFD:0.934570
bestSuite:3334,1758,2926,149,4103,4072,3138,1886,2011,2083,1710,2847,2892,3632,3577,78

test suite455
bestAPFD:0.945212
bestSuite:2597,4083,4123,3527,1658,727,3343,2864,1432,3305,3294,311,57,2480,3116,3246

test suite456
bestAPFD:0.941101
bestSuite:2639,1947,4094,4122,308,3926,2708,2788,1771,1829,3899,2378,1428,3231,324

test suite457
bestAPFD:0.939855
bestSuite:3732,2986,4107,4098,2325,3522,1894,3891,2574,3497,2151,3301,2480,1939,772

test suite458
bestAPFD:0.942205
bestSuite:3565,1854,4115,93,2964,1840,3877,3223,3502,3570,2572,2756,1565,2729,3228,1512,997

test suite459
bestAPFD:0.930263
bestSuite:3731,2731,4093,4129,2926,2931,2515,1968,4042,1809,3479

test suite460
bestAPFD:0.920089
bestSuite:3565,1618,2610,4114,4078,3458,843,2953,972

test suite461
bestAPFD:0.925143
bestSuite:1854,3185,739,1810,4084,4110,3976,3521,493,3510,1110,3528

test suite462
bestAPFD:0.936695
bestSuite:3528,1463,2077,3472,4119,4088,2980,2564,2268,2561,2064,3743,3410,935,3944,2902,3673,2628,2328,1000

test suite463
bestAPFD:0.940517
bestSuite:1908,1749,4061,3763,4094,224,4124,1877,2474,3834,3505,2563,2602,1437,848,3013,3224,218,4063,906,2902

test suite464
bestAPFD:0.942477
bestSuite:3796,1854,3688,4096,4115,3639,2823,3175,512,2313,3203,2514,4062,1197,1050,2365,439,3931,1064

test suite465
bestAPFD:0.913380
bestSuite:45,1463,3497,806,4091,1449,2458,4123,3940,3976,1466,4020,1619,258,2269,757,3095,993,1311,2708

test suite466
bestAPFD:0.929255
bestSuite:2181,3565,4075,589,4123,2037,2926,1953,1766,1949,3501,25

test suite467
bestAPFD:0.934322
bestSuite:2731,1713,4095,3941,2492,4123,468,3577,3752,1479,3723,2083,3144,1985,1743,863

test suite468
bestAPFD:0.935055
bestSuite:2064,1854,4091,3399,82,4111,3855,2363,2083,616,3314,2056,3099,2286,1979,3395,3040

test suite469
bestAPFD:0.938906
bestSuite:2986,3732,4096,4124,2925,2450,3299,1528,1820,3681,1809,3909,1057,933

test suite470
bestAPFD:0.937986
bestSuite:3292,1704,3669,4092,4125,3883,2372,3796,3855,3138,1434,3261,2473,3782

test suite471
bestAPFD:0.944546
bestSuite:2597,4076,589,4128,1854,2469,2464,2320,3774,1749,2644,725,1578,3895,2328,3644

test suite472
bestAPFD:0.944689
bestSuite:3292,739,4108,4098,2685,3644,3883,2334,1818,1692,3691,1520,1990,925,443,500,629,3670

test suite473
bestAPFD:0.912080
bestSuite:3050,2554,962,1681,3383,4102,2209,754,3752,3691,4090,3982,382,2729,850,2021,3792,461

test suite474
bestAPFD:0.940721
bestSuite:2986,2860,4091,570,4107,3778,3707,4006,3569,987,3808,473,2810,3848,1134,829

test suite475
bestAPFD:0.943511
bestSuite:2222,4094,646,4114,627,3115,3398,1000,3257,698,3803,2111,3223,1571,602

test suite476
bestAPFD:0.929134
bestSuite:1658,2712,36,3734,3051,4073,918,4127,2752,3270,2716,3115,3957,2789,3889,2337,818,2480,3980

test suite477
bestAPFD:0.931722
bestSuite:2254,3683,1450,4108,2712,4043,4098,2156,3352,920,3808,2216,1654,2112,2376,1801

test suite478
bestAPFD:0.933977
bestSuite:1908,391,2658,4074,2612,1681,4121,2696,2270,3376,1582,708,1836,3295,2245,3259,1512,3332,2173

test suite479
bestAPFD:0.942981
bestSuite:1947,3669,4129,4087,3796,2914,2973,3398,2450,3233,2006,138,926,1078,2279,711,3629

test suite480
bestAPFD:0.941785
bestSuite:3292,2512,4122,4090,589,2174,2527,3950,2815,2669,3268,1901,1996,3022,3745,148,3232

test suite481
bestAPFD:0.936822
bestSuite:1618,4021,4082,311,3398,4110,2621,2340,2439,1777,715,2449,3610,881,3005

test suite482
bestAPFD:0.935391
bestSuite:2601,1854,308,4124,738,3632,3883,2964,384,2488,2968,2431,2542,749,777,2512

test suite483
bestAPFD:0.944107
bestSuite:2181,3732,4088,1947,4121,2214,3432,2284,822,985,392,2460,3174,3335,466,1774,2548,1949,2855

test suite484
bestAPFD:0.943138
bestSuite:1618,3669,4107,967,4072,955,3565,2357,2435,1945,2991,2564,3806,3140,2612,3111,1158,67

test suite485
bestAPFD:0.927438
bestSuite:1947,3163,4130,3464,1794,468,3940,4094,973,3192,2720,2376,3210,1859

test suite486
bestAPFD:0.927482
bestSuite:1658,646,3987,3004,4095,4130,2270,1783,1806,613,325,3404,231,414,1061,3027,1316,2594,2502

test suite487
bestAPFD:0.941007
bestSuite:1908,2516,3006,311,4126,4090,2731,742,2217,2269,2644,1810,2893,2439,776,3403,2493,3326,1922

test suite488
bestAPFD:0.942902
bestSuite:2986,2505,4122,739,4074,2788,3712,3476,3105,669,1880,1999,799,1382,213,3978,4052,1964,3300

test suite489
bestAPFD:0.943755
bestSuite:3247,1618,4111,4084,82,2584,2931,2731,1697,567,3187,435,2431,897,2515,233,2232,2188,3445

test suite490
bestAPFD:0.936435
bestSuite:2375,3447,4074,2799,841,4108,3752,2561,3033,3135,1307,3864,937,1602,3148,4006

test suite491
bestAPFD:0.945204
bestSuite:2222,2749,4083,3565,4128,2999,1440,3484,1998,1526,256,1162,3519,667,3509,3395,1254,2915

test suite492
bestAPFD:0.941561
bestSuite:1947,2830,4090,4124,3940,1713,2740,1751,3576,1575,3938,1885,649,3058,1765,3438,21,1068,67,745

test suite493
bestAPFD:0.932826
bestSuite:2621,2328,2152,1444,4073,739,947,4123,3752,3198,1926,4064,2729,2338,3774,987,1158,3513

test suite494
bestAPFD:0.935250
bestSuite:2222,4096,2842,4122,224,2627,3247,3796,4006,2997,4034,2338

test suite495
bestAPFD:0.929926
bestSuite:1618,3417,4093,149,4101,1861,1526,2752,3691,694,1941,2472

test suite496
bestAPFD:0.927352
bestSuite:3981,3979,1463,1922,719,4084,4102,3803,3205,681,1311,2311,2715

test suite497
bestAPFD:0.938453
bestSuite:2222,2082,4093,4102,391,2099,2282,4064,3652,2338,3456,2057,1826

test suite498
bestAPFD:0.938453
bestSuite:4026,1713,4092,739,4130,1658,561,2753,3429,3935,3907,3808,3175,2467,2317,964,2103,292

test suite499
bestAPFD:0.936935
bestSuite:1947,2362,2147,739,1713,4082,4111,2317,3798,1697,1474,1223,3976,983,2296,1167,543,3682

test suite500
bestAPFD:0.908404
bestSuite:3572,1747,3020,1627,2947,813,391,3375,4101,3279,2926,2338,2152,2449,4080

