test suite1
bestAPFD:0.948967
bestSuite:1908,2966,3976,4017,3808,356,3010,4090,3099,1771,4112,2598,2618,1246,1468,2276,1837

test suite2
bestAPFD:0.953003
bestSuite:1947,3251,561,342,4092,93,2754,4127,3853,3912,3605,810,1806,1161,1809,697,1387,1940

test suite3
bestAPFD:0.935258
bestSuite:2604,1791,4068,2138,2514,746,3925,3109,2508,2759,3175,3940,2352,3752,4081,3667,313,2360,2513,4125,184,2507

test suite4
bestAPFD:0.937838
bestSuite:3159,1854,3719,2926,1612,2594,2132,799,739,2474,3257,4120,4073,236,1096

test suite5
bestAPFD:0.955405
bestSuite:3731,1947,1512,3657,3343,3417,2311,2393,2559,3208,4104,4088,1108,1390,1901,778,2246,3078

test suite6
bestAPFD:0.940721
bestSuite:1908,2712,2336,4030,2576,3848,3510,3138,4077,1910,4120,739,1576,1070,1724

test suite7
bestAPFD:0.962012
bestSuite:2786,1908,1804,3811,3112,4099,1911,1988,4127,3882,3245,3403,3379,3454,2725,1181,45,2367

test suite8
bestAPFD:0.949369
bestSuite:2986,3856,2271,4006,82,793,4076,4114,1332,2074,1824,1430,3006,3386,3551

test suite9
bestAPFD:0.932939
bestSuite:1908,4061,3198,3312,3006,3426,2968,2170,4084,2891,1669,164,82,4127,3788,1768

test suite10
bestAPFD:0.953904
bestSuite:2425,1947,3178,3684,3919,687,3002,4077,3352,1972,4116,3788,979,2340,2419,1945,643,2269

test suite11
bestAPFD:0.944324
bestSuite:1908,2254,2533,3913,353,3762,4075,2610,4130,3709,3816,4046,868,64,1620

test suite12
bestAPFD:0.931863
bestSuite:3272,3683,2500,2716,3497,1781,1604,1983,2021,3661,3838,2035,224,3925,4073,4106,1072,191,2376

test suite13
bestAPFD:0.943436
bestSuite:2375,3503,2644,2512,1947,4094,2146,1997,4114,3332,1486,301,846,776

test suite14
bestAPFD:0.956598
bestSuite:1947,3669,2568,3347,2714,4078,1546,861,4104,3937,1788,531,2487,725,2424,806,948

test suite15
bestAPFD:0.955192
bestSuite:2524,2964,1450,2056,4121,2300,1723,99,3752,3518,3325,3928,3283,2806,617,958,2098,946,2246

test suite16
bestAPFD:0.949614
bestSuite:2166,2986,3767,4085,3050,1749,4125,82,3791,3146,909,2146,2500,2291

test suite17
bestAPFD:0.929550
bestSuite:3860,1977,2338,3655,2842,2718,2704,164,3752,4075,4101,1283,3069,3437,3278

test suite18
bestAPFD:0.955574
bestSuite:2524,1795,1908,4091,4117,1995,311,1716,3699,3425,3891,3438,1093,1676,2848,1097

test suite19
bestAPFD:0.946525
bestSuite:3565,1947,1732,2834,149,3956,3719,4088,4111,2871,636,2982,3185,3577

test suite20
bestAPFD:0.964865
bestSuite:2786,1658,3218,3135,3359,4076,2424,4123,2514,3667,2989,3480,3771,788,2067,2411,1711,2419,2186

test suite21
bestAPFD:0.950238
bestSuite:2621,2986,3356,4088,1716,1377,923,2526,1882,909,2291,4119,2610,2902,4067,847,324

test suite22
bestAPFD:0.930270
bestSuite:2084,2141,1979,2535,4084,2839,2926,967,1884,2811,4116,224,3108,38,2480

test suite23
bestAPFD:0.937613
bestSuite:2986,3860,3436,3459,1482,4104,4078,474,1751,846,2716,2788

test suite24
bestAPFD:0.936036
bestSuite:1658,3594,3938,2076,3457,2291,3683,4076,99,4129,234,874,1540,1721,963

test suite25
bestAPFD:0.941291
bestSuite:2650,2729,3683,1587,2830,1668,741,960,2627,2931,4007,3289,3486,4073,4123,3029,2248,2539

test suite26
bestAPFD:0.928057
bestSuite:3112,3686,2377,4011,3683,2439,2732,2451,3290,3976,124,1832,3910,732,1472,3156,4123,4072,2361,803,3145

test suite27
bestAPFD:0.942736
bestSuite:3731,1444,1906,3885,2098,1861,291,2568,3853,4121,4094,360,3752,3317,3224,3510

test suite28
bestAPFD:0.942162
bestSuite:1618,3101,2494,3476,3351,3051,2415,2729,4093,1120,4110,3666,1380,1594,1910

test suite29
bestAPFD:0.946139
bestSuite:3565,2986,1600,3233,391,3676,3325,4111,4084,2364,2512,2419,3118,3207

test suite30
bestAPFD:0.964742
bestSuite:3292,1542,1629,977,3012,3456,2610,4097,4104,575,293,1385,2333,433,3170,3886,3942,3137,3750,3471,3838,3050

test suite31
bestAPFD:0.910811
bestSuite:2731,1947,2347,3427,3913,4087,2082,99,4112

test suite32
bestAPFD:0.948649
bestSuite:1908,3156,4077,3910,1444,1543,583,4127,3800,3444,3803,1885,58,1619,2367

test suite33
bestAPFD:0.935714
bestSuite:2621,3688,2439,3752,3638,4098,901,826,674,722,2291,4101,3550,3268

test suite34
bestAPFD:0.960304
bestSuite:2222,4077,1716,2731,2598,4105,3595,3502,3510,1135,153,663,2571,2523,2301,2696

test suite35
bestAPFD:0.938976
bestSuite:3883,718,739,3138,869,3638,3359,4042,3528,2926,102,2961,4120,3919,4096,1324,328,2884,2211

test suite36
bestAPFD:0.944685
bestSuite:3786,1658,2572,2524,2435,2509,2749,3976,3878,3496,4119,4097,2805,1080,3215

test suite37
bestAPFD:0.954054
bestSuite:3292,1020,1721,2291,1801,860,2062,1593,3159,2610,4114,4085,421,2053,2723,2041,3069,3895,3883

test suite38
bestAPFD:0.945787
bestSuite:1947,2377,2494,3225,3175,2815,3014,2147,93,2839,2964,4109,3908,17,2424,1083,1594

test suite39
bestAPFD:0.960304
bestSuite:2222,4087,814,1474,4118,2610,3314,3598,3905,1218,170,611,2463,829,2839,561

test suite40
bestAPFD:0.954805
bestSuite:2524,1908,2707,3062,4080,3527,921,648,632,4114,2988,3684,3819,1045,582,1239,2788,2931

test suite41
bestAPFD:0.951544
bestSuite:2181,1947,4094,2910,1536,4107,223,3090,3332,3341,3766,2734,279,855

test suite42
bestAPFD:0.928078
bestSuite:3198,1824,3007,2365,3250,3214,3683,2568,3867,3911,3161,4128,4096,253,1164,3132,3563,3268

test suite43
bestAPFD:0.946396
bestSuite:1854,3454,2564,2915,2102,3535,2148,381,400,311,2269,4090,4123,2613,1713,971,849,1558

test suite44
bestAPFD:0.960313
bestSuite:2181,1854,1840,2768,4088,2060,1804,4113,149,3704,3699,3371,3808,631,207,2550,752,1853,1333

test suite45
bestAPFD:0.939110
bestSuite:3033,2215,1463,743,2246,3266,3686,4007,186,224,4085,3538,4123,2081,2333,3930,3382

test suite46
bestAPFD:0.936700
bestSuite:3856,2926,2666,3447,1579,2439,739,334,1326,1885,2026,2262,2514,3675,4111,4092,81,2734,2376

test suite47
bestAPFD:0.953547
bestSuite:3292,1480,1734,1543,3655,4107,4092,3860,2514,2419,591,2816,3498,3660,4005,3129

test suite48
bestAPFD:0.922222
bestSuite:1618,2844,4063,2357,4079,4117,3655,386,759

test suite49
bestAPFD:0.937520
bestSuite:3688,716,3112,2389,861,3175,3853,2926,3974,4116,3822,4091,2248,1282,220,77,4063

test suite50
bestAPFD:0.943994
bestSuite:3855,1658,1426,3033,3712,2407,3066,904,784,809,2023,2749,4078,4130,2873,345,2325,3788

test suite51
bestAPFD:0.961411
bestSuite:2166,3292,3874,3732,4082,3883,734,2170,4105,3483,654,441,1449,126,2840,2930,1478,2474

test suite52
bestAPFD:0.941081
bestSuite:2375,3050,3854,2262,2474,1618,1896,3217,3740,4075,185,1428,4129,1927,2065

test suite53
bestAPFD:0.955160
bestSuite:1947,3033,2363,2509,2490,4024,3246,2630,31,2078,2589,93,4088,310,4125,3762,2646,1745,1788,1418,2795,2485

test suite54
bestAPFD:0.953418
bestSuite:1908,3004,2554,2778,3576,4080,1633,4127,3241,2944,1785,2043,1625,1936,2963,334,1526

test suite55
bestAPFD:0.948288
bestSuite:3565,1980,785,1714,646,4125,4079,286,2474,2472,3683,3947,3825,3070,3872

test suite56
bestAPFD:0.970676
bestSuite:2222,2375,4096,4118,1579,1463,3762,3099,3198,2560,2646,855,386,1451,419,866,747,2205,2762,2474

test suite57
bestAPFD:0.944764
bestSuite:1947,2830,3684,2796,2966,276,2327,2598,2449,4094,1705,4130,2021,1704,1434,2395

test suite58
bestAPFD:0.965916
bestSuite:2222,4091,1968,570,4129,3814,4013,3894,3175,2040,955,831,2950,344,2888,1447,2356,433

test suite59
bestAPFD:0.936486
bestSuite:2072,1939,653,2007,1535,1556,1898,2788,2842,4097,2605,4117,3752,2598,3812,3165,2349,2839

test suite60
bestAPFD:0.947059
bestSuite:1618,3214,3268,2473,3619,3070,3564,3813,4085,99,4116,3026,3507,2686,1037,750,1492

test suite61
bestAPFD:0.946115
bestSuite:2284,2896,2926,3112,3051,2698,3564,4091,2747,4117,3803,423,1436,1252,2177,1977

test suite62
bestAPFD:0.965270
bestSuite:2181,2986,4084,3993,1229,1886,4124,2610,3095,3750,3651,3207,1555,313,1733,1531,1362,2401,2367,2171

test suite63
bestAPFD:0.946126
bestSuite:2986,2712,2336,2502,3050,2840,570,4114,3867,4082,583,1827,943,2820,3237

test suite64
bestAPFD:0.910811
bestSuite:3860,1658,2376,3160,3077,3606,4080,4127,2642

test suite65
bestAPFD:0.927887
bestSuite:3050,983,2208,933,3005,3203,4042,738,2492,3738,3752,4023,4110,3524,3940,4086,2674,406,3357,3176,3462,3714

test suite66
bestAPFD:0.938976
bestSuite:2080,863,1822,774,2953,2926,2141,3345,3911,4098,135,518,4105,2902,3131,3785,3533,240,556

test suite67
bestAPFD:0.902928
bestSuite:2363,1463,2486,751,3319,3503,2396,2762,308,4083,726,4104

test suite68
bestAPFD:0.955405
bestSuite:1618,3819,2950,3527,389,106,2515,4084,2696,4124,3184,1369,2235,1400,985,2011,1990,427

test suite69
bestAPFD:0.963911
bestSuite:2222,4097,589,1952,4118,3768,3534,3014,3609,3803,549,633,2590,895,2839,2925,1877

test suite70
bestAPFD:0.956907
bestSuite:3292,659,723,2246,3101,3141,311,4080,4110,36,40,379,2922,2511,2122,2083,3285,3605

test suite71
bestAPFD:0.952102
bestSuite:3639,3316,2650,3883,1873,3683,4046,1596,3010,4100,4107,2909,1061,170,2057,2474,3439,3885

test suite72
bestAPFD:0.943050
bestSuite:2986,2514,3850,4063,2375,1642,4075,4101,2316,2656,3339,3207,3932,3187

test suite73
bestAPFD:0.945766
bestSuite:1947,2842,2604,3745,468,3359,3190,4075,1445,4108,80,37,1480,1490,2824

test suite74
bestAPFD:0.950000
bestSuite:1854,2092,2512,3767,3066,3644,2185,93,4078,2000,4102,2968,801,2557,706,1636,2694,1912

test suite75
bestAPFD:0.955495
bestSuite:2166,4039,1854,4073,3940,4102,2716,3452,3410,3691,3655,2339,1472,1084,2500

test suite76
bestAPFD:0.959141
bestSuite:2986,3688,1589,2515,4116,4077,669,119,525,1626,1606,2920,727,2788,1986,3520,3354

test suite77
bestAPFD:0.956280
bestSuite:3292,646,1530,911,1785,1894,3888,3808,4129,4087,2495,2104,3804,3858,3373,3792,3912

test suite78
bestAPFD:0.923142
bestSuite:4039,2775,2264,3252,1978,3910,335,2393,2823,3332,3683,3021,3380,4118,4075,2480

test suite79
bestAPFD:0.938559
bestSuite:1908,4060,3031,2842,2165,3332,520,2379,3940,4088,1872,1606,4128,995,2512

test suite80
bestAPFD:0.935294
bestSuite:1658,1741,2775,3075,1464,3540,350,4086,149,1053,4117,1191,2694,399,1580,497,1724

test suite81
bestAPFD:0.968279
bestSuite:2222,3688,3105,4082,4109,3060,3145,3198,3282,3133,3251,3050,2197,2550,2732,578,2612,2759,2599

test suite82
bestAPFD:0.948364
bestSuite:1908,2907,2552,2576,2962,2141,3442,3510,2744,4077,1449,2101,2696,4112,646,374,2348,875,2796

test suite83
bestAPFD:0.949493
bestSuite:2986,2450,3576,433,2469,2375,955,1881,4077,4128,455,1933,1507,946,3815,3142

test suite84
bestAPFD:0.939279
bestSuite:1908,3828,4077,2579,2974,2830,1681,821,4101,570,3100,3655,1840,855,2119

test suite85
bestAPFD:0.941441
bestSuite:2254,1619,4093,3463,3352,2436,1791,4130,2515,3659,2926,972,186,1526,2377

test suite86
bestAPFD:0.941821
bestSuite:1854,2509,2760,312,3428,3489,3976,3410,2338,4078,55,1396,690,4119,1671,227,1161,2330,344

test suite87
bestAPFD:0.945495
bestSuite:2336,1597,1781,839,2729,2030,4088,3752,4124,93,3365,3875,505,2764,2381,79,2857,2083

test suite88
bestAPFD:0.962321
bestSuite:2639,4078,3472,1658,90,4104,3520,3358,3438,553,1825,812,874,1447,305,1539,2356

test suite89
bestAPFD:0.942664
bestSuite:1618,3907,3303,2650,2474,3070,2114,3792,4077,4126,3410,484,1976,877

test suite90
bestAPFD:0.936241
bestSuite:3476,2706,2926,1998,1761,1551,312,3483,1938,933,3577,308,2520,3354,4128,4084,1226,90,2703,1339,3750,3155

test suite91
bestAPFD:0.931306
bestSuite:1618,3298,2347,2947,2036,4074,2356,3803,646,4108,1229,1494

test suite92
bestAPFD:0.950556
bestSuite:3292,1619,1500,1771,2783,1627,3421,3976,4118,4074,3051,506,473,2141,3125,3184,3313

test suite93
bestAPFD:0.931579
bestSuite:1463,2762,312,3323,2989,3112,3793,2211,2138,1919,4097,82,1596,4102,952,974,868,1858,2376

test suite94
bestAPFD:0.962873
bestSuite:2181,4077,2657,391,1805,4117,2336,3752,3920,3765,4009,3001,576,1042,286,1511,2405,2863,2514

test suite95
bestAPFD:0.953694
bestSuite:3239,1618,3688,3955,3343,3142,4117,4094,2720,1066,153,2407,3381,3966,3251

test suite96
bestAPFD:0.947297
bestSuite:1908,1423,3033,4074,3940,1800,846,1647,4104,3016,3977,3336,3187,2750

test suite97
bestAPFD:0.925676
bestSuite:3565,3292,827,849,3216,4084,3688,4105,2430,2788

test suite98
bestAPFD:0.902862
bestSuite:3648,1925,1806,779,1642,3683,1596,2991,2338,4042,3632,3303,259,138,468,4127,4090

test suite99
bestAPFD:0.953885
bestSuite:2524,2986,3227,3753,4090,1244,4119,149,3749,3388,1696,1500,1612,2341,2186,2461

test suite100
bestAPFD:0.946942
bestSuite:3796,1463,3979,3572,1861,3675,3076,2719,923,2630,1792,2568,3878,4085,4128,855,2338,3621,3955

test suite101
bestAPFD:0.950874
bestSuite:3981,1618,1494,2621,3669,642,2684,909,433,2518,4117,4084,1329,2291,2411,2515,3913

test suite102
bestAPFD:0.927663
bestSuite:4026,1499,2291,1392,2073,3636,2926,3745,223,2141,3766,3349,4111,4099,3033,2948,393

test suite103
bestAPFD:0.924483
bestSuite:3688,1481,3010,1478,963,1964,2716,2721,3788,2317,3752,3354,3394,4106,4088,2217,2654

test suite104
bestAPFD:0.925061
bestSuite:2369,1463,2010,2907,646,3976,4072,2229,4112,3920,3975

test suite105
bestAPFD:0.957617
bestSuite:3860,1658,4061,1863,743,1520,924,727,1888,3187,1277,2684,3754,4103,4072,1342,2047,1193,531,2177,3551,3217

test suite106
bestAPFD:0.960210
bestSuite:3786,1896,3292,1637,2749,4130,928,2964,494,2837,605,3888,3302,3435,3562,3197,3941,3476

test suite107
bestAPFD:0.926306
bestSuite:2509,3185,1463,2971,1783,2716,2573,3413,2474,3688,3205,3217,4093,4117,395

test suite108
bestAPFD:0.947059
bestSuite:1908,3662,3647,1749,2150,3895,3184,2849,2568,4096,4122,2769,99,3919,1319,1006,874

test suite109
bestAPFD:0.955912
bestSuite:2786,3267,4075,2547,2354,2566,4118,3909,3398,2926,1634,2956,1169,189,223,2117

test suite110
bestAPFD:0.952297
bestSuite:1947,2098,2502,3322,3364,290,2535,2822,2404,2789,4072,2839,2423,1506,4106,3630,1359,978,1836,484

test suite111
bestAPFD:0.942607
bestSuite:1854,3586,2317,2568,3966,2152,3619,3363,3313,2520,224,4098,1607,4103,3690,3000,1583

test suite112
bestAPFD:0.936261
bestSuite:2768,3883,3860,2896,3752,4046,4073,2393,4121,3187,1528,763

test suite113
bestAPFD:0.925676
bestSuite:3417,2002,907,3403,1677,3398,2373,2209,2262,224,3613,4066,4129,4077,426,2754,3752,3748

test suite114
bestAPFD:0.960731
bestSuite:2786,1908,3719,3516,4072,2658,2164,2514,4104,3071,3317,3527,2150,261,2544,2182,2474

test suite115
bestAPFD:0.953686
bestSuite:2731,1463,900,1972,2729,1731,1720,1479,958,1663,2650,4094,2439,4110,3787,3964,3217,2025,1330,2620,2171,2880

test suite116
bestAPFD:0.934595
bestSuite:1854,3163,2473,3503,3712,2428,3778,3104,4083,224,4128,3755,3493,352,1943

test suite117
bestAPFD:0.919595
bestSuite:3033,3200,1797,3020,3976,2278,2926,2749,4100,4113,2467,283

test suite118
bestAPFD:0.953885
bestSuite:3565,1658,1980,2023,2834,308,4073,4126,2777,172,1698,552,1526,3966,3166,3975

test suite119
bestAPFD:0.925976
bestSuite:2117,3476,3343,2341,712,4002,2554,3752,3582,3640,3700,4099,2283,1443,2193,1486,2862,4124

test suite120
bestAPFD:0.924155
bestSuite:1494,2092,2094,2073,2926,2469,3203,2718,739,1511,4090,993,4114,3977,3905,934

test suite121
bestAPFD:0.938122
bestSuite:3223,1487,1732,1629,1526,4028,3683,2830,2860,3100,2931,3210,4118,3911,4088,2868,304,2798,3537

test suite122
bestAPFD:0.955856
bestSuite:1854,3480,3510,2759,3810,3910,5,391,3649,2964,1411,979,1582,1526,4113,4020,3615,3213,2855,81,1875

test suite123
bestAPFD:0.938031
bestSuite:2254,1854,2071,3033,2665,2084,3320,4095,497,93,1799,4112,56,3803

test suite124
bestAPFD:0.941892
bestSuite:3586,1658,896,732,1601,2186,3276,3283,585,3910,2391,2036,4109,3394,4078,1085,2067,3028

test suite125
bestAPFD:0.946997
bestSuite:3731,2351,814,2363,3338,1960,1744,598,2527,2974,4115,4073,2401,2118,1948,3752,2902,3781

test suite126
bestAPFD:0.967703
bestSuite:2639,4086,1658,737,739,4126,3012,3505,3332,3251,1106,1103,2578,1468,1892,754,1729,1984,142,45

test suite127
bestAPFD:0.958709
bestSuite:3292,983,1805,1726,3456,2610,4074,4118,2023,2818,2934,2849,2026,4005,3303,3526,3502,3050

test suite128
bestAPFD:0.949369
bestSuite:3247,1908,3910,780,3470,3994,3205,4116,4087,580,300,2474,2514,3189,3376

test suite129
bestAPFD:0.942412
bestSuite:2524,1658,1603,3844,4074,1877,2598,4106,3318,3598,1395,2104,1724

test suite130
bestAPFD:0.938649
bestSuite:2222,4079,3911,2639,4103,3138,3008,3476,1509,2604

test suite131
bestAPFD:0.968848
bestSuite:2786,1658,4097,4123,1670,998,3171,3433,3567,1888,2053,1909,193,1565,2961,989,1525,2182,2186

test suite132
bestAPFD:0.950556
bestSuite:3292,1811,663,1512,1864,2215,2621,3788,4109,3669,4098,176,2558,2083,3956,3056,3605

test suite133
bestAPFD:0.948331
bestSuite:1854,3454,3175,3979,2367,2527,3464,3074,2720,2269,4082,4117,3122,2853,1821,769,1551

test suite134
bestAPFD:0.964414
bestSuite:2639,2986,4085,3472,2472,2533,4107,4002,3454,865,2173,1608,1021,2360,759,2199,1751,2953

test suite135
bestAPFD:0.918378
bestSuite:3033,1777,2604,1811,3022,2619,3586,2553,224,3156,3376,4107,4077,3752,3275

test suite136
bestAPFD:0.952872
bestSuite:2986,2351,3251,412,2396,4117,4083,297,389,755,1621,1781,1771,1009,2839,3670

test suite137
bestAPFD:0.948288
bestSuite:3292,1968,1788,3719,3101,3655,4092,3911,4127,2693,2082,2500,2830,3378,3371

test suite138
bestAPFD:0.957468
bestSuite:3292,997,654,1556,1715,2450,1733,4117,3979,4088,1,140,2959,2915,2602,3939,4019,3851,3033

test suite139
bestAPFD:0.951480
bestSuite:1736,3223,3808,3752,2683,3928,474,311,1526,285,3749,4099,1676,1752,4114,3392,671,798,862,858,1918

test suite140
bestAPFD:0.934275
bestSuite:3688,845,1941,783,1805,1724,3683,3133,2435,2418,2576,236,2356,552,3069,4085,4101,2077,562,2300,3537,3713

test suite141
bestAPFD:0.938345
bestSuite:2347,1854,2830,3926,3900,2658,3632,4094,1021,89,2474,1741,4128,468,477,2570

test suite142
bestAPFD:0.924493
bestSuite:3979,2435,746,2016,603,2788,3538,2816,2356,3683,3772,4119,4080,2294,3617,3672

test suite143
bestAPFD:0.947401
bestSuite:2181,1463,2389,3352,4099,1878,4130,3126,3313,1993,2552,2379,2182

test suite144
bestAPFD:0.953770
bestSuite:1947,45,2283,287,2716,2611,93,4082,4128,3547,3687,3438,1045,30,2176,893,639,1459,680

test suite145
bestAPFD:0.921042
bestSuite:4006,2926,3033,2950,652,290,2749,2870,322,1366,3266,4079,4112,526

test suite146
bestAPFD:0.941996
bestSuite:2986,2367,2650,2514,3387,3175,1812,4106,4090,2114,1723,3823,3540

test suite147
bestAPFD:0.950556
bestSuite:2986,2830,4061,2329,3686,3376,2610,1499,785,4082,4123,963,118,1213,57,3403,3180

test suite148
bestAPFD:0.962639
bestSuite:2222,3052,4081,3910,826,2860,4124,3843,3900,2993,3197,3905,3050,295,966,2409,1974

test suite149
bestAPFD:0.944208
bestSuite:1947,3417,4058,3450,3065,570,4099,4106,3403,1104,1902,1808,885,1564

test suite150
bestAPFD:0.933068
bestSuite:2768,3752,3112,2602,2879,2512,3734,3051,4086,2673,657,2104,2314,1946,4125,3872,92

test suite151
bestAPFD:0.941120
bestSuite:1854,3684,3096,2554,3644,1791,2816,3426,4081,4122,2526,3317,642,117

test suite152
bestAPFD:0.941441
bestSuite:2284,3824,3883,3683,3644,3624,4085,153,2114,4116,308,3441,422,671,2177

test suite153
bestAPFD:0.954054
bestSuite:1947,3256,3214,55,2409,2902,4092,2291,1506,4104,3744,3894,3336,1821,886,2176,1678

test suite154
bestAPFD:0.940034
bestSuite:2962,1658,2790,2796,3144,961,4083,2598,2293,2602,4130,2515,3401,33,2480,2004

test suite155
bestAPFD:0.961993
bestSuite:2222,646,4080,1496,814,4110,3165,3621,3887,3567,950,2157,973,1685,2474,2083

test suite156
bestAPFD:0.946997
bestSuite:1908,3688,3370,3359,2840,3926,3084,3672,3268,479,2788,4095,2301,4127,2467,236,949,691

test suite157
bestAPFD:0.965616
bestSuite:2222,2375,3627,4090,1714,4108,3302,3420,3653,3458,666,602,1957,2371,2902,2396,2155,2450

test suite158
bestAPFD:0.965434
bestSuite:2222,4085,1716,2080,1474,4124,99,3469,3964,3499,3918,3471,4042,3332,1730,1481,2925,2271,2931

test suite159
bestAPFD:0.957508
bestSuite:1908,2650,3234,3725,3338,3033,523,4087,701,2205,4128,3469,3788,2670,1934,949,146,2547

test suite160
bestAPFD:0.946453
bestSuite:3981,1658,3796,4006,2184,1673,1553,3428,2749,4109,4093,1557,1262,2584,3252,3808

test suite161
bestAPFD:0.960210
bestSuite:3239,3731,2256,3022,4102,4092,2143,1297,331,1239,3752,3616,3334,3205,3858,3644,3975,3510

test suite162
bestAPFD:0.964350
bestSuite:3288,3669,1947,754,679,3243,3904,4107,4077,1191,1337,2379,440,1973,2089,2696,3962,3953,3966,3605,3332

test suite163
bestAPFD:0.936486
bestSuite:4006,1854,2946,2117,2138,3767,739,3632,2870,4019,4089,4109,1911,2902

test suite164
bestAPFD:0.940721
bestSuite:1947,2685,2512,2195,2256,3492,2892,4082,391,4102,3384,1158,2059,1650,688

test suite165
bestAPFD:0.937162
bestSuite:2336,1719,871,1637,1615,1687,2568,1926,1489,2256,3295,2514,4092,93,2872,4110,3752,3624,2889,2833

test suite166
bestAPFD:0.940034
bestSuite:2552,1658,714,2117,4007,3649,3909,4095,3476,3940,2443,433,4124,3448,134,2866

test suite167
bestAPFD:0.955934
bestSuite:1854,3591,2801,4042,2490,3518,3332,2892,297,55,4098,1257,1627,1795,4115,1275,2350,1402,888,1879,2004,502,344

test suite168
bestAPFD:0.963007
bestSuite:2597,4094,4107,55,2986,3156,3337,1844,1361,2373,830,2381,2374,1721,2716,2117

test suite169
bestAPFD:0.928165
bestSuite:3476,2502,2656,921,734,1786,1798,3752,3691,806,3173,55,2746,4112,4075,255,509,2602,4055

test suite170
bestAPFD:0.960313
bestSuite:2986,2037,3688,3033,1864,2615,3609,4126,4073,2774,1644,56,2443,1940,1808,1224,1689,1555,3788

test suite171
bestAPFD:0.962548
bestSuite:3292,2844,1525,1453,1998,2254,795,3856,3913,2716,4127,4094,1160,312,2313,3602,3829,3831,3779,3544,3834

test suite172
bestAPFD:0.966817
bestSuite:2222,2786,4074,1978,4111,3384,3398,1322,1459,2623,2557,2186,770,989,996,1997,2283,400

test suite173
bestAPFD:0.949009
bestSuite:2425,1618,2449,2926,4093,1972,2598,629,4102,3937,1709,504,2851,2104,1450

test suite174
bestAPFD:0.949730
bestSuite:2181,2768,2997,2966,4099,3940,1709,4122,1481,3683,2716,1700,750,2857,1511

test suite175
bestAPFD:0.952510
bestSuite:3159,1658,3447,2760,3594,3033,709,1856,1903,1473,311,3862,3210,4077,3905,4112,1599,235,1688,2492,3027

test suite176
bestAPFD:0.963275
bestSuite:2222,4094,3352,942,1713,4104,3893,3184,3028,3214,2208,2458,301,1623,2473,2925,2083

test suite177
bestAPFD:0.963007
bestSuite:2597,4078,308,4105,3292,3259,3483,3913,3050,2189,685,2284,1772,1813,322,742

test suite178
bestAPFD:0.952196
bestSuite:2768,3227,1854,3352,4092,3743,3803,1931,1366,1904,4101,2492,3619,3427,1785,2081

test suite179
bestAPFD:0.954204
bestSuite:3669,1658,1752,3175,1435,4064,507,3423,3676,4072,4119,195,2580,2657,2269,3790,3948,3624

test suite180
bestAPFD:0.954054
bestSuite:1947,3669,2174,3268,2896,3882,3976,2996,4076,4104,1989,2213,1913,1765,778,680,1939

test suite181
bestAPFD:0.916501
bestSuite:3085,3683,2399,2775,233,322,3150,3904,678,2338,3905,2708,468,45,3130,4079,4128,2370,3869

test suite182
bestAPFD:0.960541
bestSuite:2597,4098,3472,4102,3292,3438,1333,651,2488,2368,2823,2698,1758,2946,2083

test suite183
bestAPFD:0.953201
bestSuite:3731,3476,1604,999,646,3311,4081,4112,287,778,1832,756,2676,2073,56,2480,3752,3017,3301

test suite184
bestAPFD:0.959610
bestSuite:3565,1947,2904,1524,4108,3895,3910,4099,527,2906,1649,1939,428,2182,2246,3344,3380,3329

test suite185
bestAPFD:0.928617
bestSuite:3186,3572,3796,2234,2174,1435,2502,3470,2515,3752,2598,3126,2984,4103,4091,1056,1572

test suite186
bestAPFD:0.948480
bestSuite:3732,1658,1818,2117,3450,1999,1811,2177,3995,3091,3214,4112,4100,3502,1608,3137

test suite187
bestAPFD:0.966287
bestSuite:2222,2786,3320,4090,3112,1920,2946,4110,3480,3661,3340,60,393,2149,1894,2397,778,2512,2500

test suite188
bestAPFD:0.934708
bestSuite:1463,2243,2624,2759,2716,3157,2431,3243,3911,2973,3989,2331,3888,4074,607,1763,4126,3171,1567

test suite189
bestAPFD:0.965434
bestSuite:2639,4080,1870,646,4114,3464,3399,3907,1908,378,511,762,1433,2120,2304,598,1254,205,2604

test suite190
bestAPFD:0.938156
bestSuite:1854,3819,3175,3048,2983,3657,2114,2763,3332,3020,82,4093,1043,789,4111,1729,964

test suite191
bestAPFD:0.951892
bestSuite:1908,2375,3298,2238,2902,4074,2953,2545,670,4108,3919,54,1362,690,1954

test suite192
bestAPFD:0.956907
bestSuite:2986,3669,3534,2514,2683,1861,556,2256,4119,2964,20,1333,301,920,1724,3660,3344,3145

test suite193
bestAPFD:0.957468
bestSuite:3292,2375,2956,984,1614,1855,934,1815,2363,3825,3796,4093,4122,2959,452,3218,3450,3672,3050

test suite194
bestAPFD:0.944595
bestSuite:3292,692,1502,1913,2473,3341,223,4123,4097,2619,511,2076,2514,3581

test suite195
bestAPFD:0.922475
bestSuite:2073,2089,2967,1704,3580,3209,1871,2439,3594,1731,3752,308,4084,3888,1306,4109,3923,2288,2338

test suite196
bestAPFD:0.945766
bestSuite:1947,3688,2092,3425,3223,3636,2568,3399,2490,4095,4118,3306,1870,1976,1871

test suite197
bestAPFD:0.939803
bestSuite:3239,1947,2789,2610,4126,4097,691,2275,2372,2759,4042

test suite198
bestAPFD:0.955541
bestSuite:1908,2114,2731,3454,3033,260,3765,4091,2749,4123,3800,3126,2537,40,1087,1329,2031,1481,2469,1724

test suite199
bestAPFD:0.949009
bestSuite:2986,2117,2864,2779,1440,3051,4087,4109,2471,2938,2953,2602,2083,3726,3932

test suite200
bestAPFD:0.928547
bestSuite:2084,3669,2987,2716,3644,3713,1902,2358,4074,2926,3000,843,1471,4126,4057,2211

test suite201
bestAPFD:0.942278
bestSuite:1947,3987,2186,2625,2386,4096,99,1014,4125,3439,3753,859,923,1689

test suite202
bestAPFD:0.927177
bestSuite:2071,2182,3683,1910,3609,4062,2982,3204,4084,1166,1827,1860,118,4116,2749,3714,3510,2246

test suite203
bestAPFD:0.951828
bestSuite:1947,2037,3757,3351,3233,3910,130,4084,2839,4107,3113,3146,3557,1933,1974,1432,2246

test suite204
bestAPFD:0.945439
bestSuite:1908,2864,3014,2839,3987,2953,4093,411,4108,223,3515,275,2560,749,1768,1290

test suite205
bestAPFD:0.954204
bestSuite:1947,3250,3283,3910,3976,4077,3683,1467,777,4108,3100,3809,3605,3797,3934,141,1307,497

test suite206
bestAPFD:0.965479
bestSuite:2986,3198,2559,3124,391,1951,4083,4119,1360,901,638,78,1970,1199,2261,1693,2696,3026,3262,3037,3137,2997

test suite207
bestAPFD:0.919970
bestSuite:2799,2449,2970,938,659,887,3702,3581,2141,3767,3195,2926,2964,3527,2839,291,4103,532

test suite208
bestAPFD:0.952807
bestSuite:2222,4095,1840,93,4125,3623,3191,4042,3883,2089,564,2637,2084

test suite209
bestAPFD:0.955105
bestSuite:3292,1796,1986,1742,2604,3922,3402,224,4113,4081,596,2523,2888,2351,2931,3852,3649,3332

test suite210
bestAPFD:0.932848
bestSuite:2731,1618,3623,743,3112,1717,2363,3834,4085,223,4120,3942,2860

test suite211
bestAPFD:0.941335
bestSuite:3576,1658,4006,2505,2016,3185,4068,2360,3252,791,589,4127,4095,2671,1569,1117,3699

test suite212
bestAPFD:0.950556
bestSuite:1618,2363,3626,3087,2127,4,412,4084,3624,1282,4125,3653,1539,1972,1470,1466,2921

test suite213
bestAPFD:0.966572
bestSuite:2222,4079,2660,2941,4122,224,3367,3859,3332,3223,3870,3247,1370,857,2410,2584,1381,24,2696

test suite214
bestAPFD:0.929899
bestSuite:2707,2634,1671,2926,2512,746,980,2514,3346,4086,1509,2501,1362,290,4121,3561

test suite215
bestAPFD:0.942827
bestSuite:1618,2844,4006,3050,2862,2839,4096,4108,3701,4040,1727,1579,1879

test suite216
bestAPFD:0.947466
bestSuite:3292,2690,743,2783,797,2989,2970,3913,4110,3979,4094,2835,2929,613,2269,3165

test suite217
bestAPFD:0.954372
bestSuite:3292,829,1699,1526,3570,3356,2749,4089,4103,1131,2687,2137,2114,2796,2698,2514,3449

test suite218
bestAPFD:0.953303
bestSuite:3292,1762,1647,799,1968,937,924,3644,4074,4119,3940,2196,1356,2684,4069,3469,3283,3883

test suite219
bestAPFD:0.927872
bestSuite:1463,3101,2769,151,2789,1818,3766,424,3071,4086,224,1774,70,4129,1555,2376

test suite220
bestAPFD:0.952782
bestSuite:1947,3268,3891,4099,2711,570,2574,4102,3304,3803,4038,1831,1939,1864,1676,1849,2458

test suite221
bestAPFD:0.947568
bestSuite:3292,2844,1995,794,1612,1633,1713,3764,3187,3808,4089,4110,2315,2335,3343

test suite222
bestAPFD:0.948818
bestSuite:1618,2037,3855,4046,3222,3352,597,4089,3803,4104,322,818,964,341,1010,1884

test suite223
bestAPFD:0.958430
bestSuite:3292,1877,976,667,811,2071,3655,3006,3272,4130,3352,4087,2802,457,417,1241,2395,2436,2810,2500,2839

test suite224
bestAPFD:0.954054
bestSuite:2637,1658,2010,2665,3534,1587,4038,4074,1930,4125,149,4042,3624,3808,2454,1080,1009,286,2077

test suite225
bestAPFD:0.932924
bestSuite:3565,1618,3694,2950,2509,3910,4080,4106,826,3319,3788

test suite226
bestAPFD:0.959459
bestSuite:1618,3688,2073,2513,2783,3053,2773,4086,2729,4124,2602,2023,1007,1469,2207,422,2795,1744,828

test suite227
bestAPFD:0.952146
bestSuite:3565,1840,3470,1754,589,2568,2988,2926,4128,4092,2374,958,3064,3531,3947,3056,3197

test suite228
bestAPFD:0.966081
bestSuite:2222,4094,3565,1017,676,751,4107,2749,3243,3705,3870,3681,3438,2820,2570,2240,1800,992,1624,2271

test suite229
bestAPFD:0.912838
bestSuite:2450,1896,1463,3656,1903,3734,2533,1770,3692,4075,4130,93

test suite230
bestAPFD:0.968784
bestSuite:2786,1658,4096,2576,660,1919,4124,3378,2968,3812,4017,3624,3421,85,709,681,1674,2080,2064,2729

test suite231
bestAPFD:0.943879
bestSuite:1947,3205,3032,2474,106,2147,130,424,2716,93,4096,1530,1796,759,4121,3552,625

test suite232
bestAPFD:0.940748
bestSuite:1618,3316,3636,3101,2598,2291,4078,4126,3918,3957,1078,225,1595

test suite233
bestAPFD:0.961519
bestSuite:1908,2375,3343,2729,3497,2973,2061,240,2092,4086,1693,1686,1606,4105,3559,3966,1021,1629,2455,925,2872

test suite234
bestAPFD:0.961367
bestSuite:2181,3669,4072,1830,4112,1829,3752,3832,3599,3533,3928,3332,273,2020,384,1711,2221

test suite235
bestAPFD:0.951520
bestSuite:3678,1487,1724,2439,3069,4113,4093,3979,2926,969,131,2325,727,3369,3225,3268

test suite236
bestAPFD:0.957752
bestSuite:2425,2986,3033,3860,912,3942,3904,4098,1158,1621,811,1678,2915,4130,3473,3577,1922,897,2484

test suite237
bestAPFD:0.947466
bestSuite:3292,1810,1605,2254,2327,2377,2729,2716,149,4105,4084,2547,2567,2492,3419,4014

test suite238
bestAPFD:0.966572
bestSuite:2222,4075,1603,2639,468,4110,3897,3020,3803,3808,1,2781,2845,1500,1728,460,995,1262,1473

test suite239
bestAPFD:0.914093
bestSuite:3033,1951,2716,1728,2568,2926,24,3440,1239,93,4123,4093,1168,2596

test suite240
bestAPFD:0.955326
bestSuite:1618,3688,3268,2502,2194,3496,3792,4091,4104,3596,1952,2692,783,1846,1815,1849,69

test suite241
bestAPFD:0.927027
bestSuite:3780,693,1799,2246,505,2779,2321,2860,3752,3911,4112,3490,3313,4079,294,2594,4046

test suite242
bestAPFD:0.932432
bestSuite:2597,3527,2964,4125,3220,3438,3033,2926,1215

test suite243
bestAPFD:0.949921
bestSuite:1908,2729,3008,3234,2527,2196,2080,4077,3940,1676,1848,4124,3387,1720,330,1548,1858

test suite244
bestAPFD:0.944324
bestSuite:1854,3447,3283,2953,3182,2269,2598,4097,4103,3231,2292,1571,587,762,2585

test suite245
bestAPFD:0.945045
bestSuite:1618,3033,2840,4042,2204,3527,2249,2531,4086,4115,3017,1617,404,1738,1789

test suite246
bestAPFD:0.945777
bestSuite:2731,835,1939,3403,1951,684,3688,4090,4123,3752,3290,3768,3268,522,2590,1198

test suite247
bestAPFD:0.954459
bestSuite:1908,2966,2336,4041,3144,848,2830,4091,1268,1828,2021,2371,4130,311,3285,1221,1690,871,2283,2512

test suite248
bestAPFD:0.963911
bestSuite:2222,3051,4087,2281,4122,3675,3506,3210,3577,3313,214,2471,2109,1985,2858,137,2439

test suite249
bestAPFD:0.963911
bestSuite:2222,4073,3732,4127,1422,739,391,3258,3447,3456,87,1039,2677,1470,2790,2866,2338

test suite250
bestAPFD:0.944381
bestSuite:2509,2215,1608,2056,646,970,3251,1478,633,3510,2926,4080,2243,484,4112,3406,456,1217,334

test suite251
bestAPFD:0.966817
bestSuite:2222,2786,4080,1667,4109,3605,3765,3702,2981,3681,3303,3808,485,1897,641,975,267,1526

test suite252
bestAPFD:0.946942
bestSuite:1854,3510,3843,312,2845,308,4097,2291,1928,4104,314,3262,641,2250,892,2322,679,1751,916

test suite253
bestAPFD:0.958277
bestSuite:2181,1463,3688,4094,97,980,1480,4114,3642,3071,3782,3848,3476,1988,2217,1530

test suite254
bestAPFD:0.940991
bestSuite:3860,709,3623,1884,1955,3778,3788,2926,3935,2194,2269,3958,4074,4117,280,2668,2171,1180

test suite255
bestAPFD:0.945777
bestSuite:1947,2624,2363,3459,2269,2083,3369,2964,93,1445,4106,35,1635,682,1812,1990

test suite256
bestAPFD:0.959099
bestSuite:2222,4056,4082,4107,290,3819,3993,1088,2843,1662,695,2417,2458,2338,2788

test suite257
bestAPFD:0.962331
bestSuite:2222,3979,4090,1713,2425,4108,2716,3032,3600,3175,3432,1148,688,2040,2586,2775

test suite258
bestAPFD:0.941892
bestSuite:1947,3501,3198,3101,3940,2525,3339,4095,4116,3803,779,2013,778,1720

test suite259
bestAPFD:0.907862
bestSuite:2842,3020,1463,2971,2502,847,2509,3236,4078,82,4111

test suite260
bestAPFD:0.959054
bestSuite:3565,2986,2567,647,2346,1522,1634,82,4111,3632,4074,1134,1224,1180,942,3215,3055,4063,3720,3888

test suite261
bestAPFD:0.950491
bestSuite:3576,4006,1463,4,2926,924,3341,2780,2173,2197,2017,1753,223,4117,2964,1150,1391,2309,1430,2376,2602,3490

test suite262
bestAPFD:0.922297
bestSuite:4006,1463,2834,2650,1960,3033,4068,2193,778,4071,4120,4077

test suite263
bestAPFD:0.972113
bestSuite:2222,3979,3459,4099,2327,4115,3426,3218,3969,3607,3720,3887,1501,2562,1938,2815,2903,2632,833,2287,2502,2338

test suite264
bestAPFD:0.945302
bestSuite:1758,2926,2512,2271,21,2515,1169,404,117,3527,2486,2761,4090,1669,1436,4130,3980,1347,1975,797,909

test suite265
bestAPFD:0.939279
bestSuite:4006,1854,3784,2037,3858,714,2716,3719,55,2974,4096,4108,2124,1824,2241

test suite266
bestAPFD:0.947128
bestSuite:1908,2966,3398,2729,3703,2500,2084,3940,4077,1832,1587,4120,1252,2513,865,1496

test suite267
bestAPFD:0.946697
bestSuite:1854,2925,3712,3112,2788,3996,3351,2971,3064,2610,4084,1252,2333,4121,177,1799,1278,707

test suite268
bestAPFD:0.951201
bestSuite:1908,3688,2415,2711,3367,2086,2724,2092,4096,2017,1579,4102,3654,3519,3577,754,2751,2458

test suite269
bestAPFD:0.950300
bestSuite:1618,2450,3421,3551,3332,3527,2067,3515,4099,4119,1884,574,2394,1720,828,626,1428,2050

test suite270
bestAPFD:0.961261
bestSuite:2222,3979,4088,4125,2166,4055,3314,3332,3655,2910,2248,1162,1913,848,2178

test suite271
bestAPFD:0.953303
bestSuite:3292,743,1007,1829,1790,864,2983,3577,4107,3472,4096,2503,113,603,2372,2083,3230,3847

test suite272
bestAPFD:0.929955
bestSuite:1618,2417,3165,2604,3997,2773,2598,2933,4100,4128,1849,1675

test suite273
bestAPFD:0.920374
bestSuite:4006,3347,1666,2926,2155,739,3854,3004,322,4076,4129,3797,3510

test suite274
bestAPFD:0.954826
bestSuite:2572,2155,2926,743,2502,4081,843,1071,99,513,2356,4129,3696,3387,36,2754,1282,407,1388,1682,2526

test suite275
bestAPFD:0.954690
bestSuite:3292,3732,1798,1759,1638,1435,3403,290,3860,4084,4109,2274,2922,2469,2092,3546,3340

test suite276
bestAPFD:0.958188
bestSuite:3565,2650,3292,1944,2425,4072,3457,3740,3223,4115,531,1834,978,2696,3251,3282,3129

test suite277
bestAPFD:0.948967
bestSuite:1908,3191,2389,3332,2320,3032,4073,2316,4119,55,3700,898,516,664,752,1750,1526

test suite278
bestAPFD:0.956907
bestSuite:2986,2757,2077,3808,589,2527,3601,4122,4096,2310,2521,1251,1980,135,97,1865,2953,3470

test suite279
bestAPFD:0.934966
bestSuite:1908,3028,2185,3421,2080,3716,3345,4085,2120,164,1449,4117,589,3403,1376,1619

test suite280
bestAPFD:0.932207
bestSuite:1618,3458,3256,2420,3409,3313,311,4072,4126,740,816,2480

test suite281
bestAPFD:0.959459
bestSuite:2986,4061,2347,3774,1528,3940,4089,4101,1831,2188,1188,2548,1880,414,1677,1687,2729,3000,3112

test suite282
bestAPFD:0.964630
bestSuite:3292,3731,1350,682,2501,1579,1769,946,1655,2174,2474,4113,4076,1370,1389,2436,509,2500,3177,4060,3130,3804,3510

test suite283
bestAPFD:0.945195
bestSuite:1618,4008,2367,3644,3492,3450,3956,3605,2709,400,4078,3520,3273,55,4123,3613,805,1926

test suite284
bestAPFD:0.949936
bestSuite:1658,2372,3534,3757,2500,3285,2546,3043,3051,3373,3803,4077,2119,1510,4116,3491,3561,702,218,1606,2011

test suite285
bestAPFD:0.951828
bestSuite:1618,2568,3421,2527,4083,91,2193,99,4114,3633,1522,1603,2935,1509,917,2006,1539

test suite286
bestAPFD:0.953303
bestSuite:3292,1012,926,1836,2601,3101,3803,3112,3051,4086,4102,575,2795,3805,4023,4021,3469,3754

test suite287
bestAPFD:0.958378
bestSuite:2222,3393,3352,4090,1980,4106,3504,3187,3334,440,868,23,1332,2439,2515

test suite288
bestAPFD:0.941653
bestSuite:3860,1815,1757,1943,636,1937,4042,3050,3683,3198,3549,4096,4101,566,2868,2204,3529

test suite289
bestAPFD:0.958687
bestSuite:1947,3763,3825,4005,646,2083,3708,3847,3689,4077,874,761,744,4107,3231,3514,3803,2888,2766,2809,1669

test suite290
bestAPFD:0.904223
bestSuite:2271,3138,1776,2291,1949,707,1904,1099,1542,2092,3624,2926,570,3619,2964,4111

test suite291
bestAPFD:0.932432
bestSuite:2533,1658,2675,1506,3208,3268,826,879,3927,3940,4073,906,4113,3905,284

test suite292
bestAPFD:0.958687
bestSuite:1947,3447,2092,2650,3223,3938,3078,3671,3115,2040,4074,1452,2754,4109,4025,1935,732,901,2600,530,2246

test suite293
bestAPFD:0.917793
bestSuite:1658,2604,3757,2076,3984,3131,4074,646,1009,4118,2478,996

test suite294
bestAPFD:0.942399
bestSuite:3883,1658,1896,840,1984,2389,2174,1724,224,3274,4118,4097,373,3765,3423,3502

test suite295
bestAPFD:0.938889
bestSuite:1658,3819,2931,3510,2148,2067,3149,1793,3002,3882,4060,3911,4082,4110,1716,1084,1585,1724

test suite296
bestAPFD:0.934096
bestSuite:2650,1658,3091,1596,2376,3891,1338,4077,1410,4129,3481,1249,539

test suite297
bestAPFD:0.946911
bestSuite:3292,1960,980,1724,1712,93,4119,4079,2665,2121,2216,2839,3552,3516

test suite298
bestAPFD:0.957973
bestSuite:3292,1911,1827,2260,1797,2011,2215,3655,82,4128,4075,2406,271,2180,2559,3948,3914,3208,3174,3398

test suite299
bestAPFD:0.908301
bestSuite:3784,3863,2866,2749,1676,2269,3269,2926,1161,450,3552,4114,4087,4042

test suite300
bestAPFD:0.943604
bestSuite:2375,3229,4006,2367,1658,2157,1604,2984,4076,1003,2769,4110,3294,2573,305

test suite301
bestAPFD:0.971130
bestSuite:2222,4100,1472,957,224,4120,3222,3198,3462,3577,2081,1135,1860,213,1464,2551,653,1193,547,1913,2365,2839

test suite302
bestAPFD:0.923142
bestSuite:3576,3268,3882,3531,3976,694,1421,1013,2964,3686,3940,4107,568,2312,2097,3752

test suite303
bestAPFD:0.933398
bestSuite:2768,3683,3639,1771,2633,3294,4098,1920,1399,4114,224,3438,3510,2952

test suite304
bestAPFD:0.958018
bestSuite:2639,2786,2986,4088,832,4116,3587,3510,2578,1360,1835,235,2811,1761,2246

test suite305
bestAPFD:0.944595
bestSuite:3855,3669,2926,102,2564,3743,3388,1608,744,1687,544,2356,3859,3384,4128,4079,96,3199

test suite306
bestAPFD:0.952464
bestSuite:3292,2531,917,862,2601,2502,1658,99,4128,4092,2427,368,2207,271,3432,3813,3363

test suite307
bestAPFD:0.944595
bestSuite:1854,2170,2186,564,2077,3337,3527,3332,4086,1166,2183,4109,3516,3416,214,1617,911,2487

test suite308
bestAPFD:0.921042
bestSuite:3033,836,2650,1785,2376,3144,3892,2558,2863,3725,4108,2964,2602,3752

test suite309
bestAPFD:0.959910
bestSuite:2986,3191,3688,2077,2718,2964,4127,606,1831,945,1418,1103,2083,2953,3968,2979,3989,3337

test suite310
bestAPFD:0.952973
bestSuite:2986,3684,2347,3527,4100,4120,1771,1683,100,2274,2448,772,1526,2338,3269

test suite311
bestAPFD:0.924483
bestSuite:3112,2926,2204,2778,2796,93,419,1589,1980,1288,1432,2803,3905,4117,4080,1304,3231

test suite312
bestAPFD:0.943758
bestSuite:2117,3623,3181,2926,3124,699,3493,4084,3472,307,2452,828,1336,1608,4114,3293,3345,2556,347,1402,2338

test suite313
bestAPFD:0.927606
bestSuite:2084,3136,1597,1776,2363,3332,4087,2926,1810,2866,93,4111,3792,193

test suite314
bestAPFD:0.948649
bestSuite:1908,2514,3805,931,4009,3457,4095,2151,2316,646,4123,3660,3187,1433,923,966,312

test suite315
bestAPFD:0.953885
bestSuite:2697,2986,3757,3051,4097,623,792,1955,2788,2182,4129,3961,3676,1997,295,2902

test suite316
bestAPFD:0.936415
bestSuite:3883,1781,994,1451,3976,2380,2770,2757,1229,2675,55,4079,4124,2849,13,2416,3752,3992,3521

test suite317
bestAPFD:0.930843
bestSuite:2117,3476,1463,946,2485,1596,3582,4086,2599,1737,1969,2602,1873,869,4103,55,462

test suite318
bestAPFD:0.950601
bestSuite:1908,2231,2146,3155,2314,4092,3472,2568,235,2354,4109,3503,4046,1576,1511,626,1140,2447

test suite319
bestAPFD:0.915372
bestSuite:3033,795,713,1673,3662,3655,3688,2328,1414,2439,3338,4108,3919,4075,2618,3752

test suite320
bestAPFD:0.944426
bestSuite:2254,1618,2778,1998,934,3540,3695,4095,2754,824,2554,4111,3800,3655,2282,2514

test suite321
bestAPFD:0.919884
bestSuite:3860,712,843,1490,630,2533,3251,2527,3683,2633,1027,2902,4097,4130

test suite322
bestAPFD:0.942492
bestSuite:2117,1658,3683,3685,1764,1877,2018,2104,3605,4095,4109,797,2835,224,3881,3150,206,1931

test suite323
bestAPFD:0.945045
bestSuite:2524,1613,3738,3910,3796,4081,1710,4128,3752,3850,3736,3248,2501,790,2473

test suite324
bestAPFD:0.941017
bestSuite:2925,1658,2971,1639,1836,2363,1133,1892,1761,2549,4079,2837,4127,2610,20,1074,2839

test suite325
bestAPFD:0.945519
bestSuite:3356,2805,3683,3911,1872,2560,2740,1724,3393,3105,3894,3090,4085,4123,340,2626,921,1455,3332

test suite326
bestAPFD:0.960882
bestSuite:2524,1854,3352,3702,3343,4097,2483,1587,2486,1547,4112,3770,3065,3066,3438,1504,2263,1262,151

test suite327
bestAPFD:0.921622
bestSuite:2986,3669,3275,2973,4113,4098,2936,3207,3976

test suite328
bestAPFD:0.954204
bestSuite:1618,3376,2037,3501,3144,3352,2449,4088,2269,1291,4121,3893,3993,170,1994,658,1674,2316

test suite329
bestAPFD:0.936655
bestSuite:4006,3883,2273,874,1772,3352,1986,3752,3150,3303,4112,4095,67,2028,1139,151

test suite330
bestAPFD:0.957552
bestSuite:3292,2375,1891,1695,1985,1976,2564,4127,4078,2182,2023,2856,2373,2492,3103,3192,3510

test suite331
bestAPFD:0.924570
bestSuite:1854,2649,3979,2082,3054,3978,2788,2716,4089,4125,1222

test suite332
bestAPFD:0.962285
bestSuite:2425,1854,3989,3379,4096,4130,675,741,2216,1631,2554,2729,3489,3389,3901,1826,535,1384,655,906,2534,2698

test suite333
bestAPFD:0.947928
bestSuite:1618,3688,3398,3144,4043,3111,3976,2165,4093,4115,351,896,2643,1965,1675

test suite334
bestAPFD:0.967162
bestSuite:2222,3441,3830,4082,4120,2601,82,3130,3600,1475,1755,622,2635,1193,961,235,2165,2216,1526,2083

test suite335
bestAPFD:0.943812
bestSuite:2071,1658,2847,2461,3376,2999,899,866,910,2964,1033,1483,1538,4117,93,3986,3616,3788,369

test suite336
bestAPFD:0.925676
bestSuite:2621,1658,3472,4091,793,2580,2847,4118,3697,2568

test suite337
bestAPFD:0.944764
bestSuite:1908,2533,3560,2982,2500,3705,4095,1803,55,4124,3683,3687,3175,1552,2901,664

test suite338
bestAPFD:0.920946
bestSuite:2264,3752,1547,1623,2515,1493,2696,2314,2796,2627,1130,1688,3478,3867,3319,2610,4087,1,4129,3178

test suite339
bestAPFD:0.945777
bestSuite:1947,2830,2649,2509,353,2229,99,4095,2953,837,4121,3327,3174,835,314,862

test suite340
bestAPFD:0.959459
bestSuite:3292,3732,1504,697,1476,1672,1427,2515,2568,4076,4121,320,1159,2216,3166,3531,3277,3197,3824

test suite341
bestAPFD:0.933919
bestSuite:3329,2527,2409,3683,2514,3303,719,2604,3250,3230,860,1532,1362,82,3412,4076,4130,133,147,56

test suite342
bestAPFD:0.917879
bestSuite:3623,2215,3033,2926,3296,3258,773,775,990,308,2964,4128,3577

test suite343
bestAPFD:0.957508
bestSuite:2524,1947,3956,3352,2273,3493,4091,1015,1723,1577,4126,3536,3303,3520,62,2829,2836,2564

test suite344
bestAPFD:0.922973
bestSuite:1650,2502,3101,3808,2926,2759,238,391,1104,2853,825,4100,714,752,1573,4111,2674,722

test suite345
bestAPFD:0.961794
bestSuite:2986,2673,2362,2336,603,2512,2610,2756,2380,4113,4091,12,1757,1693,102,1768,2656,2138,2338,3921,3058,3167

test suite346
bestAPFD:0.946453
bestSuite:1618,2781,2271,3581,3472,440,2788,4085,4101,2996,2587,1928,805,1464,732,2894

test suite347
bestAPFD:0.949155
bestSuite:1908,3677,3272,4096,2186,4128,704,1606,1884,2847,739,570,3826,3520,726,2285

test suite348
bestAPFD:0.937838
bestSuite:1658,3225,3979,2472,3452,3268,3251,4038,1944,2028,4083,4123,1982,766,676

test suite349
bestAPFD:0.953547
bestSuite:3565,2155,2147,2610,4092,4121,2537,2603,2281,752,1135,990,3752,3758,3175,3340

test suite350
bestAPFD:0.948142
bestSuite:1618,2420,2117,2926,3318,3051,4072,1317,4108,3658,3955,1879,1746,863,221,966

test suite351
bestAPFD:0.965916
bestSuite:2222,3732,4089,2752,4111,3250,3834,3906,3165,3624,3332,1688,242,109,935,2637,1926,2363

test suite352
bestAPFD:0.951757
bestSuite:1947,3364,2500,3804,3200,224,2291,2902,4088,2910,2330,4114,3617,63,2854,2004,2825,1334,1822,1793

test suite353
bestAPFD:0.971130
bestSuite:2222,3441,2964,3459,2598,4114,3751,3203,3058,3658,3601,3848,3187,2160,821,1782,1827,2570,558,2956,2560,2830

test suite354
bestAPFD:0.942412
bestSuite:3239,1908,2368,1482,2336,55,4112,3033,4095,2360,3249,3695,3655

test suite355
bestAPFD:0.948331
bestSuite:3796,1854,3572,1480,3910,890,1610,2559,924,2515,3213,4119,4091,2127,624,186,3175

test suite356
bestAPFD:0.967162
bestSuite:2222,3618,4083,3033,1018,55,4120,3485,3341,1290,620,858,1282,2607,700,1500,2041,2205,1544,2450

test suite357
bestAPFD:0.949324
bestSuite:2084,1854,3050,3874,2568,3938,896,3995,4094,3320,3005,920,750,624,149,4111,3873,3984,3032,3384

test suite358
bestAPFD:0.954339
bestSuite:1618,2842,2141,3268,3342,3522,3527,3552,3388,4076,4103,3905,744,951,2825,1482,1586,1617,815

test suite359
bestAPFD:0.933704
bestSuite:2601,1781,2716,4095,3914,1806,629,1509,391,818,4108,3683,3420,1195,2421,313,2512

test suite360
bestAPFD:0.958172
bestSuite:1854,3303,3249,3431,161,4077,3803,2749,2276,1910,1978,1346,2526,4115,3164,3231,2557,651,2866,854,1841

test suite361
bestAPFD:0.967141
bestSuite:2222,3732,4077,1840,1658,4113,4062,3580,3099,3175,4046,982,2553,1847,1036,2296,1824,2059,1800

test suite362
bestAPFD:0.945405
bestSuite:3565,3471,909,1623,2729,2554,3636,4108,4094,2926,669,2080,663,2559,3498

test suite363
bestAPFD:0.940347
bestSuite:1947,3883,3191,3298,2084,3480,3051,4093,2953,2455,4123,3461,3231,932

test suite364
bestAPFD:0.920946
bestSuite:1658,3686,2205,2568,2318,1787,2938,468,4074,4102,1055,1693

test suite365
bestAPFD:0.939575
bestSuite:1854,2155,2842,3975,3862,739,2714,4092,2729,4118,3180,1796,2910,1653

test suite366
bestAPFD:0.914054
bestSuite:3892,3112,887,3888,2926,2706,3561,2724,570,4125,4100,3624,2087,2889,122

test suite367
bestAPFD:0.969417
bestSuite:2222,3688,4098,4110,1927,2966,4006,3605,2139,2573,1254,2757,1905,2213,820,944,1944,695,2839

test suite368
bestAPFD:0.929106
bestSuite:3883,1658,979,785,3021,3644,34,2649,93,4070,4084,4124,1066

test suite369
bestAPFD:0.959459
bestSuite:1854,3688,3501,591,2942,3456,3523,596,4077,3625,2902,2961,1322,4107,3705,3946,1071,1238,1697,1704,2927,1425,2810

test suite370
bestAPFD:0.970270
bestSuite:2222,3979,3911,4093,676,1428,4113,3663,1353,207,1855,804,523,1545,2627,2561,1728,2527,2243,2830,2376

test suite371
bestAPFD:0.965183
bestSuite:2222,3688,4097,3786,4123,3537,3666,3988,330,2274,1575,759,283,2089,2801,2269,2450

test suite372
bestAPFD:0.951802
bestSuite:1947,2275,312,3573,3003,4098,2785,3577,224,4128,3582,2793,922,680,1844,2101,1841,1421

test suite373
bestAPFD:0.954899
bestSuite:2524,1947,2993,4088,4105,755,2622,1644,224,3334,2569,1092,2248,552,1823,2186

test suite374
bestAPFD:0.967710
bestSuite:2222,3802,4087,308,4106,1618,3344,3065,3287,1242,2414,2419,1434,2474,2827,2634,1427,2157,2527

test suite375
bestAPFD:0.961655
bestSuite:2222,4084,3732,4121,1668,3501,3456,1294,2664,1726,2515,1633,2170,2121,2113,213

test suite376
bestAPFD:0.952347
bestSuite:3292,701,1936,1847,655,2246,2604,1947,3104,3266,2610,4092,4130,2288,1329,2042,2834,3457,4046

test suite377
bestAPFD:0.936396
bestSuite:1854,2417,2509,4028,3419,3014,1791,4073,2749,1777,4102,3842,768,1724,1865

test suite378
bestAPFD:0.936248
bestSuite:1658,4011,3360,3662,3268,2788,701,547,2964,589,896,4126,3487,1486,1692,2183,2281

test suite379
bestAPFD:0.921396
bestSuite:3780,1463,2450,1797,2844,3007,2362,3802,2368,4122,4084,3332

test suite380
bestAPFD:0.959595
bestSuite:3292,1973,847,2515,2450,3631,3626,4097,3979,4107,488,2638,2683,2121,2732,2458,3056,3466,3296,3870

test suite381
bestAPFD:0.951828
bestSuite:1947,2336,2844,2502,3737,3943,3296,513,4099,668,4129,4032,3231,3079,2387,1775,2828

test suite382
bestAPFD:0.918340
bestSuite:2601,3033,3456,1974,3500,3213,3378,4096,3472,2804,1998,4111,3683,3164

test suite383
bestAPFD:0.917806
bestSuite:4039,2194,2251,2474,3752,4069,3030,3054,4030,2307,2083,2598,1843,1535,4110,4095,1198

test suite384
bestAPFD:0.932432
bestSuite:4007,1658,1597,1460,705,1672,722,1584,2804,2568,2060,2492,3349,311,4103,2964,2134

test suite385
bestAPFD:0.956178
bestSuite:2222,3922,3472,4094,4117,3785,3945,3502,3050,1722,2728,995,2714,2564

test suite386
bestAPFD:0.934234
bestSuite:3417,1658,3876,1475,2273,3655,2406,2061,311,3439,3725,4072,4122,1242,2150

test suite387
bestAPFD:0.931982
bestSuite:1463,2915,3251,2177,3848,2527,2554,2233,4097,334,1731,698,4101,1100,2412,1489,864,774

test suite388
bestAPFD:0.956178
bestSuite:2222,4073,1423,391,4109,3663,3268,3803,970,2160,608,2372,1726,924

test suite389
bestAPFD:0.954054
bestSuite:2524,1658,2491,3892,4081,2951,963,4117,2660,55,3342,3572,3347,292,2676,1313,2953

test suite390
bestAPFD:0.933615
bestSuite:3033,1849,3234,3887,1555,955,2650,2953,1485,3683,4098,4123,2525,561,2809,1055

test suite391
bestAPFD:0.957234
bestSuite:1908,3860,2694,2849,2374,3421,4084,2275,4128,3962,3349,4040,253,1306,1861,1512,2480

test suite392
bestAPFD:0.914696
bestSuite:3343,2363,1765,2415,1905,3900,2092,3351,3919,1290,223,1112,2732,4074,4125,3752

test suite393
bestAPFD:0.915580
bestSuite:2174,3133,3683,2589,1431,34,2880,1403,2330,2788,3527,2573,2515,1813,4077,4101,56

test suite394
bestAPFD:0.945101
bestSuite:2697,3796,2490,3683,4061,3725,4096,1554,1559,4125,646,3510,2693,1470,543,2291

test suite395
bestAPFD:0.966572
bestSuite:2786,3337,2964,2020,1012,4121,3683,3566,3427,3854,603,2756,912,2705,1458,1943,2480,2356,2298

test suite396
bestAPFD:0.912613
bestSuite:2417,1463,2512,986,3066,1451,978,2926,3725,2399,4087,2454,149,4101,232

test suite397
bestAPFD:0.917199
bestSuite:3528,2564,1845,2177,2658,3752,708,149,4081,4116,2902

test suite398
bestAPFD:0.909673
bestSuite:3483,843,867,773,997,1553,1660,3175,2547,3364,2669,4047,149,2247,3752,4079,4105,2871,3510

test suite399
bestAPFD:0.942607
bestSuite:2834,1804,3808,2773,1687,1792,2376,3675,4073,2554,3752,4124,3281,3819,2677,2617,411

test suite400
bestAPFD:0.940315
bestSuite:3565,1908,2072,687,468,4115,4091,900,2085,637,3407,3577

test suite401
bestAPFD:0.945270
bestSuite:2786,3247,1658,3112,4082,1615,2752,4105,3088,3223,1076,2502

test suite402
bestAPFD:0.958953
bestSuite:2166,1947,3979,4077,1457,400,4110,3400,3729,3246,3174,3456,3112,436,1941,2100

test suite403
bestAPFD:0.946847
bestSuite:2986,2584,2469,3066,2598,1543,4100,4107,807,1888,1959,1795,672,2246,3386

test suite404
bestAPFD:0.934985
bestSuite:1658,312,1457,1525,2115,3564,3332,3803,4085,646,1201,4109,3705,1553,805,720,2414,1559

test suite405
bestAPFD:0.950925
bestSuite:1908,3334,2347,3694,2515,820,3921,3454,2630,3472,4074,701,804,1662,705,4112,3187,1917,225

test suite406
bestAPFD:0.949831
bestSuite:1618,3860,3223,3838,2186,3941,3011,3605,2515,4095,4110,3266,3746,756,1735,1517

test suite407
bestAPFD:0.928679
bestSuite:2336,1502,2975,1523,1526,2842,3425,2926,4097,1290,2539,341,1239,2610,4108,3682,3332,24

test suite408
bestAPFD:0.927778
bestSuite:2634,2987,1875,734,3808,3438,3476,3318,3352,3885,4058,4095,2078,2399,4113,3752,2587,526

test suite409
bestAPFD:0.926536
bestSuite:2524,3979,2783,3428,3907,4095,4111,1518,3752,3533,2502

test suite410
bestAPFD:0.951182
bestSuite:3565,1463,673,849,3910,4082,3524,4108,755,2531,750,34,2564,3792,3695,3273

test suite411
bestAPFD:0.949831
bestSuite:3247,1658,3223,826,2495,412,2363,3956,3926,4129,4081,119,1852,2525,3993,3808

test suite412
bestAPFD:0.962321
bestSuite:2786,3136,4079,1463,2441,4121,2449,3662,3891,3639,97,349,1659,2197,1529,2469,2716

test suite413
bestAPFD:0.941971
bestSuite:3979,1658,2863,2092,1926,670,2599,3003,3888,2508,2605,3514,4078,4102,209,531,2213

test suite414
bestAPFD:0.950450
bestSuite:2524,1658,1736,2650,3200,4079,3632,2634,4119,3456,2664,1201,2858,2199,2241

test suite415
bestAPFD:0.902079
bestSuite:3476,3124,939,1486,899,1707,2599,3913,2554,3683,3872,4098,4110

test suite416
bestAPFD:0.956178
bestSuite:2786,1854,4086,1732,1811,4126,3743,3398,3090,3251,719,2018,540,840

test suite417
bestAPFD:0.940360
bestSuite:1908,2933,2182,2331,3077,3996,3581,2741,4098,391,4125,926,2512,417,2283

test suite418
bestAPFD:0.955105
bestSuite:3292,1555,1984,751,1002,3999,3788,308,4130,4099,2148,2815,81,2083,2194,3725,3601,3605

test suite419
bestAPFD:0.969095
bestSuite:2986,2377,3051,3072,4093,4125,3644,2108,1938,953,2322,1803,1387,249,2313,2296,1015,2120,1794,1139,1777,3804,3332

test suite420
bestAPFD:0.959595
bestSuite:3292,957,856,1750,2568,2997,3808,3051,4107,4078,2959,2223,2684,436,2775,3595,3357,3467,3230,3383

test suite421
bestAPFD:0.936036
bestSuite:3356,2572,2509,3444,2926,2187,946,2083,290,3976,4085,4101,1898,514,634

test suite422
bestAPFD:0.951502
bestSuite:3292,1878,1814,1592,738,2707,3163,3913,3808,3860,4109,4087,203,2868,2605,2825,4046,3691

test suite423
bestAPFD:0.959910
bestSuite:2986,2494,2554,679,4105,3943,4087,1853,573,944,1647,699,3324,3112,3232,3552,3816,3403

test suite424
bestAPFD:0.947052
bestSuite:2082,3251,1795,3774,3919,3376,1463,1837,2830,1250,665,1576,1522,1712,4091,149,4109,3566,3522,1322,204,209

test suite425
bestAPFD:0.942827
bestSuite:2425,1854,3323,3568,4072,4123,2200,93,3049,3050,1687,1668,2788

test suite426
bestAPFD:0.951532
bestSuite:3678,1463,1459,1777,99,4079,3772,3502,4128,2107,225,2577,2095,1526,2092

test suite427
bestAPFD:0.957234
bestSuite:2986,3576,2092,2610,3545,4072,4104,1396,193,865,1572,344,2526,3629,2999,3328,3888

test suite428
bestAPFD:0.932017
bestSuite:1908,2647,3513,2830,4083,864,1978,1514,99,4126,1581,2509,2480

test suite429
bestAPFD:0.941971
bestSuite:3731,3887,3480,2926,670,710,880,2242,656,2872,999,2194,4125,4083,518,3332,3803

test suite430
bestAPFD:0.918760
bestSuite:3456,4069,3683,3250,2973,2658,3912,3146,3808,3592,1554,698,1577,290,4126,4095,190

test suite431
bestAPFD:0.963911
bestSuite:2597,4097,4122,99,3992,3495,3398,3175,1908,1769,1931,2684,2430,2566,1735,354,2833

test suite432
bestAPFD:0.951828
bestSuite:1947,2634,3398,45,3979,3296,4058,123,4075,4115,3775,3655,1604,916,2682,1757,1021

test suite433
bestAPFD:0.943879
bestSuite:4006,1854,3200,2101,639,1562,2658,3632,974,883,99,4106,4098,182,1008,494,3171

test suite434
bestAPFD:0.951520
bestSuite:3292,630,2215,934,2953,2966,4104,3910,4078,31,2847,2076,2356,3862,3830,3343

test suite435
bestAPFD:0.951158
bestSuite:2181,3292,3956,4091,2752,4124,570,3531,709,1440,704,482,2649,2083

test suite436
bestAPFD:0.946139
bestSuite:2181,3740,4089,3883,785,2375,589,4117,3530,3673,2926,560,1089,2293

test suite437
bestAPFD:0.925976
bestSuite:2860,739,3906,1717,1503,3497,1974,1724,3545,1285,3683,3452,2514,2177,4085,1162,4123,2482

test suite438
bestAPFD:0.955706
bestSuite:2986,3819,3050,2840,2473,646,1859,4092,4126,1508,1408,1515,1449,1242,2684,3931,3804,3034

test suite439
bestAPFD:0.937838
bestSuite:1463,2092,2367,2474,3998,1979,3010,3433,4098,82,4102,1580,752,135,1004,3209,1197,1289,268,1338,1428

test suite440
bestAPFD:0.941216
bestSuite:2925,1689,1784,1915,3023,3976,699,2515,3174,3847,3483,4093,3472,4114,267,3752,3680,3273,38,139

test suite441
bestAPFD:0.927443
bestSuite:1812,3854,3979,168,3644,3207,52,1463,1382,3076,4081,2021,4115

test suite442
bestAPFD:0.958037
bestSuite:2986,2098,3163,2864,2092,3892,468,4107,4093,2406,2128,1591,2510,1936,1743,1224,2729,3082,3901

test suite443
bestAPFD:0.943412
bestSuite:2375,2442,2117,3639,2469,1854,3651,3110,4079,1500,4104,4071,1692,913,2056,2356

test suite444
bestAPFD:0.958953
bestSuite:2786,1908,3456,3136,4073,674,2082,4122,3608,3510,179,1591,1246,833,1884,2461

test suite445
bestAPFD:0.952464
bestSuite:2637,1854,3860,3740,3834,3515,4080,3283,2879,2356,1642,1609,4107,229,405,121,2480

test suite446
bestAPFD:0.941441
bestSuite:3186,1854,3576,2092,2729,429,1560,93,3449,4072,3692,4115,968,2868,3608

test suite447
bestAPFD:0.941120
bestSuite:2375,3198,2271,2379,1658,4084,1677,1714,2950,4112,3621,2140,1526,2269

test suite448
bestAPFD:0.934170
bestSuite:1618,2379,2064,3268,3822,3175,2519,3385,3676,3527,4088,4128,814,2828

test suite449
bestAPFD:0.943694
bestSuite:1854,2177,3533,3821,3351,3844,2327,2304,4084,3403,308,1005,4125,2684,3348,2179,2738,1649

test suite450
bestAPFD:0.959175
bestSuite:1908,2650,3474,4062,2495,3412,2083,4097,2568,4107,4020,3503,125,1291,925,1680,2869,493,2787

test suite451
bestAPFD:0.938821
bestSuite:3565,1854,1795,570,4117,4092,2705,2363,3846,3626,3384

test suite452
bestAPFD:0.954054
bestSuite:3292,1501,1687,1909,1894,2480,3002,3000,3359,224,4124,4083,1193,2270,2663,2657,2356,3867,4007

test suite453
bestAPFD:0.946525
bestSuite:2621,1854,2844,3874,4075,1382,858,2673,1841,4125,1676,3888,2061,1752

test suite454
bestAPFD:0.934291
bestSuite:3334,1758,1886,2847,3138,2926,3632,1710,2892,2011,2083,149,3577,4103,4072,78

test suite455
bestAPFD:0.960304
bestSuite:2597,3527,4083,311,4123,3116,3294,3305,3246,3343,1658,1432,57,727,2864,2480

test suite456
bestAPFD:0.956937
bestSuite:2639,1947,4094,1771,308,4122,3926,3231,3899,324,2708,1829,1428,2378,2788

test suite457
bestAPFD:0.947207
bestSuite:3732,2986,3497,772,1939,2151,2325,3891,3522,4098,4107,1894,2574,2480,3301

test suite458
bestAPFD:0.955962
bestSuite:3565,1854,1840,93,2572,997,2729,2964,3223,4115,2756,1565,1512,3877,3228,3570,3502

test suite459
bestAPFD:0.934398
bestSuite:3731,2731,2926,1968,2931,2515,4129,4093,1809,3479,4042

test suite460
bestAPFD:0.921622
bestSuite:3565,1618,3458,972,2610,4078,4114,843,2953

test suite461
bestAPFD:0.928604
bestSuite:1854,3185,3521,3510,3528,739,3976,4084,4110,1110,1810,493

test suite462
bestAPFD:0.949324
bestSuite:3528,2564,1463,2561,2064,2077,1000,935,2980,3743,3472,3410,4119,4088,2268,2328,2628,2902,3673,3944

test suite463
bestAPFD:0.954569
bestSuite:1908,3763,4061,3505,848,1749,3834,2563,4094,2902,218,224,1877,4124,3224,3013,4063,1437,906,2602,2474

test suite464
bestAPFD:0.952632
bestSuite:3796,1854,2514,2365,3203,3639,3931,3688,512,2823,4115,4062,4096,1197,1064,2313,439,1050,3175

test suite465
bestAPFD:0.941486
bestSuite:1463,3497,45,258,2708,3976,3940,2269,4091,806,1449,1466,2458,993,4123,3095,4020,1311,1619,757

test suite466
bestAPFD:0.936712
bestSuite:2181,3565,4075,1953,1949,2037,589,4123,3501,2926,25,1766

test suite467
bestAPFD:0.941385
bestSuite:2731,1713,1985,3577,863,1479,1743,3941,4095,468,3752,4123,3723,3144,2492,2083

test suite468
bestAPFD:0.940064
bestSuite:3855,1854,2064,1979,2363,3314,3395,3040,3099,2056,82,2083,3399,4091,4111,616,2286

test suite469
bestAPFD:0.945367
bestSuite:3732,2986,2925,2450,3681,1528,1820,3909,4124,4096,1057,933,1809,3299

test suite470
bestAPFD:0.942278
bestSuite:3292,1434,1704,2473,3855,3138,3796,4092,4125,3669,2372,3782,3261,3883

test suite471
bestAPFD:0.961993
bestSuite:2597,4076,4128,589,3774,3895,3644,1854,1578,2320,725,2644,2464,2328,1749,2469

test suite472
bestAPFD:0.957508
bestSuite:3292,739,1990,1520,629,925,1692,1818,3644,4098,4108,443,500,2334,2685,3670,3691,3883

test suite473
bestAPFD:0.923273
bestSuite:3050,962,2729,754,2021,1681,850,2209,2554,3383,3752,4102,3691,3792,4090,461,382,3982

test suite474
bestAPFD:0.951520
bestSuite:2986,2860,4006,3808,570,3778,3569,4091,4107,1134,473,987,2810,829,3707,3848

test suite475
bestAPFD:0.959459
bestSuite:2222,646,3257,4094,4114,3115,3223,3803,3398,1571,698,2111,1000,627,602

test suite476
bestAPFD:0.945804
bestSuite:1658,2712,3115,3734,3270,2789,2716,3889,3051,4073,2752,4127,3957,3980,36,918,2337,818,2480

test suite477
bestAPFD:0.944426
bestSuite:2254,3683,1654,2712,4043,3352,4098,4108,920,2216,1450,3808,1801,2112,2156,2376

test suite478
bestAPFD:0.941821
bestSuite:1908,3376,3332,2173,2245,2658,4074,2612,2270,1681,1582,391,2696,4121,3259,3295,1512,708,1836

test suite479
bestAPFD:0.949603
bestSuite:3796,1947,3669,3233,2973,2006,3398,926,2914,711,2450,4129,4087,1078,138,2279,3629

test suite480
bestAPFD:0.952464
bestSuite:3292,1996,2174,1901,2512,3022,3950,589,4090,4122,148,2669,2815,2527,3232,3745,3268

test suite481
bestAPFD:0.944685
bestSuite:2621,1618,4021,2340,2439,3005,4082,1777,311,4110,3610,3398,715,881,2449

test suite482
bestAPFD:0.944764
bestSuite:2601,1854,3883,3632,2542,2968,2964,777,308,749,2431,384,738,4124,2488,2512

test suite483
bestAPFD:0.963158
bestSuite:2181,3732,1947,3174,3432,4088,1949,392,4121,3335,466,2855,822,985,2548,1774,2214,2460,2284

test suite484
bestAPFD:0.955405
bestSuite:3565,1618,2357,1945,2435,4072,3111,2991,3806,3669,4107,955,1158,67,967,2612,2564,3140

test suite485
bestAPFD:0.939961
bestSuite:1947,3163,468,3464,3940,2720,4094,1794,4130,3192,3210,973,1859,2376

test suite486
bestAPFD:0.942390
bestSuite:1658,3987,2502,3004,2270,3027,3404,325,414,646,4095,1783,4130,231,1316,1806,2594,1061,613

test suite487
bestAPFD:0.955192
bestSuite:1908,2516,2731,2269,3326,3006,4090,1810,2644,311,4126,2439,3403,776,2893,1922,2217,2493,742

test suite488
bestAPFD:0.959175
bestSuite:2986,2505,213,3105,739,3300,3476,4122,4074,1999,1964,1382,799,669,1880,2788,4052,3712,3978

test suite489
bestAPFD:0.956046
bestSuite:3247,1618,2731,567,1697,233,2931,2515,82,4111,4084,2188,2232,435,897,2431,2584,3445,3187

test suite490
bestAPFD:0.943074
bestSuite:2375,3447,4006,3033,3752,2799,2561,3148,4074,937,4108,841,3864,3135,1307,1602

test suite491
bestAPFD:0.962913
bestSuite:2222,3395,3565,4083,256,2749,4128,3519,3509,2999,3484,1162,1440,1254,2915,1998,667,1526

test suite492
bestAPFD:0.956892
bestSuite:1947,2830,3576,21,3058,3938,3940,67,2740,4090,4124,3438,1765,1068,745,1885,649,1575,1751,1713

test suite493
bestAPFD:0.946997
bestSuite:2621,2152,2328,3752,3513,3198,4073,987,739,1444,4123,3774,4064,1158,947,1926,2729,2338

test suite494
bestAPFD:0.948874
bestSuite:2222,4096,2842,4122,224,4034,3796,2997,3247,4006,2627,2338

test suite495
bestAPFD:0.936712
bestSuite:1618,3417,3691,2472,4093,149,1526,4101,1941,694,1861,2752

test suite496
bestAPFD:0.935759
bestSuite:3981,1463,719,3979,2715,1922,681,4084,3205,4102,1311,2311,3803

test suite497
bestAPFD:0.951975
bestSuite:2222,4093,4102,2057,2082,391,4064,3456,3652,2099,2282,1826,2338

test suite498
bestAPFD:0.949700
bestSuite:4026,1713,1658,739,964,3175,3808,3907,2103,2317,3935,4092,4130,292,2753,2467,561,3429

test suite499
bestAPFD:0.949399
bestSuite:1947,543,2362,2317,2147,3798,3976,739,4082,2296,4111,3682,1223,1167,1474,983,1697,1713

test suite500
bestAPFD:0.912613
bestSuite:3572,1747,3020,1627,813,2449,2338,2926,2947,2152,391,3279,3375,4101,4080

