test suite1
bestAPFD:0.928935
bestSuite:2276,4112,3976,1771,1908,1837,2966,3808,4017,4090,1246,2618,1468,3010,3099,356,2598

test suite2
bestAPFD:0.942492
bestSuite:1947,1809,2754,4092,3912,3251,1161,1940,93,697,4127,561,810,3853,3605,1387,1806,342

test suite3
bestAPFD:0.935749
bestSuite:2507,2514,3925,3940,2360,184,2352,2138,4068,2508,3752,2513,3175,1791,2604,3109,2759,4125,4081,313,3667,746

test suite4
bestAPFD:0.929910
bestSuite:3719,799,1612,236,4120,4073,3159,2132,1096,1854,2594,2926,2474,739,3257

test suite5
bestAPFD:0.945495
bestSuite:2311,3417,1390,3078,3731,3343,3208,2393,1901,2246,1947,3657,778,1108,4088,2559,1512,4104

test suite6
bestAPFD:0.940000
bestSuite:1908,2576,1070,4030,1910,4077,3138,2712,3510,2336,3848,1724,739,1576,4120

test suite7
bestAPFD:0.960511
bestSuite:1908,2725,3112,3882,2786,1181,3454,4127,3403,4099,3245,1804,2367,3811,1988,1911,45,3379

test suite8
bestAPFD:0.950811
bestSuite:4006,2986,4076,1824,3856,793,3006,2271,82,3386,1430,3551,2074,4114,1332

test suite9
bestAPFD:0.940034
bestSuite:1669,4084,4061,1908,3426,1768,3312,3006,2891,4127,3788,82,164,2170,2968,3198

test suite10
bestAPFD:0.945195
bestSuite:2269,3919,2419,2340,1972,1947,3352,4077,4116,3002,979,3788,1945,687,3178,2425,643,3684

test suite11
bestAPFD:0.930991
bestSuite:3762,4046,353,3816,3913,2533,4130,868,2254,4075,1908,64,2610,1620,3709

test suite12
bestAPFD:0.925320
bestSuite:2376,1781,4106,3661,3683,3838,3272,2035,2021,4073,2716,1983,3925,3497,191,2500,224,1604,1072

test suite13
bestAPFD:0.928764
bestSuite:1486,3503,846,301,1947,3332,2644,776,4094,2375,1997,2512,4114,2146

test suite14
bestAPFD:0.923529
bestSuite:861,1788,531,2714,2424,948,3347,1947,2487,4104,1546,4078,3937,2568,806,3669,725

test suite15
bestAPFD:0.945804
bestSuite:958,2056,946,2098,3928,2964,99,3752,3283,3325,3518,1450,1723,4121,2246,2806,2524,617,2300

test suite16
bestAPFD:0.928378
bestSuite:3146,909,3050,82,2166,4125,3767,2146,3791,2291,1749,2986,4085,2500

test suite17
bestAPFD:0.925946
bestSuite:2842,1283,3752,2338,1977,2704,3655,4075,3278,2718,3860,4101,3069,164,3437

test suite18
bestAPFD:0.955236
bestSuite:1093,1795,3699,1097,4091,3425,1676,2524,311,1716,4117,1908,3438,2848,1995,3891

test suite19
bestAPFD:0.943050
bestSuite:2982,3565,1947,1732,636,3956,2871,3185,3719,4088,3577,4111,149,2834

test suite20
bestAPFD:0.945235
bestSuite:3135,788,2411,2514,2067,3480,1711,2424,2419,3218,4076,3771,2989,3359,2786,4123,1658,2186,3667

test suite21
bestAPFD:0.945787
bestSuite:2610,847,3356,1882,2291,1716,2621,2986,2902,324,2526,909,923,4088,4067,4119,1377

test suite22
bestAPFD:0.920180
bestSuite:1979,2535,2839,2141,224,38,3108,2084,2480,967,4116,4084,2811,2926,1884

test suite23
bestAPFD:0.915090
bestSuite:3436,846,3459,1482,2986,1751,474,2788,4078,4104,2716,3860

test suite24
bestAPFD:0.902883
bestSuite:874,99,1721,3457,2291,3594,963,2076,234,1540,4076,4129,1658,3938,3683

test suite25
bestAPFD:0.921171
bestSuite:3683,1668,960,3289,2627,741,2729,4123,3029,4073,3486,2830,2539,1587,2931,4007,2650,2248

test suite26
bestAPFD:0.924968
bestSuite:124,1832,803,4011,2451,2732,3290,3145,2361,3686,2439,4072,4123,3683,732,3910,2377,3976,1472,3156,3112

test suite27
bestAPFD:0.933953
bestSuite:3731,3317,291,2098,3224,1861,3885,3510,3752,3853,1906,360,4121,4094,1444,2568

test suite28
bestAPFD:0.920901
bestSuite:2415,3351,1910,3476,1380,3101,2494,4110,3051,2729,1120,1618,4093,3666,1594

test suite29
bestAPFD:0.931081
bestSuite:2512,2364,3325,2986,3118,4111,2419,3233,3565,4084,391,3207,1600,3676

test suite30
bestAPFD:0.959582
bestSuite:3292,3471,3942,2610,293,2333,3137,3456,3838,1385,3750,3012,433,575,3886,3170,1629,3050,4104,4097,1542,977

test suite31
bestAPFD:0.915616
bestSuite:4087,1947,3913,2731,3427,99,2082,4112,2347

test suite32
bestAPFD:0.930631
bestSuite:1444,1619,3444,4077,3910,1885,2367,1543,3800,4127,583,58,3803,1908,3156

test suite33
bestAPFD:0.937259
bestSuite:4098,3268,2291,722,4101,901,3688,3752,2439,3638,2621,3550,826,674

test suite34
bestAPFD:0.948142
bestSuite:3502,4077,2571,1716,2731,3595,1135,153,2598,4105,2222,3510,2696,2523,2301,663

test suite35
bestAPFD:0.946942
bestSuite:3883,739,328,3919,3359,1324,3638,4096,2884,3528,718,4042,102,2961,4120,869,3138,2211,2926

test suite36
bestAPFD:0.944685
bestSuite:2749,1658,4119,3878,3976,4097,3496,2805,1080,3215,2509,2524,2435,2572,3786

test suite37
bestAPFD:0.956899
bestSuite:2291,2062,1801,4085,1593,3895,3292,2723,2610,3159,860,1721,3069,2053,421,4114,3883,2041,1020

test suite38
bestAPFD:0.947059
bestSuite:2377,3908,17,2147,2964,3225,93,3175,4109,2424,2494,2839,2815,1594,1947,1083,3014

test suite39
bestAPFD:0.952196
bestSuite:2839,1218,3314,2463,3598,561,2222,2610,829,611,4118,170,1474,4087,3905,814

test suite40
bestAPFD:0.950901
bestSuite:3684,921,3527,582,2524,1045,2707,3062,2931,4114,2788,632,4080,2988,1239,648,3819,1908

test suite41
bestAPFD:0.947683
bestSuite:1947,223,3341,2181,855,2910,3766,3332,3090,1536,2734,4107,4094,279

test suite42
bestAPFD:0.920571
bestSuite:3198,2568,253,1164,3214,3563,2365,3250,1824,3867,3268,3911,3683,3132,3161,3007,4128,4096

test suite43
bestAPFD:0.940390
bestSuite:3535,971,1558,2915,2269,3454,311,4123,849,2613,1854,2564,1713,4090,2148,381,2102,400

test suite44
bestAPFD:0.940114
bestSuite:3699,631,2550,2768,2060,1854,3808,2181,1853,1804,4088,1840,3704,4113,3371,1333,752,207,149

test suite45
bestAPFD:0.937202
bestSuite:3538,3266,224,2246,4007,3382,2333,1463,4123,3033,3686,3930,2081,743,186,4085,2215

test suite46
bestAPFD:0.931579
bestSuite:2262,3447,3856,2439,81,1326,334,2026,2734,2666,4092,2514,3675,4111,2376,1885,739,2926,1579

test suite47
bestAPFD:0.945101
bestSuite:591,2419,2514,1543,3655,4092,4107,3498,2816,3860,1734,3292,3660,4005,1480,3129

test suite48
bestAPFD:0.909009
bestSuite:2357,386,1618,4117,2844,759,4079,3655,4063

test suite49
bestAPFD:0.929889
bestSuite:861,77,2389,4116,3688,2926,1282,3175,3853,4091,220,4063,3112,2248,716,3974,3822

test suite50
bestAPFD:0.936486
bestSuite:3788,1658,904,2407,784,809,4130,3066,3712,2749,345,1426,3855,2325,4078,2023,3033,2873

test suite51
bestAPFD:0.953303
bestSuite:3874,2840,126,3292,2170,734,3883,1478,4082,2474,654,4105,1449,3732,2930,3483,441,2166

test suite52
bestAPFD:0.943604
bestSuite:1927,2262,2375,1618,2065,3854,1896,185,4129,3217,3050,4075,1428,3740,2474

test suite53
bestAPFD:0.950000
bestSuite:4024,4125,2490,2589,2509,1947,2795,3762,2363,3246,2078,3033,2630,1418,1745,2646,93,310,1788,2485,31,4088

test suite54
bestAPFD:0.918760
bestSuite:4127,2963,3241,3576,1625,1526,4080,334,3004,1785,1633,1908,1936,2778,2554,2944,2043

test suite55
bestAPFD:0.936036
bestSuite:286,4079,3070,3565,646,3947,3872,1980,2474,3683,785,4125,2472,3825,1714

test suite56
bestAPFD:0.937973
bestSuite:3762,747,2222,3099,2205,2375,1451,4118,3198,855,419,2646,4096,2762,1463,386,866,1579,2560,2474

test suite57
bestAPFD:0.927196
bestSuite:3684,4130,276,2327,2830,2449,1434,1947,2021,2395,4094,2966,1705,2598,2796,1704

test suite58
bestAPFD:0.950300
bestSuite:955,3894,2888,831,2356,1447,4013,344,4129,570,3175,433,4091,2950,3814,2040,1968,2222

test suite59
bestAPFD:0.935886
bestSuite:2839,3812,1535,2072,2788,1898,3752,4117,1556,2007,4097,2598,1939,3165,2349,2605,2842,653

test suite60
bestAPFD:0.941335
bestSuite:2473,1618,1037,3813,3564,2686,4116,750,3268,3070,3507,3619,3214,3026,4085,1492,99

test suite61
bestAPFD:0.938682
bestSuite:4091,2747,2896,423,2284,4117,1252,3051,3564,2926,2177,3112,3803,1436,2698,1977

test suite62
bestAPFD:0.956351
bestSuite:3207,313,2986,1531,2401,3095,4124,2367,2610,4084,3651,2171,1886,1555,1229,1733,3993,3750,1362,2181

test suite63
bestAPFD:0.947568
bestSuite:1827,2336,4114,2840,2986,2712,570,2502,3867,583,943,4082,2820,3050,3237

test suite64
bestAPFD:0.912012
bestSuite:4127,3077,3606,2642,4080,2376,1658,3860,3160

test suite65
bestAPFD:0.915111
bestSuite:3176,2208,3203,3357,3050,3940,3524,3714,3738,4086,3752,4110,3462,4023,2492,406,3005,4042,738,2674,933,983

test suite66
bestAPFD:0.912518
bestSuite:863,3533,3345,774,2080,1822,2902,4098,240,3911,556,518,135,2141,2926,3785,4105,3131,2953

test suite67
bestAPFD:0.922297
bestSuite:3319,726,2486,3503,2396,308,2363,1463,4083,4104,751,2762

test suite68
bestAPFD:0.944595
bestSuite:2011,2950,1369,106,3527,3819,427,1400,4124,2235,1618,389,2696,2515,3184,4084,1990,985

test suite69
bestAPFD:0.944833
bestSuite:2925,2839,3768,4118,3609,1952,4097,633,895,3014,3534,589,549,1877,2222,2590,3803

test suite70
bestAPFD:0.953904
bestSuite:3292,311,3285,2083,2511,379,3141,36,2122,40,4110,4080,2246,723,659,2922,3101,3605

test suite71
bestAPFD:0.949399
bestSuite:4100,3639,2650,2474,2909,2057,1061,170,3885,3683,3316,1873,4107,3883,1596,3010,3439,4046

test suite72
bestAPFD:0.932239
bestSuite:3207,3339,2986,4101,3932,3187,3850,2375,4063,2514,4075,1642,2316,2656

test suite73
bestAPFD:0.937117
bestSuite:468,2842,2604,1480,4108,3190,3745,1490,4075,3359,37,2824,80,1445,1947

test suite74
bestAPFD:0.925676
bestSuite:3767,1854,3644,1912,706,4078,801,2694,2968,3066,2185,1636,2000,2512,93,2092,2557,4102

test suite75
bestAPFD:0.942523
bestSuite:1854,2500,4102,1472,2166,3940,3410,3452,4039,2716,4073,1084,3655,3691,2339

test suite76
bestAPFD:0.935612
bestSuite:3688,2788,2920,2515,1589,727,525,2986,4077,1626,669,1606,3520,1986,119,3354,4116

test suite77
bestAPFD:0.948013
bestSuite:646,3804,3808,3792,911,3292,2104,4087,1894,3858,2495,3888,3912,1530,4129,3373,1785

test suite78
bestAPFD:0.923480
bestSuite:2264,3252,4039,2480,4118,1978,3683,3910,3380,2393,2775,335,4075,3332,3021,2823

test suite79
bestAPFD:0.933514
bestSuite:2512,1908,1872,2379,4088,3332,3031,3940,2165,4128,4060,520,2842,1606,995

test suite80
bestAPFD:0.912401
bestSuite:399,1724,1053,1464,1658,3075,1191,350,3540,4117,2694,497,1741,2775,1580,4086,149

test suite81
bestAPFD:0.954054
bestSuite:2222,2599,3060,2732,3105,4109,2550,578,3282,3251,3050,3688,3198,2612,2759,3145,3133,4082,2197

test suite82
bestAPFD:0.952916
bestSuite:2696,3510,2962,875,2552,4077,2796,2744,374,2576,4112,2907,3442,2348,1908,1449,646,2141,2101

test suite83
bestAPFD:0.951858
bestSuite:3815,946,2450,955,3576,455,1933,1881,4077,4128,2469,2986,1507,2375,433,3142

test suite84
bestAPFD:0.914054
bestSuite:3655,1908,2974,855,4101,2119,821,4077,2579,1681,3828,3100,570,2830,1840

test suite85
bestAPFD:0.924505
bestSuite:2254,1619,1791,2377,1526,3463,2436,972,3659,186,2926,4130,3352,4093,2515

test suite86
bestAPFD:0.940683
bestSuite:3410,55,227,2760,3976,1671,2338,3489,2509,1854,2330,1396,344,4078,312,1161,690,4119,3428

test suite87
bestAPFD:0.924174
bestSuite:2083,79,2729,839,2336,4088,3752,1597,4124,2381,2764,1781,2857,2030,3875,505,3365,93

test suite88
bestAPFD:0.960731
bestSuite:2639,1539,553,1658,1825,4078,812,3520,305,3358,4104,2356,3472,3438,90,1447,874

test suite89
bestAPFD:0.945753
bestSuite:4077,1618,484,877,2650,2114,2474,4126,3070,3907,1976,3410,3792,3303

test suite90
bestAPFD:0.923219
bestSuite:3476,1938,3354,3577,1551,1998,2520,2926,3483,933,312,1339,1226,308,2703,90,2706,1761,4128,4084,3750,3155

test suite91
bestAPFD:0.936712
bestSuite:1494,2947,4108,3298,646,3803,2356,2347,1618,1229,4074,2036

test suite92
bestAPFD:0.935294
bestSuite:2783,3125,1619,1771,2141,3292,3976,3313,1627,4074,3184,473,1500,4118,3421,506,3051

test suite93
bestAPFD:0.918492
bestSuite:3112,952,82,3323,1919,1858,1596,2762,2138,868,3793,4097,4102,2211,2376,312,1463,2989,974

test suite94
bestAPFD:0.948080
bestSuite:2336,3920,4077,2657,1042,1511,2181,4117,286,576,3001,2514,1805,2863,2405,3765,4009,3752,391

test suite95
bestAPFD:0.947928
bestSuite:3381,3955,3966,3142,3688,4094,1066,4117,3251,3239,1618,153,3343,2407,2720

test suite96
bestAPFD:0.930309
bestSuite:3033,1908,1800,3977,1647,3016,846,3940,4074,1423,4104,3336,2750,3187

test suite97
bestAPFD:0.924054
bestSuite:3216,2430,2788,3565,3688,827,4105,4084,3292,849

test suite98
bestAPFD:0.913990
bestSuite:3303,468,779,3648,3632,1596,1642,1806,3683,259,4127,4042,4090,138,1925,2338,2991

test suite99
bestAPFD:0.941047
bestSuite:4090,3227,2186,2986,1612,149,1500,3388,1244,2341,3753,2461,4119,2524,3749,1696

test suite100
bestAPFD:0.933855
bestSuite:3621,4128,2719,1861,2630,3979,2568,923,855,3076,1792,3572,1463,3675,3796,4085,2338,3878,3955

test suite101
bestAPFD:0.951510
bestSuite:1618,2621,1494,4117,3669,433,2411,2518,2291,909,3981,2515,642,1329,3913,4084,2684

test suite102
bestAPFD:0.928935
bestSuite:3636,3349,3033,2291,393,1392,3766,3745,2141,4111,223,4026,2926,4099,2073,2948,1499

test suite103
bestAPFD:0.896184
bestSuite:963,2654,3354,2721,3394,2317,3752,4088,2217,2716,3688,3010,1481,4106,3788,1964,1478

test suite104
bestAPFD:0.921130
bestSuite:4112,3976,2229,3975,3920,1463,2369,2010,646,2907,4072

test suite105
bestAPFD:0.950246
bestSuite:1863,531,1342,3860,2047,3551,2684,1520,727,924,743,1658,2177,1193,1888,3754,3217,4061,1277,3187,4072,4103

test suite106
bestAPFD:0.951201
bestSuite:928,3888,3292,3562,1896,3476,3197,3941,2837,1637,4130,2964,3435,3302,605,494,3786,2749

test suite107
bestAPFD:0.928108
bestSuite:3413,2573,2971,1463,2509,3205,4093,395,4117,1783,2716,3185,2474,3217,3688

test suite108
bestAPFD:0.933386
bestSuite:1319,1006,99,3184,2849,2150,1749,2769,3647,3919,3662,2568,874,4122,1908,4096,3895

test suite109
bestAPFD:0.948480
bestSuite:2956,2926,3267,1634,3398,2566,2547,2786,3909,223,4075,4118,189,2117,1169,2354

test suite110
bestAPFD:0.940405
bestSuite:1359,2822,1506,1836,3322,4106,4072,2423,2839,2535,3630,2789,1947,484,2502,2098,2404,3364,978,290

test suite111
bestAPFD:0.947059
bestSuite:3586,3690,4103,1854,3363,2520,3313,1607,4098,3966,2152,1583,3619,2568,2317,224,3000

test suite112
bestAPFD:0.925450
bestSuite:763,2896,3187,3883,2768,1528,2393,4046,4121,3752,4073,3860

test suite113
bestAPFD:0.928378
bestSuite:4077,3613,2373,907,2754,2262,3398,1677,4129,2209,3752,2002,224,426,4066,3748,3417,3403

test suite114
bestAPFD:0.958506
bestSuite:2164,3719,2150,4104,2786,4072,3317,3071,2514,1908,3516,2544,3527,2182,261,2658,2474

test suite115
bestAPFD:0.954914
bestSuite:2880,2439,1330,3787,1663,2620,900,2731,958,2025,2729,3964,3217,1463,4110,1479,4094,2171,1972,1720,2650,1731

test suite116
bestAPFD:0.930991
bestSuite:3778,352,3712,224,4083,4128,3493,3163,1854,3104,3755,3503,2473,1943,2428

test suite117
bestAPFD:0.917793
bestSuite:4100,283,2278,3033,3200,3976,4113,2467,2926,3020,1797,2749

test suite118
bestAPFD:0.940372
bestSuite:3975,2834,308,1980,1698,4073,3565,4126,172,3966,1526,2777,1658,3166,552,2023

test suite119
bestAPFD:0.924775
bestSuite:2862,2554,4099,3640,2117,2283,3476,712,1486,3343,2341,3700,1443,3752,3582,2193,4124,4002

test suite120
bestAPFD:0.926858
bestSuite:2094,993,2073,1511,2469,2718,4090,2926,739,934,3977,3905,3203,1494,2092,4114

test suite121
bestAPFD:0.936984
bestSuite:3223,1732,3100,2798,2830,4088,3911,4028,3537,304,3210,1526,3683,1629,4118,2931,1487,2860,2868

test suite122
bestAPFD:0.913642
bestSuite:3615,81,3480,1854,3649,3213,5,1582,3810,2964,1411,3910,2855,1875,2759,4020,3510,1526,979,4113,391

test suite123
bestAPFD:0.925290
bestSuite:3033,2084,2071,497,3803,2665,4112,56,93,3320,1854,1799,2254,4095

test suite124
bestAPFD:0.949700
bestSuite:585,2067,3910,2036,2186,1085,3283,2391,3586,732,1658,4078,3394,3028,1601,3276,896,4109

test suite125
bestAPFD:0.952102
bestSuite:3731,3752,4073,1744,598,2974,2902,1948,2351,1960,3781,2363,2527,4115,3338,814,2401,2118

test suite126
bestAPFD:0.963649
bestSuite:2639,1468,1658,4126,4086,3332,1106,1892,1103,739,3251,1729,1984,45,3505,737,2578,3012,142,754

test suite127
bestAPFD:0.941892
bestSuite:3502,1726,4118,4005,2849,3050,4074,2818,2610,983,2026,3526,1805,3292,3303,3456,2934,2023

test suite128
bestAPFD:0.928108
bestSuite:4116,3247,780,3470,3994,2474,3189,4087,2514,300,3376,3205,3910,580,1908

test suite129
bestAPFD:0.940333
bestSuite:1603,1877,3598,2104,3844,2524,3318,1658,4106,1395,1724,4074,2598

test suite130
bestAPFD:0.935405
bestSuite:2604,2639,4103,4079,2222,3911,3476,1509,3008,3138

test suite131
bestAPFD:0.948933
bestSuite:2186,989,4097,1525,3433,998,1888,2053,1670,1658,3171,2182,4123,193,1565,1909,3567,2961,2786

test suite132
bestAPFD:0.953736
bestSuite:3669,4109,663,4098,3788,1512,2215,2621,176,2083,3605,1864,3292,3956,2558,3056,1811

test suite133
bestAPFD:0.932432
bestSuite:2720,3464,2853,2269,1821,2527,1854,3074,3175,3122,4117,769,3454,3979,4082,2367,1551

test suite134
bestAPFD:0.957207
bestSuite:759,1608,4107,1751,2199,865,2360,2173,2533,2639,3472,4002,2472,4085,3454,1021,2986,2953

test suite135
bestAPFD:0.920901
bestSuite:3275,1777,3586,3033,3752,3376,2604,2553,1811,3022,4077,3156,2619,224,4107

test suite136
bestAPFD:0.938345
bestSuite:4117,412,3251,755,389,1009,1781,3670,2839,2396,1621,2351,2986,297,1771,4083

test suite137
bestAPFD:0.949009
bestSuite:2500,4127,1968,3655,3719,2082,3378,3101,1788,3911,2830,4092,3371,2693,3292

test suite138
bestAPFD:0.958321
bestSuite:140,1556,3292,997,2915,2602,3033,654,4088,4019,1,2959,3851,3939,3979,4117,2450,1715,1733

test suite139
bestAPFD:0.940927
bestSuite:1676,858,2683,285,1752,311,1736,3392,798,4114,1526,4099,3749,3223,3808,671,862,474,3928,1918,3752

test suite140
bestAPFD:0.933292
bestSuite:1805,1941,2435,562,783,3688,552,2356,4101,3069,2300,236,845,3537,2576,2077,3713,3133,3683,1724,2418,4085

test suite141
bestAPFD:0.934291
bestSuite:2830,3926,3632,1741,1854,2474,4128,468,2570,477,2347,1021,89,2658,4094,3900

test suite142
bestAPFD:0.919426
bestSuite:3672,603,4080,3617,2356,3538,3683,746,2788,3772,4119,2294,3979,2435,2816,2016

test suite143
bestAPFD:0.943659
bestSuite:4130,1463,2181,2389,4099,2552,1878,3313,3126,2182,1993,3352,2379

test suite144
bestAPFD:0.929587
bestSuite:680,4128,3547,639,1947,287,893,2176,30,45,1045,2716,4082,1459,93,2283,2611,3438,3687

test suite145
bestAPFD:0.922587
bestSuite:1366,526,4006,4079,290,2926,2950,3033,4112,2870,652,3266,2749,322

test suite146
bestAPFD:0.921622
bestSuite:3387,2986,2650,3823,2514,2367,1723,4106,3540,2114,1812,3175,4090

test suite147
bestAPFD:0.945469
bestSuite:3180,4061,3376,2329,3686,2830,1499,785,118,4123,57,3403,963,2986,2610,4082,1213

test suite148
bestAPFD:0.919714
bestSuite:4124,2993,3197,2222,3900,3905,3050,3843,3052,2409,1974,826,295,966,4081,2860,3910

test suite149
bestAPFD:0.931853
bestSuite:1902,1947,4099,3450,885,3403,4106,3417,1808,1104,570,3065,1564,4058

test suite150
bestAPFD:0.934658
bestSuite:2314,1946,657,3872,3734,2602,2104,4086,3112,4125,3752,3051,2768,2879,2673,2512,92

test suite151
bestAPFD:0.929537
bestSuite:2816,3684,3426,3317,2554,1791,2526,1854,3096,4081,117,4122,642,3644

test suite152
bestAPFD:0.933514
bestSuite:4085,308,2177,3683,3883,3824,153,4116,3441,671,3644,422,3624,2284,2114

test suite153
bestAPFD:0.936566
bestSuite:2291,3744,3214,4104,2176,1947,3336,886,1506,3256,55,2409,2902,4092,1678,3894,1821

test suite154
bestAPFD:0.929561
bestSuite:2515,4130,2004,2796,1658,4083,2293,2790,3401,2962,961,2602,2598,33,2480,3144

test suite155
bestAPFD:0.947128
bestSuite:3165,3887,646,2474,1496,814,3621,1685,973,4080,2157,2222,2083,950,4110,3567

test suite156
bestAPFD:0.932583
bestSuite:479,949,3926,236,4095,3370,3672,3084,3688,3268,1908,2301,4127,2467,3359,2840,691,2788

test suite157
bestAPFD:0.958709
bestSuite:3302,3420,602,3458,3627,666,2396,2450,3653,2155,2902,2375,2222,2371,1957,1714,4090,4108

test suite158
bestAPFD:0.934139
bestSuite:4042,2271,3499,3469,2222,1481,3471,2925,2931,3332,1474,99,1730,3918,4085,3964,2080,1716,4124

test suite159
bestAPFD:0.922072
bestSuite:3469,1934,3725,3234,4128,523,2205,1908,2670,3338,4087,146,2547,949,2650,3788,701,3033

test suite160
bestAPFD:0.950169
bestSuite:1673,3981,1553,1262,1658,3796,4109,1557,4006,2584,2184,3428,3808,4093,2749,3252

test suite161
bestAPFD:0.950601
bestSuite:3616,4092,2143,3731,3334,3510,3858,1297,331,3239,3975,2256,3022,3205,3752,3644,1239,4102

test suite162
bestAPFD:0.950965
bestSuite:2696,1191,3605,3953,3288,3669,1973,1947,3243,4107,440,754,2089,1337,3966,3962,2379,3332,3904,679,4077

test suite163
bestAPFD:0.942664
bestSuite:4006,1854,1911,2117,739,4019,3632,3767,4089,2138,2946,2902,2870,4109

test suite164
bestAPFD:0.937117
bestSuite:2685,4102,2195,1947,3384,4082,1158,391,3492,2512,1650,688,2256,2059,2892

test suite165
bestAPFD:0.922297
bestSuite:1926,2833,1687,3295,4092,4110,2336,2889,1637,1489,93,1615,2872,3752,871,2256,3624,2514,2568,1719

test suite166
bestAPFD:0.939696
bestSuite:1658,4095,2117,2866,4124,714,2443,3476,3448,4007,134,3940,2552,433,3649,3909

test suite167
bestAPFD:0.950529
bestSuite:1257,1795,2490,4098,1854,2801,3332,502,2892,344,3518,55,4115,1879,1627,4042,3591,888,1275,297,1402,2004,2350

test suite168
bestAPFD:0.938007
bestSuite:2986,2117,2381,2716,1361,4107,4094,3156,1844,2373,2597,55,3337,830,1721,2374

test suite169
bestAPFD:0.923613
bestSuite:3691,4055,3476,2656,509,2602,55,921,3752,806,1798,4112,2746,734,1786,4075,2502,255,3173

test suite170
bestAPFD:0.943528
bestSuite:1808,3688,4073,3609,2986,2037,2774,3788,2615,3033,1644,4126,1555,1864,1940,56,1224,2443,1689

test suite171
bestAPFD:0.935006
bestSuite:2313,3856,1160,2254,3834,2844,1453,3829,3831,3544,1525,795,1998,3602,2716,3292,312,3779,3913,4127,4094

test suite172
bestAPFD:0.958408
bestSuite:1978,2623,3398,1997,400,996,3384,2786,770,1322,2557,1459,4074,2283,4111,2186,2222,989

test suite173
bestAPFD:0.946126
bestSuite:504,3937,1618,2926,2449,2425,1450,2598,4093,629,4102,1709,2851,2104,1972

test suite174
bestAPFD:0.947928
bestSuite:2716,4122,3683,1481,2768,4099,1709,3940,2997,2966,750,1700,2857,1511,2181

test suite175
bestAPFD:0.958945
bestSuite:3447,1658,1903,4077,1856,2760,3033,1473,235,2492,3159,3210,4112,1599,709,1688,3027,311,3594,3862,3905

test suite176
bestAPFD:0.956916
bestSuite:2083,1713,2208,942,2925,301,3214,3184,2222,2473,3028,1623,3893,4104,4094,2458,3352

test suite177
bestAPFD:0.956588
bestSuite:2597,685,3292,1772,2284,322,3913,308,4078,3483,1813,2189,3259,742,3050,4105

test suite178
bestAPFD:0.945101
bestSuite:1854,1931,2081,3743,4101,3227,2492,3619,1366,3803,3352,1785,3427,4092,2768,1904

test suite179
bestAPFD:0.944595
bestSuite:3175,3676,1435,4064,2580,2269,3948,1658,3790,4119,3669,4072,195,2657,507,3423,3624,1752

test suite180
bestAPFD:0.961685
bestSuite:1947,680,3882,3669,3268,1913,3976,4104,1939,2896,2996,2174,4076,2213,1765,1989,778

test suite181
bestAPFD:0.924182
bestSuite:322,3150,45,233,3085,4079,3905,3683,3904,4128,2399,468,2370,3130,678,2708,2775,3869,2338

test suite182
bestAPFD:0.949369
bestSuite:651,4098,3292,2823,2698,2368,2488,4102,1758,3472,1333,2597,2083,3438,2946

test suite183
bestAPFD:0.927881
bestSuite:2480,999,1832,1604,3301,2073,3017,3476,287,3311,756,3752,2676,4112,778,3731,646,4081,56

test suite184
bestAPFD:0.948198
bestSuite:2904,3895,428,2906,2246,527,3565,4108,1939,3329,3344,1649,4099,3380,2182,1524,1947,3910

test suite185
bestAPFD:0.935294
bestSuite:2515,2598,3796,2174,3186,3572,2984,1572,2234,3126,1056,2502,4091,4103,1435,3752,3470

test suite186
bestAPFD:0.945439
bestSuite:3091,1999,4100,3732,3502,1811,1818,3450,3995,2117,1658,3137,3214,4112,2177,1608

test suite187
bestAPFD:0.955477
bestSuite:3661,2397,3320,778,2512,60,2786,3112,1920,3480,4090,4110,2946,2500,393,2149,3340,1894,2222

test suite188
bestAPFD:0.938976
bestSuite:2624,3888,2431,2243,3911,1463,3989,2716,1567,3157,4074,2759,4126,2973,2331,3171,1763,3243,607

test suite189
bestAPFD:0.956615
bestSuite:2604,1254,1908,1870,1433,3464,646,598,3399,762,4080,378,2120,205,3907,2639,2304,4114,511

test suite190
bestAPFD:0.930843
bestSuite:82,1729,4111,3332,4093,2114,3657,3048,3819,3020,789,2763,964,1043,3175,2983,1854

test suite191
bestAPFD:0.938559
bestSuite:2545,2902,1908,4108,54,3919,3298,2953,670,2238,2375,1954,1362,4074,690

test suite192
bestAPFD:0.940691
bestSuite:20,3660,2514,1333,2683,920,4119,3145,3669,301,3534,2256,1724,3344,2964,1861,2986,556

test suite193
bestAPFD:0.946373
bestSuite:3825,3796,934,2363,2375,3218,2959,3050,3450,1815,4122,1614,1855,3292,2956,4093,452,984,3672

test suite194
bestAPFD:0.946911
bestSuite:3292,2473,2076,1502,4097,3341,2514,3581,511,1913,692,4123,223,2619

test suite195
bestAPFD:0.907966
bestSuite:3580,2439,3923,2073,4109,1731,2089,1306,1704,308,4084,2288,1871,3209,3888,3752,3594,2967,2338

test suite196
bestAPFD:0.929189
bestSuite:3306,1976,3636,3399,3425,3223,4095,3688,2568,1871,1947,2490,1870,2092,4118

test suite197
bestAPFD:0.932432
bestSuite:3239,2372,1947,2610,4126,2275,2789,2759,4042,691,4097

test suite198
bestAPFD:0.951486
bestSuite:2749,2031,1087,2114,2537,260,1908,1329,3454,2731,4091,1481,3033,40,2469,4123,3126,3800,1724,3765

test suite199
bestAPFD:0.937477
bestSuite:4109,2986,2938,1440,2602,2779,2471,4087,2953,3726,2117,3932,2083,3051,2864

test suite200
bestAPFD:0.943074
bestSuite:3669,2987,2358,1471,1902,3713,2716,3644,2084,843,2211,4057,4074,2926,3000,4126

test suite201
bestAPFD:0.935714
bestSuite:4096,99,1689,3987,3753,2386,4125,2625,1947,1014,859,2186,3439,923

test suite202
bestAPFD:0.911261
bestSuite:3204,2182,2982,3714,118,4062,3683,1166,2071,2749,3609,3510,2246,1860,1910,4116,4084,1827

test suite203
bestAPFD:0.924165
bestSuite:130,1974,1947,3757,4084,3351,1432,2839,1933,2037,2246,3113,3557,3146,3910,3233,4107

test suite204
bestAPFD:0.944426
bestSuite:1908,3014,2839,275,4108,3515,2560,1290,3987,2864,411,1768,749,223,2953,4093

test suite205
bestAPFD:0.954204
bestSuite:1947,777,141,3100,4108,3283,3683,1467,497,1307,3809,3797,3605,3910,4077,3976,3934,3250

test suite206
bestAPFD:0.953931
bestSuite:1951,3124,638,2559,3037,391,3198,1199,2696,901,78,2261,3262,2986,4119,3026,1970,1693,4083,2997,1360,3137

test suite207
bestAPFD:0.920571
bestSuite:2449,3767,3702,4103,3195,532,2926,3581,2799,3527,2141,2970,2839,887,2964,659,938,291

test suite208
bestAPFD:0.943659
bestSuite:3883,2084,2222,2637,4042,3191,4125,93,2089,1840,3623,4095,564

test suite209
bestAPFD:0.945495
bestSuite:596,2604,3922,2523,224,2888,2931,3292,2351,3402,3852,3649,4081,1986,4113,1742,3332,1796

test suite210
bestAPFD:0.924532
bestSuite:4120,223,3942,743,2363,3112,1717,3623,4085,3834,2860,2731,1618

test suite211
bestAPFD:0.939746
bestSuite:1569,791,4127,4095,3699,4006,2505,2671,589,3576,3252,1658,1117,4068,3185,2016,2360

test suite212
bestAPFD:0.941653
bestSuite:3087,2921,4125,1470,4,412,1282,3653,3624,2363,1972,1539,4084,1466,2127,1618,3626

test suite213
bestAPFD:0.952916
bestSuite:3367,857,2410,3247,2222,2584,2696,24,1381,1370,3859,3223,224,4122,4079,3332,3870,2660,2941

test suite214
bestAPFD:0.922128
bestSuite:2514,2707,2634,3346,2501,1671,2512,980,4121,746,2926,3561,1362,4086,290,1509

test suite215
bestAPFD:0.926611
bestSuite:4006,2839,2844,3701,4096,4108,1727,1579,1618,2862,3050,4040,1879

test suite216
bestAPFD:0.934628
bestSuite:3979,2970,3292,613,743,3165,2929,2690,2269,2783,4110,2835,797,4094,2989,3913

test suite217
bestAPFD:0.943561
bestSuite:2514,4103,2687,829,2749,3570,3356,3292,1131,1699,2698,1526,4089,2137,2796,3449,2114

test suite218
bestAPFD:0.954805
bestSuite:3283,3292,3940,3644,4074,2196,4119,799,1968,1356,1762,2684,1647,937,3469,924,4069,3883

test suite219
bestAPFD:0.928547
bestSuite:2769,2376,224,424,3766,1774,1818,70,4129,3101,151,1555,3071,2789,1463,4086

test suite220
bestAPFD:0.944833
bestSuite:4038,3268,1947,3891,2574,1831,570,2711,1939,4099,4102,1864,2458,3803,1676,1849,3304

test suite221
bestAPFD:0.954414
bestSuite:3343,4110,3187,1633,2335,3292,2844,794,1995,1612,2315,4089,1713,3764,3808

test suite222
bestAPFD:0.931926
bestSuite:4089,3855,3352,2037,1884,4046,3803,341,1010,3222,1618,322,964,4104,818,597

test suite223
bestAPFD:0.964607
bestSuite:3655,3006,1877,2500,976,2436,3352,457,2802,4130,4087,667,2395,2810,3272,417,1241,3292,2839,2071,811

test suite224
bestAPFD:0.940967
bestSuite:4125,3624,3808,2010,2665,149,2637,2454,1658,4074,3534,1587,1009,1080,286,4038,1930,4042,2077

test suite225
bestAPFD:0.928993
bestSuite:3788,3910,4080,3694,826,2509,3565,2950,4106,1618,3319

test suite226
bestAPFD:0.949787
bestSuite:2513,4086,1618,2602,2023,2207,2729,422,3688,2783,828,4124,1469,2795,2073,2773,3053,1007,1744

test suite227
bestAPFD:0.935930
bestSuite:3056,3470,1754,3064,2926,3197,589,2988,3565,2568,3531,958,1840,4092,3947,4128,2374

test suite228
bestAPFD:0.959865
bestSuite:3438,676,3565,992,2749,2570,751,3705,4107,2222,2271,1800,1624,3681,2820,1017,3870,3243,4094,2240

test suite229
bestAPFD:0.922297
bestSuite:1896,3734,4130,2450,1903,1770,4075,1463,3692,2533,3656,93

test suite230
bestAPFD:0.962027
bestSuite:3624,660,1919,4017,2786,3421,709,681,85,4096,1658,2968,1674,2080,4124,2729,3812,2064,3378,2576

test suite231
bestAPFD:0.946105
bestSuite:4121,93,3032,1947,2474,2716,4096,3205,3552,106,2147,1530,1796,625,130,424,759

test suite232
bestAPFD:0.932432
bestSuite:3101,3636,2598,1078,1595,4126,3957,3918,3316,4078,225,1618,2291

test suite233
bestAPFD:0.951995
bestSuite:2455,240,1686,4105,1606,2973,2061,3497,2375,1629,2872,1021,1908,925,3559,2729,2092,3343,4086,1693,3966

test suite234
bestAPFD:0.943879
bestSuite:273,2181,3928,3332,3533,384,2221,3599,4072,1711,3669,4112,3832,1830,1829,3752,2020

test suite235
bestAPFD:0.940034
bestSuite:131,3678,4093,3369,3225,3979,727,969,4113,1724,1487,3069,3268,2439,2926,2325

test suite236
bestAPFD:0.962589
bestSuite:3577,811,2484,4130,3904,4098,1158,2915,2986,3860,1621,3942,1678,897,3473,1922,3033,2425,912

test suite237
bestAPFD:0.951858
bestSuite:3292,1605,1810,4105,3419,4014,2567,2729,2547,4084,2492,2377,2254,2716,2327,149

test suite238
bestAPFD:0.949502
bestSuite:1262,1473,468,2845,1728,4110,2781,995,1,1500,3803,3020,4075,3808,1603,2222,3897,2639,460

test suite239
bestAPFD:0.904440
bestSuite:2926,1168,1239,2716,4093,3033,4123,93,2596,1951,3440,2568,24,1728

test suite240
bestAPFD:0.940064
bestSuite:2502,2194,1952,69,3496,4104,3688,3792,783,2692,3596,1815,1618,3268,4091,1849,1846

test suite241
bestAPFD:0.910811
bestSuite:2321,3911,2594,4079,2860,3752,4046,3313,3490,3780,4112,2246,693,505,294,1799,2779

test suite242
bestAPFD:0.927628
bestSuite:3220,3438,2926,2597,3033,4125,3527,2964,1215

test suite243
bestAPFD:0.943879
bestSuite:330,4124,1908,4077,2729,2080,2196,3234,1848,2527,1858,3008,1720,3940,1676,1548,3387

test suite244
bestAPFD:0.930991
bestSuite:3447,1571,3283,2953,1854,2292,2585,587,3182,3231,4097,4103,2598,2269,762

test suite245
bestAPFD:0.937117
bestSuite:4042,2840,1618,3527,1789,404,1617,2204,2531,2249,4086,3033,1738,3017,4115

test suite246
bestAPFD:0.934628
bestSuite:3268,3403,3688,2731,4090,835,522,684,4123,2590,3768,3752,1939,1951,3290,1198

test suite247
bestAPFD:0.938514
bestSuite:871,2371,2336,2512,848,1908,1221,3144,2966,4130,2283,1690,2830,311,4041,1828,2021,4091,3285,1268

test suite248
bestAPFD:0.955326
bestSuite:137,2109,3051,3210,2471,3313,2439,2222,3577,214,2858,4122,1985,3506,4087,3675,2281

test suite249
bestAPFD:0.956280
bestSuite:87,1470,2677,2866,739,4073,2338,1422,3456,2222,2790,391,3732,3447,1039,3258,4127

test suite250
bestAPFD:0.927881
bestSuite:4112,4080,2926,2056,970,2243,2509,1608,633,456,3251,2215,3406,646,484,3510,1217,1478,334

test suite251
bestAPFD:0.915165
bestSuite:1897,975,3765,1667,3303,2222,1526,4080,3702,3808,2981,267,3681,2786,3605,485,4109,641

test suite252
bestAPFD:0.928734
bestSuite:3510,314,1928,1854,312,1751,3843,641,892,4097,308,2845,679,4104,916,2250,2322,3262,2291

test suite253
bestAPFD:0.946115
bestSuite:2181,1463,3848,3642,3071,980,3476,1988,3782,97,1530,2217,4114,4094,1480,3688

test suite254
bestAPFD:0.932883
bestSuite:1955,3778,3788,1884,2194,709,3860,2668,2926,2171,2269,3623,4074,1180,280,4117,3935,3958

test suite255
bestAPFD:0.947804
bestSuite:2269,2964,3369,93,1947,2624,35,1635,682,1445,3459,4106,2363,1990,1812,2083

test suite256
bestAPFD:0.953694
bestSuite:2843,2222,2458,4107,4082,290,3993,2788,1662,1088,2417,4056,2338,695,3819

test suite257
bestAPFD:0.959291
bestSuite:2222,1148,3979,2040,4108,4090,2425,3432,688,3175,2716,2775,3032,3600,2586,1713

test suite258
bestAPFD:0.930695
bestSuite:3940,4116,2013,3198,779,1947,3339,2525,1720,778,3101,3803,4095,3501

test suite259
bestAPFD:0.907371
bestSuite:2509,3236,82,2842,2971,2502,3020,4078,4111,1463,847

test suite260
bestAPFD:0.956351
bestSuite:2986,1634,1134,2346,4063,4074,3565,1224,4111,942,3055,82,3632,2567,3215,3720,1522,647,1180,3888

test suite261
bestAPFD:0.937961
bestSuite:2376,1463,2309,2926,2780,1150,1391,4,2197,223,3341,2602,2173,1430,4117,4006,924,1753,3490,3576,2017,2964

test suite262
bestAPFD:0.924099
bestSuite:4006,4120,778,3033,2193,4071,1960,4077,1463,2834,4068,2650

test suite263
bestAPFD:0.963022
bestSuite:3887,2222,3459,833,3720,3969,2287,2632,1501,2815,4099,2903,1938,3979,3607,4115,2562,2327,2338,3218,3426,2502

test suite264
bestAPFD:0.931918
bestSuite:21,3980,2271,404,797,1669,1436,2926,1347,2515,1975,2486,4090,909,1758,117,2512,1169,3527,2761,4130

test suite265
bestAPFD:0.920180
bestSuite:714,2037,3784,2716,4096,3719,2241,55,1854,3858,2974,4006,2124,1824,4108

test suite266
bestAPFD:0.949831
bestSuite:2084,1908,4077,1587,3398,865,4120,3940,2513,3703,2729,1832,1252,1496,2500,2966

test suite267
bestAPFD:0.921471
bestSuite:4084,3996,2610,3712,3351,1799,177,3112,2925,2333,707,1252,3064,2788,2971,1278,4121,1854

test suite268
bestAPFD:0.937988
bestSuite:3519,2458,2751,2415,1579,3577,2017,4096,2086,2724,3367,2711,3654,1908,4102,3688,2092,754

test suite269
bestAPFD:0.943994
bestSuite:3421,3551,3527,1618,3332,4099,1428,3515,2050,2067,4119,2450,574,626,2394,1720,828,1884

test suite270
bestAPFD:0.937477
bestSuite:2910,2178,4125,2166,2248,4055,3655,3314,4088,848,3979,3332,1162,2222,1913

test suite271
bestAPFD:0.958108
bestSuite:3292,3472,4096,3230,2083,1829,743,3577,864,2372,2503,1007,1790,4107,2983,3847,113,603

test suite272
bestAPFD:0.925450
bestSuite:1849,2604,2417,4100,2773,3165,4128,1675,1618,3997,2933,2598

test suite273
bestAPFD:0.923701
bestSuite:4006,739,4076,2926,4129,1666,2155,3797,3854,322,3004,3347,3510

test suite274
bestAPFD:0.934234
bestSuite:36,843,1682,2356,2502,2526,99,3696,2926,2155,1388,2754,1282,2572,4129,513,743,4081,407,1071,3387

test suite275
bestAPFD:0.941653
bestSuite:2092,2469,3403,4084,3860,1759,4109,2922,3340,3732,2274,290,1798,3292,1435,3546,1638

test suite276
bestAPFD:0.953736
bestSuite:3129,3740,531,3457,1944,3251,3292,2650,3565,4115,2696,4072,3223,978,3282,2425,1834

test suite277
bestAPFD:0.938474
bestSuite:664,2320,2389,3700,3191,516,898,3032,55,1908,1526,752,1750,4073,4119,3332,2316

test suite278
bestAPFD:0.930781
bestSuite:2527,2757,97,2077,1865,1980,1251,3601,4096,4122,2953,3808,2521,2986,589,135,2310,3470

test suite279
bestAPFD:0.922466
bestSuite:3345,3716,3421,1619,589,164,3028,1908,2080,4085,1449,2185,1376,4117,3403,2120

test suite280
bestAPFD:0.939414
bestSuite:1618,4072,311,2480,816,3313,2420,3256,4126,3458,740,3409

test suite281
bestAPFD:0.944097
bestSuite:2347,4061,1880,3000,2548,4101,414,1528,3774,2729,1188,2188,1677,1687,1831,2986,3112,4089,3940

test suite282
bestAPFD:0.952409
bestSuite:2436,4076,3292,3130,1370,4060,4113,3510,2174,1655,1769,682,3177,1579,1350,3731,2474,509,2500,946,3804,2501,1389

test suite283
bestAPFD:0.928078
bestSuite:3273,3450,4008,3613,4123,4078,805,2367,1618,3644,55,1926,3492,2709,400,3520,3605,3956

test suite284
bestAPFD:0.934234
bestSuite:1658,1606,2011,3043,1510,2500,4116,3491,3051,2546,3285,3373,3561,3534,2119,4077,3757,702,3803,2372,218

test suite285
bestAPFD:0.941017
bestSuite:4114,917,2193,2568,2006,1509,1603,4083,2527,91,1539,1618,3421,1522,99,3633,2935

test suite286
bestAPFD:0.932282
bestSuite:575,4086,3803,1836,3101,3754,4102,3469,2795,3292,3051,2601,4023,3112,1012,4021,3805,926

test suite287
bestAPFD:0.950450
bestSuite:3187,23,440,3504,4090,3393,2439,2222,2515,3352,3334,1980,868,4106,1332

test suite288
bestAPFD:0.936248
bestSuite:3198,3860,636,566,4101,1943,3050,3683,1815,4096,3529,1937,1757,2204,2868,3549,4042

test suite289
bestAPFD:0.951995
bestSuite:3763,4077,1669,2766,1947,2809,3689,761,4005,2083,3514,3231,3708,3803,646,744,4107,2888,874,3825,3847

test suite290
bestAPFD:0.901858
bestSuite:3138,570,3619,1099,707,2271,1949,2092,4111,1904,2926,3624,2964,2291,1776,1542

test suite291
bestAPFD:0.918739
bestSuite:3268,1506,906,3905,879,2675,284,2533,4113,826,3208,1658,3940,4073,3927

test suite292
bestAPFD:0.933719
bestSuite:2040,1935,2754,901,3223,3115,3078,4109,732,530,2650,4074,3938,2600,2092,2246,3447,1947,4025,1452,3671

test suite293
bestAPFD:0.925450
bestSuite:4118,2478,3131,2076,1658,1009,3984,4074,3757,646,2604,996

test suite294
bestAPFD:0.941385
bestSuite:1658,2389,1896,224,3502,3274,2174,3883,1984,3423,4118,4097,373,1724,840,3765

test suite295
bestAPFD:0.931081
bestSuite:4060,1658,3002,1724,2067,2148,3911,3819,1084,2931,1793,3882,3149,4110,1716,4082,3510,1585

test suite296
bestAPFD:0.925780
bestSuite:1249,2376,3891,3481,539,1410,4129,3091,2650,1658,4077,1338,1596

test suite297
bestAPFD:0.941506
bestSuite:3516,980,2121,1724,2665,3292,3552,1960,93,2839,4079,4119,1712,2216

test suite298
bestAPFD:0.945541
bestSuite:3398,2011,3208,2180,3174,2215,3948,3292,1827,2406,1911,2260,2559,3655,4128,271,4075,82,3914,1797

test suite299
bestAPFD:0.909846
bestSuite:3863,2749,4087,3784,1676,450,2926,2866,3552,4042,4114,2269,3269,1161

test suite300
bestAPFD:0.946126
bestSuite:1658,2367,2984,2375,4006,2769,4076,3294,4110,2573,305,3229,1003,1604,2157

test suite301
bestAPFD:0.963759
bestSuite:2222,1464,2839,957,4120,547,4100,1913,2365,653,3577,213,3198,1135,2081,1193,224,3222,1860,3462,1472,2551

test suite302
bestAPFD:0.927872
bestSuite:1421,4107,568,3576,694,3268,2097,3882,3940,1013,2964,3531,3686,3752,3976,2312

test suite303
bestAPFD:0.908301
bestSuite:1920,3683,3438,2633,3639,4098,2952,3294,224,1399,4114,3510,2768,1771

test suite304
bestAPFD:0.953333
bestSuite:4088,2639,3587,1360,235,2811,2986,832,1761,2786,2246,3510,1835,4116,2578

test suite305
bestAPFD:0.930781
bestSuite:3388,3743,3855,4128,96,744,2564,3859,102,4079,544,3199,3669,3384,2926,2356,1687,1608

test suite306
bestAPFD:0.939110
bestSuite:3363,2427,2531,4092,917,2207,3432,1658,3292,271,99,862,4128,2601,3813,368,2502

test suite307
bestAPFD:0.944895
bestSuite:911,2183,214,2186,3332,1854,1617,3527,1166,3416,4109,2077,3337,564,2487,4086,3516,2170

test suite308
bestAPFD:0.920656
bestSuite:3033,2863,2964,2650,2376,2558,3725,3752,836,3144,3892,2602,4108,1785

test suite309
bestAPFD:0.953303
bestSuite:3191,2979,2953,606,4127,3968,3337,1418,1831,2077,3989,3688,2718,2083,2964,2986,1103,945

test suite310
bestAPFD:0.931712
bestSuite:2347,1526,2338,4120,2986,2274,3684,1683,3269,4100,100,2448,3527,1771,772

test suite311
bestAPFD:0.891733
bestSuite:2796,1432,3112,1589,1304,2803,4117,4080,1288,2778,1980,3905,419,93,2204,2926,3231

test suite312
bestAPFD:0.940412
bestSuite:3181,2338,2556,2926,2117,3493,699,3472,4084,307,2452,3623,3124,4114,3345,828,1608,3293,1336,347,1402

test suite313
bestAPFD:0.912162
bestSuite:3136,1776,2926,4111,3792,2866,2363,1597,3332,1810,2084,193,93,4087

test suite314
bestAPFD:0.944515
bestSuite:312,2316,1908,2151,3187,646,2514,966,923,1433,4123,4009,931,3660,3805,4095,3457

test suite315
bestAPFD:0.943412
bestSuite:1955,3961,2902,2788,792,3051,295,3757,1997,4097,2986,2182,3676,2697,623,4129

test suite316
bestAPFD:0.944381
bestSuite:1451,1229,3883,2416,3992,2770,4079,2849,2675,2757,3521,994,13,2380,1781,55,3976,3752,4124

test suite317
bestAPFD:0.925119
bestSuite:869,1596,2602,2485,4103,1463,1873,3582,55,2117,1969,462,4086,3476,2599,1737,946

test suite318
bestAPFD:0.918168
bestSuite:1140,235,2314,2231,3155,1576,2447,4046,1908,2146,3472,3503,1511,2354,2568,626,4109,4092

test suite319
bestAPFD:0.918074
bestSuite:3752,3033,3338,3919,3662,3655,1673,2439,713,2618,4108,4075,795,1414,2328,3688

test suite320
bestAPFD:0.935304
bestSuite:1618,824,2778,3655,1998,2514,4095,3695,3540,2754,3800,2254,934,2282,4111,2554

test suite321
bestAPFD:0.931467
bestSuite:4097,1027,2533,712,2902,4130,2527,630,2633,1490,3860,3683,843,3251

test suite322
bestAPFD:0.947297
bestSuite:2104,2018,797,2835,3685,1658,2117,3683,3881,224,3150,1931,206,1764,4109,3605,4095,1877

test suite323
bestAPFD:0.919099
bestSuite:3736,4128,3738,3752,2501,3796,3850,1710,4081,3248,2473,1613,790,2524,3910

test suite324
bestAPFD:0.917170
bestSuite:1836,1133,4127,1761,1892,1074,2363,2839,1639,2837,2549,2971,4079,20,2610,2925,1658

test suite325
bestAPFD:0.938976
bestSuite:3105,1872,2740,921,3090,2805,3894,2560,2626,3393,4123,340,1455,4085,3683,3911,3332,3356,1724

test suite326
bestAPFD:0.937553
bestSuite:3702,151,2486,1504,2524,3438,3066,4097,1587,3352,2483,3770,3065,1262,2263,3343,4112,1854,1547

test suite327
bestAPFD:0.924024
bestSuite:2986,4098,2936,3669,3275,3207,3976,2973,4113

test suite328
bestAPFD:0.945796
bestSuite:3501,3993,3352,1618,170,4088,1291,658,2316,3144,3893,2269,3376,1674,2449,2037,1994,4121

test suite329
bestAPFD:0.934628
bestSuite:3150,4095,3352,2273,1772,4006,1139,3883,4112,3752,67,1986,2028,151,3303,874

test suite330
bestAPFD:0.958824
bestSuite:1695,3292,2856,4078,1976,4127,2373,2564,3103,2492,2375,3192,1985,3510,1891,2182,2023

test suite331
bestAPFD:0.923096
bestSuite:4089,1222,2082,3979,4125,3054,2716,1854,2788,3978,2649

test suite332
bestAPFD:0.944840
bestSuite:1854,3901,655,741,1826,4096,2729,535,3989,2534,3489,2554,3379,675,906,4130,1384,1631,2425,2698,2216,3389

test suite333
bestAPFD:0.924505
bestSuite:3976,2165,4093,3144,1965,1675,3688,351,4115,3398,4043,3111,896,2643,1618

test suite334
bestAPFD:0.958514
bestSuite:82,2083,3130,2222,1193,2165,235,2601,3600,2216,4120,2635,961,1475,1755,4082,622,3830,1526,3441

test suite335
bestAPFD:0.941252
bestSuite:1658,2999,2071,3376,93,910,2461,866,899,1538,4117,2964,2847,1033,3788,1483,3616,369,3986

test suite336
bestAPFD:0.919189
bestSuite:1658,793,4091,4118,2621,2580,3697,3472,2568,2847

test suite337
bestAPFD:0.935642
bestSuite:2901,1908,55,664,3683,2982,3705,4124,1552,3560,3687,4095,1803,2533,2500,3175

test suite338
bestAPFD:0.918784
bestSuite:2264,1547,3319,2796,1493,1688,2515,1,2696,4129,3478,1130,1623,3178,2627,3752,3867,2314,2610,4087

test suite339
bestAPFD:0.924831
bestSuite:2509,2953,2229,837,1947,2649,862,3327,99,4095,314,3174,4121,353,835,2830

test suite340
bestAPFD:0.942390
bestSuite:3277,3531,3732,320,1672,1504,1476,697,3197,4076,3292,4121,2515,2216,3824,2568,3166,1427,1159

test suite341
bestAPFD:0.924189
bestSuite:3329,56,2409,4130,133,147,2527,3250,3230,82,3303,2514,860,2604,1532,1362,3683,719,4076,3412

test suite342
bestAPFD:0.924116
bestSuite:3258,2926,308,2215,3623,4128,3033,2964,775,990,773,3296,3577

test suite343
bestAPFD:0.951802
bestSuite:1015,3536,4091,3520,1723,2836,1947,2564,1577,62,3956,3352,3303,4126,2273,2524,2829,3493

test suite344
bestAPFD:0.909459
bestSuite:714,752,2853,2502,2926,3808,4111,825,2674,1650,4100,1104,391,238,3101,1573,2759,722

test suite345
bestAPFD:0.946314
bestSuite:603,2362,4113,2756,2656,2336,2610,2138,2380,3058,2338,4091,2986,102,1757,1768,2673,12,3167,1693,2512,3921

test suite346
bestAPFD:0.929899
bestSuite:805,3472,440,4101,2587,1618,3581,1464,2781,2788,2894,2271,4085,732,1928,2996

test suite347
bestAPFD:0.947128
bestSuite:739,2186,2847,4096,1908,1606,3520,3677,3272,4128,3826,2285,570,726,704,1884

test suite348
bestAPFD:0.898198
bestSuite:3251,3268,766,4038,2472,4123,1982,4083,676,3452,1658,3225,1944,2028,3979

test suite349
bestAPFD:0.948818
bestSuite:3565,3340,2147,2281,2155,752,990,2610,1135,3752,4092,4121,2537,3758,3175,2603

test suite350
bestAPFD:0.943750
bestSuite:3318,221,2420,4108,2117,3051,966,1618,2926,3955,1879,3658,863,1317,4072,1746

test suite351
bestAPFD:0.946697
bestSuite:4089,935,3624,3834,3250,3732,1688,3906,1926,3332,2363,4111,109,2222,242,2637,2752,3165

test suite352
bestAPFD:0.942027
bestSuite:4088,1947,3804,224,2291,2902,1334,2854,63,3617,2330,3200,2910,1822,3364,2500,1793,4114,2004,2825

test suite353
bestAPFD:0.949017
bestSuite:2570,2560,2598,821,2222,3187,3441,3848,2956,558,3751,3058,1782,3601,2830,4114,2964,2160,1827,3459,3203,3658

test suite354
bestAPFD:0.940333
bestSuite:3239,4112,3655,3695,2336,3249,3033,55,4095,2360,2368,1482,1908

test suite355
bestAPFD:0.943243
bestSuite:3572,2559,3213,3796,4091,3175,4119,3910,924,2515,890,624,1480,2127,1854,186,1610

test suite356
bestAPFD:0.935270
bestSuite:1018,3485,1282,4083,858,3033,2222,4120,3341,1290,2041,55,620,3618,2607,700,1544,2205,2450,1500

test suite357
bestAPFD:0.940946
bestSuite:3384,624,3874,4111,3032,2084,3995,3873,3984,3050,3938,896,3320,1854,4094,149,3005,920,2568,750

test suite358
bestAPFD:0.932148
bestSuite:1586,3522,4076,3388,744,3905,2141,3342,951,2825,4103,1482,2842,1618,815,3552,3268,3527,1617

test suite359
bestAPFD:0.922576
bestSuite:2601,2716,2512,3914,313,3683,1195,1781,4108,4095,1509,2421,3420,391,818,629,1806

test suite360
bestAPFD:0.958172
bestSuite:1346,3431,3303,1841,1854,2866,1910,2749,651,1978,161,3803,2276,3231,3164,2526,4077,3249,4115,854,2557

test suite361
bestAPFD:0.950071
bestSuite:2553,1800,1840,4046,4077,4062,3175,2296,4113,1847,2222,1036,3732,982,3099,1658,1824,3580,2059

test suite362
bestAPFD:0.931712
bestSuite:3498,4094,3636,2926,3471,909,2729,669,2559,1623,663,2080,2554,3565,4108

test suite363
bestAPFD:0.944208
bestSuite:932,1947,3298,3461,3480,3883,3191,2455,4123,4093,3231,2953,2084,3051

test suite364
bestAPFD:0.918694
bestSuite:468,2205,4102,3686,1693,2568,1055,1787,1658,4074,2318,2938

test suite365
bestAPFD:0.936873
bestSuite:3975,3180,2729,2910,1796,1854,1653,2842,4118,739,2155,4092,3862,2714

test suite366
bestAPFD:0.913333
bestSuite:3624,3112,2087,2706,122,4100,3892,2889,887,2724,3888,2926,3561,570,4125

test suite367
bestAPFD:0.951494
bestSuite:2839,2222,2139,4006,2757,1905,1927,2573,820,944,3688,3605,2966,4098,695,1254,2213,1944,4110

test suite368
bestAPFD:0.927027
bestSuite:3883,785,979,2649,1658,1066,34,93,4124,3021,4084,4070,3644

test suite369
bestAPFD:0.930787
bestSuite:596,2810,4107,1425,1071,1322,3456,1704,591,3946,3523,2902,2961,4077,3688,3625,3705,3501,1697,2942,2927,1238,1854

test suite370
bestAPFD:0.951737
bestSuite:2830,3979,804,2243,3663,2527,2561,2627,4113,1353,1428,1545,2222,207,523,2376,1855,1728,3911,4093,676

test suite371
bestAPFD:0.958824
bestSuite:3666,3688,759,283,330,3537,2222,1575,2450,3988,2269,4123,2089,2801,4097,3786,2274

test suite372
bestAPFD:0.921772
bestSuite:3577,922,3573,4128,3582,1841,4098,3003,1844,2101,2785,680,224,2275,2793,1421,1947,312

test suite373
bestAPFD:0.952196
bestSuite:2524,2186,2993,1947,1823,552,2248,1644,1092,4105,2569,224,4088,2622,3334,755

test suite374
bestAPFD:0.955477
bestSuite:2527,2157,4106,1427,2419,2222,3065,1618,2474,3287,1242,3802,2827,2634,4087,3344,2414,1434,308

test suite375
bestAPFD:0.956588
bestSuite:2121,1668,2515,4084,2170,2222,1726,3501,3732,1633,1294,2664,2113,213,4121,3456

test suite376
bestAPFD:0.950640
bestSuite:2246,2604,4092,2288,3457,4046,1847,1947,2834,2610,3266,1329,4130,3292,3104,2042,655,701,1936

test suite377
bestAPFD:0.938919
bestSuite:3014,4028,2417,2509,1865,4102,768,1791,1854,1777,2749,3842,3419,1724,4073

test suite378
bestAPFD:0.912083
bestSuite:1486,3487,3268,2281,2964,547,3360,2788,3662,4011,589,1692,2183,1658,4126,896,701

test suite379
bestAPFD:0.922297
bestSuite:1797,3780,2450,4122,2844,2362,3802,1463,2368,3332,3007,4084

test suite380
bestAPFD:0.930405
bestSuite:3296,847,4107,2638,2515,1973,3870,2450,4097,3466,2732,2121,488,2458,3979,3056,3292,3631,2683,3626

test suite381
bestAPFD:0.935930
bestSuite:4099,2336,1947,2502,3231,3943,2387,3737,3079,1775,668,2844,513,2828,3296,4032,4129

test suite382
bestAPFD:0.919884
bestSuite:4111,4096,3683,3164,3033,2804,3456,1974,2601,3213,3472,3500,1998,3378

test suite383
bestAPFD:0.920986
bestSuite:3752,2474,4069,4095,3030,2083,4039,1535,2194,1843,4030,2251,2598,1198,4110,3054,2307

test suite384
bestAPFD:0.949603
bestSuite:4007,3349,2492,311,2804,1584,705,4103,2134,2964,1672,2060,2568,1460,722,1658,1597

test suite385
bestAPFD:0.950772
bestSuite:3050,3472,3945,3502,3785,3922,1722,2222,2564,995,4094,2714,4117,2728

test suite386
bestAPFD:0.929910
bestSuite:3655,2406,3876,1658,2150,4072,2273,1242,3439,311,3725,1475,2061,3417,4122

test suite387
bestAPFD:0.925676
bestSuite:2554,2177,1100,1731,4101,698,334,3848,3251,1463,774,1489,4097,864,2527,2412,2233,2915

test suite388
bestAPFD:0.945753
bestSuite:2160,3663,2372,2222,4073,3268,970,608,1726,4109,924,391,1423,3803

test suite389
bestAPFD:0.934022
bestSuite:2491,1313,2953,4117,4081,3892,3342,2676,3347,2524,3572,963,2660,2951,55,292,1658

test suite390
bestAPFD:0.923142
bestSuite:3887,1555,2809,1485,1849,4123,4098,3234,3683,2650,1055,2525,3033,561,2953,955

test suite391
bestAPFD:0.925755
bestSuite:4040,1512,4128,2275,2849,3860,3349,1861,4084,1908,3962,2480,1306,253,2374,3421,2694

test suite392
bestAPFD:0.926520
bestSuite:2363,3351,3752,3900,4074,4125,2415,1112,1905,1290,3343,2732,1765,2092,223,3919

test suite393
bestAPFD:0.916216
bestSuite:34,2573,1403,1813,2788,4101,2589,4077,2330,3133,56,2515,2880,3527,2174,3683,1431

test suite394
bestAPFD:0.943074
bestSuite:2697,1559,2693,3725,3796,3683,646,3510,2291,2490,543,4096,4125,1470,1554,4061

test suite395
bestAPFD:0.954339
bestSuite:3566,2020,2705,1458,3854,2298,2356,1943,3427,3337,2786,912,2756,2964,2480,603,3683,4121,1012

test suite396
bestAPFD:0.897117
bestSuite:986,3725,2512,4087,978,2926,232,2454,2399,2417,149,1451,1463,3066,4101

test suite397
bestAPFD:0.924079
bestSuite:4081,2177,3528,149,3752,1845,4116,2658,2564,2902,708

test suite398
bestAPFD:0.897440
bestSuite:2247,997,1553,3510,2669,867,4079,3175,1660,4105,843,773,3483,2871,3752,2547,149,4047,3364

test suite399
bestAPFD:0.933068
bestSuite:2773,3675,3752,4073,3281,1792,3808,2834,411,3819,1804,2617,2677,2554,2376,1687,4124

test suite400
bestAPFD:0.933559
bestSuite:3407,1908,3565,900,468,4091,2085,4115,3577,637,2072,687

test suite401
bestAPFD:0.945270
bestSuite:3223,2502,1658,2786,1615,3247,2752,1076,3088,3112,4105,4082

test suite402
bestAPFD:0.948142
bestSuite:3174,3729,1947,3456,3246,3400,1457,2100,4110,1941,3112,436,2166,400,3979,4077

test suite403
bestAPFD:0.933874
bestSuite:3386,4107,672,2246,3066,1795,2584,2598,1959,1543,2469,2986,1888,807,4100

test suite404
bestAPFD:0.902853
bestSuite:2414,3564,4109,1553,2115,1658,3803,4085,3332,312,720,646,1525,1559,1457,3705,1201,805

test suite405
bestAPFD:0.946942
bestSuite:3454,3334,705,1917,3694,3472,701,804,3187,1908,820,4112,2347,225,1662,2630,2515,3921,4074

test suite406
bestAPFD:0.944426
bestSuite:3266,3838,3941,2515,1517,4110,3746,2186,3605,3223,1618,4095,756,3011,3860,1735

test suite407
bestAPFD:0.928078
bestSuite:1239,3332,1502,1526,2336,341,2610,1290,2842,2975,3425,24,1523,2926,4108,3682,4097,2539

test suite408
bestAPFD:0.916967
bestSuite:3476,526,3318,1875,2078,3808,3438,2399,2587,4113,4058,2634,2987,734,3752,4095,3885,3352

test suite409
bestAPFD:0.921622
bestSuite:3979,1518,3533,2783,4111,2502,3428,2524,3907,4095,3752

test suite410
bestAPFD:0.909966
bestSuite:3524,3273,2531,3910,2564,4082,1463,673,755,3565,3792,34,3695,750,4108,849

test suite411
bestAPFD:0.934291
bestSuite:412,1658,3926,826,3808,119,1852,3956,3247,4129,3993,2363,3223,4081,2525,2495

test suite412
bestAPFD:0.948013
bestSuite:349,4121,3891,2449,2469,1463,3639,97,2786,3662,4079,2197,2716,1529,1659,2441,3136

test suite413
bestAPFD:0.930843
bestSuite:2863,2213,2605,3979,1926,209,1658,3003,2599,2092,3888,4078,4102,2508,670,531,3514

test suite414
bestAPFD:0.935315
bestSuite:2650,3632,3200,1658,2241,4079,1736,2199,2858,4119,1201,2524,2664,3456,2634

test suite415
bestAPFD:0.902495
bestSuite:3476,899,2554,2599,3913,3124,4110,3872,1707,939,4098,3683,1486

test suite416
bestAPFD:0.949614
bestSuite:540,1854,3251,4126,4086,3398,719,840,1811,3090,3743,1732,2786,2018

test suite417
bestAPFD:0.919459
bestSuite:3581,417,2182,2283,1908,3996,4098,3077,2331,4125,2933,2741,391,926,2512

test suite418
bestAPFD:0.938589
bestSuite:2083,2815,3725,2194,308,81,3999,4099,3292,3788,3605,4130,751,3601,2148,1002,1555,1984

test suite419
bestAPFD:0.906816
bestSuite:3332,953,249,1794,2986,3644,3051,1938,2296,1139,1803,3804,2322,4093,3072,1387,2313,2108,1015,1777,2377,2120,4125

test suite420
bestAPFD:0.956351
bestSuite:3230,3051,3383,4078,3808,3357,2223,3595,2997,1750,3292,856,436,3467,2684,957,2775,4107,2568,2959

test suite421
bestAPFD:0.930631
bestSuite:634,2572,3976,946,2083,3444,4085,2926,290,3356,4101,1898,514,2509,2187

test suite422
bestAPFD:0.934084
bestSuite:2707,3163,4109,1814,1878,4046,3913,3292,4087,203,3808,2825,3691,2605,2868,3860,738,1592

test suite423
bestAPFD:0.939790
bestSuite:1647,3403,3112,1853,3552,679,944,573,4087,3816,4105,699,3324,2494,3943,3232,2554,2986

test suite424
bestAPFD:0.947297
bestSuite:3251,1837,1522,665,1712,3774,3566,2082,1576,3919,204,149,4091,3376,2830,1250,4109,1322,1795,209,1463,3522

test suite425
bestAPFD:0.934511
bestSuite:3323,1668,2425,4123,2200,4072,2788,1854,93,3568,1687,3050,3049

test suite426
bestAPFD:0.946486
bestSuite:1777,3678,1463,1459,2092,1526,2107,2095,225,4128,3502,99,4079,3772,2577

test suite427
bestAPFD:0.942925
bestSuite:4104,1572,865,3629,3328,2526,3888,3545,2610,2986,344,3576,1396,193,4072,2092,2999

test suite428
bestAPFD:0.936175
bestSuite:1978,1908,1514,2509,2480,864,2830,99,2647,4126,3513,4083,1581

test suite429
bestAPFD:0.914626
bestSuite:2242,880,2194,3480,656,2872,670,4125,3731,999,2926,518,710,4083,3887,3332,3803

test suite430
bestAPFD:0.917170
bestSuite:1554,3456,3146,2973,4095,3250,4126,1577,698,3912,4069,3592,290,3683,3808,2658,190

test suite431
bestAPFD:0.961049
bestSuite:1931,1735,4122,2833,3175,2597,3398,2430,1769,354,4097,99,3992,1908,3495,2566,2684

test suite432
bestAPFD:0.952146
bestSuite:2634,3398,2682,45,3296,1947,1757,1021,3979,916,3655,4075,4058,123,1604,4115,3775

test suite433
bestAPFD:0.934340
bestSuite:1562,3171,3200,639,99,182,4006,883,2658,494,4098,974,2101,1008,4106,3632,1854

test suite434
bestAPFD:0.921453
bestSuite:2076,2356,3343,31,3862,2847,934,4104,2215,3830,3292,630,2966,2953,3910,4078

test suite435
bestAPFD:0.929151
bestSuite:2649,709,2181,4124,4091,2083,3956,3292,704,482,3531,1440,570,2752

test suite436
bestAPFD:0.939575
bestSuite:785,2926,4117,4089,589,2181,2375,1089,560,3530,2293,3740,3883,3673

test suite437
bestAPFD:0.924174
bestSuite:4123,3497,1717,1974,1503,4085,3683,2482,2177,739,3452,2860,1162,3545,3906,2514,1724,1285

test suite438
bestAPFD:0.936787
bestSuite:3050,2473,646,1508,2840,2986,3819,3034,4092,2684,1859,4126,3931,1408,1515,3804,1242,1449

test suite439
bestAPFD:0.928057
bestSuite:1463,4102,1004,2367,3998,3010,1979,1428,1338,4098,82,3433,135,1197,1580,3209,268,1289,752,2092,2474

test suite440
bestAPFD:0.922568
bestSuite:3847,38,139,699,1689,3472,3174,2515,3680,3273,267,3023,3483,1915,3976,2925,3752,4114,1784,4093

test suite441
bestAPFD:0.919958
bestSuite:168,4115,3644,52,1812,3207,3076,3854,3979,2021,4081,1463,1382

test suite442
bestAPFD:0.954054
bestSuite:2986,3082,2092,1936,468,2098,4093,2128,1743,4107,2864,2406,1224,1591,3892,2510,3163,3901,2729

test suite443
bestAPFD:0.946115
bestSuite:3651,1692,2117,3639,2356,2442,1500,913,4104,2469,2056,2375,3110,4071,1854,4079

test suite444
bestAPFD:0.948818
bestSuite:1908,2082,3456,674,3136,1591,3510,1884,2786,1246,833,179,3608,4073,2461,4122

test suite445
bestAPFD:0.948013
bestSuite:4080,1609,121,3834,2480,3740,2637,2879,3515,3860,1642,3283,405,2356,229,1854,4107

test suite446
bestAPFD:0.941441
bestSuite:2729,2868,3576,4115,3449,3186,1854,3608,429,968,1560,93,4072,3692,2092

test suite447
bestAPFD:0.940734
bestSuite:2375,2379,4112,2271,1714,3621,2950,3198,4084,1677,2140,1658,2269,1526

test suite448
bestAPFD:0.935328
bestSuite:3268,1618,2379,2064,3175,3822,3676,814,2519,2828,4128,3527,3385,4088

test suite449
bestAPFD:0.950000
bestSuite:4084,4125,308,3403,2684,3844,2327,1005,3821,2179,1649,1854,3533,2738,3348,2177,3351,2304

test suite450
bestAPFD:0.936984
bestSuite:125,2787,4020,1680,2869,1908,2650,4062,4107,2568,2083,1291,3503,493,3474,2495,3412,4097,925

test suite451
bestAPFD:0.932924
bestSuite:3384,2363,1854,3565,3846,4117,3626,570,4092,1795,2705

test suite452
bestAPFD:0.955192
bestSuite:2657,3292,2480,1501,4124,224,4007,4083,1193,1909,3359,1894,2356,2270,3867,2663,1687,3002,3000

test suite453
bestAPFD:0.933012
bestSuite:4125,2673,858,3888,2061,1382,4075,1752,2844,1676,3874,1854,2621,1841

test suite454
bestAPFD:0.926182
bestSuite:78,1710,149,3138,2926,4103,2011,3334,1886,3632,1758,2892,2083,3577,4072,2847

test suite455
bestAPFD:0.951520
bestSuite:2864,3246,3527,2597,2480,4083,3294,4123,3343,1432,727,3305,3116,1658,311,57

test suite456
bestAPFD:0.941802
bestSuite:3899,2639,2788,3926,324,2708,4122,3231,1771,1947,308,4094,1428,1829,2378

test suite457
bestAPFD:0.902162
bestSuite:1894,3891,3522,772,4098,1939,2574,3732,2480,2151,3497,2986,2325,4107,3301

test suite458
bestAPFD:0.947695
bestSuite:3570,2572,3502,93,1840,4115,2964,1854,3877,1565,3223,3228,997,3565,2756,2729,1512

test suite459
bestAPFD:0.934398
bestSuite:2731,2926,3731,4093,2931,3479,2515,1968,1809,4129,4042

test suite460
bestAPFD:0.920420
bestSuite:3565,843,3458,2953,4078,2610,972,1618,4114

test suite461
bestAPFD:0.932207
bestSuite:3510,3521,4110,3528,1110,4084,1810,3185,493,1854,739,3976

test suite462
bestAPFD:0.941757
bestSuite:1000,3410,3472,2268,1463,3528,4088,2077,2064,3673,2628,2564,3944,3743,2561,4119,2902,2328,935,2980

test suite463
bestAPFD:0.936551
bestSuite:1437,2602,848,906,3763,4061,4124,1877,1749,3013,2474,2902,218,3505,1908,4094,2563,224,3224,3834,4063

test suite464
bestAPFD:0.942105
bestSuite:4115,4062,1050,512,3639,4096,2823,2514,1064,3931,1854,3796,2365,3688,2313,439,1197,3203,3175

test suite465
bestAPFD:0.919865
bestSuite:1466,4020,1619,258,3095,993,45,1449,3497,3976,3940,4123,806,2708,1463,2458,4091,1311,2269,757

test suite466
bestAPFD:0.933108
bestSuite:4123,2181,1953,3501,2037,589,25,1766,2926,3565,4075,1949

test suite467
bestAPFD:0.951520
bestSuite:3941,1713,1479,2492,1743,3144,2731,468,3577,3723,2083,863,4095,4123,3752,1985

test suite468
bestAPFD:0.938156
bestSuite:2083,3399,1854,2056,4111,616,4091,1979,2064,3855,2363,3040,3099,3395,2286,3314,82

test suite469
bestAPFD:0.946139
bestSuite:933,4096,2450,1809,4124,3681,3299,1820,3732,1528,2986,3909,1057,2925

test suite470
bestAPFD:0.942664
bestSuite:3138,3782,3855,3261,3292,4125,3883,3669,3796,2372,1704,1434,2473,4092

test suite471
bestAPFD:0.914358
bestSuite:2320,725,2644,1854,1578,3895,3644,4076,3774,4128,589,2597,1749,2464,2328,2469

test suite472
bestAPFD:0.941592
bestSuite:1692,3883,925,3292,1818,500,4108,2685,1990,629,739,2334,1520,3691,4098,3670,443,3644

test suite473
bestAPFD:0.918168
bestSuite:3752,850,3050,2021,3383,3792,754,382,962,3691,1681,461,2729,2209,2554,4102,4090,3982

test suite474
bestAPFD:0.945439
bestSuite:2810,2986,4107,3808,987,2860,3778,3569,1134,3707,473,4006,570,829,4091,3848

test suite475
bestAPFD:0.947928
bestSuite:698,2222,627,2111,1571,3257,1000,3223,4114,646,3803,3115,4094,3398,602

test suite476
bestAPFD:0.936700
bestSuite:818,4073,2716,3051,3980,2752,4127,2480,2712,3115,3734,36,3889,1658,3957,2337,2789,918,3270

test suite477
bestAPFD:0.931250
bestSuite:2156,3683,1450,4108,1801,3352,2376,1654,2254,2712,3808,2216,4098,2112,4043,920

test suite478
bestAPFD:0.948364
bestSuite:1908,2696,3376,2173,3259,4074,3295,3332,2245,2612,708,1582,391,2270,1512,4121,2658,1836,1681

test suite479
bestAPFD:0.941335
bestSuite:138,3796,4129,3233,3398,1078,2914,2006,1947,2450,711,4087,926,3629,2279,3669,2973

test suite480
bestAPFD:0.940382
bestSuite:3950,148,1901,589,1996,2815,3292,3745,3022,3232,2527,3268,4122,4090,2669,2174,2512

test suite481
bestAPFD:0.937117
bestSuite:4021,1618,715,3610,2621,3398,3005,2340,1777,2449,2439,881,4110,4082,311

test suite482
bestAPFD:0.939358
bestSuite:2601,384,738,2431,2968,4124,3632,777,2964,749,2542,2512,2488,3883,308,1854

test suite483
bestAPFD:0.953770
bestSuite:3732,822,466,3432,2214,3335,2284,1949,3174,985,392,2181,1947,1774,2460,4088,2548,2855,4121

test suite484
bestAPFD:0.952402
bestSuite:67,1618,2991,2564,4107,2612,3565,967,2357,4072,3806,2435,3111,1945,3140,955,3669,1158

test suite485
bestAPFD:0.941506
bestSuite:1947,3192,3464,4130,3940,468,4094,1794,1859,3163,2376,2720,3210,973

test suite486
bestAPFD:0.927881
bestSuite:3987,1783,1658,2594,613,3027,4130,4095,1806,2502,231,1061,3004,2270,1316,325,3404,414,646

test suite487
bestAPFD:0.922191
bestSuite:2217,2644,2893,776,2269,742,2439,1908,2731,4126,3326,3403,311,4090,1810,3006,2493,2516,1922

test suite488
bestAPFD:0.946657
bestSuite:1999,3300,669,213,1880,3978,2505,3476,3712,4074,3105,1382,4122,2788,799,739,4052,1964,2986

test suite489
bestAPFD:0.950071
bestSuite:2232,3187,1618,82,2584,435,3445,2515,233,4111,3247,2931,1697,2731,2431,567,2188,897,4084

test suite490
bestAPFD:0.935642
bestSuite:841,3864,1602,4108,3135,2375,4006,3033,2561,3447,3752,3148,4074,937,2799,1307

test suite491
bestAPFD:0.959610
bestSuite:4083,1440,3509,3565,2749,1254,1998,1162,2915,3484,4128,1526,2999,667,3519,256,2222,3395

test suite492
bestAPFD:0.954730
bestSuite:4090,3058,1751,3940,1947,67,2830,21,745,3938,649,1068,1885,1713,4124,3576,1575,3438,2740,1765

test suite493
bestAPFD:0.930781
bestSuite:2621,3513,3752,1926,2338,947,3198,4064,739,987,2328,4073,4123,2152,1444,1158,3774,2729

test suite494
bestAPFD:0.942117
bestSuite:2842,2222,3796,3247,224,4034,2627,4122,2997,2338,4006,4096

test suite495
bestAPFD:0.930405
bestSuite:3691,4093,1618,149,2752,1861,1941,2472,3417,1526,694,4101

test suite496
bestAPFD:0.933264
bestSuite:4102,681,1922,3981,1463,3979,2311,1311,4084,3803,3205,2715,719

test suite497
bestAPFD:0.949896
bestSuite:3456,391,2082,2338,1826,2222,4064,2282,2057,3652,4093,2099,4102

test suite498
bestAPFD:0.941892
bestSuite:3907,1713,2103,964,4026,2753,2317,3935,4130,4092,739,2467,3175,3429,1658,3808,561,292

test suite499
bestAPFD:0.942793
bestSuite:1713,2147,2317,1223,739,3682,1167,983,1947,1474,4082,4111,543,3798,1697,3976,2362,2296

test suite500
bestAPFD:0.916577
bestSuite:1747,3020,2449,2947,3279,2926,3375,2152,813,4080,391,1627,4101,2338,3572

