test suite1
bestAPFD:0.958506
bestSuite:1908,2966,4090,4112,3976,2276,2598,3808,3010,1468,356,1771,2618,1837,3099,4017,1246

test suite2
bestAPFD:0.955405
bestSuite:1947,3251,2754,4092,4127,342,93,561,3912,3605,1940,697,1806,3853,810,1809,1387,1161

test suite3
bestAPFD:0.946069
bestSuite:2514,1791,2138,2759,4081,3940,2507,2360,746,4125,2513,3752,2352,184,4068,3109,2508,3175,2604,3667,3925,313

test suite4
bestAPFD:0.950090
bestSuite:1854,3159,4073,3719,4120,739,1096,2594,236,1612,799,3257,2926,2132,2474

test suite5
bestAPFD:0.963814
bestSuite:3731,1947,4088,1512,1108,4104,2311,2559,3417,3208,3657,2393,1390,1901,3078,2246,3343,778

test suite6
bestAPFD:0.952613
bestSuite:1908,2712,739,4120,4077,3138,2576,1576,1910,2336,3510,1070,1724,3848,4030

test suite7
bestAPFD:0.966817
bestSuite:2786,1908,4127,4099,3112,3454,3403,3379,2367,1804,45,1181,3245,3811,1988,3882,1911,2725

test suite8
bestAPFD:0.954054
bestSuite:2986,3856,4114,82,1824,4076,2271,2074,4006,793,3386,1430,3006,1332,3551

test suite9
bestAPFD:0.951858
bestSuite:1908,82,3198,4127,2968,4084,164,1768,3426,3006,3312,1669,4061,2170,2891,3788

test suite10
bestAPFD:0.959610
bestSuite:1947,3684,4077,2419,3352,4116,2340,1972,2269,3788,3178,3002,979,2425,643,3919,1945,687

test suite11
bestAPFD:0.953333
bestSuite:1908,2254,4075,2610,3762,4130,2533,868,64,353,4046,1620,3816,3709,3913

test suite12
bestAPFD:0.943528
bestSuite:2500,3497,1781,3683,224,1983,4106,4073,3838,191,1604,3925,2376,3272,2021,2716,1072,2035,3661

test suite13
bestAPFD:0.950386
bestSuite:2375,3503,1947,4094,4114,2512,846,2644,3332,1997,301,1486,776,2146

test suite14
bestAPFD:0.961685
bestSuite:1947,3669,4104,4078,2487,725,1546,3937,531,861,806,2424,3347,2714,948,2568,1788

test suite15
bestAPFD:0.953485
bestSuite:2524,2964,1723,4121,1450,99,946,2056,3752,2300,2806,3283,2098,958,3928,2246,617,3518,3325

test suite16
bestAPFD:0.955019
bestSuite:2166,2986,4125,4085,82,2291,3146,909,1749,3791,3767,2500,2146,3050

test suite17
bestAPFD:0.939640
bestSuite:3860,1977,3752,2704,4101,2718,4075,1283,2842,3437,3069,3655,164,2338,3278

test suite18
bestAPFD:0.956926
bestSuite:2524,1795,4091,1908,4117,311,1676,3699,1093,3438,2848,3891,1097,3425,1995,1716

test suite19
bestAPFD:0.953475
bestSuite:3565,1947,4088,4111,3956,149,3185,2871,1732,3719,2982,636,2834,3577

test suite20
bestAPFD:0.968848
bestSuite:2786,1658,4076,4123,2419,2411,3218,2989,788,3667,2424,3359,2186,2067,3771,3480,1711,2514,3135

test suite21
bestAPFD:0.957870
bestSuite:2986,3356,2610,1716,4088,4119,2902,923,1882,1377,2291,4067,2526,2621,909,324,847

test suite22
bestAPFD:0.934595
bestSuite:2084,2141,1979,4084,967,224,2811,2926,38,1884,3108,2480,2839,2535,4116

test suite23
bestAPFD:0.943919
bestSuite:2986,3860,1482,4078,4104,846,3459,1751,2788,2716,474,3436

test suite24
bestAPFD:0.939279
bestSuite:1658,2076,3457,4129,4076,99,1721,3683,1540,2291,234,3938,963,874,3594

test suite25
bestAPFD:0.951502
bestSuite:2650,2729,3683,2830,4123,1587,4007,4073,2539,3029,2627,3289,2248,741,3486,960,1668,2931

test suite26
bestAPFD:0.941184
bestSuite:3112,2451,3686,4123,2732,3683,3910,3156,4072,732,3290,4011,803,1472,2361,124,1832,2377,3145,2439,3976

test suite27
bestAPFD:0.947128
bestSuite:3731,1444,3885,2098,1906,4094,3853,4121,3224,3752,2568,3317,291,1861,3510,360

test suite28
bestAPFD:0.950811
bestSuite:1618,3101,4093,3476,3051,4110,1594,1910,1120,1380,2494,3666,2415,2729,3351

test suite29
bestAPFD:0.953089
bestSuite:3565,2986,391,4111,1600,4084,2419,3233,3676,3325,2512,3207,2364,3118

test suite30
bestAPFD:0.970393
bestSuite:3292,3012,2610,4097,4104,575,1629,3886,1385,3838,3170,3050,433,3456,3137,3471,3942,293,2333,1542,977,3750

test suite31
bestAPFD:0.924625
bestSuite:2731,1947,4087,99,4112,3913,2347,3427,2082

test suite32
bestAPFD:0.948649
bestSuite:1908,4127,3156,583,4077,1444,3910,3444,58,1885,2367,3803,3800,1619,1543

test suite33
bestAPFD:0.935714
bestSuite:2621,3752,3688,901,4098,4101,2439,3638,3268,3550,722,826,2291,674

test suite34
bestAPFD:0.960980
bestSuite:2222,4077,1716,2598,3510,4105,2731,2523,3502,2571,663,1135,2301,153,3595,2696

test suite35
bestAPFD:0.956615
bestSuite:3528,739,4042,2961,4120,4096,2926,3138,3883,3359,102,718,2211,2884,328,3638,1324,869,3919

test suite36
bestAPFD:0.955495
bestSuite:2524,1658,4097,4119,3976,2749,2805,2435,2572,3878,3496,3786,2509,3215,1080

test suite37
bestAPFD:0.965434
bestSuite:3292,2062,4114,4085,3159,2610,2723,2291,1020,2041,3069,1593,1721,860,2053,421,3883,1801,3895

test suite38
bestAPFD:0.956280
bestSuite:1947,3175,3014,93,2964,4109,2147,3225,2377,1083,2815,2839,2494,1594,3908,2424,17

test suite39
bestAPFD:0.961318
bestSuite:2222,2610,4087,4118,1474,3905,561,2463,2839,1218,3598,611,3314,170,814,829

test suite40
bestAPFD:0.959910
bestSuite:1908,2524,3527,4080,632,4114,921,3819,3062,1239,648,1045,582,3684,2788,2707,2931,2988

test suite41
bestAPFD:0.954633
bestSuite:2181,1947,4094,223,4107,1536,3332,3341,855,3090,2910,3766,279,2734

test suite42
bestAPFD:0.934384
bestSuite:3007,3250,2365,3683,1824,3911,4128,4096,2568,3563,3198,3132,3268,3867,1164,3161,3214,253

test suite43
bestAPFD:0.950000
bestSuite:3454,4123,1854,4090,311,2148,849,2613,2102,1558,971,2915,2269,1713,2564,381,3535,400

test suite44
bestAPFD:0.966572
bestSuite:2181,1854,4088,149,4113,2060,2768,1840,3371,1804,3699,1853,2550,3808,1333,3704,752,631,207

test suite45
bestAPFD:0.948967
bestSuite:4007,1463,2215,4123,224,3686,4085,3538,2081,3382,2246,2333,3266,3930,186,743,3033

test suite46
bestAPFD:0.951778
bestSuite:3447,1579,2926,2026,4092,4111,2439,739,2514,2376,2734,2666,1326,334,3675,81,3856,1885,2262

test suite47
bestAPFD:0.957601
bestSuite:3292,1480,4092,1543,4107,3129,3860,3498,4005,2419,2816,2514,591,1734,3655,3660

test suite48
bestAPFD:0.927027
bestSuite:1618,2844,4079,4117,3655,386,759,4063,2357

test suite49
bestAPFD:0.944833
bestSuite:3688,2389,716,3853,4116,4091,2926,3175,3822,77,1282,3974,2248,220,3112,4063,861

test suite50
bestAPFD:0.959009
bestSuite:3855,1658,2749,4078,3033,4130,2325,809,1426,3066,784,2023,2407,3712,904,3788,345,2873

test suite51
bestAPFD:0.965015
bestSuite:2166,3292,4082,4105,3732,2170,2474,734,3883,654,2840,441,1449,3874,126,2930,1478,3483

test suite52
bestAPFD:0.954414
bestSuite:2375,3050,1618,4129,4075,2474,185,2065,3854,3740,1896,2262,1927,3217,1428

test suite53
bestAPFD:0.968919
bestSuite:1947,3033,4125,4088,93,2363,2795,2509,3762,1788,2589,2485,1418,310,2490,1745,2078,3246,31,2630,2646,4024

test suite54
bestAPFD:0.955644
bestSuite:1908,2554,3004,4080,3576,4127,1633,1526,2944,334,3241,2778,1785,2963,1936,1625,2043

test suite55
bestAPFD:0.952613
bestSuite:3565,1980,646,4125,1714,4079,3683,3825,3872,3070,2472,785,2474,286,3947

test suite56
bestAPFD:0.969054
bestSuite:2222,4118,2375,855,4096,1451,2205,2560,2646,386,747,3099,866,419,3198,1463,2474,1579,2762,3762

test suite57
bestAPFD:0.953885
bestSuite:1947,3684,2966,2598,4130,2327,4094,2021,1704,2796,276,2830,2449,1705,2395,1434

test suite58
bestAPFD:0.965315
bestSuite:2222,4129,1968,4091,570,1447,344,955,2040,433,3814,4013,3175,3894,2888,2356,831,2950

test suite59
bestAPFD:0.950901
bestSuite:2072,2842,1939,3165,4097,4117,3752,653,1556,2598,2349,1898,1535,3812,2007,2605,2839,2788

test suite60
bestAPFD:0.957234
bestSuite:1618,3268,99,2473,4116,4085,3564,3507,3619,3813,750,3214,3026,3070,2686,1037,1492

test suite61
bestAPFD:0.952196
bestSuite:2284,2896,3051,4091,4117,2926,2747,2177,1252,2698,1977,1436,3803,423,3112,3564

test suite62
bestAPFD:0.966892
bestSuite:2181,4084,2610,2986,4124,2171,2401,3750,1886,1733,1362,2367,313,1531,1229,3651,1555,3095,3993,3207

test suite63
bestAPFD:0.955495
bestSuite:2986,2502,4114,570,4082,3237,2336,2820,1827,2712,583,2840,3050,3867,943

test suite64
bestAPFD:0.921622
bestSuite:3860,1658,4127,3606,4080,3160,2642,3077,2376

test suite65
bestAPFD:0.931327
bestSuite:3203,3050,3005,3738,2208,3752,3940,3524,4023,4086,4110,2674,3176,983,406,3462,2492,933,738,3357,4042,3714

test suite66
bestAPFD:0.944097
bestSuite:2080,774,1822,4098,863,4105,3345,2902,3911,2926,3785,135,2953,3533,3131,2141,240,556,518

test suite67
bestAPFD:0.925450
bestSuite:2363,1463,2762,308,4083,2396,4104,2486,751,726,3503,3319

test suite68
bestAPFD:0.956907
bestSuite:1618,2950,3819,4084,3527,4124,427,1990,2515,3184,2696,106,2011,1400,1369,2235,389,985

test suite69
bestAPFD:0.963593
bestSuite:2222,589,4097,4118,1952,2925,1877,3534,3768,3014,895,2839,3803,3609,549,633,2590

test suite70
bestAPFD:0.964114
bestSuite:3292,2246,4110,311,4080,723,2511,2922,2122,3141,3285,3101,3605,379,40,36,2083,659

test suite71
bestAPFD:0.955105
bestSuite:3639,2650,3683,4100,1596,3010,3883,2474,4107,4046,2057,3885,3316,170,1061,3439,2909,1873

test suite72
bestAPFD:0.948842
bestSuite:2986,3850,1642,4075,4101,2375,2514,3932,4063,2656,2316,3207,3187,3339

test suite73
bestAPFD:0.953333
bestSuite:1947,2604,4075,468,2842,4108,1490,3190,1480,37,3745,80,2824,3359,1445

test suite74
bestAPFD:0.956306
bestSuite:1854,2092,4078,2512,1912,93,2694,4102,801,1636,3767,2185,3066,2557,706,2000,2968,3644

test suite75
bestAPFD:0.956937
bestSuite:2166,3940,1854,4073,4102,1084,3452,4039,3691,1472,2339,2716,2500,3410,3655

test suite76
bestAPFD:0.959141
bestSuite:2986,3688,2515,1626,4077,4116,3354,1589,1606,119,669,2788,727,2920,1986,3520,525

test suite77
bestAPFD:0.963911
bestSuite:3292,646,4087,4129,1785,2104,3808,3792,3912,1894,3858,2495,911,1530,3888,3373,3804

test suite78
bestAPFD:0.926182
bestSuite:3683,4039,2775,2264,3380,3910,4075,3021,4118,2393,1978,2480,3332,2823,335,3252

test suite79
bestAPFD:0.949730
bestSuite:1908,2842,4088,3940,2165,4060,4128,2512,1872,2379,995,1606,520,3031,3332

test suite80
bestAPFD:0.944197
bestSuite:1658,3075,2775,3540,4086,149,4117,1053,399,497,1580,1191,2694,350,1741,1464,1724

test suite81
bestAPFD:0.969417
bestSuite:2222,3688,4109,4082,2599,3050,3133,2759,3105,3282,3198,578,2612,3060,3145,2732,2550,3251,2197

test suite82
bestAPFD:0.961166
bestSuite:1908,2907,4112,4077,3510,2552,2141,646,875,2696,2101,2962,2744,3442,2576,1449,2348,374,2796

test suite83
bestAPFD:0.957939
bestSuite:2986,3576,2375,4128,4077,2450,2469,1933,3142,1507,433,3815,946,455,1881,955

test suite84
bestAPFD:0.945405
bestSuite:1908,2579,4077,821,2974,4101,570,1681,2119,2830,3100,1840,855,3828,3655

test suite85
bestAPFD:0.941081
bestSuite:2254,1619,1791,3463,3352,2436,2926,4093,4130,2377,3659,2515,1526,186,972

test suite86
bestAPFD:0.955761
bestSuite:1854,2509,55,4119,4078,2338,690,3410,3489,312,3976,1161,227,3428,1396,2760,2330,1671,344

test suite87
bestAPFD:0.950000
bestSuite:2336,1781,4124,3752,2030,1597,4088,93,2764,79,2729,2381,3365,2857,2083,839,505,3875

test suite88
bestAPFD:0.963275
bestSuite:2639,3472,1658,4078,4104,2356,90,3438,3358,3520,1447,305,874,1825,553,1539,812

test suite89
bestAPFD:0.951158
bestSuite:1618,3303,4126,4077,2650,3792,2114,877,2474,1976,484,3907,3410,3070

test suite90
bestAPFD:0.949754
bestSuite:3476,1998,2706,2520,1551,1761,308,2926,4128,4084,1339,312,3577,3155,1938,933,3483,1226,3750,2703,90,3354

test suite91
bestAPFD:0.940315
bestSuite:1618,3298,2947,4108,646,4074,2356,1494,3803,2347,2036,1229

test suite92
bestAPFD:0.962003
bestSuite:3292,1500,4074,3051,4118,2783,1771,3976,3125,3184,1627,1619,473,2141,3313,3421,506

test suite93
bestAPFD:0.939829
bestSuite:1463,2762,312,82,3323,2211,4097,2138,2989,1596,3112,1858,4102,1919,2376,974,3793,952,868

test suite94
bestAPFD:0.961735
bestSuite:2181,3752,1805,4077,391,2336,4117,2863,2405,1511,286,3001,4009,1042,2657,3765,2514,3920,576

test suite95
bestAPFD:0.956577
bestSuite:1618,3688,4094,4117,3966,3343,3251,153,2407,3239,3955,3142,1066,3381,2720

test suite96
bestAPFD:0.948069
bestSuite:1908,3033,1423,3940,4074,2750,4104,3187,3016,1800,3336,1647,3977,846

test suite97
bestAPFD:0.935405
bestSuite:3292,2788,3688,4084,4105,3216,2430,849,827,3565

test suite98
bestAPFD:0.924165
bestSuite:3648,3683,2338,4127,3303,468,4090,3632,259,1642,779,1596,1806,138,2991,4042,1925

test suite99
bestAPFD:0.959291
bestSuite:2524,2986,4090,4119,149,3227,3749,3388,2341,1612,1244,2186,3753,2461,1500,1696

test suite100
bestAPFD:0.959459
bestSuite:3796,1463,3076,4128,4085,3979,3878,3572,2338,1861,1792,2630,3955,2568,3675,923,855,3621,2719

test suite101
bestAPFD:0.961049
bestSuite:3981,1618,4117,3669,4084,2515,642,1494,909,2684,2621,2411,2518,2291,433,3913,1329

test suite102
bestAPFD:0.942607
bestSuite:4026,2291,3636,2926,3766,4099,4111,223,3745,1499,393,2073,2948,1392,2141,3033,3349

test suite103
bestAPFD:0.931479
bestSuite:3688,1478,1481,3010,963,3354,3752,4088,1964,3394,2654,2721,4106,3788,2716,2217,2317

test suite104
bestAPFD:0.931450
bestSuite:2369,1463,4072,4112,2907,646,3976,3975,2010,2229,3920

test suite105
bestAPFD:0.967445
bestSuite:3860,1658,1520,4072,2684,4103,1863,2047,4061,3551,2177,3754,531,727,1888,743,1193,3187,1277,3217,1342,924

test suite106
bestAPFD:0.963514
bestSuite:3292,1637,2749,2964,3302,4130,3197,605,3786,2837,3941,1896,928,3888,494,3435,3476,3562

test suite107
bestAPFD:0.942883
bestSuite:1463,3688,4117,2509,3413,3185,3217,4093,1783,2971,395,2474,2716,3205,2573

test suite108
bestAPFD:0.959141
bestSuite:1908,3662,4122,99,4096,3647,874,3895,2150,3184,1319,1006,2849,2769,3919,2568,1749

test suite109
bestAPFD:0.958615
bestSuite:2786,2566,4075,2547,2926,3398,4118,2117,2354,2956,3267,1169,189,223,1634,3909

test suite110
bestAPFD:0.962568
bestSuite:1947,3364,290,2502,4106,4072,2098,2404,1506,978,2839,484,2822,2535,2423,3630,1836,1359,2789,3322

test suite111
bestAPFD:0.957870
bestSuite:1854,3586,4103,224,3966,4098,3000,2317,1607,1583,2520,3313,2152,3363,2568,3619,3690

test suite112
bestAPFD:0.936712
bestSuite:3883,2768,4121,3860,4073,2896,3187,1528,4046,2393,763,3752

test suite113
bestAPFD:0.939489
bestSuite:3417,907,2209,4129,2373,3398,3752,224,2754,2262,4077,2002,3403,426,3748,1677,3613,4066

test suite114
bestAPFD:0.963593
bestSuite:2786,1908,2164,4072,4104,3317,2544,2514,2182,3516,3527,2474,2658,3719,261,2150,3071

test suite115
bestAPFD:0.967690
bestSuite:2731,1463,4094,2650,3964,4110,1479,3217,3787,900,2025,1720,2880,1731,2171,958,2439,1663,2620,2729,1330,1972

test suite116
bestAPFD:0.949009
bestSuite:1854,3163,3712,4083,224,4128,1943,2428,3104,2473,3778,352,3493,3503,3755

test suite117
bestAPFD:0.929505
bestSuite:3033,3200,2926,1797,4100,2749,2278,4113,3020,2467,283,3976

test suite118
bestAPFD:0.959966
bestSuite:3565,1658,308,4126,4073,172,1980,552,3166,3975,3966,2023,2834,1526,1698,2777

test suite119
bestAPFD:0.937688
bestSuite:3476,3752,712,4124,4002,2341,3640,2554,3700,4099,1486,3343,2193,2862,1443,2117,2283,3582

test suite120
bestAPFD:0.941723
bestSuite:2073,1494,4090,739,2926,993,2092,4114,934,3977,2469,3905,1511,2718,3203,2094

test suite121
bestAPFD:0.953485
bestSuite:1487,2830,3911,1732,4088,4118,2931,3683,3537,2798,1629,3210,4028,2860,3223,3100,1526,2868,304

test suite122
bestAPFD:0.963578
bestSuite:1854,3480,4113,2964,3510,3910,979,3649,2855,2759,3213,4020,1526,1875,81,1411,1582,391,3615,5,3810

test suite123
bestAPFD:0.951158
bestSuite:2254,1854,4112,4095,3320,93,2084,2665,1799,56,497,2071,3803,3033

test suite124
bestAPFD:0.955706
bestSuite:3586,1658,4109,4078,3276,3910,2186,1601,732,896,2067,1085,3283,585,3028,2391,3394,2036

test suite125
bestAPFD:0.958408
bestSuite:3731,2351,3338,4115,4073,3752,1960,3781,1744,2974,598,814,2118,1948,2363,2401,2527,2902

test suite126
bestAPFD:0.968243
bestSuite:2639,1658,739,4126,4086,2578,3505,754,45,1729,1984,3251,3012,3332,737,1106,1892,1103,1468,142

test suite127
bestAPFD:0.964114
bestSuite:3292,1726,4074,4118,2610,2849,3050,1805,3303,983,3502,2026,3526,3456,2818,2023,2934,4005

test suite128
bestAPFD:0.954414
bestSuite:3247,1908,3910,3470,4087,4116,780,300,3205,2514,3376,3994,580,2474,3189

test suite129
bestAPFD:0.949064
bestSuite:2524,1658,4106,4074,2598,3598,1877,2104,1395,1603,3844,1724,3318

test suite130
bestAPFD:0.938649
bestSuite:2222,3911,4079,4103,2639,3476,2604,3008,3138,1509

test suite131
bestAPFD:0.967710
bestSuite:2786,4097,1658,1670,4123,2186,998,989,1565,3567,193,1909,3433,1888,1525,2053,3171,2961,2182

test suite132
bestAPFD:0.962003
bestSuite:3292,2621,4098,4109,3669,2215,1512,2558,663,2083,1864,3788,176,3605,3056,1811,3956

test suite133
bestAPFD:0.957870
bestSuite:1854,3454,3979,4117,4082,3175,2527,2720,3074,2269,1821,3464,1551,769,2853,2367,3122

test suite134
bestAPFD:0.965015
bestSuite:2639,3472,4085,2986,4107,3454,2472,2953,2533,2199,2360,4002,2173,1021,759,865,1751,1608

test suite135
bestAPFD:0.937477
bestSuite:3033,1777,2619,3586,224,4077,4107,3156,3752,3376,3275,3022,1811,2553,2604

test suite136
bestAPFD:0.955574
bestSuite:2986,2351,412,4117,2396,4083,297,1781,1771,389,1621,3251,2839,1009,3670,755

test suite137
bestAPFD:0.956937
bestSuite:3292,1968,4092,3911,4127,3101,1788,3655,2500,3719,3371,2693,3378,2830,2082

test suite138
bestAPFD:0.966003
bestSuite:3292,654,4117,4088,3979,1733,4019,1,2450,3033,2959,3851,997,1556,1715,2915,2602,3939,140

test suite139
bestAPFD:0.959202
bestSuite:1736,3808,311,3752,4114,4099,3223,798,3392,285,474,3928,3749,1676,862,671,1752,1526,858,1918,2683

test suite140
bestAPFD:0.950246
bestSuite:3688,3683,4085,1724,2435,4101,3069,3133,2300,562,1805,2356,2576,2418,783,2077,845,236,3537,1941,552,3713

test suite141
bestAPFD:0.952872
bestSuite:1854,2830,4094,468,4128,2347,89,1741,3632,3926,2474,1021,3900,2570,477,2658

test suite142
bestAPFD:0.927534
bestSuite:3979,2788,2016,2435,4080,3538,3683,4119,746,3672,2816,2356,603,2294,3772,3617

test suite143
bestAPFD:0.951143
bestSuite:2181,1463,4099,4130,3352,2389,2182,2552,3313,2379,3126,1993,1878

test suite144
bestAPFD:0.960882
bestSuite:1947,45,2716,4082,4128,93,3687,30,639,2176,3547,893,287,680,2283,2611,1459,1045,3438

test suite145
bestAPFD:0.930695
bestSuite:4006,652,2926,290,322,2870,4079,4112,1366,3266,2950,2749,526,3033

test suite146
bestAPFD:0.948649
bestSuite:2986,2367,4090,2650,4106,3387,3540,1723,3175,2514,1812,2114,3823

test suite147
bestAPFD:0.960095
bestSuite:2986,2830,4123,4082,3403,2610,1499,963,57,3686,785,4061,3376,2329,118,1213,3180

test suite148
bestAPFD:0.963911
bestSuite:2222,3910,4081,826,4124,2993,3843,1974,3900,295,3050,3197,2860,966,2409,3052,3905

test suite149
bestAPFD:0.947297
bestSuite:3417,1947,4099,4106,570,885,4058,1564,3450,3065,3403,1808,1104,1902

test suite150
bestAPFD:0.950238
bestSuite:2768,3752,3112,4125,3051,1946,657,4086,2879,2602,2314,2104,2512,3872,2673,92,3734

test suite151
bestAPFD:0.948842
bestSuite:1854,3684,4081,4122,2526,2554,117,642,2816,3317,3096,3644,3426,1791

test suite152
bestAPFD:0.943243
bestSuite:2284,308,3824,3644,153,4116,4085,422,3624,3683,671,2177,3441,2114,3883

test suite153
bestAPFD:0.955644
bestSuite:1947,55,3214,4092,4104,2176,3894,1821,2902,2291,3744,3256,1506,886,3336,1678,2409

test suite154
bestAPFD:0.947466
bestSuite:1658,2796,2962,4130,4083,2598,2515,2602,3401,33,961,3144,2004,2480,2790,2293

test suite155
bestAPFD:0.963345
bestSuite:2222,646,4080,4110,3887,2157,1685,3621,814,1496,973,950,2474,2083,3165,3567

test suite156
bestAPFD:0.960811
bestSuite:1908,3688,4095,4127,3370,3672,2301,236,2840,691,2788,3926,3359,2467,949,3084,479,3268

test suite157
bestAPFD:0.967117
bestSuite:2222,2375,4108,4090,2450,2902,3458,1714,666,2371,602,2155,3653,3627,2396,3420,1957,3302

test suite158
bestAPFD:0.967425
bestSuite:2222,1474,4085,4124,99,3918,3332,2271,3471,2925,4042,3469,2931,3499,1481,3964,1716,1730,2080

test suite159
bestAPFD:0.962913
bestSuite:1908,2650,2205,4128,4087,3469,3033,701,3234,523,2547,3788,949,2670,146,3338,3725,1934

test suite160
bestAPFD:0.954561
bestSuite:3796,1658,3981,4093,2749,4109,2584,3252,3808,1673,3428,4006,1553,2184,1262,1557

test suite161
bestAPFD:0.962012
bestSuite:3239,3731,3022,4092,4102,3752,3334,2143,3616,3205,3510,2256,3975,3858,1239,3644,331,1297

test suite162
bestAPFD:0.968983
bestSuite:1947,3669,4077,4107,679,3904,1337,2379,3962,1191,2696,3332,3288,2089,3243,3966,1973,3953,754,440,3605

test suite163
bestAPFD:0.950386
bestSuite:4006,1854,4109,4089,739,2138,1911,2946,2117,2902,4019,2870,3632,3767

test suite164
bestAPFD:0.950811
bestSuite:1947,2685,391,4082,4102,2256,3492,3384,2059,2892,2195,1650,688,2512,1158

test suite165
bestAPFD:0.951216
bestSuite:2336,4092,93,1719,2514,3295,4110,3752,1926,1489,2889,1615,2568,2833,1687,2256,3624,1637,2872,871

test suite166
bestAPFD:0.952872
bestSuite:2552,1658,4007,3940,4124,4095,3448,2866,3909,2117,433,134,3649,3476,714,2443

test suite167
bestAPFD:0.962985
bestSuite:2490,3591,1854,4115,4098,4042,55,1795,344,502,1627,2801,1257,297,888,1879,2892,3332,3518,1275,2004,1402,2350

test suite168
bestAPFD:0.962669
bestSuite:2597,4094,4107,55,830,2986,2381,2716,1721,3337,3156,2373,1844,2117,1361,2374

test suite169
bestAPFD:0.938691
bestSuite:3476,2502,3173,4112,55,921,4075,1798,255,806,3752,509,734,2602,2656,3691,1786,4055,2746

test suite170
bestAPFD:0.964296
bestSuite:2986,3688,4073,2615,4126,3788,1808,1940,2443,1224,1864,1644,3033,2774,2037,3609,1555,1689,56

test suite171
bestAPFD:0.970785
bestSuite:3292,2844,4127,4094,3913,2313,3856,2716,795,2254,3544,3834,312,3779,1453,1998,3831,1160,1525,3829,3602

test suite172
bestAPFD:0.967117
bestSuite:2222,2786,4111,4074,1997,1978,996,2186,2557,1322,3398,2283,770,3384,400,2623,989,1459

test suite173
bestAPFD:0.956216
bestSuite:2425,1618,4093,2598,4102,629,2851,1450,1972,2104,3937,2449,2926,504,1709

test suite174
bestAPFD:0.953333
bestSuite:2181,3940,4099,4122,1481,2997,3683,2857,2716,1511,1709,750,2768,2966,1700

test suite175
bestAPFD:0.964093
bestSuite:1658,3159,4077,311,4112,235,2492,709,1688,3027,3905,3594,3447,1473,3033,1599,3210,3862,1903,1856,2760

test suite176
bestAPFD:0.963911
bestSuite:2222,3352,4104,1713,4094,3214,2083,2473,2925,1623,2458,301,2208,3028,3184,942,3893

test suite177
bestAPFD:0.961655
bestSuite:2597,308,4078,322,4105,3292,2189,3913,3259,1813,742,3483,2284,685,1772,3050

test suite178
bestAPFD:0.954561
bestSuite:2768,3227,4092,1854,3743,4101,3352,3427,1931,1366,1904,1785,2081,2492,3803,3619

test suite179
bestAPFD:0.958709
bestSuite:1658,3669,507,4119,4072,3676,2580,1435,3175,1752,2269,3624,3423,4064,3790,195,2657,3948

test suite180
bestAPFD:0.961685
bestSuite:1947,3669,4104,4076,1765,2174,1989,2996,1939,2213,1913,680,778,3976,3268,3882,2896

test suite181
bestAPFD:0.935846
bestSuite:3085,322,3683,2338,2775,233,4079,3150,468,2708,4128,3869,45,3130,2370,2399,678,3904,3905

test suite182
bestAPFD:0.960180
bestSuite:2597,4098,4102,3292,3472,2946,2698,651,1758,2488,2083,1333,2368,2823,3438

test suite183
bestAPFD:0.956899
bestSuite:3731,646,3476,1604,4081,3311,3752,4112,778,2073,1832,2480,287,56,756,2676,999,3301,3017

test suite184
bestAPFD:0.963814
bestSuite:3565,1947,4099,4108,3329,3910,2182,2904,527,3895,428,2246,1649,2906,1524,3344,1939,3380

test suite185
bestAPFD:0.946423
bestSuite:3186,3572,2598,2984,4103,2234,4091,1572,1435,3796,3752,2515,2502,1056,3126,2174,3470

test suite186
bestAPFD:0.960642
bestSuite:3732,1658,4100,4112,3214,1608,3450,3137,1811,1999,3502,3091,3995,2117,2177,1818

test suite187
bestAPFD:0.968848
bestSuite:2222,4090,2786,4110,2512,2500,778,2946,3661,2397,3480,3340,1894,2149,3320,1920,393,60,3112

test suite188
bestAPFD:0.945804
bestSuite:1463,4074,2243,2759,2716,4126,3989,3911,607,3243,2973,2331,2624,3157,3888,1763,1567,2431,3171

test suite189
bestAPFD:0.965434
bestSuite:2639,1870,4114,4080,1908,646,598,2304,205,511,378,2120,3464,1254,2604,3907,3399,1433,762

test suite190
bestAPFD:0.952782
bestSuite:1854,3819,2114,4093,82,1043,4111,3332,2983,964,789,1729,2763,3020,3657,3175,3048

test suite191
bestAPFD:0.958378
bestSuite:1908,2375,4074,4108,670,1362,3919,2953,2545,690,3298,1954,54,2238,2902

test suite192
bestAPFD:0.963814
bestSuite:2986,3669,2964,4119,1724,2256,920,3534,2683,3145,2514,3344,556,301,20,1333,1861,3660

test suite193
bestAPFD:0.967141
bestSuite:3292,2375,4122,2956,4093,3672,934,452,1614,3218,3050,1815,2363,984,2959,3796,1855,3825,3450

test suite194
bestAPFD:0.953861
bestSuite:3292,1502,4097,223,4123,692,2076,3341,511,2514,2473,1913,3581,2619

test suite195
bestAPFD:0.929872
bestSuite:3594,2967,308,2439,1704,4084,1871,4109,1731,2338,3580,3752,2288,3888,3209,3923,2089,1306,2073

test suite196
bestAPFD:0.954414
bestSuite:1947,3688,4118,4095,2490,3636,3306,1976,3223,2092,1870,3399,1871,2568,3425

test suite197
bestAPFD:0.942752
bestSuite:3239,1947,2610,4126,4097,2372,2789,691,2759,2275,4042

test suite198
bestAPFD:0.958514
bestSuite:1908,3765,2731,2114,40,260,4123,2749,4091,3800,3126,2537,1481,1087,2031,2469,3454,1724,1329,3033

test suite199
bestAPFD:0.954054
bestSuite:2986,2117,3051,2953,4109,4087,2779,3932,2864,1440,3726,2471,2938,2602,2083

test suite200
bestAPFD:0.945777
bestSuite:3669,2926,1902,3000,4126,3644,1471,4074,2716,2987,843,2358,2211,4057,2084,3713

test suite201
bestAPFD:0.947683
bestSuite:1947,3987,2186,4125,4096,99,2625,2386,1689,3439,3753,923,859,1014

test suite202
bestAPFD:0.940390
bestSuite:1910,2182,4084,2749,2982,4116,1860,4062,1827,3683,3204,2246,118,1166,3609,3714,2071,3510

test suite203
bestAPFD:0.959459
bestSuite:1947,2037,3910,4084,4107,1432,3351,3146,3233,1974,3557,1933,2839,2246,3757,130,3113

test suite204
bestAPFD:0.956250
bestSuite:1908,2864,4093,411,223,4108,3987,749,3014,1768,275,2839,3515,2560,1290,2953

test suite205
bestAPFD:0.958408
bestSuite:1947,3283,3910,777,4108,3250,3100,4077,3605,3683,1467,3976,1307,141,3809,3934,3797,497

test suite206
bestAPFD:0.969165
bestSuite:2986,3198,4083,391,4119,3124,2997,1693,2696,1199,2261,638,1951,1970,3037,3137,1360,2559,3262,901,78,3026

test suite207
bestAPFD:0.934685
bestSuite:2141,887,2926,2970,3767,4103,2964,3702,3581,659,291,3195,532,2839,2799,2449,938,3527

test suite208
bestAPFD:0.952807
bestSuite:2222,4095,4125,1840,93,3623,3191,4042,2084,3883,2637,564,2089

test suite209
bestAPFD:0.963514
bestSuite:3292,1986,4081,224,2888,4113,3852,3332,3922,1796,2351,2523,3402,2931,2604,1742,596,3649

test suite210
bestAPFD:0.947401
bestSuite:2731,1618,223,4085,4120,2363,2860,743,3112,3834,3942,1717,3623

test suite211
bestAPFD:0.954690
bestSuite:4006,1658,4127,589,791,4095,3252,2016,3576,3699,3185,2505,4068,1569,2671,1117,2360

test suite212
bestAPFD:0.959459
bestSuite:1618,2363,4084,4125,412,1466,3087,1539,3626,1972,4,3653,1282,1470,2921,2127,3624

test suite213
bestAPFD:0.967425
bestSuite:2222,4122,4079,224,2660,3332,2696,1370,3367,2410,2584,3870,3859,3223,3247,2941,1381,24,857

test suite214
bestAPFD:0.941385
bestSuite:2634,1671,4086,2926,1509,2707,4121,2514,290,2512,1362,2501,3561,980,3346,746

test suite215
bestAPFD:0.947401
bestSuite:1618,4006,4096,4108,2844,4040,1879,3701,2862,1727,3050,2839,1579

test suite216
bestAPFD:0.958953
bestSuite:3292,797,4094,3979,2970,4110,3165,2783,2269,613,2929,743,3913,2690,2835,2989

test suite217
bestAPFD:0.962003
bestSuite:3292,1526,2749,4089,4103,2698,2514,2796,3356,2137,3449,1131,2114,1699,3570,829,2687

test suite218
bestAPFD:0.964114
bestSuite:3292,1968,4074,4119,3940,937,2196,1762,3283,3469,3644,2684,1356,3883,799,1647,4069,924

test suite219
bestAPFD:0.933953
bestSuite:1463,3101,2789,2769,224,1774,4086,3071,1555,424,3766,1818,70,151,2376,4129

test suite220
bestAPFD:0.955962
bestSuite:1947,3268,2574,4102,1939,4099,570,3891,1831,1849,3803,4038,3304,1864,2458,1676,2711

test suite221
bestAPFD:0.959099
bestSuite:3292,2844,4110,4089,3343,3187,1612,2315,794,3764,1713,3808,2335,1633,1995

test suite222
bestAPFD:0.953885
bestSuite:3855,1618,4089,3352,4104,4046,322,1884,2037,1010,3222,597,341,964,818,3803

test suite223
bestAPFD:0.968726
bestSuite:3292,2071,3352,4087,3006,4130,2500,2436,811,3272,2839,417,2810,976,667,3655,1877,2395,1241,457,2802

test suite224
bestAPFD:0.961451
bestSuite:2637,1658,4074,2665,149,2010,1930,286,4125,3624,2077,3808,4042,1009,4038,3534,1080,1587,2454

test suite225
bestAPFD:0.941769
bestSuite:3565,1618,3910,4106,4080,3694,3319,3788,2509,2950,826

test suite226
bestAPFD:0.965149
bestSuite:1618,3688,4124,2073,4086,2729,2783,1744,2773,828,422,2513,2795,3053,2207,1469,1007,2602,2023

test suite227
bestAPFD:0.955962
bestSuite:3565,1840,4092,589,3531,4128,3470,2374,958,2926,2988,3947,3197,1754,3064,2568,3056

test suite228
bestAPFD:0.969324
bestSuite:2222,4094,2749,751,4107,3681,2271,1800,2240,3870,676,3705,3565,2570,3438,1624,2820,1017,992,3243

test suite229
bestAPFD:0.923649
bestSuite:2533,1896,1463,4075,3734,4130,1770,93,3692,1903,2450,3656

test suite230
bestAPFD:0.970405
bestSuite:2786,1658,4096,4124,3421,1674,3624,2080,660,2729,2576,4017,2064,1919,2968,3812,3378,85,709,681

test suite231
bestAPFD:0.957234
bestSuite:1947,3205,4096,93,1530,4121,1796,625,106,3552,2474,3032,424,759,130,2716,2147

test suite232
bestAPFD:0.947401
bestSuite:1618,3636,4078,4126,2598,2291,3316,3101,1595,3957,3918,1078,225

test suite233
bestAPFD:0.970270
bestSuite:1908,2375,4086,4105,3343,3966,925,3497,2729,1606,240,2872,2092,2455,3559,1629,2973,1021,1693,1686,2061

test suite234
bestAPFD:0.960095
bestSuite:2181,3669,4112,1830,3752,3928,3533,4072,3332,2221,3832,1829,3599,384,2020,1711,273

test suite235
bestAPFD:0.957601
bestSuite:3678,1487,4113,4093,131,3979,2926,2439,1724,969,2325,727,3069,3225,3268,3369

test suite236
bestAPFD:0.965718
bestSuite:2425,2986,4130,4098,3860,3577,3473,912,897,1158,3033,1621,3942,1678,811,2915,3904,1922,2484

test suite237
bestAPFD:0.958953
bestSuite:3292,2327,149,4105,2377,4084,2729,1810,2567,2492,4014,2716,2547,2254,1605,3419

test suite238
bestAPFD:0.967710
bestSuite:2222,4075,468,2639,4110,2845,3803,1262,1603,995,1728,460,1473,3897,2781,1,3020,3808,1500

test suite239
bestAPFD:0.929923
bestSuite:3033,1951,2926,4093,2716,4123,93,24,1239,3440,1168,2568,1728,2596

test suite240
bestAPFD:0.961685
bestSuite:1618,3688,4091,4104,2502,3792,69,3268,3496,1815,2692,3596,1952,783,1849,1846,2194

test suite241
bestAPFD:0.940382
bestSuite:3780,693,505,3911,2860,3490,2321,4079,4112,1799,3752,3313,2779,2594,294,2246,4046

test suite242
bestAPFD:0.934234
bestSuite:2597,2964,4125,3527,2926,1215,3438,3033,3220

test suite243
bestAPFD:0.958824
bestSuite:1908,2729,4077,4124,3940,1676,1848,3387,3008,2527,1548,2196,3234,330,1720,2080,1858

test suite244
bestAPFD:0.952973
bestSuite:1854,3447,4097,4103,2598,587,762,2585,3283,2953,1571,3231,2292,3182,2269

test suite245
bestAPFD:0.954414
bestSuite:1618,3033,4086,4115,3527,2840,1738,404,2249,1617,3017,2531,1789,2204,4042

test suite246
bestAPFD:0.951182
bestSuite:2731,1939,3688,835,3403,4123,4090,1198,3752,3290,684,522,1951,3768,3268,2590

test suite247
bestAPFD:0.965000
bestSuite:1908,2336,4091,2021,311,4130,2512,2283,3144,1690,3285,871,2830,4041,1221,1268,2966,1828,848,2371

test suite248
bestAPFD:0.963911
bestSuite:2222,3051,4122,4087,2281,214,3675,3506,2109,2858,2471,2439,3210,137,3313,1985,3577

test suite249
bestAPFD:0.963911
bestSuite:2222,3732,1422,4073,4127,3447,3258,391,2790,2338,739,2866,87,1039,1470,2677,3456

test suite250
bestAPFD:0.953485
bestSuite:2509,646,2215,3510,2926,4080,4112,456,633,3406,3251,484,2243,970,2056,1608,1478,1217,334

test suite251
bestAPFD:0.967117
bestSuite:2222,4080,2786,4109,1897,1526,3681,1667,2981,3303,485,3702,975,641,3765,3605,3808,267

test suite252
bestAPFD:0.953485
bestSuite:1854,3843,2291,314,4104,308,1928,916,4097,3510,679,3262,312,2250,2322,892,2845,641,1751

test suite253
bestAPFD:0.960304
bestSuite:2181,1463,3688,4114,4094,2217,980,3848,1480,97,3476,1530,3642,1988,3071,3782

test suite254
bestAPFD:0.953303
bestSuite:3860,1955,3778,4117,3935,4074,2926,3788,3623,1180,3958,1884,2668,280,2171,2194,709,2269

test suite255
bestAPFD:0.956588
bestSuite:1947,2363,93,2964,4106,1812,682,3369,1990,3459,2624,2083,1635,35,1445,2269

test suite256
bestAPFD:0.958378
bestSuite:2222,4056,290,4082,3993,4107,3819,2843,2338,2458,1088,1662,2788,695,2417

test suite257
bestAPFD:0.963682
bestSuite:2222,3979,4108,4090,2716,688,3175,2775,2040,1713,2586,3432,2425,1148,3032,3600

test suite258
bestAPFD:0.948069
bestSuite:1947,3501,4095,4116,3940,3339,2013,3803,2525,1720,3101,778,3198,779

test suite259
bestAPFD:0.917690
bestSuite:2509,847,2842,82,4078,1463,4111,3236,3020,2502,2971

test suite260
bestAPFD:0.967162
bestSuite:3565,2986,82,4074,4063,4111,1134,2567,3632,647,1634,3720,1522,1180,942,3215,3888,3055,2346,1224

test suite261
bestAPFD:0.960811
bestSuite:3576,4006,1463,223,1391,2964,4117,2376,3490,924,1753,4,2926,2197,1150,2309,2173,3341,2602,1430,2017,2780

test suite262
bestAPFD:0.936712
bestSuite:4006,1463,4077,4068,2650,4120,3033,4071,2834,778,2193,1960

test suite263
bestAPFD:0.973096
bestSuite:2222,4099,3979,4115,2502,2338,2903,2632,3720,3459,833,3607,3969,3887,2327,2287,2815,3218,1938,3426,2562,1501

test suite264
bestAPFD:0.961519
bestSuite:1758,2926,2486,4090,3527,4130,1347,2512,2761,117,1975,909,404,1669,3980,797,1436,21,2515,1169,2271

test suite265
bestAPFD:0.952613
bestSuite:1854,2037,4096,4108,55,4006,2716,2241,2974,2124,3719,714,3784,3858,1824

test suite266
bestAPFD:0.956588
bestSuite:1908,2966,3940,4077,2084,4120,865,3703,2513,3398,2500,1832,1252,1587,2729,1496

test suite267
bestAPFD:0.959610
bestSuite:2925,1854,4121,4084,2610,1799,707,3112,2333,2788,3712,3064,177,3351,2971,1252,3996,1278

test suite268
bestAPFD:0.959610
bestSuite:1908,3688,4096,2017,754,1579,2711,4102,3577,3654,2724,2086,3367,2751,2415,2458,2092,3519

test suite269
bestAPFD:0.958108
bestSuite:1618,2450,3527,4099,2394,3515,4119,3421,828,2067,3332,3551,1884,1720,626,1428,2050,574

test suite270
bestAPFD:0.961261
bestSuite:2222,3979,4088,4125,3332,4055,2178,3655,2166,1913,3314,848,2910,2248,1162

test suite271
bestAPFD:0.964114
bestSuite:3292,1007,4107,4096,3472,603,3577,3230,3847,2372,1790,2983,2503,113,864,743,2083,1829

test suite272
bestAPFD:0.941216
bestSuite:1618,2417,4128,4100,3997,2598,2933,1675,1849,3165,2773,2604

test suite273
bestAPFD:0.930769
bestSuite:4006,739,3347,2926,3004,4076,4129,322,3797,3510,2155,3854,1666

test suite274
bestAPFD:0.961004
bestSuite:2572,2155,4081,99,4129,1071,843,2356,1682,2926,407,3696,3387,2502,1388,1282,2754,36,513,743,2526

test suite275
bestAPFD:0.961685
bestSuite:3292,3403,290,4109,4084,2922,3340,3860,2469,1435,2274,1638,1759,2092,3546,3732,1798

test suite276
bestAPFD:0.962003
bestSuite:3292,2425,4072,4115,2650,531,3251,2696,3282,3740,3223,3565,1944,3129,978,1834,3457

test suite277
bestAPFD:0.958506
bestSuite:1908,3191,2316,4119,55,3700,4073,1526,2320,3032,664,2389,516,1750,3332,898,752

test suite278
bestAPFD:0.962913
bestSuite:2986,2757,4122,589,4096,3808,2527,2521,1251,3470,2953,97,135,1865,2077,1980,2310,3601

test suite279
bestAPFD:0.948142
bestSuite:1908,589,2080,3345,4085,2120,4117,164,1376,2185,3028,3421,1619,3716,3403,1449

test suite280
bestAPFD:0.943018
bestSuite:1618,3256,4072,311,4126,3313,3409,2420,740,816,3458,2480

test suite281
bestAPFD:0.960882
bestSuite:2986,2347,3940,3112,4089,1528,4101,2729,3000,3774,1677,1880,2548,414,1687,1188,1831,4061,2188

test suite282
bestAPFD:0.971915
bestSuite:3731,3292,4076,4113,946,2474,1769,2174,3130,1579,1655,3804,2436,2500,509,682,1389,4060,3177,2501,1370,3510,1350

test suite283
bestAPFD:0.962012
bestSuite:1618,4008,55,4123,4078,2709,3273,3956,3520,2367,805,3450,1926,3492,3605,400,3613,3644

test suite284
bestAPFD:0.956113
bestSuite:1658,2500,3534,3043,4116,1510,3051,4077,3561,3803,218,2011,2546,3491,2372,1606,3757,2119,3373,3285,702

test suite285
bestAPFD:0.955326
bestSuite:1618,3421,4083,2527,4114,99,2935,1603,2006,2193,2568,1522,917,1539,1509,3633,91

test suite286
bestAPFD:0.964114
bestSuite:3292,1836,4102,3051,4086,3469,575,3805,4023,926,4021,3754,2601,3101,1012,2795,3803,3112

test suite287
bestAPFD:0.959099
bestSuite:2222,3393,3352,4090,4106,3334,3187,1980,3504,2439,23,1332,868,440,2515

test suite288
bestAPFD:0.949921
bestSuite:3860,3050,1757,4101,4096,3198,1815,3683,2868,1937,3529,636,3549,1943,566,4042,2204

test suite289
bestAPFD:0.966409
bestSuite:1947,3825,4107,646,4077,3514,2766,1669,3231,4005,874,2083,2888,3689,3708,3803,3763,2809,3847,744,761

test suite290
bestAPFD:0.918412
bestSuite:2926,2291,3138,1949,4111,3624,1099,1776,570,2964,707,2271,3619,1542,1904,2092

test suite291
bestAPFD:0.945405
bestSuite:2533,1658,4113,2675,4073,3940,1506,3208,3927,906,284,879,3268,826,3905

test suite292
bestAPFD:0.967181
bestSuite:1947,2650,4074,4109,2092,3447,3115,3671,901,2754,2246,2600,530,1935,732,3938,4025,2040,3223,1452,3078

test suite293
bestAPFD:0.928604
bestSuite:1658,2604,3757,4118,4074,1009,646,3131,996,2478,3984,2076

test suite294
bestAPFD:0.955912
bestSuite:3883,1658,4097,224,4118,2174,3274,2389,373,1896,3502,1724,1984,3423,840,3765

test suite295
bestAPFD:0.950300
bestSuite:1658,3510,3149,4110,3882,3911,4082,1585,1724,3002,1793,2148,3819,2067,1716,4060,2931,1084

test suite296
bestAPFD:0.941580
bestSuite:2650,1658,3091,4077,4129,2376,539,3481,1249,1338,3891,1596,1410

test suite297
bestAPFD:0.953861
bestSuite:3292,1724,93,4119,4079,2839,2665,2121,1960,1712,3516,980,3552,2216

test suite298
bestAPFD:0.967703
bestSuite:3292,2011,82,4075,4128,3174,3398,3914,2215,1797,271,2260,3208,2180,1827,2559,3655,2406,1911,3948

test suite299
bestAPFD:0.924131
bestSuite:3784,3863,3269,1161,2749,4114,450,2926,4087,1676,3552,2269,4042,2866

test suite300
bestAPFD:0.952613
bestSuite:2375,4006,4076,1658,4110,3294,2367,305,2984,1003,3229,2769,2157,1604,2573

test suite301
bestAPFD:0.970393
bestSuite:2222,957,3577,4120,224,4100,213,3222,2365,1193,1464,1472,2081,2551,653,3198,1135,547,2839,3462,1913,1860

test suite302
bestAPFD:0.933277
bestSuite:3576,3268,1421,4107,694,2964,3940,3686,1013,3882,3752,3976,2312,3531,568,2097

test suite303
bestAPFD:0.936486
bestSuite:2768,3683,2633,1920,1399,224,4114,3294,3438,4098,3510,2952,3639,1771

test suite304
bestAPFD:0.960901
bestSuite:2786,2986,4088,4116,2246,3510,2639,1761,1835,2811,235,3587,2578,1360,832

test suite305
bestAPFD:0.954204
bestSuite:3855,2926,2356,3669,4079,4128,102,744,3859,544,3743,3384,1608,3199,2564,1687,96,3388

test suite306
bestAPFD:0.962003
bestSuite:3292,2502,4092,99,4128,3363,368,271,2601,2531,3813,1658,2427,3432,2207,862,917

test suite307
bestAPFD:0.956306
bestSuite:1854,2170,4086,3527,2186,4109,3516,2183,2077,3337,3332,3416,564,1617,911,2487,214,1166

test suite308
bestAPFD:0.931467
bestSuite:3033,2650,2376,4108,3892,2863,2964,2558,3752,1785,2602,3725,836,3144

test suite309
bestAPFD:0.962613
bestSuite:2986,3688,2718,4127,2964,1103,1418,2953,2979,945,2083,3989,3191,2077,606,3337,3968,1831

test suite310
bestAPFD:0.946126
bestSuite:2986,2347,4100,3684,4120,1683,2338,2274,1526,772,3269,100,2448,1771,3527

test suite311
bestAPFD:0.935294
bestSuite:2926,1980,2778,2204,93,4080,1589,4117,1432,2796,1288,419,3231,3905,2803,3112,1304

test suite312
bestAPFD:0.943758
bestSuite:2117,3181,3493,2926,307,3472,3124,699,4114,1336,1608,2556,1402,3345,828,347,2338,2452,3293,3623,4084

test suite313
bestAPFD:0.930695
bestSuite:2084,2363,1597,93,4087,1776,2926,1810,3792,3332,2866,3136,193,4111

test suite314
bestAPFD:0.956598
bestSuite:1908,4095,931,2514,646,4123,923,966,2151,3187,3805,3660,312,2316,1433,3457,4009

test suite315
bestAPFD:0.959291
bestSuite:2697,2986,3051,4097,4129,1997,3757,623,2788,792,2902,295,2182,1955,3676,3961

test suite316
bestAPFD:0.944666
bestSuite:3883,4079,994,1781,1229,55,2675,2757,3752,4124,13,2849,3976,3521,3992,2416,2770,2380,1451

test suite317
bestAPFD:0.943243
bestSuite:1463,2117,4103,3476,55,4086,1596,1969,1737,946,1873,462,2602,3582,2599,869,2485

test suite318
bestAPFD:0.957207
bestSuite:1908,2231,4109,4092,2354,3472,1576,235,4046,2314,2568,1511,3155,1140,626,2447,3503,2146

test suite319
bestAPFD:0.933277
bestSuite:3688,1673,3033,1414,3662,3338,4075,2439,4108,3919,3752,3655,713,2618,2328,795

test suite320
bestAPFD:0.958277
bestSuite:2254,1618,4095,2554,4111,2754,824,2514,1998,2282,3695,2778,934,3800,3540,3655

test suite321
bestAPFD:0.940734
bestSuite:3860,712,3683,1027,3251,4130,843,4097,2527,630,2533,1490,2902,2633

test suite322
bestAPFD:0.955405
bestSuite:1658,2104,2835,224,4095,4109,3605,797,2117,3685,1764,1931,2018,3683,1877,3150,206,3881

test suite323
bestAPFD:0.947568
bestSuite:2524,1613,3910,4081,4128,3738,1710,3752,790,3248,2501,2473,3850,3736,3796

test suite324
bestAPFD:0.955326
bestSuite:1658,2925,4079,2610,4127,2363,1761,2971,1639,2839,1892,1836,2837,1074,1133,20,2549

test suite325
bestAPFD:0.956330
bestSuite:3356,3683,1724,4123,2805,4085,3911,3894,921,3090,3105,2740,1872,2626,340,1455,3332,2560,3393

test suite326
bestAPFD:0.961451
bestSuite:2524,3770,1854,4112,3352,4097,2483,2486,3438,2263,1262,3702,3343,151,1587,3065,1547,3066,1504

test suite327
bestAPFD:0.927628
bestSuite:2986,3669,4113,4098,2936,3275,3207,2973,3976

test suite328
bestAPFD:0.961712
bestSuite:1618,2037,3352,4088,4121,2316,3376,1994,658,2269,2449,3893,170,3993,3144,3501,1674,1291

test suite329
bestAPFD:0.942736
bestSuite:3883,4006,4112,1772,3352,2273,1986,4095,3752,1139,874,67,3303,2028,3150,151

test suite330
bestAPFD:0.963275
bestSuite:3292,2375,4127,3510,4078,3192,1695,2373,3103,2856,1985,2492,2182,1891,2023,1976,2564

test suite331
bestAPFD:0.934398
bestSuite:1854,2649,3979,4125,4089,3054,2082,3978,2716,2788,1222

test suite332
bestAPFD:0.968182
bestSuite:2425,1854,4096,2554,741,4130,1826,3989,535,2729,1384,3901,2698,3389,675,906,2216,3379,1631,2534,3489,655

test suite333
bestAPFD:0.956577
bestSuite:1618,3688,4093,4115,4043,2643,3976,351,1675,3398,3144,3111,2165,896,1965

test suite334
bestAPFD:0.969324
bestSuite:2222,4082,3830,82,4120,1475,622,2216,235,1193,2635,3441,3130,1526,1755,3600,961,2165,2083,2601

test suite335
bestAPFD:0.957752
bestSuite:1658,2461,910,93,2964,4117,2847,369,3788,3376,1538,2071,2999,866,1483,899,1033,3616,3986

test suite336
bestAPFD:0.928378
bestSuite:2621,1658,4118,4091,3472,2580,3697,2568,793,2847

test suite337
bestAPFD:0.952534
bestSuite:1908,2533,4124,4095,3705,55,2500,3175,3687,2982,2901,1803,3560,3683,664,1552

test suite338
bestAPFD:0.939324
bestSuite:2264,3752,1547,1493,2610,2515,4087,3319,4129,2696,1623,2627,2796,2314,1,1688,1130,3867,3478,3178

test suite339
bestAPFD:0.956926
bestSuite:1947,2830,4095,4121,99,2509,2229,862,3327,835,837,314,2649,2953,3174,353

test suite340
bestAPFD:0.966572
bestSuite:3292,3732,4076,2568,4121,2515,3824,3531,3166,1476,320,1672,1427,3277,3197,1159,697,1504,2216

test suite341
bestAPFD:0.948514
bestSuite:3329,2527,4130,3683,2514,4076,3412,719,1532,82,2409,3250,147,56,3303,860,2604,1362,133,3230

test suite342
bestAPFD:0.932848
bestSuite:2215,3033,4128,2926,2964,308,775,3623,3258,3296,773,3577,990

test suite343
bestAPFD:0.961712
bestSuite:1947,2524,4091,3352,4126,3956,1723,3303,2829,2564,1577,2836,3520,2273,62,3536,3493,1015

test suite344
bestAPFD:0.934084
bestSuite:1650,3101,391,2759,4111,825,1573,714,2502,4100,1104,3808,238,722,2926,2674,2853,752

test suite345
bestAPFD:0.969656
bestSuite:2986,2362,4113,2610,4091,3921,2138,1693,2756,2336,2656,12,603,1768,2673,2380,102,2338,1757,2512,3167,3058

test suite346
bestAPFD:0.953209
bestSuite:1618,2271,3581,4085,3472,4101,805,440,2781,1464,1928,2894,2587,2996,2788,732

test suite347
bestAPFD:0.953209
bestSuite:1908,3272,4128,3677,570,2847,4096,1884,704,1606,726,3826,2186,2285,3520,739

test suite348
bestAPFD:0.947928
bestSuite:1658,3225,3979,4123,4083,3268,1944,676,3452,3251,1982,4038,766,2028,2472

test suite349
bestAPFD:0.954223
bestSuite:3565,2155,2147,4092,3752,4121,3175,2610,2281,1135,752,3758,2603,990,3340,2537

test suite350
bestAPFD:0.954223
bestSuite:1618,2117,3051,4072,2926,4108,966,221,1317,3955,3318,863,3658,1879,1746,2420

test suite351
bestAPFD:0.965616
bestSuite:2222,2752,3732,4089,4111,2637,3906,3165,3834,1926,2363,3332,3250,935,1688,242,3624,109

test suite352
bestAPFD:0.959054
bestSuite:1947,3364,4114,4088,2291,2825,2910,224,1822,3804,63,3200,1793,3617,2500,2004,2854,2902,1334,2330

test suite353
bestAPFD:0.971867
bestSuite:2222,4114,3459,2964,2598,3848,3187,3601,2560,2956,3203,558,2570,1827,3058,2830,1782,3658,3441,821,2160,3751

test suite354
bestAPFD:0.948233
bestSuite:3239,1908,55,4095,2368,4112,2360,3249,2336,3695,3655,1482,3033

test suite355
bestAPFD:0.959777
bestSuite:3796,1854,3910,4119,4091,3572,2559,3175,924,2515,186,3213,1610,1480,624,2127,890

test suite356
bestAPFD:0.969324
bestSuite:2222,3033,4120,55,4083,2041,2205,2607,1282,858,1500,3618,700,1544,3485,620,1018,2450,1290,3341

test suite357
bestAPFD:0.957432
bestSuite:2084,4111,1854,4094,3995,149,2568,624,3984,3874,896,3384,920,3873,3320,750,3050,3032,3005,3938

test suite358
bestAPFD:0.963727
bestSuite:1618,2141,3527,4103,4076,815,3268,3388,2842,1617,3522,3905,3342,3552,1586,1482,951,2825,744

test suite359
bestAPFD:0.935612
bestSuite:2601,391,2716,818,3914,1509,4095,4108,3683,1781,629,3420,1195,2421,1806,2512,313

test suite360
bestAPFD:0.965380
bestSuite:1854,3303,4077,4115,1978,3249,2749,161,3164,2526,3431,1841,1910,3803,1346,3231,854,2276,2866,651,2557

test suite361
bestAPFD:0.965434
bestSuite:2222,4046,4113,1658,4077,3732,1847,3580,982,2553,4062,1824,3099,3175,2059,1840,1800,2296,1036

test suite362
bestAPFD:0.950090
bestSuite:3565,3471,2926,2554,4094,909,3636,4108,663,2729,3498,1623,2559,2080,669

test suite363
bestAPFD:0.950386
bestSuite:1947,3883,3051,4093,3191,4123,2084,3298,3461,2455,2953,3480,932,3231

test suite364
bestAPFD:0.931757
bestSuite:1658,3686,4074,2568,4102,2938,468,2205,1787,1055,1693,2318

test suite365
bestAPFD:0.949228
bestSuite:1854,2155,4092,4118,739,2729,3975,3180,3862,2714,1653,2842,1796,2910

test suite366
bestAPFD:0.918378
bestSuite:3892,4100,3112,2724,3561,2926,570,4125,887,3624,3888,2889,2706,122,2087

test suite367
bestAPFD:0.968563
bestSuite:2222,4110,3688,4098,2839,1944,4006,2573,3605,2966,1254,1927,695,944,2139,1905,2757,2213,820

test suite368
bestAPFD:0.941580
bestSuite:2649,1658,4084,4124,93,785,3883,3021,34,3644,4070,1066,979

test suite369
bestAPFD:0.969330
bestSuite:1854,3688,3625,4077,4107,2810,1238,1697,1071,3501,3946,1704,1425,1322,3705,2902,3523,2942,596,3456,2927,591,2961

test suite370
bestAPFD:0.971815
bestSuite:2222,4093,3979,4113,676,1855,1353,3663,1545,3911,1728,2830,804,1428,523,2561,2527,207,2627,2376,2243

test suite371
bestAPFD:0.965183
bestSuite:2222,4097,3688,4123,3666,283,3786,2269,3537,330,2089,2450,2274,2801,759,3988,1575

test suite372
bestAPFD:0.952703
bestSuite:1947,224,312,3003,4098,4128,922,2275,1844,2785,2793,680,2101,1421,3577,3582,1841,3573

test suite373
bestAPFD:0.958953
bestSuite:2524,1947,4088,224,4105,2993,1644,755,2622,2569,1092,2186,3334,552,2248,1823

test suite374
bestAPFD:0.967141
bestSuite:2222,4087,4106,3802,2414,308,2419,1434,1242,3287,1427,1618,2157,2474,3344,3065,2527,2827,2634

test suite375
bestAPFD:0.961655
bestSuite:2222,3732,4121,1668,4084,3456,1633,2121,2170,1726,2113,2515,213,3501,2664,1294

test suite376
bestAPFD:0.966003
bestSuite:3292,1947,4092,4130,2610,2246,701,2834,3266,4046,1936,3104,2042,1329,655,2604,1847,2288,3457

test suite377
bestAPFD:0.943964
bestSuite:1854,2509,2749,4073,4102,1791,3419,2417,1865,4028,1777,3842,1724,768,3014

test suite378
bestAPFD:0.947059
bestSuite:1658,4011,3662,2964,896,2788,589,701,4126,3268,1692,3487,1486,3360,2281,2183,547

test suite379
bestAPFD:0.930856
bestSuite:2450,3802,2844,1463,4084,4122,1797,3332,3007,2362,2368,3780

test suite380
bestAPFD:0.967703
bestSuite:3292,2450,3979,4107,4097,2121,3870,3626,2458,3466,1973,2683,2638,847,2732,488,3296,3056,2515,3631

test suite381
bestAPFD:0.959459
bestSuite:1947,2336,4099,4129,2844,668,4032,1775,3079,2828,3943,2502,3296,513,3737,2387,3231

test suite382
bestAPFD:0.930695
bestSuite:2601,3033,4111,3472,3378,4096,1998,1974,3683,3213,3164,3456,2804,3500

test suite383
bestAPFD:0.939746
bestSuite:4039,2194,1843,3030,2474,3752,4095,4110,3054,2598,2083,1198,4069,2251,4030,2307,1535

test suite384
bestAPFD:0.952782
bestSuite:4007,1658,311,2492,2964,2804,4103,705,1597,2060,2134,1460,722,1672,2568,1584,3349

test suite385
bestAPFD:0.956178
bestSuite:2222,3922,4094,4117,3472,3050,2714,2564,995,2728,3502,3785,1722,3945

test suite386
bestAPFD:0.950811
bestSuite:3876,1658,4072,311,4122,2273,3439,2406,2150,1475,3417,3725,3655,2061,1242

test suite387
bestAPFD:0.942192
bestSuite:1463,2915,2177,2527,1731,4097,4101,698,2554,3251,3848,864,1489,334,2233,774,2412,1100

test suite388
bestAPFD:0.955792
bestSuite:2222,391,4073,4109,1423,3803,924,3268,970,3663,2160,2372,1726,608

test suite389
bestAPFD:0.960731
bestSuite:2524,1658,55,4117,4081,3572,1313,2953,2951,2676,292,3342,2660,963,3892,2491,3347

test suite390
bestAPFD:0.950169
bestSuite:3887,2650,3683,4098,4123,3234,2525,2953,955,1849,3033,1555,561,1055,1485,2809

test suite391
bestAPFD:0.959141
bestSuite:1908,3860,2374,4128,2694,2275,4084,2849,1512,1861,253,1306,2480,3421,3349,3962,4040

test suite392
bestAPFD:0.933953
bestSuite:3343,1765,2415,223,3351,4074,1112,4125,2732,3900,3752,2363,3919,1290,2092,1905

test suite393
bestAPFD:0.927663
bestSuite:3133,2174,3683,2573,1813,1403,4101,3527,2589,2330,4077,2788,34,56,1431,2515,2880

test suite394
bestAPFD:0.953885
bestSuite:2697,3796,3725,646,4096,3683,2693,4125,4061,543,1554,1470,1559,2291,3510,2490

test suite395
bestAPFD:0.966856
bestSuite:2786,2964,3337,1012,4121,3683,2020,3427,2705,1458,912,2298,1943,3854,2356,2480,2756,3566,603

test suite396
bestAPFD:0.936036
bestSuite:1463,2926,986,2399,4087,2454,149,4101,978,2512,1451,232,3725,2417,3066

test suite397
bestAPFD:0.928501
bestSuite:3528,2564,4081,4116,1845,149,3752,2902,2658,708,2177

test suite398
bestAPFD:0.920484
bestSuite:3483,867,997,2669,773,4105,149,2247,1660,843,4079,3364,3752,2871,2547,3510,4047,3175,1553

test suite399
bestAPFD:0.943243
bestSuite:2834,3281,1804,2677,2554,2773,4073,4124,3675,3752,3808,2617,3819,1792,1687,2376,411

test suite400
bestAPFD:0.943018
bestSuite:3565,1908,4115,2072,468,4091,637,2085,3577,3407,687,900

test suite401
bestAPFD:0.950225
bestSuite:2786,1658,4105,4082,3223,3247,1615,3088,2502,3112,2752,1076

test suite402
bestAPFD:0.959628
bestSuite:2166,4077,1947,4110,3979,2100,436,1941,400,3174,1457,3112,3729,3246,3456,3400

test suite403
bestAPFD:0.952613
bestSuite:2986,2584,4100,2598,4107,1543,1959,3066,2246,3386,672,1888,1795,807,2469

test suite404
bestAPFD:0.942793
bestSuite:1658,1457,312,4109,2115,4085,1201,646,1553,3705,2414,1525,805,3803,3564,720,3332,1559

test suite405
bestAPFD:0.963442
bestSuite:1908,3334,3472,4074,3694,4112,2347,820,3921,2630,2515,3454,705,1662,804,701,225,1917,3187

test suite406
bestAPFD:0.959291
bestSuite:1618,3860,4095,4110,3746,3605,1517,3011,3266,3223,756,1735,3941,2515,2186,3838

test suite407
bestAPFD:0.943694
bestSuite:2336,2975,2926,1239,1502,2842,2610,4108,24,341,4097,2539,3332,1526,1523,3425,1290,3682

test suite408
bestAPFD:0.938589
bestSuite:2634,3808,3476,3752,3352,4058,4095,4113,2987,734,1875,2078,3438,3318,2399,526,3885,2587

test suite409
bestAPFD:0.932924
bestSuite:2524,3979,2783,1518,4095,4111,3907,3752,2502,3428,3533

test suite410
bestAPFD:0.953885
bestSuite:3565,1463,3524,4108,673,3910,4082,3792,3273,2564,750,34,755,2531,3695,849

test suite411
bestAPFD:0.959966
bestSuite:3247,1658,4129,4081,412,2525,826,2363,119,2495,3993,3808,1852,3223,3926,3956

test suite412
bestAPFD:0.963275
bestSuite:2786,4079,1463,2449,4121,2197,2716,1529,349,2441,97,1659,3891,3662,3639,2469,3136

test suite413
bestAPFD:0.953418
bestSuite:1658,3979,2092,4102,4078,2863,2508,3514,3888,670,2599,531,3003,2213,2605,1926,209

test suite414
bestAPFD:0.955495
bestSuite:2524,2650,1658,4079,4119,3456,3632,2664,3200,1201,2241,2634,2858,1736,2199

test suite415
bestAPFD:0.911642
bestSuite:3476,939,3124,4110,3872,899,4098,1707,1486,2599,3913,3683,2554

test suite416
bestAPFD:0.956178
bestSuite:2786,1854,3251,4086,4126,2018,1811,3090,540,3743,840,719,1732,3398

test suite417
bestAPFD:0.949730
bestSuite:1908,2182,4098,391,2933,2331,4125,3581,926,3996,2512,417,2741,3077,2283

test suite418
bestAPFD:0.964114
bestSuite:3292,751,308,4130,4099,3605,2194,3601,1002,81,2148,1555,2083,3725,2815,1984,3999,3788

test suite419
bestAPFD:0.966980
bestSuite:2986,3644,2377,3051,4093,4125,3332,2120,1015,3804,2313,2296,1387,249,1777,953,2322,1139,1794,1803,1938,2108,3072

test suite420
bestAPFD:0.967703
bestSuite:3292,2568,3051,4078,4107,2959,436,3383,3357,1750,2775,957,856,2997,3467,2223,3808,3230,3595,2684

test suite421
bestAPFD:0.946126
bestSuite:2572,2509,4085,3976,290,3356,4101,2926,2083,946,634,2187,1898,3444,514

test suite422
bestAPFD:0.962913
bestSuite:3292,1878,4087,4109,738,3808,3860,2825,3163,2605,3913,1592,3691,2868,1814,2707,4046,203

test suite423
bestAPFD:0.953303
bestSuite:2986,2494,2554,4105,3943,3552,3324,699,1853,679,3403,1647,3816,944,573,3112,3232,4087

test suite424
bestAPFD:0.957371
bestSuite:2830,1795,3251,1463,4109,149,3774,4091,1576,1250,3376,665,209,3919,1322,3566,1837,1522,2082,204,1712,3522

test suite425
bestAPFD:0.946154
bestSuite:2425,1854,3568,4072,4123,93,3049,2200,1687,1668,3323,3050,2788

test suite426
bestAPFD:0.955495
bestSuite:3678,99,1463,4128,4079,3502,2107,2095,225,2577,2092,1526,1777,3772,1459

test suite427
bestAPFD:0.960095
bestSuite:2986,3576,4104,2610,4072,2526,3629,3888,2092,3328,1572,193,1396,3545,865,344,2999

test suite428
bestAPFD:0.941164
bestSuite:1908,2647,864,1978,4083,4126,99,3513,1581,2480,1514,2509,2830

test suite429
bestAPFD:0.952464
bestSuite:3731,3887,2194,656,3480,2926,4125,4083,670,999,2872,518,3332,880,2242,710,3803

test suite430
bestAPFD:0.929571
bestSuite:3592,3683,3250,698,4095,290,2658,4126,1577,1554,2973,3456,3146,3808,190,3912,4069

test suite431
bestAPFD:0.962321
bestSuite:2597,99,1908,4122,3175,3398,4097,2833,354,2566,3992,1735,2430,3495,1931,2684,1769

test suite432
bestAPFD:0.958188
bestSuite:1947,2634,4075,3979,1757,4058,4115,45,3398,3296,1021,3655,2682,916,123,3775,1604

test suite433
bestAPFD:0.956598
bestSuite:4006,1854,639,4106,4098,1562,99,3632,3200,883,974,494,3171,2658,182,2101,1008

test suite434
bestAPFD:0.959628
bestSuite:3292,934,3910,4104,4078,2076,2215,2356,3343,3862,2953,630,2966,2847,3830,31

test suite435
bestAPFD:0.953861
bestSuite:3292,2181,570,4124,4091,3531,3956,2083,704,2649,2752,1440,482,709

test suite436
bestAPFD:0.949614
bestSuite:2181,4089,4117,3883,3740,589,2375,2926,785,3530,3673,1089,560,2293

test suite437
bestAPFD:0.940691
bestSuite:2860,739,3497,3683,3906,4085,1717,2514,1974,4123,2177,1724,1503,3452,3545,2482,1285,1162

test suite438
bestAPFD:0.960811
bestSuite:2986,3050,646,3804,4126,3931,4092,1515,1408,1508,1449,2840,2473,3819,3034,1242,2684,1859

test suite439
bestAPFD:0.946589
bestSuite:1463,2092,4098,82,1979,3209,1004,135,3433,268,4102,3010,1428,1338,2367,1289,3998,2474,1197,1580,752

test suite440
bestAPFD:0.951486
bestSuite:2925,1784,1689,1915,4093,3752,3472,4114,3976,699,3847,3483,2515,3273,139,3174,38,3680,3023,267

test suite441
bestAPFD:0.937838
bestSuite:1812,3854,3979,4081,4115,1382,2021,168,3076,3207,52,3644,1463

test suite442
bestAPFD:0.964296
bestSuite:2986,3163,4107,468,4093,1224,2092,3892,2729,1743,1591,2098,3901,1936,2510,2128,3082,2406,2864

test suite443
bestAPFD:0.954561
bestSuite:1854,3639,4104,2375,4079,2056,1692,3110,2117,913,4071,2469,2442,1500,3651,2356

test suite444
bestAPFD:0.963007
bestSuite:2786,1908,4073,4122,2082,179,3136,3510,1884,674,3608,2461,833,1246,3456,1591

test suite445
bestAPFD:0.960413
bestSuite:3860,1854,4080,4107,1642,2356,2879,3740,1609,2637,2480,3515,3834,405,3283,121,229

test suite446
bestAPFD:0.953694
bestSuite:3186,1854,4115,93,2729,4072,1560,3692,2092,429,3576,2868,3449,3608,968

test suite447
bestAPFD:0.950386
bestSuite:2375,3198,1658,4112,4084,2271,1526,3621,2379,1677,2140,1714,2269,2950

test suite448
bestAPFD:0.950772
bestSuite:1618,2064,4088,3527,4128,2379,2519,3676,3175,814,3385,3268,3822,2828

test suite449
bestAPFD:0.953904
bestSuite:1854,2177,3844,3351,4084,308,2304,4125,2327,3403,1649,2738,3348,3821,2179,2684,3533,1005

test suite450
bestAPFD:0.965434
bestSuite:1908,2650,4097,2495,4107,493,2787,2869,3474,4062,2568,3503,925,1680,2083,1291,3412,125,4020

test suite451
bestAPFD:0.941769
bestSuite:3565,1854,4092,4117,570,2363,2705,3384,3626,3846,1795

test suite452
bestAPFD:0.964580
bestSuite:3292,3359,224,4124,1909,4007,4083,2356,2480,1687,1501,1894,3000,2270,1193,2663,3867,2657,3002

test suite453
bestAPFD:0.950772
bestSuite:1854,2844,4075,1752,4125,858,2621,1841,2673,1382,2061,3888,1676,3874

test suite454
bestAPFD:0.949831
bestSuite:1758,3334,149,2926,4072,4103,3577,2083,2011,2847,1886,3138,3632,2892,1710,78

test suite455
bestAPFD:0.962331
bestSuite:2597,3527,1658,4083,4123,311,57,1432,3305,3294,2864,2480,3246,3343,3116,727

test suite456
bestAPFD:0.957658
bestSuite:2639,4094,4122,308,1947,1771,2708,1428,3231,2378,2788,3926,324,1829,3899

test suite457
bestAPFD:0.956937
bestSuite:3732,2986,4098,4107,772,2325,1939,3301,1894,2574,3497,3522,3891,2480,2151

test suite458
bestAPFD:0.960413
bestSuite:3565,2964,1854,4115,93,1840,2756,1512,2729,3877,2572,997,3228,3502,1565,3570,3223

test suite459
bestAPFD:0.939803
bestSuite:2731,3731,4093,4129,2515,2926,3479,4042,1968,2931,1809

test suite460
bestAPFD:0.928829
bestSuite:3565,1618,4078,2610,4114,2953,3458,972,843

test suite461
bestAPFD:0.935811
bestSuite:1854,3185,4110,1810,493,739,4084,3976,3521,3510,3528,1110

test suite462
bestAPFD:0.960405
bestSuite:3528,2564,4088,1463,4119,3410,2077,3472,3944,2902,3743,2268,935,2064,2628,2561,3673,2980,2328,1000

test suite463
bestAPFD:0.962291
bestSuite:1908,1749,4124,3763,4094,3834,224,848,3224,3013,1877,1437,2902,2563,4063,906,3505,2602,2474,4061,218

test suite464
bestAPFD:0.962873
bestSuite:1854,3796,3688,4096,4115,2514,3931,512,2365,4062,3639,2823,3175,1050,439,3203,2313,1197,1064

test suite465
bestAPFD:0.947973
bestSuite:1463,258,3497,3976,2458,806,4091,3940,4123,1449,2708,45,993,2269,4020,1466,757,1311,1619,3095

test suite466
bestAPFD:0.941667
bestSuite:2181,4075,589,4123,2037,3565,2926,1953,1949,1766,3501,25

test suite467
bestAPFD:0.955912
bestSuite:2731,1713,4095,4123,468,3144,3752,2492,1985,3723,3577,1479,3941,863,2083,1743

test suite468
bestAPFD:0.956280
bestSuite:2064,1854,4091,82,4111,3395,2363,2286,1979,3399,3040,2056,3855,2083,3099,3314,616

test suite469
bestAPFD:0.953861
bestSuite:3732,2986,4124,4096,2450,3681,2925,933,1820,1528,1057,3299,1809,3909

test suite470
bestAPFD:0.953861
bestSuite:3292,2473,3669,4092,4125,3796,3261,1704,3855,2372,1434,3138,3883,3782

test suite471
bestAPFD:0.962669
bestSuite:2597,4128,4076,589,1854,2320,1749,3774,3644,2328,3895,2469,2644,1578,2464,725

test suite472
bestAPFD:0.965916
bestSuite:3292,739,4108,4098,629,500,3883,1692,925,1990,1520,3670,3644,3691,1818,443,2334,2685

test suite473
bestAPFD:0.934384
bestSuite:3050,2209,962,2729,3691,4102,4090,754,2554,3752,2021,850,3982,382,1681,461,3792,3383

test suite474
bestAPFD:0.957601
bestSuite:2986,2860,570,4107,829,4091,3848,2810,3707,3569,3808,473,3778,4006,987,1134

test suite475
bestAPFD:0.960541
bestSuite:2222,4094,646,4114,3803,3398,1000,3223,627,3257,602,2111,698,1571,3115

test suite476
bestAPFD:0.951494
bestSuite:1658,2712,3051,2789,2716,4073,4127,2752,3115,3957,3270,3980,2337,818,3734,918,2480,3889,36

test suite477
bestAPFD:0.952534
bestSuite:2254,3683,1450,4108,4043,4098,3352,3808,2712,2376,1654,2216,920,1801,2112,2156

test suite478
bestAPFD:0.955477
bestSuite:1908,4121,4074,2612,2245,1681,2270,708,391,3332,2173,3295,1512,2696,2658,1582,1836,3376,3259

test suite479
bestAPFD:0.961685
bestSuite:1947,3669,4087,4129,3398,2006,2973,2279,711,3796,3233,926,2914,1078,3629,138,2450

test suite480
bestAPFD:0.962003
bestSuite:3292,1901,4122,4090,589,3950,2669,3268,2815,148,2527,2512,3745,2174,3232,1996,3022

test suite481
bestAPFD:0.954414
bestSuite:1618,4021,311,4082,4110,2439,2621,1777,3005,3398,3610,2340,881,715,2449

test suite482
bestAPFD:0.954223
bestSuite:1854,2601,2964,4124,384,738,308,2431,2968,2542,749,2488,777,3632,3883,2512

test suite483
bestAPFD:0.966856
bestSuite:3732,1947,4088,4121,2214,1774,985,822,3174,2181,2284,3335,2548,2460,2855,1949,466,392,3432

test suite484
bestAPFD:0.961411
bestSuite:3669,1618,3806,4107,4072,3565,955,2991,1945,3111,2357,1158,2564,67,3140,967,2435,2612

test suite485
bestAPFD:0.931853
bestSuite:3163,1947,4130,468,1794,4094,973,2720,3940,3192,3464,1859,2376,3210

test suite486
bestAPFD:0.952347
bestSuite:3004,3987,1658,4130,646,4095,414,3404,1316,1783,1061,613,325,1806,3027,2594,2270,2502,231

test suite487
bestAPFD:0.959744
bestSuite:2731,1908,4090,311,4126,2516,2439,2644,1810,2893,2217,3006,2493,2269,776,1922,742,3403,3326

test suite488
bestAPFD:0.963727
bestSuite:2986,2505,739,213,4074,4122,3978,3476,3300,2788,799,669,3105,1880,3712,1382,4052,1999,1964

test suite489
bestAPFD:0.964011
bestSuite:1618,3247,4084,82,4111,233,2232,2931,2188,567,2431,3187,3445,2731,1697,2584,897,2515,435

test suite490
bestAPFD:0.956250
bestSuite:2375,3447,4108,4074,841,3752,3135,3148,2799,2561,3033,1602,1307,937,4006,3864

test suite491
bestAPFD:0.965916
bestSuite:2222,4083,4128,2749,256,667,3519,2999,3395,1440,2915,1254,1998,3484,3509,1526,1162,3565

test suite492
bestAPFD:0.965541
bestSuite:1947,2830,4090,4124,3940,2740,3576,649,1713,67,3438,1575,1068,1751,3938,21,745,1885,3058,1765

test suite493
bestAPFD:0.953604
bestSuite:2621,3752,2328,739,2152,1444,4073,4123,3513,1926,3774,4064,1158,2338,2729,947,3198,987

test suite494
bestAPFD:0.947523
bestSuite:2222,4122,4096,2842,2997,224,4006,2627,3247,2338,3796,4034

test suite495
bestAPFD:0.932658
bestSuite:1618,3691,2472,4093,149,1526,2752,1861,1941,694,3417,4101

test suite496
bestAPFD:0.934927
bestSuite:3981,1463,4084,719,1922,4102,3205,1311,2311,3803,681,2715,3979

test suite497
bestAPFD:0.952807
bestSuite:2222,4093,391,2082,4102,3456,3652,1826,2099,2338,2057,4064,2282

test suite498
bestAPFD:0.957808
bestSuite:4026,1658,739,4092,2317,4130,3808,2103,964,3429,2753,561,3935,1713,3907,3175,292,2467

test suite499
bestAPFD:0.958709
bestSuite:1947,2362,2147,739,4082,4111,3976,983,1167,2296,1713,3798,1697,2317,543,1474,1223,3682

test suite500
bestAPFD:0.928829
bestSuite:3572,1747,2926,4101,4080,391,3020,1627,3375,2152,813,2947,2338,2449,3279

