test suite1
bestAPFD:0.947552
bestSuite:86,1820,2523,2467,1178,2476,2475,151,2388,2460,1546

test suite2
bestAPFD:0.942308
bestSuite:101,2511,2550,2502,2467,2371,2509,2589,163,488

test suite3
bestAPFD:0.951007
bestSuite:2585,2464,2546,2410,2132,1569,1643,1567,1324,2481,287,1224

test suite4
bestAPFD:0.958006
bestSuite:1913,1564,1851,2454,271,2581,2330,2497,2460,1708,1562,1779,37,2407

test suite5
bestAPFD:0.943556
bestSuite:2182,2524,2403,2389,97,2492,2462,489,728,1772,2444

test suite6
bestAPFD:0.941209
bestSuite:1562,2461,2527,2574,2399,1536,2510,203,263,2464

test suite7
bestAPFD:0.942308
bestSuite:2600,1825,2453,1570,1099,2478,2650,2480,1122,2403

test suite8
bestAPFD:0.946553
bestSuite:980,1564,1404,2434,1162,2497,2513,2388,2582,2604,1565

test suite9
bestAPFD:0.948260
bestSuite:2218,1569,2488,25,2526,2471,2411,2396,2593,1002,2409,2505

test suite10
bestAPFD:0.948260
bestSuite:2444,2548,1660,2502,258,2077,2489,1662,1712,1852,1567,2471

test suite11
bestAPFD:0.935897
bestSuite:2617,2462,2449,2457,2481,2467,2301,1866,1120

test suite12
bestAPFD:0.947552
bestSuite:296,2531,2551,1578,2503,1857,2513,2413,187,1495,2377

test suite13
bestAPFD:0.954867
bestSuite:2569,1661,2513,112,2526,1947,804,1567,1798,2481,2486,2535,2035,467

test suite14
bestAPFD:0.943556
bestSuite:297,2513,2551,1574,2643,1242,2473,1043,2480,2435,876

test suite15
bestAPFD:0.954776
bestSuite:1917,1564,2545,1631,2475,1567,2430,1437,2411,148,416,670,2502

test suite16
bestAPFD:0.940110
bestSuite:1066,2465,2544,1861,2399,1573,2476,945,288,2388

test suite17
bestAPFD:0.942557
bestSuite:2468,53,2498,2455,1581,2238,2382,1208,2496,1543,2476

test suite18
bestAPFD:0.955651
bestSuite:37,2502,2497,2527,2407,1723,2540,1320,2579,857,1567,423,2437,1849

test suite19
bestAPFD:0.932418
bestSuite:2447,1406,2540,2550,37,23,2481,2001,2381,2462

test suite20
bestAPFD:0.941558
bestSuite:97,2465,1038,2458,2373,2489,2509,1565,2644,1288,2497

test suite21
bestAPFD:0.947552
bestSuite:56,2540,2528,1830,2475,2586,1188,1402,689,2460,816

test suite22
bestAPFD:0.958791
bestSuite:2629,2574,2526,1570,1514,2053,2156,2478,2010,2475,2401,98,505,1345

test suite23
bestAPFD:0.947552
bestSuite:186,2547,1611,1569,2404,1772,766,1073,2514,2468,2507

test suite24
bestAPFD:0.946553
bestSuite:2144,2461,1585,2547,2476,2518,282,2501,1901,1640,453

test suite25
bestAPFD:0.954867
bestSuite:46,1817,527,2466,2525,2579,2510,2409,1406,1924,507,1175,2397,2288

test suite26
bestAPFD:0.947552
bestSuite:2617,2489,2526,1651,702,2613,2474,2481,1557,1560,208

test suite27
bestAPFD:0.935897
bestSuite:100,2431,2454,2498,2588,2489,1914,1574,2518

test suite28
bestAPFD:0.947552
bestSuite:100,1403,2460,2382,1579,2250,1345,1565,2476,2468,2497

test suite29
bestAPFD:0.946553
bestSuite:2585,2464,2512,2548,250,2202,1660,2475,2056,1274,2513

test suite30
bestAPFD:0.951923
bestSuite:107,2457,2531,1834,2462,1414,2474,2337,1683,1567,2618,2242

test suite31
bestAPFD:0.947552
bestSuite:2622,1564,2527,2435,2496,224,1585,1749,1124,2462,688

test suite32
bestAPFD:0.935897
bestSuite:2629,1536,2459,2498,180,2507,2486,2376,1963

test suite33
bestAPFD:0.942308
bestSuite:1559,44,2520,2462,2579,2101,2389,2275,2475,1807

test suite34
bestAPFD:0.942308
bestSuite:56,1403,1571,2369,946,2440,2485,2481,897,2537

test suite35
bestAPFD:0.955651
bestSuite:2444,2448,182,1569,2545,2514,2475,600,2126,1844,1567,424,1027,649

test suite36
bestAPFD:0.943556
bestSuite:620,2514,2628,1782,2548,2492,1683,2535,2483,2369,833

test suite37
bestAPFD:0.951923
bestSuite:2617,1582,2528,2460,2507,27,2325,2483,1564,1841,1494,2064

test suite38
bestAPFD:0.951923
bestSuite:77,2406,2503,2551,1069,1524,2585,2450,2326,1584,2461,2383

test suite39
bestAPFD:0.949176
bestSuite:2628,1661,2524,2460,1963,2480,1997,2037,2580,2413,2503,2396

test suite40
bestAPFD:0.958791
bestSuite:2616,2553,2463,2471,901,1298,2461,1402,2515,2584,1715,1145,189,2388

test suite41
bestAPFD:0.951923
bestSuite:119,2456,2477,2462,2473,408,2617,1514,2507,1544,1281,1065

test suite42
bestAPFD:0.946553
bestSuite:1929,2461,2455,2433,2377,1631,2473,2642,2497,82,2138

test suite43
bestAPFD:0.942308
bestSuite:2616,2553,2461,1806,2586,1565,1387,2425,2489,2481

test suite44
bestAPFD:0.946553
bestSuite:2002,1557,2453,2497,2399,1422,2514,1666,2481,2606,2384

test suite45
bestAPFD:0.940110
bestSuite:2447,1557,2525,1843,2463,1944,1666,102,2164,2475

test suite46
bestAPFD:0.948260
bestSuite:1562,1546,2537,2534,2522,1569,2510,1754,2306,1843,2585,291

test suite47
bestAPFD:0.946553
bestSuite:645,2460,2450,1405,1810,1579,1568,2482,2578,26,2366

test suite48
bestAPFD:0.951923
bestSuite:215,2450,2459,2514,1487,1934,2236,2388,2477,2397,1111,2486

test suite49
bestAPFD:0.941209
bestSuite:118,2467,1530,2553,2377,1286,1797,246,2589,1569

test suite50
bestAPFD:0.942308
bestSuite:2616,2550,2463,1565,1584,2324,2471,1817,2589,1569

test suite51
bestAPFD:0.947344
bestSuite:5,2551,2478,2375,1935,52,2594,1579,1569,1248,2486,2385

test suite52
bestAPFD:0.948260
bestSuite:1971,2514,287,2545,1536,596,2510,1678,2502,2584,1991,1843

test suite53
bestAPFD:0.951007
bestSuite:1352,2460,2544,1566,761,261,2507,2464,1800,2582,2409,2251

test suite54
bestAPFD:0.943556
bestSuite:2589,2455,1769,2466,206,2581,1367,1569,2012,1565,2479

test suite55
bestAPFD:0.945554
bestSuite:2618,2500,2461,2453,1584,2496,1806,111,1376,2473,859

test suite56
bestAPFD:0.948260
bestSuite:278,2502,1797,2457,1243,2474,2404,2649,711,2489,2570,2385

test suite57
bestAPFD:0.942308
bestSuite:126,1582,2513,2549,2377,2236,2516,2476,2497,1985

test suite58
bestAPFD:0.951923
bestSuite:1,1819,1404,1569,2535,1579,2194,1568,1611,2482,2096,1944

test suite59
bestAPFD:0.946553
bestSuite:1689,2460,1586,1403,1797,2399,972,1563,2475,1661,2478

test suite60
bestAPFD:0.943556
bestSuite:1130,2500,37,2452,2498,2463,732,2399,708,2507,2384

test suite61
bestAPFD:0.947552
bestSuite:126,2471,2478,2523,814,1852,1508,2397,1546,1563,2468

test suite62
bestAPFD:0.945554
bestSuite:25,1558,1568,2455,2442,1766,2497,2434,2510,2397,720

test suite63
bestAPFD:0.934676
bestSuite:871,2465,2550,1797,2480,2473,617,1573,1934

test suite64
bestAPFD:0.946553
bestSuite:677,1564,2548,2511,236,2583,1569,268,2437,2480,1853

test suite65
bestAPFD:0.943556
bestSuite:986,2458,1616,2476,269,2498,1814,1584,1959,934,1851

test suite66
bestAPFD:0.943556
bestSuite:2468,2504,2459,2462,134,2190,2474,2388,2531,969,1616

test suite67
bestAPFD:0.940110
bestSuite:1185,2498,1586,2549,1651,2537,2471,2626,96,2377

test suite68
bestAPFD:0.941209
bestSuite:2444,1576,2548,2502,2531,1769,2518,1522,923,2113

test suite69
bestAPFD:0.955621
bestSuite:1559,1557,2552,502,492,2605,2540,2503,2644,2388,1803,2252,2000

test suite70
bestAPFD:0.937912
bestSuite:2589,2466,2452,2392,110,932,1571,2397,1579,2411

test suite71
bestAPFD:0.946553
bestSuite:2426,2464,1616,2521,1562,2257,2482,2431,2498,44,2620

test suite72
bestAPFD:0.942308
bestSuite:2622,1403,1571,2389,2461,2487,2509,279,979,1004

test suite73
bestAPFD:0.945513
bestSuite:2579,2465,159,2402,1680,2524,2483,2480,1957,1947,211,2463

test suite74
bestAPFD:0.950092
bestSuite:2589,2574,1564,2523,2640,1562,651,649,133,1577,2498,933

test suite75
bestAPFD:0.937912
bestSuite:2157,2527,2498,2433,2628,2389,2649,2160,2511,2496

test suite76
bestAPFD:0.942308
bestSuite:2617,2453,1581,2513,2475,2380,160,1112,1568,469

test suite77
bestAPFD:0.937912
bestSuite:2633,2498,1401,2552,1375,2432,2447,2463,1579,2496

test suite78
bestAPFD:0.951007
bestSuite:773,1582,2389,2522,1579,2589,2399,25,1109,628,2434,2462

test suite79
bestAPFD:0.935897
bestSuite:58,2462,2455,1574,2486,443,1580,1926,2475

test suite80
bestAPFD:0.941209
bestSuite:1091,2460,2544,2376,1584,1293,1360,2486,2636,1536

test suite81
bestAPFD:0.946553
bestSuite:2446,2460,2550,2412,2328,1682,2475,2396,173,2476,902

test suite82
bestAPFD:0.940110
bestSuite:14,2514,1581,2527,1380,2481,2644,2498,1816,860

test suite83
bestAPFD:0.951923
bestSuite:17,1559,2476,2458,115,2430,633,2498,2406,1716,2159,2404

test suite84
bestAPFD:0.931013
bestSuite:2328,2459,123,1569,2380,1631,2496,2581,2540

test suite85
bestAPFD:0.952240
bestSuite:1385,2435,2638,2397,2553,1444,1506,1962,2643,2389,1554,2509,2503

test suite86
bestAPFD:0.951923
bestSuite:68,2461,2524,1660,2499,2379,2537,735,1702,2447,2518,2409

test suite87
bestAPFD:0.951007
bestSuite:2426,1570,2524,1530,2389,32,2099,2480,2578,144,2506,2503

test suite88
bestAPFD:0.943556
bestSuite:1201,2498,2458,1563,1794,2514,2509,98,1542,2582,2128

test suite89
bestAPFD:0.941209
bestSuite:2586,2460,2455,1666,635,2467,2606,1778,2492,1032

test suite90
bestAPFD:0.942308
bestSuite:11,2489,2453,1769,1567,1907,2589,1530,880,1569

test suite91
bestAPFD:0.942308
bestSuite:124,2548,2461,1851,2626,2463,1567,1661,2474,2009

test suite92
bestAPFD:0.946553
bestSuite:2296,2461,2488,1403,2507,1908,1862,2478,38,183,2583

test suite93
bestAPFD:0.951923
bestSuite:260,2392,2550,2478,1569,2492,1190,338,342,1267,2640,2500

test suite94
bestAPFD:0.943556
bestSuite:788,1560,2553,2543,2476,2582,1563,2397,2500,2496,346

test suite95
bestAPFD:0.950092
bestSuite:261,2502,2381,2545,1940,1305,2475,2649,2473,1906,1574,1668

test suite96
bestAPFD:0.947552
bestSuite:2616,2526,1558,2465,2518,2433,2473,1943,2582,2589,1757

test suite97
bestAPFD:0.935897
bestSuite:79,2549,2503,1557,2400,2373,2463,2620,1567

test suite98
bestAPFD:0.942308
bestSuite:165,2547,2380,2460,2444,1153,2480,2404,1568,1680

test suite99
bestAPFD:0.951923
bestSuite:1559,2465,2599,2546,2466,2483,1085,75,1865,1153,1934,2471

test suite100
bestAPFD:0.934676
bestSuite:1570,1832,2458,160,2464,2263,2468,2481,1682

test suite101
bestAPFD:0.941209
bestSuite:139,2461,1403,1531,2476,2497,2409,2642,2241,243

test suite102
bestAPFD:0.951923
bestSuite:186,2385,2502,2546,1567,2181,2389,2474,910,1476,1780,2586

test suite103
bestAPFD:0.941209
bestSuite:1570,2620,1405,2381,2503,2489,2409,1582,1680,1979

test suite104
bestAPFD:0.942308
bestSuite:86,2522,2513,1573,2442,2404,2159,2435,2518,2537

test suite105
bestAPFD:0.943556
bestSuite:2443,2503,238,2547,2406,2398,928,2031,2513,2377,1559

test suite106
bestAPFD:0.955621
bestSuite:18,1819,2540,2455,2154,2474,1858,1575,2582,1557,1164,1447,1584

test suite107
bestAPFD:0.933455
bestSuite:240,2498,1843,1403,2442,1611,2475,2003,2473

test suite108
bestAPFD:0.935897
bestSuite:224,2501,2521,2406,2399,1661,2518,2227,2460

test suite109
bestAPFD:0.951923
bestSuite:2617,1583,2369,2545,2388,1337,286,2406,2589,1841,788,1835

test suite110
bestAPFD:0.940110
bestSuite:972,1557,2503,2528,2399,1571,42,2510,1560,2540

test suite111
bestAPFD:0.941209
bestSuite:2589,2464,2544,1531,1841,2492,2138,2498,2468,232

test suite112
bestAPFD:0.931013
bestSuite:2291,2524,208,1536,2466,2510,2513,2485,2411

test suite113
bestAPFD:0.954776
bestSuite:2440,2460,2520,2416,2451,2340,2635,1584,2216,2170,1939,2475,2537

test suite114
bestAPFD:0.951007
bestSuite:1570,1058,1404,2506,2497,1584,649,2400,196,37,2620,2540

test suite115
bestAPFD:0.937912
bestSuite:2446,2511,2396,2458,206,672,2471,2275,2479,2502

test suite116
bestAPFD:0.942308
bestSuite:2629,1568,1841,2522,1610,2507,2369,1661,1584,2639

test suite117
bestAPFD:0.954776
bestSuite:2615,1666,2553,2537,2465,2299,2476,1290,2470,1562,2506,1451,2445

test suite118
bestAPFD:0.955621
bestSuite:171,1834,2452,2513,573,2578,2388,2503,1346,1581,1564,1266,2387

test suite119
bestAPFD:0.937912
bestSuite:962,1569,160,2452,1808,1579,2486,1384,2443,2488

test suite120
bestAPFD:0.935714
bestSuite:53,2471,4,2528,1568,2502,2516,1554,2496,2649

test suite121
bestAPFD:0.942308
bestSuite:218,2551,2400,2486,1584,1557,1857,2537,2586,2240

test suite122
bestAPFD:0.947552
bestSuite:58,2473,1841,2547,1108,2461,1873,1565,2377,1934,2480

test suite123
bestAPFD:0.947552
bestSuite:91,2369,1781,2453,2514,743,1536,2649,2046,2481,1159

test suite124
bestAPFD:0.947552
bestSuite:31,2456,2482,2369,1435,2509,1651,518,2440,2466,2477

test suite125
bestAPFD:0.937912
bestSuite:2589,2513,80,2527,1616,2446,2493,2040,2480,2466

test suite126
bestAPFD:0.941558
bestSuite:203,2544,701,1851,2537,1720,1135,2481,2508,2644,2513

test suite127
bestAPFD:0.951007
bestSuite:1226,1561,2456,2462,2579,680,2518,2473,1980,2404,1529,1531

test suite128
bestAPFD:0.942308
bestSuite:126,2376,2463,2550,2174,2252,2496,1546,2445,2513

test suite129
bestAPFD:0.952240
bestSuite:1277,1583,173,2528,2462,2486,1437,147,1830,1562,1690,2587,2540

test suite130
bestAPFD:0.947552
bestSuite:201,2521,1817,2498,2482,2476,2269,1985,1162,1402,2388

test suite131
bestAPFD:0.934676
bestSuite:1304,1557,1660,2452,2540,2413,2372,2496,2624

test suite132
bestAPFD:0.946553
bestSuite:2588,1570,2525,2494,2509,1724,2282,1651,1584,2534,2540

test suite133
bestAPFD:0.937912
bestSuite:2642,1403,2403,2514,80,2461,2495,2509,1878,2404

test suite134
bestAPFD:0.951007
bestSuite:662,2460,2523,1820,2387,202,2473,957,1453,2442,2480,2511

test suite135
bestAPFD:0.952240
bestSuite:1238,2513,274,2524,1651,213,2485,2483,2463,2480,2446,954,436

test suite136
bestAPFD:0.945554
bestSuite:2642,2458,2498,1574,1366,2377,2467,2412,72,1199,2497

test suite137
bestAPFD:0.925137
bestSuite:2283,2465,2545,164,2436,2511,2486,1563

test suite138
bestAPFD:0.942308
bestSuite:253,1564,2384,2526,1386,1562,2460,2475,2511,2650

test suite139
bestAPFD:0.951007
bestSuite:674,1557,2452,2400,2475,24,1564,2519,2100,2581,2189,569

test suite140
bestAPFD:0.951923
bestSuite:107,1557,2521,2416,2336,2650,1575,2467,1023,952,464,2492

test suite141
bestAPFD:0.947552
bestSuite:239,2553,1554,2460,2359,2589,2632,684,2496,1564,1810

test suite142
bestAPFD:0.942308
bestSuite:1559,2607,1569,1405,2621,2589,2509,1834,1012,2478

test suite143
bestAPFD:0.951923
bestSuite:36,1569,2385,2520,1584,2586,1564,2159,2482,2212,2330,1325

test suite144
bestAPFD:0.946553
bestSuite:1301,2467,2503,2546,133,2376,1570,2133,2400,2388,2581

test suite145
bestAPFD:0.942308
bestSuite:239,2397,2551,1530,2380,2409,1934,2518,1564,2325

test suite146
bestAPFD:0.941209
bestSuite:635,1564,2456,1586,2509,1934,1753,1563,2513,1663

test suite147
bestAPFD:0.946553
bestSuite:923,2460,1573,2546,130,2589,1370,2483,2643,2537,2395

test suite148
bestAPFD:0.954776
bestSuite:2441,2461,2385,1403,1563,1209,1176,1832,240,321,39,2476,572

test suite149
bestAPFD:0.935897
bestSuite:2617,1820,1570,2457,861,36,2510,2406,1682

test suite150
bestAPFD:0.943556
bestSuite:129,2478,2471,2527,2403,2583,2397,2507,2383,272,1365

test suite151
bestAPFD:0.955621
bestSuite:179,2523,2382,1569,2503,1140,2579,2212,2448,2496,1049,1413,2540

test suite152
bestAPFD:0.940559
bestSuite:755,2467,2581,1840,1404,2480,1569,2377,1651,175,1036

test suite153
bestAPFD:0.951007
bestSuite:2440,2465,2403,2522,2483,72,1283,2466,961,1200,2480,1576

test suite154
bestAPFD:0.934676
bestSuite:2441,1557,2547,1514,2483,2516,2389,283,2474

test suite155
bestAPFD:0.951923
bestSuite:2617,2457,2466,1573,1710,1769,1567,172,923,2460,808,2518

test suite156
bestAPFD:0.943556
bestSuite:2298,1577,202,2550,1569,2489,889,2492,1830,2581,930

test suite157
bestAPFD:0.945554
bestSuite:287,2498,1577,2548,2626,793,1862,2333,391,2473,2518

test suite158
bestAPFD:0.934676
bestSuite:2586,2464,2521,1542,211,2487,2509,2502,203

test suite159
bestAPFD:0.951007
bestSuite:724,2461,2551,1578,2206,2411,2466,1818,2247,2507,2474,147

test suite160
bestAPFD:0.947552
bestSuite:296,2526,2540,1560,2151,2513,1581,777,2620,2480,1071

test suite161
bestAPFD:0.948260
bestSuite:711,2394,2624,2473,2457,2582,1573,1657,983,2302,2397,2481

test suite162
bestAPFD:0.940110
bestSuite:2603,2502,2452,2500,2540,2447,1717,2481,1806,335

test suite163
bestAPFD:0.947552
bestSuite:116,2467,1661,2545,445,2632,2507,989,1191,2410,2498

test suite164
bestAPFD:0.937912
bestSuite:944,1824,2406,195,1404,2513,2518,2587,2483,2403

test suite165
bestAPFD:0.934676
bestSuite:2587,1576,2524,2462,1013,2389,2511,932,2475

test suite166
bestAPFD:0.933455
bestSuite:2583,1557,1682,2455,2375,2510,284,53,2463

test suite167
bestAPFD:0.935897
bestSuite:253,2486,2457,2449,1569,885,1868,2507,1793

test suite168
bestAPFD:0.952240
bestSuite:771,2453,2540,1666,275,1569,1890,2510,1865,381,1493,2582,83

test suite169
bestAPFD:0.942308
bestSuite:84,2489,2459,1680,2461,2589,2512,2413,1892,1584

test suite170
bestAPFD:0.946553
bestSuite:1562,2460,2548,2482,1778,924,2406,205,2444,1595,972

test suite171
bestAPFD:0.927885
bestSuite:296,1782,2525,2397,2441,2475,1402,1568

test suite172
bestAPFD:0.947552
bestSuite:77,2456,2369,1663,2444,2481,2477,1520,2463,601,1727

test suite173
bestAPFD:0.937912
bestSuite:2618,1568,1832,2552,275,2481,2462,856,2404,2448

test suite174
bestAPFD:0.950092
bestSuite:177,2478,2482,2546,2411,2462,1721,2516,979,1940,2377,1406

test suite175
bestAPFD:0.935897
bestSuite:2617,2522,2467,1663,2509,2397,2414,181,1122

test suite176
bestAPFD:0.933516
bestSuite:172,576,2458,1803,2486,2475,1660,2530,217,2465

test suite177
bestAPFD:0.946553
bestSuite:1570,2557,2519,2457,2440,2483,2500,148,2406,2482,347

test suite178
bestAPFD:0.946553
bestSuite:1562,2375,2513,2457,2106,2492,1644,227,1568,2411,2343

test suite179
bestAPFD:0.939011
bestSuite:250,1800,2486,2521,2518,2411,1401,2502,1455,783

test suite180
bestAPFD:0.943556
bestSuite:1699,2553,2397,2400,156,2408,2497,2588,2396,2510,244

test suite181
bestAPFD:0.941558
bestSuite:2640,2465,1406,2546,279,2507,2478,2482,2401,2200,729

test suite182
bestAPFD:0.946553
bestSuite:1306,2465,2544,2393,243,1644,1562,898,2581,2480,1568

test suite183
bestAPFD:0.943556
bestSuite:2222,2513,2527,1849,35,2443,2463,683,1401,2481,2646

test suite184
bestAPFD:0.942308
bestSuite:2600,1573,2528,1568,867,2632,2465,1563,1825,2509

test suite185
bestAPFD:0.942308
bestSuite:137,1578,2489,2458,2171,2462,1862,2377,2642,2481

test suite186
bestAPFD:0.941209
bestSuite:2235,1570,1565,2528,2475,2073,148,2395,1934,2537

test suite187
bestAPFD:0.937912
bestSuite:2445,2526,2502,1850,89,666,913,2389,2475,1536

test suite188
bestAPFD:0.942308
bestSuite:121,2455,1670,2531,383,2482,2447,2510,2462,814

test suite189
bestAPFD:0.943556
bestSuite:702,2500,2547,2513,13,1579,1768,2501,2474,2396,2584

test suite190
bestAPFD:0.943556
bestSuite:1182,1404,1578,274,2476,2498,2409,2531,2413,1335,2574

test suite191
bestAPFD:0.945554
bestSuite:925,1666,2460,2546,2485,295,2583,2496,1173,2603,2486

test suite192
bestAPFD:0.951923
bestSuite:253,2462,1514,2520,346,2471,2483,2535,1120,2391,2236,2389

test suite193
bestAPFD:0.941209
bestSuite:2588,2465,1571,2552,2495,2534,2463,2503,1579,860

test suite194
bestAPFD:0.941209
bestSuite:1303,2460,1832,2521,2611,1575,2626,2404,2503,2463

test suite195
bestAPFD:0.951923
bestSuite:18,2514,2454,1401,2172,2513,1857,953,2588,2496,1416,563

test suite196
bestAPFD:0.935897
bestSuite:100,2452,1661,2461,2650,2507,1564,2376,1567

test suite197
bestAPFD:0.934676
bestSuite:2577,2464,1405,2375,1557,2475,2643,183,1406

test suite198
bestAPFD:0.946553
bestSuite:1562,1568,2553,1663,2124,1824,2643,2471,268,238,1569

test suite199
bestAPFD:0.935897
bestSuite:2617,2531,2459,2410,2474,2397,2483,2348,1578

test suite200
bestAPFD:0.947552
bestSuite:2629,2520,1530,1564,2510,2606,2498,1843,432,1382,624

test suite201
bestAPFD:0.931013
bestSuite:2639,2502,2545,2488,2486,2579,839,2377,2580

test suite202
bestAPFD:0.951923
bestSuite:2616,2553,1809,2476,2313,2582,2462,1564,1567,513,1682,2025

test suite203
bestAPFD:0.948260
bestSuite:1249,2528,1569,85,1514,2048,2483,2514,2471,457,2447,1561

test suite204
bestAPFD:0.946429
bestSuite:842,2396,294,2436,2524,2377,2447,2498,1571,242,2510,901

test suite205
bestAPFD:0.941209
bestSuite:25,1585,2369,2455,2478,2411,2481,1014,2505,2051

test suite206
bestAPFD:0.941209
bestSuite:2615,2389,2524,1851,1934,1252,2480,2397,2385,691

test suite207
bestAPFD:0.943556
bestSuite:172,2513,2549,1666,1563,1077,1726,2396,2644,2471,726

test suite208
bestAPFD:0.947552
bestSuite:58,2522,2389,2414,2492,517,2447,2497,1167,2461,1402

test suite209
bestAPFD:0.946553
bestSuite:2444,2464,2408,2553,2624,950,2589,1666,2481,1079,2462

test suite210
bestAPFD:0.934676
bestSuite:1570,1897,2410,2524,2473,2535,2048,1554,2475

test suite211
bestAPFD:0.947552
bestSuite:201,1781,2476,2459,2479,1564,2465,1574,2640,1201,969

test suite212
bestAPFD:0.937912
bestSuite:2285,2455,149,2478,2407,1864,2640,2509,2479,2513

test suite213
bestAPFD:0.946553
bestSuite:2554,2467,1404,1401,2430,554,2399,1885,68,2369,2496

test suite214
bestAPFD:0.937912
bestSuite:2589,2550,1670,2514,103,1708,2513,1451,1584,2485

test suite215
bestAPFD:0.942308
bestSuite:2622,1557,2522,2380,2481,123,1578,2476,919,1847

test suite216
bestAPFD:0.945554
bestSuite:178,2502,1827,2553,1498,2540,1670,152,2507,1960,2443

test suite217
bestAPFD:0.943556
bestSuite:1934,1522,2544,2513,2606,2489,1914,2281,2475,1164,1864

test suite218
bestAPFD:0.943556
bestSuite:2047,1782,2514,73,2459,2507,2483,2502,2468,2450,1671

test suite219
bestAPFD:0.947552
bestSuite:88,2430,2452,2478,1570,2579,902,2409,949,1643,2474

test suite220
bestAPFD:0.948260
bestSuite:953,2521,198,2486,1862,2502,2131,1464,2640,2103,2507,1661

test suite221
bestAPFD:0.941209
bestSuite:871,1576,2458,2397,2482,2510,2531,14,2413,1644

test suite222
bestAPFD:0.940110
bestSuite:2179,1818,2464,1403,555,2474,2397,1522,1584,2626

test suite223
bestAPFD:0.948260
bestSuite:2144,1565,2486,57,2526,2475,2584,2397,1826,583,1853,758

test suite224
bestAPFD:0.951923
bestSuite:155,2497,1557,2452,2480,1576,2447,2466,1595,89,174,1474

test suite225
bestAPFD:0.943556
bestSuite:2444,1558,2452,256,2540,2482,1811,327,1704,2388,2498

test suite226
bestAPFD:0.946553
bestSuite:2589,1564,2525,1576,1565,765,942,2461,2588,1562,2641

test suite227
bestAPFD:0.937912
bestSuite:37,1557,1578,2459,1562,2464,1960,2480,2413,2393

test suite228
bestAPFD:0.937118
bestSuite:1572,2377,2486,2544,2473,1794,2511,2234,2498

test suite229
bestAPFD:0.935714
bestSuite:1395,2458,27,1616,2462,1131,1567,2378,2476,1411

test suite230
bestAPFD:0.943556
bestSuite:2007,2485,2620,2397,2525,2474,2603,2476,1578,2082,1579

test suite231
bestAPFD:0.945554
bestSuite:2051,2553,2467,1571,2492,2409,2626,2432,2534,2219,1557

test suite232
bestAPFD:0.951923
bestSuite:107,1569,2433,2549,2443,553,1037,2409,2503,2448,2489,1590

test suite233
bestAPFD:0.946553
bestSuite:1151,2464,2550,1866,1647,2369,2471,2510,208,2643,1631

test suite234
bestAPFD:0.946553
bestSuite:1562,2369,2516,2552,2482,2586,1402,2531,89,1310,727

test suite235
bestAPFD:0.941558
bestSuite:997,2601,2513,2520,1651,2516,2478,2481,2388,2644,2153

test suite236
bestAPFD:0.941209
bestSuite:896,2460,2511,2454,2346,2581,156,2507,2537,2576

test suite237
bestAPFD:0.934676
bestSuite:1292,2461,2453,1574,2408,2640,2478,2613,2509

test suite238
bestAPFD:0.945554
bestSuite:1316,2412,2464,1403,85,2500,1569,2503,2447,2409,2559

test suite239
bestAPFD:0.947552
bestSuite:2622,2537,2472,2524,2388,1522,147,2129,2397,2156,2497

test suite240
bestAPFD:0.961538
bestSuite:70,2389,1844,2549,2268,2409,850,2618,1165,353,325,2460,2486,1522,511

test suite241
bestAPFD:0.948260
bestSuite:2445,2412,2369,2520,54,2473,1241,2030,1035,1644,1974,2475

test suite242
bestAPFD:0.947552
bestSuite:179,1616,1569,2553,1450,2509,2463,2644,2414,341,1344

test suite243
bestAPFD:0.943556
bestSuite:2217,1573,2369,1404,256,2406,2481,2640,937,1125,1817

test suite244
bestAPFD:0.940110
bestSuite:706,2511,2465,2526,2510,2444,2489,1827,21,1196

test suite245
bestAPFD:0.951007
bestSuite:1570,1643,1231,2527,1769,2503,2481,977,2444,19,713,2537

test suite246
bestAPFD:0.941209
bestSuite:1934,1570,1404,1842,2511,150,2409,2473,2507,1342

test suite247
bestAPFD:0.941209
bestSuite:2273,1557,1571,2521,2480,123,2440,849,2489,2505

test suite248
bestAPFD:0.940110
bestSuite:1153,2460,2527,2407,2411,2478,2518,1861,64,225

test suite249
bestAPFD:0.948260
bestSuite:2306,2526,2606,2449,2473,2503,1569,916,2443,2088,2492,2371

test suite250
bestAPFD:0.946553
bestSuite:1562,2369,2527,1583,2025,2474,959,1782,181,2531,2632

test suite251
bestAPFD:0.942308
bestSuite:58,2392,1404,2540,2447,2509,2460,1257,1406,932

test suite252
bestAPFD:0.940018
bestSuite:1586,486,2528,2369,2451,2482,807,2028,2406,1563,71,2411

test suite253
bestAPFD:0.951923
bestSuite:116,2528,2486,1830,2632,2461,2385,1089,767,1548,2480,2234

test suite254
bestAPFD:0.953931
bestSuite:2036,2460,2550,2473,2398,48,182,1579,2131,2582,2471,2500,425

test suite255
bestAPFD:0.955621
bestSuite:226,2473,1864,2520,2210,2474,2498,1219,1026,2579,1833,1584,1401

test suite256
bestAPFD:0.947344
bestSuite:1985,2536,2398,2540,2544,1643,1483,2479,2492,809,1228,1569

test suite257
bestAPFD:0.953931
bestSuite:1287,2460,1401,2545,2644,2480,2142,1564,2515,1331,111,503,2497

test suite258
bestAPFD:0.931013
bestSuite:1950,1651,2454,2513,1563,2537,2578,1778,2482

test suite259
bestAPFD:0.948260
bestSuite:1130,1643,114,2457,2473,1569,2579,2404,1776,2356,2475,1079

test suite260
bestAPFD:0.941209
bestSuite:2585,1557,1403,2472,726,558,1362,2403,2475,2464

test suite261
bestAPFD:0.951923
bestSuite:137,2486,1824,2528,1557,1536,2483,2396,2128,2632,1499,1398

test suite262
bestAPFD:0.947552
bestSuite:179,1568,1403,1824,1584,1985,2589,1660,2397,1707,546

test suite263
bestAPFD:0.940559
bestSuite:1218,106,2537,2415,2452,2518,1530,2369,2535,2045,2099

test suite264
bestAPFD:0.948260
bestSuite:2441,2514,2550,2394,250,1569,1514,931,225,2496,2482,2205

test suite265
bestAPFD:0.946553
bestSuite:2117,1570,1832,2457,2480,1581,483,1564,2643,44,568

test suite266
bestAPFD:0.951923
bestSuite:2608,1571,2513,2456,2245,1032,2496,1093,2389,1934,2501,2404

test suite267
bestAPFD:0.943556
bestSuite:1133,2523,2393,2537,2605,2513,2413,908,1531,760,2510

test suite268
bestAPFD:0.951923
bestSuite:154,2397,1405,2403,1866,2540,1031,1232,2445,1381,2492,341

test suite269
bestAPFD:0.951007
bestSuite:2074,1557,2453,2378,2586,2540,225,1838,2388,1891,1683,2475

test suite270
bestAPFD:0.935897
bestSuite:296,2498,2458,1558,2478,2409,2620,2471,1561

test suite271
bestAPFD:0.946553
bestSuite:2062,2460,2549,2435,1052,2514,2588,144,2483,2503,1631

test suite272
bestAPFD:0.942308
bestSuite:293,1404,2436,2514,2475,1616,1305,680,2502,2441

test suite273
bestAPFD:0.948260
bestSuite:46,2513,337,2454,1865,1985,1539,1578,2389,1563,2363,2518

test suite274
bestAPFD:0.951007
bestSuite:2587,2461,2547,2376,1599,2514,1661,203,1904,2121,2510,1917

test suite275
bestAPFD:0.943556
bestSuite:198,2498,2459,1566,984,2377,2640,2514,1807,2510,1892

test suite276
bestAPFD:0.942308
bestSuite:107,2503,2389,2525,1567,2576,1077,2498,1406,2620

test suite277
bestAPFD:0.941209
bestSuite:2444,2467,1404,2503,2397,243,660,1631,2518,1857

test suite278
bestAPFD:0.946429
bestSuite:1343,26,1405,1670,2396,2486,2369,1953,1067,1801,2404,2421

test suite279
bestAPFD:0.943556
bestSuite:2440,1569,2527,62,2384,2466,2261,2518,2230,485,1571

test suite280
bestAPFD:0.946553
bestSuite:1570,1701,2527,1401,65,2478,1968,2494,2632,854,2518

test suite281
bestAPFD:0.942308
bestSuite:215,1560,2546,2397,1225,2507,2632,2514,2511,1397

test suite282
bestAPFD:0.947552
bestSuite:16,1666,1570,2525,1584,2581,2396,1067,2486,1807,1615

test suite283
bestAPFD:0.937912
bestSuite:1127,1530,2540,289,2523,2503,2397,1562,2485,2642

test suite284
bestAPFD:0.947552
bestSuite:124,2461,2523,1643,1254,1209,2389,2492,1475,2442,1853

test suite285
bestAPFD:0.951007
bestSuite:2589,1564,2430,2526,2502,2443,1567,2633,1536,2176,1442,454

test suite286
bestAPFD:0.931013
bestSuite:1319,2523,151,1565,2396,2369,2589,2483,1780

test suite287
bestAPFD:0.949176
bestSuite:131,1811,2498,2454,457,801,2583,2486,1402,888,2509,1551

test suite288
bestAPFD:0.941209
bestSuite:1299,2467,2503,2522,2586,1569,2510,2394,1536,53

test suite289
bestAPFD:0.946553
bestSuite:2440,1582,1569,2550,2479,2507,2396,2120,2575,2534,1872

test suite290
bestAPFD:0.955651
bestSuite:852,2548,2628,1857,2466,2627,1501,2462,1531,2579,1074,1673,2388,2471

test suite291
bestAPFD:0.958006
bestSuite:1,1581,1557,2388,2457,2481,2010,2487,2478,2413,1191,1170,2564,1716

test suite292
bestAPFD:0.947552
bestSuite:105,2467,2381,2458,2640,2369,1566,2503,1567,1988,1950

test suite293
bestAPFD:0.946553
bestSuite:1149,1557,1825,2551,2492,1934,869,2336,1792,2406,1401

test suite294
bestAPFD:0.948260
bestSuite:1298,1531,207,2552,1568,1705,2498,2479,2650,2494,2471,1074

test suite295
bestAPFD:0.946553
bestSuite:1570,2626,2575,2544,1764,2478,1682,2618,2507,764,2404

test suite296
bestAPFD:0.941209
bestSuite:113,2467,2415,2457,2507,2621,1571,1569,274,2583

test suite297
bestAPFD:0.942308
bestSuite:79,1403,2396,1554,2440,1081,2432,2190,2518,2502

test suite298
bestAPFD:0.951007
bestSuite:674,2460,2546,1531,2582,2474,839,1931,2404,2375,19,2489

test suite299
bestAPFD:0.952240
bestSuite:917,2501,2527,2463,114,2589,2443,2330,530,1303,2496,1565,2513

test suite300
bestAPFD:0.946553
bestSuite:2586,1570,2485,2522,1571,2473,822,1741,2475,392,2064

test suite301
bestAPFD:0.931013
bestSuite:1105,2550,2613,2486,1772,2498,2475,2168,1542

test suite302
bestAPFD:0.951923
bestSuite:2608,2524,2478,2371,622,2471,1569,609,2649,1579,1651,2539

test suite303
bestAPFD:0.946553
bestSuite:1761,2460,1769,2452,2478,1562,2388,1554,1493,2649,2475

test suite304
bestAPFD:0.942308
bestSuite:257,2486,1404,1558,2493,2170,908,2629,1569,2483

test suite305
bestAPFD:0.943556
bestSuite:2618,2514,1830,236,2552,2397,1007,2492,2508,940,1563

test suite306
bestAPFD:0.941558
bestSuite:54,2458,1282,2450,2369,1563,33,2640,851,2471,2476

test suite307
bestAPFD:0.947552
bestSuite:253,2486,2521,2434,2620,1497,2467,2400,959,1570,2518

test suite308
bestAPFD:0.937912
bestSuite:1964,1581,1404,208,2489,2477,2404,2502,2509,2618

test suite309
bestAPFD:0.942308
bestSuite:119,1602,1568,2525,2460,2481,2446,2285,2238,1798

test suite310
bestAPFD:0.946553
bestSuite:1020,2461,2549,2407,2483,2497,1798,200,2442,1889,2478

test suite311
bestAPFD:0.934676
bestSuite:2589,1564,2485,2547,2557,2479,289,1581,2369

test suite312
bestAPFD:0.938561
bestSuite:102,1232,1616,2406,2462,2526,1584,2474,1246,2643,2434

test suite313
bestAPFD:0.946553
bestSuite:1570,2649,2403,2545,2517,10,2404,2518,2473,2182,822

test suite314
bestAPFD:0.937118
bestSuite:1572,2518,2486,2525,2643,269,1321,1406,2513

test suite315
bestAPFD:0.941209
bestSuite:1258,2467,2453,1866,2589,1563,2413,2502,1683,282

test suite316
bestAPFD:0.951923
bestSuite:2629,2458,2503,2540,2216,2416,2404,422,469,1175,1582,2369

test suite317
bestAPFD:0.931013
bestSuite:1689,2454,216,1568,1643,2498,2626,2481,2393

test suite318
bestAPFD:0.947552
bestSuite:2617,2549,1401,2498,637,1568,2517,2507,2471,2609,1127

test suite319
bestAPFD:0.933455
bestSuite:1242,1661,2460,2453,2475,2396,2409,2640,1842

test suite320
bestAPFD:0.945554
bestSuite:57,2513,1536,2458,1699,1832,2540,759,2474,2589,2518

test suite321
bestAPFD:0.946553
bestSuite:1570,2468,2552,1631,2486,934,2509,1798,172,1251,949

test suite322
bestAPFD:0.945554
bestSuite:2445,2431,2464,2549,1661,1082,2555,1569,190,714,2518

test suite323
bestAPFD:0.943556
bestSuite:1934,2537,1806,2549,64,2513,854,1660,2509,767,2119

test suite324
bestAPFD:0.941209
bestSuite:2360,1557,2526,1663,2486,263,1563,1656,2501,1545

test suite325
bestAPFD:0.935897
bestSuite:126,1569,2477,2548,2445,2356,2540,2507,2450

test suite326
bestAPFD:0.935897
bestSuite:8,2513,1803,2452,1661,2441,1330,2510,1568

test suite327
bestAPFD:0.955621
bestSuite:2596,2473,1851,2453,2037,2642,2451,1453,2503,1563,1256,1024,2502

test suite328
bestAPFD:0.947552
bestSuite:78,2522,2407,2478,1960,2582,2436,2510,1021,2388,2465

test suite329
bestAPFD:0.948260
bestSuite:1350,2552,1569,53,1522,1627,2540,2618,2492,1834,322,650

test suite330
bestAPFD:0.943787
bestSuite:227,457,754,2369,2524,1574,1795,2475,2489,1579,1527,2384,2584

test suite331
bestAPFD:0.937912
bestSuite:945,2462,1574,2550,211,2478,1184,2480,2581,2393

test suite332
bestAPFD:0.946553
bestSuite:2445,1564,2482,2551,1245,826,2500,1807,174,2388,2498

test suite333
bestAPFD:0.942308
bestSuite:105,2548,1660,1570,2095,2486,2492,2368,937,2121

test suite334
bestAPFD:0.942308
bestSuite:126,2504,2452,2513,893,2473,2518,2200,1581,2588

test suite335
bestAPFD:0.951007
bestSuite:2309,2464,2547,2503,2404,1517,1410,10,2447,1556,2461,1558

test suite336
bestAPFD:0.933455
bestSuite:844,1578,2464,2524,212,1825,2481,2643,2502

test suite337
bestAPFD:0.931013
bestSuite:2178,1583,2486,129,2525,2475,2369,2487,367

test suite338
bestAPFD:0.941209
bestSuite:2586,2461,1578,1403,1808,2509,677,13,2463,1326

test suite339
bestAPFD:0.946553
bestSuite:1570,170,2522,1530,2535,2480,2375,2601,823,2388,2540

test suite340
bestAPFD:0.941558
bestSuite:2636,2523,2479,2466,1531,2471,2408,1569,1195,2429,2626

test suite341
bestAPFD:0.942308
bestSuite:293,1406,2513,2546,1182,2118,2579,2388,1568,2497

test suite342
bestAPFD:0.941209
bestSuite:1570,204,2374,2548,2503,2632,2480,2389,203,2488

test suite343
bestAPFD:0.937912
bestSuite:2468,1660,1569,2454,193,1833,2496,2489,817,1849

test suite344
bestAPFD:0.935714
bestSuite:2541,1991,2489,2503,2458,1569,2415,2385,2578,2388

test suite345
bestAPFD:0.940110
bestSuite:2636,2465,1769,2551,2473,1522,2579,2518,1726,2404

test suite346
bestAPFD:0.942308
bestSuite:105,1404,1557,2493,2510,221,1582,1568,770,2444

test suite347
bestAPFD:0.937912
bestSuite:2145,2520,1820,21,2389,1569,2481,1581,43,2476

test suite348
bestAPFD:0.946553
bestSuite:1570,755,1660,2457,2479,2537,1840,2440,2641,2471,1699

test suite349
bestAPFD:0.937912
bestSuite:2442,1403,1670,274,2478,1569,1780,2130,2492,2054

test suite350
bestAPFD:0.943556
bestSuite:1091,1832,2457,1563,2462,2514,2486,2481,604,197,1663

test suite351
bestAPFD:0.955621
bestSuite:88,2547,2397,2488,2518,2580,1541,307,1376,938,2411,1563,1568

test suite352
bestAPFD:0.935897
bestSuite:58,2527,1581,2473,2649,2272,2516,2480,2460

test suite353
bestAPFD:0.950157
bestSuite:848,2369,377,2451,2546,2606,225,1778,2482,2388,367,2649,1684,2537

test suite354
bestAPFD:0.951923
bestSuite:91,2548,2369,1402,2509,92,2463,1517,1279,2495,895,2586

test suite355
bestAPFD:0.942308
bestSuite:180,2540,1402,2456,872,1805,2644,2409,2497,2465

test suite356
bestAPFD:0.946553
bestSuite:1562,2461,2526,1574,2406,2427,2581,878,2395,2507,76

test suite357
bestAPFD:0.942308
bestSuite:2622,1616,2467,1404,2434,2518,1343,1569,970,1077

test suite358
bestAPFD:0.942308
bestSuite:66,1611,2461,2545,1564,164,2475,2435,2483,2622

test suite359
bestAPFD:0.951923
bestSuite:34,2456,1794,2531,2503,2413,2397,465,2448,1671,1012,2518

test suite360
bestAPFD:0.942557
bestSuite:1999,2540,2410,250,2518,1403,1471,2584,1343,1683,2502

test suite361
bestAPFD:0.951007
bestSuite:1945,2467,1403,1585,2461,2492,1482,2477,2233,2635,2404,2535

test suite362
bestAPFD:0.947552
bestSuite:84,1794,2369,2547,2476,1297,2446,1155,1566,2377,1434

test suite363
bestAPFD:0.951923
bestSuite:84,2498,2453,2497,2391,2445,441,99,2409,1530,1185,1568

test suite364
bestAPFD:0.950092
bestSuite:1891,2493,2465,2524,1593,2643,2463,1577,2492,2377,251,1728

test suite365
bestAPFD:0.942308
bestSuite:58,2459,2495,2463,2443,2513,2488,2496,1748,518

test suite366
bestAPFD:0.947552
bestSuite:79,2482,2406,2452,1584,622,2432,901,2385,2498,2399

test suite367
bestAPFD:0.942308
bestSuite:56,2501,2396,2453,2585,217,2589,1663,1570,1562

test suite368
bestAPFD:0.935897
bestSuite:239,1401,1564,2452,2650,1520,1825,2465,2481

test suite369
bestAPFD:0.935897
bestSuite:180,1571,2463,2528,1810,2632,1563,2498,2474

test suite370
bestAPFD:0.951923
bestSuite:2647,2553,2406,2431,2632,1886,531,992,1584,1661,2513,2492

test suite371
bestAPFD:0.946553
bestSuite:1570,2314,2385,2546,2509,1824,2409,2466,1280,31,2583

test suite372
bestAPFD:0.927885
bestSuite:104,2502,1772,1403,2409,900,2450,2476

test suite373
bestAPFD:0.942308
bestSuite:2622,2553,2502,1682,1999,2482,2409,2501,71,2537

test suite374
bestAPFD:0.951007
bestSuite:986,2467,2525,2471,1036,2379,146,2462,2578,2518,1437,2488

test suite375
bestAPFD:0.952240
bestSuite:1341,2537,1778,24,2546,480,1664,1536,860,2369,2443,2497,2388

test suite376
bestAPFD:0.937912
bestSuite:2589,2575,2397,2452,150,1660,962,2388,2396,2446

test suite377
bestAPFD:0.955621
bestSuite:86,2514,2547,2515,2449,1423,2589,2252,2085,2462,2622,1856,2409

test suite378
bestAPFD:0.941209
bestSuite:791,2464,1514,2544,2496,2535,2465,2483,2430,248

test suite379
bestAPFD:0.941209
bestSuite:1011,2460,2524,2368,2481,2446,1663,37,217,1568

test suite380
bestAPFD:0.941558
bestSuite:1190,1405,1631,2531,181,2513,2068,1740,2510,1816,2535

test suite381
bestAPFD:0.922390
bestSuite:880,2545,144,1809,2502,1563,2476,1670

test suite382
bestAPFD:0.951007
bestSuite:2468,1557,2546,1571,2509,1825,273,2268,2474,2406,1027,939

test suite383
bestAPFD:0.948260
bestSuite:1985,2369,2385,2551,277,2404,1254,1988,1806,1881,2463,2482

test suite384
bestAPFD:0.948260
bestSuite:2445,2552,208,2462,1536,2471,2389,776,1898,2377,273,2412

test suite385
bestAPFD:0.941209
bestSuite:2128,1570,2453,1586,2644,2479,1585,175,2489,2482

test suite386
bestAPFD:0.946553
bestSuite:1562,2466,2552,1536,2369,1242,2512,129,2589,929,2411

test suite387
bestAPFD:0.947552
bestSuite:2622,1522,2502,1404,2478,1840,46,2092,2480,2095,2503

test suite388
bestAPFD:0.937912
bestSuite:955,2502,2453,1563,2503,2445,2514,1682,1827,754

test suite389
bestAPFD:0.943556
bestSuite:14,1546,2456,173,2464,2507,1029,2494,2446,2502,2429

test suite390
bestAPFD:0.930220
bestSuite:2090,2489,1325,1563,2546,2450,2535,2481,2369,1798

test suite391
bestAPFD:0.941209
bestSuite:1570,2230,2550,1566,1843,2626,2471,2540,2479,169

test suite392
bestAPFD:0.953931
bestSuite:1985,1564,1403,294,2410,2397,535,2481,1223,1116,511,730,1595

test suite393
bestAPFD:0.951923
bestSuite:88,1577,1405,2396,2498,2496,1227,1108,2490,1389,2642,1106

test suite394
bestAPFD:0.947552
bestSuite:121,2544,2374,2537,1371,2275,2411,2407,2513,1679,2518

test suite395
bestAPFD:0.941209
bestSuite:2642,2478,1683,2547,2270,6,2392,2518,2460,947

test suite396
bestAPFD:0.947552
bestSuite:252,2498,1404,2487,2451,2396,1985,626,2482,1005,2507

test suite397
bestAPFD:0.943407
bestSuite:1572,2520,2498,2587,1579,2188,2481,2466,1406,652

test suite398
bestAPFD:0.947552
bestSuite:17,2461,2452,1810,2642,2479,1643,735,2537,832,2475

test suite399
bestAPFD:0.955621
bestSuite:2617,2523,2389,2432,872,991,2025,162,2377,2509,1683,2273,2498

test suite400
bestAPFD:0.929792
bestSuite:209,2513,2494,2024,1403,2492,1181,2476,1583

test suite401
bestAPFD:0.951007
bestSuite:2444,2461,2550,1565,225,2463,912,1901,2393,1955,2482,2404

test suite402
bestAPFD:0.943556
bestSuite:2618,1403,2639,2482,2478,2046,2397,1651,1810,2404,1280

test suite403
bestAPFD:0.943556
bestSuite:2440,1530,2553,2537,82,2408,301,1569,2481,2479,94

test suite404
bestAPFD:0.942308
bestSuite:11,2396,2525,2380,1557,2500,2272,2440,2509,1584

test suite405
bestAPFD:0.951923
bestSuite:1,1651,2453,2489,2492,2267,2350,1584,2410,2005,2445,2462

test suite406
bestAPFD:0.942308
bestSuite:296,2467,2471,2526,2620,1973,1491,2465,1563,1585

test suite407
bestAPFD:0.943556
bestSuite:2178,2521,2462,130,2393,2463,1934,2214,1401,798,2509

test suite408
bestAPFD:0.941209
bestSuite:1976,2461,2500,1404,1562,2463,2486,85,2505,1881

test suite409
bestAPFD:0.951007
bestSuite:1570,2442,2550,1542,2478,2575,2343,1196,600,2631,1293,2518

test suite410
bestAPFD:0.937912
bestSuite:1201,2540,2544,2636,2430,2440,2480,1581,1922,2462

test suite411
bestAPFD:0.947552
bestSuite:1,1595,2521,2531,1800,2440,1557,2510,2577,1747,2028

test suite412
bestAPFD:0.944555
bestSuite:2461,1049,2547,2368,112,2479,2579,1616,2509,668,2396

test suite413
bestAPFD:0.942308
bestSuite:104,2528,2482,1568,1651,2444,1810,1557,1579,1222

test suite414
bestAPFD:0.942308
bestSuite:36,2382,1569,2552,2404,2650,2531,2488,2476,70

test suite415
bestAPFD:0.946553
bestSuite:2586,2467,2458,2471,2479,2403,2007,1806,2397,1951,207

test suite416
bestAPFD:0.951923
bestSuite:171,2520,1522,2369,2112,1985,2388,1824,2396,1652,2122,2475

test suite417
bestAPFD:0.951923
bestSuite:180,2521,1800,2473,2513,2589,1562,505,1348,1531,796,1107

test suite418
bestAPFD:0.947552
bestSuite:66,2449,2459,2513,1627,1562,428,2489,2482,2505,2442

test suite419
bestAPFD:0.941209
bestSuite:1172,2461,1558,2526,2514,1801,2613,2479,2518,1985

test suite420
bestAPFD:0.942308
bestSuite:124,2545,1568,2504,1081,2441,1530,1064,2480,2397

test suite421
bestAPFD:0.950092
bestSuite:2620,1841,2513,2456,2166,2488,2377,2476,60,1078,1564,2628

test suite422
bestAPFD:0.951007
bestSuite:1310,1570,1404,2503,144,1584,421,1801,2406,1607,2643,1559

test suite423
bestAPFD:0.946553
bestSuite:1971,1570,2553,1683,2495,117,2411,2463,1175,2497,2377

test suite424
bestAPFD:0.942308
bestSuite:16,1824,2553,2406,1536,2413,1292,2510,2498,1926

test suite425
bestAPFD:0.943556
bestSuite:2444,2462,2523,1682,2530,1568,987,1803,2492,1567,1901

test suite426
bestAPFD:0.940110
bestSuite:140,2498,2574,2525,2481,1108,548,2486,2578,1406

test suite427
bestAPFD:0.943556
bestSuite:2618,2453,282,2514,2407,1415,515,2397,2507,2227,2433

test suite428
bestAPFD:0.942308
bestSuite:2617,1800,2523,1569,1564,2496,205,2589,1666,819

test suite429
bestAPFD:0.941209
bestSuite:2157,2465,2455,2488,2399,2509,2646,200,1568,2504

test suite430
bestAPFD:0.946553
bestSuite:2442,1557,2458,2503,2473,1577,1852,995,193,837,2510

test suite431
bestAPFD:0.940110
bestSuite:97,2498,2544,2505,1578,2626,2531,2343,779,2507

test suite432
bestAPFD:0.943556
bestSuite:2586,2522,106,1862,2489,890,1569,2475,1631,1289,1890

test suite433
bestAPFD:0.946553
bestSuite:1763,1557,1798,2526,542,2507,57,2583,2476,2488,2261

test suite434
bestAPFD:0.943556
bestSuite:1934,2544,1406,2540,147,2509,2369,2415,199,1426,943

test suite435
bestAPFD:0.951923
bestSuite:86,1405,1565,2537,2507,1454,2301,2443,2461,2377,1318,2412

test suite436
bestAPFD:0.941558
bestSuite:238,2433,2396,2457,2503,2413,1571,1270,1226,2462,2481

test suite437
bestAPFD:0.948260
bestSuite:2442,2372,62,2550,2476,2474,1290,2513,2518,2093,1683,826

test suite438
bestAPFD:0.954082
bestSuite:1013,2498,2633,1808,2521,2531,2340,1900,2535,363,2409,2486,1566,2215

test suite439
bestAPFD:0.936813
bestSuite:2589,223,2545,2502,2451,1165,2492,379,2537,2487

test suite440
bestAPFD:0.943556
bestSuite:2225,2546,2462,2604,1611,2475,2535,2537,2504,1534,1433

test suite441
bestAPFD:0.954776
bestSuite:1570,1748,1574,2520,1563,2584,2181,307,1903,1586,1336,2481,1564

test suite442
bestAPFD:0.931013
bestSuite:2445,2526,200,2369,1574,2496,2519,2463,655

test suite443
bestAPFD:0.934676
bestSuite:2443,1564,2431,2521,2480,1254,1680,1224,2397

test suite444
bestAPFD:0.947552
bestSuite:224,2453,2373,1568,2481,862,1558,1267,2461,2442,1318

test suite445
bestAPFD:0.942308
bestSuite:257,2531,2471,2455,2404,1986,2441,1573,2495,2502

test suite446
bestAPFD:0.934676
bestSuite:2586,1557,2521,2503,2476,1660,755,1420,2483

test suite447
bestAPFD:0.935897
bestSuite:8,2461,2508,2458,2466,2015,2477,2496,1934

test suite448
bestAPFD:0.950092
bestSuite:2447,1570,2459,1574,2406,85,291,1964,2471,2381,408,1567

test suite449
bestAPFD:0.937912
bestSuite:692,1816,2457,207,1568,1663,2509,745,2618,2498

test suite450
bestAPFD:0.934676
bestSuite:880,2464,2434,2546,2510,2649,1585,2462,35

test suite451
bestAPFD:0.946553
bestSuite:2444,1582,2455,2396,1286,2384,2369,528,131,648,2475

test suite452
bestAPFD:0.941209
bestSuite:1176,2464,2549,1402,2382,2460,1563,2510,2618,101

test suite453
bestAPFD:0.934676
bestSuite:2642,1570,2416,2453,1321,2476,2496,1583,294

test suite454
bestAPFD:0.934676
bestSuite:237,2465,1554,2553,1850,2476,2475,251,2082

test suite455
bestAPFD:0.951923
bestSuite:293,2414,2460,2552,1997,1584,2403,2328,2406,2442,2497,1947

test suite456
bestAPFD:0.948260
bestSuite:2443,2498,20,2456,1546,903,2410,2540,2510,2071,2503,1899

test suite457
bestAPFD:0.937912
bestSuite:2335,2498,289,2472,2524,2406,2650,2475,1663,885

test suite458
bestAPFD:0.940110
bestSuite:2445,2525,1564,2512,2419,2509,2502,2417,277,1402

test suite459
bestAPFD:0.942308
bestSuite:8,2486,2458,2371,2286,1663,1569,2413,898,2479

test suite460
bestAPFD:0.942308
bestSuite:2647,2467,2458,1776,2482,2461,1567,2285,1985,1536

test suite461
bestAPFD:0.951007
bestSuite:1570,1666,2644,2457,2489,2487,29,1800,157,2479,2507,273

test suite462
bestAPFD:0.947552
bestSuite:2629,1568,1651,2522,1367,2404,1557,2408,2534,392,2503

test suite463
bestAPFD:0.935897
bestSuite:58,2396,1401,2545,2465,2589,2414,2481,1367

test suite464
bestAPFD:0.933455
bestSuite:2620,2381,2502,2526,1661,2269,2476,2404,2023

test suite465
bestAPFD:0.935897
bestSuite:101,2374,2473,2544,2385,2461,2142,2509,2442

test suite466
bestAPFD:0.934676
bestSuite:2445,2465,2551,2482,1271,2084,2389,1666,2388

test suite467
bestAPFD:0.935897
bestSuite:171,2489,1861,2455,2518,2474,2642,2513,1663

test suite468
bestAPFD:0.931013
bestSuite:1114,2403,2531,6,2545,2575,2441,2475,2369

test suite469
bestAPFD:0.934676
bestSuite:1570,2263,2552,1832,2496,2467,1401,1931,2581

test suite470
bestAPFD:0.937912
bestSuite:980,2540,2403,146,2547,2518,2513,1781,2388,2583

test suite471
bestAPFD:0.951007
bestSuite:619,2461,2520,2451,2496,189,19,2392,2389,481,2626,2246

test suite472
bestAPFD:0.945554
bestSuite:140,2513,2520,2472,1095,2478,1611,2399,2377,2190,2475

test suite473
bestAPFD:0.943556
bestSuite:1341,1800,2524,2369,284,1666,2581,2510,2478,2503,1533

test suite474
bestAPFD:0.946553
bestSuite:1985,2464,2522,1844,1670,928,1493,1584,148,2471,2498

test suite475
bestAPFD:0.940110
bestSuite:783,2537,1582,2523,2641,2431,2581,2481,2502,1480

test suite476
bestAPFD:0.937912
bestSuite:900,2552,2396,1683,19,2411,1798,2492,1879,2502

test suite477
bestAPFD:0.951923
bestSuite:70,1818,2478,2553,966,2460,1663,2497,2617,2492,1108,741

test suite478
bestAPFD:0.946553
bestSuite:2445,2461,2382,2526,2589,2479,2540,2400,2223,14,2062

test suite479
bestAPFD:0.943407
bestSuite:1572,2462,1403,169,2537,2579,2508,2497,2483,1363

test suite480
bestAPFD:0.942308
bestSuite:215,2462,2528,2378,2396,1585,2503,2640,2377,821

test suite481
bestAPFD:0.934676
bestSuite:2586,2467,2550,1778,2388,252,2502,2509,1582

test suite482
bestAPFD:0.948260
bestSuite:1395,2460,2579,2410,2524,1040,227,2507,2467,1663,1724,2483

test suite483
bestAPFD:0.942308
bestSuite:2597,2467,2453,2471,2397,2588,1631,1584,840,2493

test suite484
bestAPFD:0.951007
bestSuite:1932,1557,2508,2454,109,2582,2258,96,2509,1843,2464,1050

test suite485
bestAPFD:0.937912
bestSuite:236,2513,2544,2380,2413,2482,1406,2377,1309,2540

test suite486
bestAPFD:0.946553
bestSuite:2588,1564,2548,2500,2518,2402,164,1567,1289,2369,2355

test suite487
bestAPFD:0.937912
bestSuite:2589,2402,2544,2389,209,1264,2397,2483,1577,2366

test suite488
bestAPFD:0.947552
bestSuite:2622,2549,2394,1564,890,197,2471,2513,2481,2451,1492

test suite489
bestAPFD:0.946553
bestSuite:1358,2465,2435,2553,7,2497,2377,2406,1478,1985,1522

test suite490
bestAPFD:0.941209
bestSuite:1570,2649,2522,1663,2506,1102,2473,2409,2503,193

test suite491
bestAPFD:0.946553
bestSuite:1382,1557,2453,1531,836,120,2443,2471,2478,2409,1793

test suite492
bestAPFD:0.936813
bestSuite:1135,1817,2540,2523,2606,1043,2643,2498,1595,2510

test suite493
bestAPFD:0.946553
bestSuite:1934,2465,2371,2525,1542,2510,2396,131,594,780,1010

test suite494
bestAPFD:0.951007
bestSuite:2589,2465,1616,2544,2605,2578,1864,1579,2537,770,65,1951

test suite495
bestAPFD:0.934676
bestSuite:2441,2464,2552,2449,2372,601,2613,2461,2510

test suite496
bestAPFD:0.951923
bestSuite:56,2550,2514,2508,2505,2366,1418,2626,2369,882,591,2518

test suite497
bestAPFD:0.947552
bestSuite:2622,1536,2548,1564,2415,1220,1906,2369,164,2482,2404

test suite498
bestAPFD:0.950092
bestSuite:197,2513,1585,2520,2404,2001,2489,1865,2582,1992,1600,2486

test suite499
bestAPFD:0.947344
bestSuite:850,2407,274,2369,2524,2413,1259,1841,1563,1492,2492,2466

test suite500
bestAPFD:0.948260
bestSuite:1918,2521,2537,2385,87,1679,395,2496,2502,1729,2644,1850

