test suite1
bestAPFD:0.946553
bestSuite:2476,2460,2388,1546,2467,2475,86,1820,2523,151,1178

test suite2
bestAPFD:0.939011
bestSuite:2589,2371,2467,2509,2502,163,2550,2511,488,101

test suite3
bestAPFD:0.941850
bestSuite:2132,287,2481,2464,1567,1324,1224,2410,1569,2546,2585,1643

test suite4
bestAPFD:0.952512
bestSuite:271,2460,1913,1851,2497,1562,1779,37,2454,1708,2330,2407,1564,2581

test suite5
bestAPFD:0.942557
bestSuite:2182,2389,2524,2462,489,97,2444,2492,1772,728,2403

test suite6
bestAPFD:0.934615
bestSuite:203,2510,2464,2461,1562,1536,2574,263,2527,2399

test suite7
bestAPFD:0.941209
bestSuite:2453,2650,1122,2403,2478,2600,1825,1099,1570,2480

test suite8
bestAPFD:0.937562
bestSuite:2497,1404,1564,1162,2513,2604,2582,2388,2434,980,1565

test suite9
bestAPFD:0.919872
bestSuite:1569,2526,2218,1002,2488,2471,2409,2505,2411,25,2396,2593

test suite10
bestAPFD:0.946429
bestSuite:2471,1660,1852,1567,2077,2502,2444,1662,258,2548,2489,1712

test suite11
bestAPFD:0.933455
bestSuite:2467,1866,1120,2462,2481,2301,2457,2449,2617

test suite12
bestAPFD:0.945554
bestSuite:187,1495,2413,2503,2551,2531,2513,1857,1578,296,2377

test suite13
bestAPFD:0.949372
bestSuite:1798,2481,804,467,2535,2513,112,1567,2569,2526,2486,2035,1947,1661

test suite14
bestAPFD:0.942557
bestSuite:2551,2473,1242,297,876,1043,1574,2435,2643,2480,2513

test suite15
bestAPFD:0.948859
bestSuite:2475,1567,2502,416,2411,1564,670,148,1917,2545,1631,2430,1437

test suite16
bestAPFD:0.933516
bestSuite:288,945,1861,1066,2476,2465,2399,1573,2388,2544

test suite17
bestAPFD:0.937562
bestSuite:2476,1581,2468,2455,2496,2238,2382,1543,1208,2498,53

test suite18
bestAPFD:0.946232
bestSuite:2527,2407,2497,2502,2437,1723,2540,2579,1320,857,1567,1849,37,423

test suite19
bestAPFD:0.930220
bestSuite:2540,23,2462,1406,2550,2481,2447,37,2001,2381

test suite20
bestAPFD:0.936563
bestSuite:2489,1565,1038,1288,2509,2497,97,2465,2458,2373,2644

test suite21
bestAPFD:0.943556
bestSuite:2460,2528,2475,2586,1830,56,689,816,1402,1188,2540

test suite22
bestAPFD:0.954082
bestSuite:1570,2156,1514,2010,2574,505,1345,2053,2629,2401,2478,98,2526,2475

test suite23
bestAPFD:0.940559
bestSuite:1073,2468,766,2547,186,2514,2404,2507,1611,1772,1569

test suite24
bestAPFD:0.940559
bestSuite:2144,1640,1585,2501,453,2461,2476,1901,2547,282,2518

test suite25
bestAPFD:0.947802
bestSuite:1924,1406,2288,527,2579,2409,46,507,2510,1175,2525,2397,1817,2466

test suite26
bestAPFD:0.945554
bestSuite:1557,2617,1560,2481,2526,2613,1651,208,2474,2489,702

test suite27
bestAPFD:0.935897
bestSuite:1914,2454,2498,2588,2518,1574,2431,2489,100

test suite28
bestAPFD:0.943556
bestSuite:2497,2476,2382,1565,100,1403,2468,1579,1345,2250,2460

test suite29
bestAPFD:0.939560
bestSuite:2056,2513,2585,250,1660,2464,2512,2475,2202,2548,1274

test suite30
bestAPFD:0.941850
bestSuite:1414,2242,2457,2618,2531,2337,107,2462,1567,1834,2474,1683

test suite31
bestAPFD:0.943556
bestSuite:2435,2527,688,1749,1564,2462,224,2496,1124,1585,2622

test suite32
bestAPFD:0.935897
bestSuite:1963,2629,2486,2459,2507,2376,180,2498,1536

test suite33
bestAPFD:0.936813
bestSuite:44,1559,2462,2275,2520,2579,1807,2475,2389,2101

test suite34
bestAPFD:0.934615
bestSuite:2485,2481,2440,2537,2369,946,897,56,1571,1403

test suite35
bestAPFD:0.950942
bestSuite:424,600,2126,2444,2514,1844,1027,649,1567,182,1569,2475,2545,2448

test suite36
bestAPFD:0.941558
bestSuite:2492,2628,2483,2369,1683,620,833,2548,2535,2514,1782

test suite37
bestAPFD:0.950092
bestSuite:27,2507,2064,1494,1582,1564,2325,2617,1841,2483,2460,2528

test suite38
bestAPFD:0.946429
bestSuite:2461,1069,2450,2585,2503,2383,1524,2551,2326,1584,2406,77

test suite39
bestAPFD:0.946429
bestSuite:2396,2460,2580,2524,2480,1963,1997,2413,2503,1661,2628,2037

test suite40
bestAPFD:0.951727
bestSuite:2584,2461,2616,2388,2463,2515,1715,2471,1145,2553,1298,189,1402,901

test suite41
bestAPFD:0.949176
bestSuite:2507,1544,2462,408,1281,2477,2617,1065,119,2456,2473,1514

test suite42
bestAPFD:0.943556
bestSuite:2433,2138,2455,2642,2461,2497,1929,82,2377,2473,1631

test suite43
bestAPFD:0.939011
bestSuite:1806,2481,2586,1387,2425,2616,2461,2489,2553,1565

test suite44
bestAPFD:0.937562
bestSuite:2002,1666,2481,1422,2514,2497,2606,2399,2384,2453,1557

test suite45
bestAPFD:0.939011
bestSuite:1666,1557,102,1944,2447,1843,2525,2463,2164,2475

test suite46
bestAPFD:0.948260
bestSuite:2585,1546,2534,1754,2537,2522,291,2306,1562,1569,2510,1843

test suite47
bestAPFD:0.942557
bestSuite:26,1579,645,2460,1568,2450,2578,2366,2482,1405,1810

test suite48
bestAPFD:0.946429
bestSuite:2397,1487,215,1111,2236,1934,2388,2486,2459,2477,2514,2450

test suite49
bestAPFD:0.931319
bestSuite:2377,1569,1797,2589,118,246,2467,1530,1286,2553

test suite50
bestAPFD:0.937912
bestSuite:2550,2589,2471,2616,1584,2463,1565,1817,2324,1569

test suite51
bestAPFD:0.940018
bestSuite:2551,1579,1935,2478,2486,1569,2375,1248,52,2385,2594,5

test suite52
bestAPFD:0.946429
bestSuite:1991,2584,2502,2514,287,1971,1843,1536,2510,2545,1678,596

test suite53
bestAPFD:0.940934
bestSuite:2409,2544,2464,2251,261,2582,2507,2460,1352,761,1566,1800

test suite54
bestAPFD:0.943556
bestSuite:1367,206,2012,1769,2466,2581,1565,2479,2455,2589,1569

test suite55
bestAPFD:0.940559
bestSuite:2461,1376,2618,2453,859,2473,111,2500,2496,1806,1584

test suite56
bestAPFD:0.942766
bestSuite:711,2404,2502,278,2649,2457,2489,1797,1243,2474,2570,2385

test suite57
bestAPFD:0.941209
bestSuite:2549,2236,126,2497,2377,1985,1582,2516,2513,2476

test suite58
bestAPFD:0.951007
bestSuite:1,1404,2194,2482,1819,1569,1944,2096,1611,2535,1579,1568

test suite59
bestAPFD:0.942557
bestSuite:1689,1403,2475,1586,2460,1661,1563,2399,2478,1797,972

test suite60
bestAPFD:0.933566
bestSuite:2498,37,2399,2500,708,1130,2507,2452,2463,732,2384

test suite61
bestAPFD:0.945554
bestSuite:2478,2397,2523,1563,2468,2471,814,1852,126,1546,1508

test suite62
bestAPFD:0.943556
bestSuite:2497,25,2442,2510,2434,1568,720,2455,2397,1766,1558

test suite63
bestAPFD:0.934676
bestSuite:2473,2550,1573,871,1934,1797,2465,2480,617

test suite64
bestAPFD:0.946553
bestSuite:677,1564,2437,236,2548,1569,2511,268,2583,2480,1853

test suite65
bestAPFD:0.925574
bestSuite:934,1616,2458,269,2476,2498,986,1584,1851,1814,1959

test suite66
bestAPFD:0.941558
bestSuite:2474,134,2504,1616,969,2459,2388,2531,2468,2462,2190

test suite67
bestAPFD:0.935714
bestSuite:96,1586,2549,2377,1651,2537,2498,2626,1185,2471

test suite68
bestAPFD:0.937912
bestSuite:2518,2444,2531,1522,923,1769,1576,2502,2548,2113

test suite69
bestAPFD:0.948014
bestSuite:2252,492,2503,2388,2552,1559,1803,2540,2000,1557,2644,502,2605

test suite70
bestAPFD:0.934615
bestSuite:2397,2392,2466,1579,110,2452,932,1571,2411,2589

test suite71
bestAPFD:0.942557
bestSuite:44,2620,2498,2464,2482,2426,2521,2431,1562,2257,1616

test suite72
bestAPFD:0.940110
bestSuite:1004,2461,1403,2622,1571,2389,2487,979,2509,279

test suite73
bestAPFD:0.940018
bestSuite:2465,2480,159,2402,1957,2524,2463,1680,1947,211,2483,2579

test suite74
bestAPFD:0.946429
bestSuite:133,1564,649,2589,933,2574,2498,1577,1562,2640,651,2523

test suite75
bestAPFD:0.937912
bestSuite:2157,2433,2511,2389,2628,2649,2527,2496,2498,2160

test suite76
bestAPFD:0.934615
bestSuite:1581,160,2513,2617,2475,2380,1112,469,2453,1568

test suite77
bestAPFD:0.929121
bestSuite:2447,2463,1375,2498,1579,2432,2552,1401,2633,2496

test suite78
bestAPFD:0.945513
bestSuite:628,1109,25,2434,2462,2399,2522,1582,2389,1579,2589,773

test suite79
bestAPFD:0.933455
bestSuite:58,2455,1926,1580,2462,443,2486,2475,1574

test suite80
bestAPFD:0.932418
bestSuite:2636,1091,2460,2486,1584,1360,1293,2544,2376,1536

test suite81
bestAPFD:0.944555
bestSuite:2475,2412,2460,2476,173,1682,2550,2328,2396,902,2446

test suite82
bestAPFD:0.937912
bestSuite:1581,1380,2514,2498,860,14,2527,2481,1816,2644

test suite83
bestAPFD:0.946429
bestSuite:2159,1559,2498,17,2476,2404,2458,633,2430,2406,115,1716

test suite84
bestAPFD:0.921245
bestSuite:2581,2496,1631,1569,2459,2540,2328,2380,123

test suite85
bestAPFD:0.938715
bestSuite:1506,2435,1385,1444,2638,1962,2509,1554,2389,2553,2643,2397,2503

test suite86
bestAPFD:0.951923
bestSuite:2499,68,2461,2518,2447,2409,1660,735,1702,2537,2379,2524

test suite87
bestAPFD:0.949176
bestSuite:2506,2503,2426,1530,1570,2524,32,2099,144,2389,2578,2480

test suite88
bestAPFD:0.941558
bestSuite:1794,1542,1201,2458,98,2498,1563,2514,2128,2582,2509

test suite89
bestAPFD:0.935714
bestSuite:1666,1032,2460,635,2586,2606,1778,2455,2492,2467

test suite90
bestAPFD:0.939011
bestSuite:1567,2489,11,1907,1769,2589,880,2453,1530,1569

test suite91
bestAPFD:0.936813
bestSuite:2463,124,1567,2461,2474,1661,1851,2626,2009,2548

test suite92
bestAPFD:0.945554
bestSuite:2478,1908,38,1862,1403,2507,2296,2488,2583,183,2461

test suite93
bestAPFD:0.945513
bestSuite:1190,2392,2492,1267,338,2640,342,260,2500,2550,1569,2478

test suite94
bestAPFD:0.938561
bestSuite:788,2543,2397,2500,1560,2496,1563,346,2476,2582,2553

test suite95
bestAPFD:0.944597
bestSuite:1906,1940,1668,1574,261,2502,2475,2649,1305,2473,2381,2545

test suite96
bestAPFD:0.946553
bestSuite:2582,2465,2616,1757,2473,2589,2518,1943,2433,1558,2526

test suite97
bestAPFD:0.935897
bestSuite:2503,2620,2463,2549,1567,79,1557,2400,2373

test suite98
bestAPFD:0.942308
bestSuite:2460,165,1153,2547,2480,1568,2444,2404,2380,1680

test suite99
bestAPFD:0.946429
bestSuite:1085,1865,2465,1559,2471,2483,75,2599,2546,1934,2466,1153

test suite100
bestAPFD:0.934676
bestSuite:1682,2263,2481,1832,2468,1570,160,2464,2458

test suite101
bestAPFD:0.940110
bestSuite:139,2241,2461,243,1403,1531,2409,2476,2497,2642

test suite102
bestAPFD:0.939103
bestSuite:1476,2474,186,2181,2385,1780,2586,2389,2546,2502,1567,910

test suite103
bestAPFD:0.940110
bestSuite:2620,2409,1979,2381,2503,1582,1570,2489,1405,1680

test suite104
bestAPFD:0.937912
bestSuite:2537,1573,2522,2159,2404,2518,2435,86,2513,2442

test suite105
bestAPFD:0.941558
bestSuite:238,2503,2547,2443,928,1559,2377,2406,2398,2031,2513

test suite106
bestAPFD:0.946323
bestSuite:1557,1858,2455,1164,2582,2154,1819,18,2474,1575,2540,1584,1447

test suite107
bestAPFD:0.929792
bestSuite:1843,240,2003,2475,1611,2442,2473,2498,1403

test suite108
bestAPFD:0.933455
bestSuite:2518,2460,2227,2521,2399,224,2406,1661,2501

test suite109
bestAPFD:0.951007
bestSuite:2617,2369,1841,1583,1337,2589,2388,2545,2406,788,1835,286

test suite110
bestAPFD:0.929121
bestSuite:2399,1560,972,42,2528,2540,2503,1557,1571,2510

test suite111
bestAPFD:0.939011
bestSuite:2492,2138,1841,2544,2498,1531,2464,2468,232,2589

test suite112
bestAPFD:0.928571
bestSuite:2466,1536,2513,2411,2510,2524,2291,208,2485

test suite113
bestAPFD:0.948014
bestSuite:1939,1584,2340,2460,2520,2440,2170,2451,2537,2635,2216,2475,2416

test suite114
bestAPFD:0.951007
bestSuite:1404,37,2506,2400,649,1570,2497,196,2540,1058,2620,1584

test suite115
bestAPFD:0.934615
bestSuite:2396,2511,2458,672,206,2502,2479,2275,2471,2446

test suite116
bestAPFD:0.942308
bestSuite:1584,2507,2369,2629,1661,1841,1610,2522,2639,1568

test suite117
bestAPFD:0.953931
bestSuite:1290,1666,2476,1562,2470,2299,2465,2553,2615,1451,2506,2445,2537

test suite118
bestAPFD:0.942096
bestSuite:1346,1834,2578,2513,171,1564,2387,1581,2503,1266,2452,573,2388

test suite119
bestAPFD:0.932418
bestSuite:2486,1579,962,1569,2488,160,2443,1808,1384,2452

test suite120
bestAPFD:0.931319
bestSuite:2502,1554,2516,1568,2496,2528,4,53,2471,2649

test suite121
bestAPFD:0.939011
bestSuite:1557,218,2486,2586,2537,1584,1857,2400,2240,2551

test suite122
bestAPFD:0.940559
bestSuite:2480,2377,2473,1934,58,1108,1565,2461,2547,1841,1873

test suite123
bestAPFD:0.947552
bestSuite:743,1781,2046,91,2453,1159,2514,1536,2369,2649,2481

test suite124
bestAPFD:0.946553
bestSuite:1651,31,2466,2509,1435,2456,2482,2477,2369,2440,518

test suite125
bestAPFD:0.936813
bestSuite:2040,2513,2493,2527,2480,80,2446,2589,1616,2466

test suite126
bestAPFD:0.940559
bestSuite:203,1720,2644,1135,2481,701,2537,2513,2544,2508,1851

test suite127
bestAPFD:0.940018
bestSuite:1980,2579,680,1561,2462,1226,1531,2404,2456,2473,2518,1529

test suite128
bestAPFD:0.941209
bestSuite:126,2463,2550,2496,2174,2445,2513,1546,2376,2252

test suite129
bestAPFD:0.952240
bestSuite:1277,2486,2528,173,1562,2540,2462,147,1437,1583,1830,1690,2587

test suite130
bestAPFD:0.947552
bestSuite:2482,201,1402,1817,2269,2476,2498,2388,1985,2521,1162

test suite131
bestAPFD:0.931013
bestSuite:2624,2496,1304,2540,2413,2452,2372,1660,1557

test suite132
bestAPFD:0.940559
bestSuite:1570,1724,2494,2588,2534,2282,2540,1584,2525,2509,1651

test suite133
bestAPFD:0.933516
bestSuite:2404,2495,2509,1878,2514,1403,80,2403,2642,2461

test suite134
bestAPFD:0.943681
bestSuite:2473,662,2480,957,2523,2460,2511,2442,2387,202,1820,1453

test suite135
bestAPFD:0.947168
bestSuite:2480,213,1238,274,954,2463,2524,2485,2446,2483,436,1651,2513

test suite136
bestAPFD:0.943556
bestSuite:1366,1574,1199,2498,2497,72,2642,2412,2467,2377,2458

test suite137
bestAPFD:0.921016
bestSuite:2465,164,2283,1563,2486,2511,2436,2545

test suite138
bestAPFD:0.940110
bestSuite:2650,2460,253,2511,2384,1562,1564,1386,2475,2526

test suite139
bestAPFD:0.943681
bestSuite:1557,2189,2100,2475,2452,2519,1564,24,2581,2400,674,569

test suite140
bestAPFD:0.944597
bestSuite:1575,952,107,2336,1023,1557,2416,2650,2521,464,2492,2467

test suite141
bestAPFD:0.945554
bestSuite:2553,2359,2589,2460,684,1564,2632,239,1810,2496,1554

test suite142
bestAPFD:0.936813
bestSuite:1012,1559,2478,1405,1569,2607,2509,1834,2589,2621

test suite143
bestAPFD:0.947344
bestSuite:2159,36,1569,2212,2482,2586,1325,1584,1564,2330,2520,2385

test suite144
bestAPFD:0.946553
bestSuite:133,1570,2133,1301,2388,2467,2376,2503,2546,2581,2400

test suite145
bestAPFD:0.939011
bestSuite:2518,2380,2325,2551,239,1934,2397,1564,1530,2409

test suite146
bestAPFD:0.941209
bestSuite:1934,1564,635,2513,1563,1663,1753,2509,2456,1586

test suite147
bestAPFD:0.943556
bestSuite:2643,2537,2546,130,2589,1573,2460,2483,2395,1370,923

test suite148
bestAPFD:0.942942
bestSuite:39,240,2476,572,321,1209,2461,1832,2441,1403,2385,1563,1176

test suite149
bestAPFD:0.935897
bestSuite:2406,1820,1570,1682,2457,36,2617,2510,861

test suite150
bestAPFD:0.932567
bestSuite:2583,272,2397,1365,2471,2527,129,2403,2383,2478,2507

test suite151
bestAPFD:0.953931
bestSuite:1569,179,2523,1049,2448,2212,2496,1413,2382,2503,2579,1140,2540

test suite152
bestAPFD:0.938561
bestSuite:1036,755,2581,2480,1840,2377,1651,1569,2467,1404,175

test suite153
bestAPFD:0.942766
bestSuite:1576,1200,2522,1283,2465,2440,2483,2480,2403,961,72,2466

test suite154
bestAPFD:0.927350
bestSuite:2483,1514,2389,283,2547,1557,2474,2516,2441

test suite155
bestAPFD:0.951007
bestSuite:2518,808,2460,1710,2617,923,2466,1567,1573,172,1769,2457

test suite156
bestAPFD:0.935564
bestSuite:2298,889,1830,1577,202,2492,1569,2581,2489,2550,930

test suite157
bestAPFD:0.940559
bestSuite:2333,1577,2626,2473,287,793,2498,391,2548,1862,2518

test suite158
bestAPFD:0.928571
bestSuite:1542,2586,211,2502,2509,2487,2464,2521,203

test suite159
bestAPFD:0.944597
bestSuite:2206,2474,724,1818,2466,2507,2411,2551,147,2461,2247,1578

test suite160
bestAPFD:0.946553
bestSuite:2540,1071,2526,2620,296,777,1560,2151,1581,2480,2513

test suite161
bestAPFD:0.940934
bestSuite:2473,2481,1657,1573,2582,2397,983,711,2302,2394,2624,2457

test suite162
bestAPFD:0.933516
bestSuite:1717,2447,2502,335,2481,1806,2452,2540,2603,2500

test suite163
bestAPFD:0.945554
bestSuite:2632,116,1191,2498,1661,445,2410,2545,989,2467,2507

test suite164
bestAPFD:0.931319
bestSuite:944,2587,2406,2513,1404,2403,195,2483,2518,1824

test suite165
bestAPFD:0.928571
bestSuite:2587,2389,2462,932,1013,2511,2524,1576,2475

test suite166
bestAPFD:0.926129
bestSuite:53,2375,1557,2510,2583,284,2463,1682,2455

test suite167
bestAPFD:0.931013
bestSuite:1793,253,885,1569,1868,2486,2457,2449,2507

test suite168
bestAPFD:0.945478
bestSuite:83,2582,2453,275,381,1666,2510,1569,771,1865,1493,2540,1890

test suite169
bestAPFD:0.931319
bestSuite:2413,2512,2461,2489,2459,1892,2589,1584,1680,84

test suite170
bestAPFD:0.945554
bestSuite:1562,2406,1778,924,205,1595,2482,2460,2548,2444,972

test suite171
bestAPFD:0.925137
bestSuite:1402,2475,2397,1568,2525,2441,296,1782

test suite172
bestAPFD:0.943556
bestSuite:2369,2463,2444,2481,601,1520,1727,2477,77,1663,2456

test suite173
bestAPFD:0.934615
bestSuite:275,856,2404,2481,2618,1832,2552,2462,1568,2448

test suite174
bestAPFD:0.938187
bestSuite:1406,1940,2546,1721,979,2516,2377,2462,2482,2411,177,2478

test suite175
bestAPFD:0.929792
bestSuite:2414,1663,2617,2397,181,2522,2467,2509,1122

test suite176
bestAPFD:0.932418
bestSuite:2458,217,1660,576,172,2465,2475,2486,1803,2530

test suite177
bestAPFD:0.940559
bestSuite:148,2557,2482,2406,2500,2440,2519,1570,347,2483,2457

test suite178
bestAPFD:0.941558
bestSuite:227,2375,1568,2457,2492,2106,2343,1644,1562,2411,2513

test suite179
bestAPFD:0.939011
bestSuite:250,1455,783,2411,2486,2518,2521,2502,1401,1800

test suite180
bestAPFD:0.938561
bestSuite:2397,244,156,2588,1699,2400,2510,2497,2408,2553,2396

test suite181
bestAPFD:0.939560
bestSuite:729,2478,2200,2507,2465,2482,2546,279,2640,2401,1406

test suite182
bestAPFD:0.942557
bestSuite:2581,1562,243,1644,2393,1306,1568,2480,2544,2465,898

test suite183
bestAPFD:0.940559
bestSuite:2443,2481,35,2527,1849,683,2513,2646,2463,1401,2222

test suite184
bestAPFD:0.940110
bestSuite:1825,2600,2528,867,1573,1568,2632,2509,1563,2465

test suite185
bestAPFD:0.942308
bestSuite:2462,2171,1578,1862,2377,137,2489,2642,2481,2458

test suite186
bestAPFD:0.941209
bestSuite:1570,2537,1934,148,1565,2395,2528,2235,2475,2073

test suite187
bestAPFD:0.936813
bestSuite:2445,1850,1536,913,2526,2502,666,2389,89,2475

test suite188
bestAPFD:0.936813
bestSuite:2482,121,1670,383,814,2510,2531,2462,2447,2455

test suite189
bestAPFD:0.943556
bestSuite:2396,702,2547,2513,2501,2584,2474,13,2500,1768,1579

test suite190
bestAPFD:0.938561
bestSuite:274,1578,1182,1404,2413,2498,1335,2574,2476,2531,2409

test suite191
bestAPFD:0.943556
bestSuite:2583,2485,2486,1666,2496,2603,2460,925,1173,2546,295

test suite192
bestAPFD:0.950092
bestSuite:1120,346,2520,2535,2389,253,2236,2471,2462,1514,2391,2483

test suite193
bestAPFD:0.937912
bestSuite:1579,1571,860,2463,2552,2534,2588,2503,2495,2465

test suite194
bestAPFD:0.939011
bestSuite:1303,2626,2404,1575,1832,2611,2503,2460,2463,2521

test suite195
bestAPFD:0.946429
bestSuite:1416,2588,2454,2513,2172,18,2514,1857,2496,563,953,1401

test suite196
bestAPFD:0.934676
bestSuite:1661,100,2507,1567,2461,2376,2452,1564,2650

test suite197
bestAPFD:0.933455
bestSuite:1406,2475,2643,1405,2577,2464,2375,1557,183

test suite198
bestAPFD:0.943556
bestSuite:1663,2124,1569,2643,2471,1824,1568,268,1562,238,2553

test suite199
bestAPFD:0.934676
bestSuite:1578,2348,2617,2410,2531,2474,2483,2459,2397

test suite200
bestAPFD:0.943556
bestSuite:1843,624,1382,2629,2498,432,2606,1530,1564,2520,2510

test suite201
bestAPFD:0.927350
bestSuite:839,2486,2488,2580,2579,2545,2639,2502,2377

test suite202
bestAPFD:0.948260
bestSuite:2616,2582,1809,2313,2553,2025,1682,2476,1567,1564,2462,513

test suite203
bestAPFD:0.943681
bestSuite:2447,457,1514,85,1561,1249,2048,2514,1569,2483,2471,2528

test suite204
bestAPFD:0.939103
bestSuite:901,2396,2447,242,1571,2524,2498,842,2436,294,2510,2377

test suite205
bestAPFD:0.937912
bestSuite:2478,2051,25,1014,2455,2505,2411,1585,2369,2481

test suite206
bestAPFD:0.937912
bestSuite:1252,1934,2397,2524,2389,691,2385,1851,2480,2615

test suite207
bestAPFD:0.931568
bestSuite:1077,2644,1563,2513,172,2471,1666,2396,1726,726,2549

test suite208
bestAPFD:0.945554
bestSuite:2461,2492,2389,1402,517,58,1167,2522,2414,2447,2497

test suite209
bestAPFD:0.942557
bestSuite:950,2624,1666,2408,2553,2444,2589,2464,2462,2481,1079

test suite210
bestAPFD:0.933455
bestSuite:1570,2475,2048,1554,2535,2410,1897,2524,2473

test suite211
bestAPFD:0.946553
bestSuite:1201,2476,2479,201,2640,1781,1564,2459,1574,969,2465

test suite212
bestAPFD:0.937912
bestSuite:2455,149,2640,2513,1864,2407,2479,2509,2478,2285

test suite213
bestAPFD:0.944555
bestSuite:68,2369,2430,554,2496,2467,1404,1885,2554,1401,2399

test suite214
bestAPFD:0.937912
bestSuite:1451,2485,1708,2514,103,1584,2550,2513,1670,2589

test suite215
bestAPFD:0.933516
bestSuite:2481,1847,2622,1578,1557,2476,919,123,2522,2380

test suite216
bestAPFD:0.943556
bestSuite:178,1960,1498,2502,2540,2507,2443,2553,1827,1670,152

test suite217
bestAPFD:0.936563
bestSuite:2513,2281,1864,1934,2606,2544,1914,2475,2489,1164,1522

test suite218
bestAPFD:0.942557
bestSuite:2468,73,2507,2502,2047,2514,2450,1671,2459,2483,1782

test suite219
bestAPFD:0.947552
bestSuite:88,2579,1570,2430,1643,2478,2452,902,949,2474,2409

test suite220
bestAPFD:0.940018
bestSuite:1661,2521,1464,1862,2131,2502,198,2486,2507,2640,953,2103

test suite221
bestAPFD:0.937912
bestSuite:871,2413,2510,1576,2482,2531,2458,14,1644,2397

test suite222
bestAPFD:0.939011
bestSuite:2626,555,1818,2397,2179,1403,1584,1522,2464,2474

test suite223
bestAPFD:0.940018
bestSuite:2584,57,2144,2486,1565,2475,758,583,2526,1853,1826,2397

test suite224
bestAPFD:0.948260
bestSuite:2497,174,155,1595,2480,89,2447,1474,2452,1557,2466,1576

test suite225
bestAPFD:0.939560
bestSuite:2498,1704,2482,327,2452,1558,2444,2540,256,2388,1811

test suite226
bestAPFD:0.945554
bestSuite:2589,942,1562,1564,2525,2641,1565,2461,765,2588,1576

test suite227
bestAPFD:0.935714
bestSuite:2464,1578,2459,2480,1960,1562,2393,2413,1557,37

test suite228
bestAPFD:0.937118
bestSuite:2498,1572,2511,2486,2234,2544,2377,1794,2473

test suite229
bestAPFD:0.933516
bestSuite:2378,1131,1395,2476,27,1411,1567,1616,2458,2462

test suite230
bestAPFD:0.940559
bestSuite:2474,2082,2525,2485,2603,2620,1579,1578,2476,2007,2397

test suite231
bestAPFD:0.942557
bestSuite:2626,2467,2553,2409,2534,1571,1557,2492,2432,2219,2051

test suite232
bestAPFD:0.948260
bestSuite:2433,1569,2549,1037,2489,2503,2448,1590,553,2409,2443,107

test suite233
bestAPFD:0.942557
bestSuite:1151,1866,2550,2643,2464,2369,1631,2510,1647,2471,208

test suite234
bestAPFD:0.946553
bestSuite:2586,1402,2552,1562,727,89,2369,2531,2516,2482,1310

test suite235
bestAPFD:0.935564
bestSuite:2513,2601,2520,2644,2516,2478,1651,2481,2388,2153,997

test suite236
bestAPFD:0.936813
bestSuite:2346,2507,896,156,2454,2576,2511,2581,2537,2460

test suite237
bestAPFD:0.931013
bestSuite:2640,2509,2613,2453,2478,2461,1574,2408,1292

test suite238
bestAPFD:0.942557
bestSuite:2503,85,1569,2500,2409,1316,2464,2412,2447,1403,2559

test suite239
bestAPFD:0.945554
bestSuite:2156,147,2472,2397,1522,2537,2524,2129,2388,2622,2497

test suite240
bestAPFD:0.958608
bestSuite:2460,2389,2268,2409,511,70,2549,2486,850,325,1522,2618,1165,1844,353

test suite241
bestAPFD:0.941850
bestSuite:1035,2030,2369,1241,54,1974,2475,2445,1644,2412,2473,2520

test suite242
bestAPFD:0.943556
bestSuite:1569,2509,2414,2553,2644,1450,179,341,2463,1344,1616

test suite243
bestAPFD:0.942557
bestSuite:2217,2481,1404,1817,2640,937,2406,256,1125,1573,2369

test suite244
bestAPFD:0.939011
bestSuite:2510,706,1196,2511,2444,2465,1827,2489,21,2526

test suite245
bestAPFD:0.949176
bestSuite:713,2537,1231,1769,1570,1643,977,19,2481,2444,2503,2527

test suite246
bestAPFD:0.940110
bestSuite:2473,1934,2507,2409,150,1404,1342,1570,2511,1842

test suite247
bestAPFD:0.936813
bestSuite:2480,849,2273,1557,123,2489,2440,1571,2521,2505

test suite248
bestAPFD:0.937912
bestSuite:225,1153,2407,2460,64,2518,2411,2478,1861,2527

test suite249
bestAPFD:0.942766
bestSuite:916,2606,2443,2088,2371,2306,2473,2449,2492,1569,2503,2526

test suite250
bestAPFD:0.932567
bestSuite:1583,1782,2531,2527,959,2025,181,1562,2632,2369,2474

test suite251
bestAPFD:0.941209
bestSuite:2540,1257,2509,58,1406,2447,932,2392,2460,1404

test suite252
bestAPFD:0.937271
bestSuite:2406,71,2482,2411,2369,1563,2451,807,486,2028,2528,1586

test suite253
bestAPFD:0.943681
bestSuite:767,1830,2486,2385,2632,2234,116,2480,2461,1089,1548,2528

test suite254
bestAPFD:0.939560
bestSuite:2460,2471,2036,425,2582,2131,2473,2398,182,48,2550,2500,1579

test suite255
bestAPFD:0.941251
bestSuite:1864,226,2579,2473,2474,2210,1833,2498,1219,1026,1584,1401,2520

test suite256
bestAPFD:0.923535
bestSuite:2479,1985,2398,2544,1569,2492,809,1643,1483,1228,2540,2536

test suite257
bestAPFD:0.951395
bestSuite:2142,1401,2644,503,2460,2515,1331,1287,1564,2480,2545,111,2497

test suite258
bestAPFD:0.931013
bestSuite:2513,1563,1778,2537,2482,1651,1950,2578,2454

test suite259
bestAPFD:0.940934
bestSuite:2356,2404,1643,114,2457,1130,1079,2475,2473,2579,1569,1776

test suite260
bestAPFD:0.928022
bestSuite:1362,2472,2585,1557,2403,558,726,1403,2475,2464

test suite261
bestAPFD:0.951007
bestSuite:2632,2486,1824,2528,1398,137,2396,1536,2128,1557,2483,1499

test suite262
bestAPFD:0.940559
bestSuite:1707,546,1985,1568,1824,179,1660,2397,1403,1584,2589

test suite263
bestAPFD:0.935564
bestSuite:2518,1530,2369,2045,106,2099,2535,1218,2537,2452,2415

test suite264
bestAPFD:0.946429
bestSuite:250,2496,2482,1569,1514,2514,2550,2394,2441,931,225,2205

test suite265
bestAPFD:0.945554
bestSuite:44,2457,568,1570,1832,2643,2480,1581,1564,483,2117

test suite266
bestAPFD:0.941850
bestSuite:2245,1093,2608,1934,2404,1571,2496,2389,2513,2456,1032,2501

test suite267
bestAPFD:0.938561
bestSuite:2413,2513,2537,1531,2510,2605,1133,2523,760,908,2393

test suite268
bestAPFD:0.947344
bestSuite:2403,154,2540,341,2492,1866,1031,1232,1381,2445,1405,2397

test suite269
bestAPFD:0.948260
bestSuite:2074,225,2540,1891,2586,2453,1838,2475,2378,2388,1683,1557

test suite270
bestAPFD:0.933455
bestSuite:2478,2498,2458,2620,2409,296,1558,1561,2471

test suite271
bestAPFD:0.943556
bestSuite:2503,2549,2435,2460,2588,2062,144,1052,2514,1631,2483

test suite272
bestAPFD:0.934615
bestSuite:293,2436,1305,2441,680,2502,1404,2514,1616,2475

test suite273
bestAPFD:0.945513
bestSuite:2363,2518,1985,2454,46,337,1865,1539,1578,2389,1563,2513

test suite274
bestAPFD:0.950092
bestSuite:1917,203,2547,2461,1599,2510,1661,2514,2121,2587,1904,2376

test suite275
bestAPFD:0.935564
bestSuite:1807,2510,2498,984,198,1892,2640,2377,2459,2514,1566

test suite276
bestAPFD:0.939011
bestSuite:107,2620,1406,2389,2525,2576,2498,1567,1077,2503

test suite277
bestAPFD:0.934615
bestSuite:2397,2518,2467,2503,1631,1857,243,2444,660,1404

test suite278
bestAPFD:0.945513
bestSuite:2396,26,2421,1670,2486,1343,2369,1405,1067,1953,1801,2404

test suite279
bestAPFD:0.940559
bestSuite:2440,62,2527,2230,1569,2261,485,2384,1571,2518,2466

test suite280
bestAPFD:0.941558
bestSuite:1570,2632,2494,854,2527,1968,2478,1701,2518,1401,65

test suite281
bestAPFD:0.937912
bestSuite:1225,1397,2397,215,2514,2507,2511,2546,2632,1560

test suite282
bestAPFD:0.946553
bestSuite:1570,2396,1067,2581,16,2486,1584,1807,2525,1666,1615

test suite283
bestAPFD:0.934615
bestSuite:289,1127,2485,2540,2523,2397,1530,2642,2503,1562

test suite284
bestAPFD:0.938561
bestSuite:1475,1209,2442,2461,1254,124,2492,1643,2523,1853,2389

test suite285
bestAPFD:0.942766
bestSuite:1442,2633,2430,1567,454,2526,2443,2502,1536,2589,2176,1564

test suite286
bestAPFD:0.929792
bestSuite:2396,1565,1780,2483,151,2369,2523,1319,2589

test suite287
bestAPFD:0.946429
bestSuite:2583,2498,1811,1402,1551,888,131,457,2454,2486,2509,801

test suite288
bestAPFD:0.939011
bestSuite:2586,1569,53,1299,2467,2394,2522,2510,2503,1536

test suite289
bestAPFD:0.943556
bestSuite:2440,2575,2550,2120,2534,2479,1582,2396,1872,2507,1569

test suite290
bestAPFD:0.952512
bestSuite:852,2548,1074,2388,2579,2628,1673,1531,1501,1857,2462,2471,2466,2627

test suite291
bestAPFD:0.950942
bestSuite:2010,1557,2413,2478,1191,1,2388,1581,2487,1716,1170,2457,2481,2564

test suite292
bestAPFD:0.945554
bestSuite:1567,105,2381,2467,2458,1988,2369,2503,1566,2640,1950

test suite293
bestAPFD:0.945554
bestSuite:1149,1401,869,1825,2551,2406,2336,2492,1792,1557,1934

test suite294
bestAPFD:0.942766
bestSuite:2650,1568,2494,2479,207,1705,1074,2471,1298,2498,1531,2552

test suite295
bestAPFD:0.944555
bestSuite:1764,2544,2626,2404,1682,2507,2478,764,1570,2575,2618

test suite296
bestAPFD:0.941209
bestSuite:1571,113,2583,1569,2415,274,2621,2467,2507,2457

test suite297
bestAPFD:0.940110
bestSuite:2440,1081,2502,2518,2396,1554,2190,2432,79,1403

test suite298
bestAPFD:0.943681
bestSuite:1531,19,2404,2474,1931,2582,2375,2489,2460,674,839,2546

test suite299
bestAPFD:0.935334
bestSuite:1565,2443,2330,2513,2496,530,2527,114,1303,2589,917,2463,2501

test suite300
bestAPFD:0.942557
bestSuite:1571,2586,2473,2475,392,2485,1570,1741,822,2522,2064

test suite301
bestAPFD:0.926129
bestSuite:2550,2475,1772,1105,1542,2498,2486,2168,2613

test suite302
bestAPFD:0.947344
bestSuite:1569,1651,2608,2539,622,1579,2649,2524,2478,609,2471,2371

test suite303
bestAPFD:0.945554
bestSuite:2478,2649,1562,1769,2452,2388,2460,1761,2475,1554,1493

test suite304
bestAPFD:0.939011
bestSuite:2486,1558,2493,908,2629,2483,2170,1569,257,1404

test suite305
bestAPFD:0.940559
bestSuite:1830,236,2492,1563,2508,940,2514,2618,2552,2397,1007

test suite306
bestAPFD:0.941558
bestSuite:851,1282,54,2369,33,2640,2476,1563,2450,2458,2471

test suite307
bestAPFD:0.943556
bestSuite:1497,2434,2518,2620,2521,253,2467,2486,2400,959,1570

test suite308
bestAPFD:0.936813
bestSuite:2618,208,2502,1581,1964,2509,2489,2404,2477,1404

test suite309
bestAPFD:0.939011
bestSuite:2481,2238,2285,1602,1568,2446,1798,119,2525,2460

test suite310
bestAPFD:0.945554
bestSuite:2483,200,2549,1798,2461,2407,1889,2497,1020,2442,2478

test suite311
bestAPFD:0.928571
bestSuite:289,2485,1581,2589,2547,2479,1564,2557,2369

test suite312
bestAPFD:0.933566
bestSuite:2434,1616,1232,102,2462,2643,2474,2406,1246,1584,2526

test suite313
bestAPFD:0.944555
bestSuite:2182,2545,1570,2473,2403,10,2649,2517,822,2404,2518

test suite314
bestAPFD:0.931013
bestSuite:2513,2643,1572,1321,269,2486,2525,1406,2518

test suite315
bestAPFD:0.940110
bestSuite:282,2589,2453,1683,1866,2502,1258,2413,2467,1563

test suite316
bestAPFD:0.950092
bestSuite:2629,2369,2216,2540,2458,2404,422,1175,1582,2503,469,2416

test suite317
bestAPFD:0.928571
bestSuite:1568,2393,1643,2481,2498,2626,2454,216,1689

test suite318
bestAPFD:0.940559
bestSuite:2617,2549,2517,1568,1127,2471,1401,2507,637,2609,2498

test suite319
bestAPFD:0.934676
bestSuite:2460,2475,1661,2640,1242,2453,2396,1842,2409

test suite320
bestAPFD:0.941558
bestSuite:1699,2540,57,2589,2518,759,1832,2458,1536,2513,2474

test suite321
bestAPFD:0.945554
bestSuite:172,2509,1251,2552,1798,2468,1631,1570,934,2486,949

test suite322
bestAPFD:0.941558
bestSuite:1082,1569,2464,714,190,2445,2518,2431,2549,1661,2555

test suite323
bestAPFD:0.939560
bestSuite:64,1934,2537,2509,2119,767,2513,1806,2549,854,1660

test suite324
bestAPFD:0.937912
bestSuite:2486,1563,1557,2501,2360,2526,263,1663,1656,1545

test suite325
bestAPFD:0.935897
bestSuite:2445,1569,2477,2356,126,2548,2507,2450,2540

test suite326
bestAPFD:0.929792
bestSuite:1661,2513,1568,8,1330,1803,2510,2441,2452

test suite327
bestAPFD:0.952240
bestSuite:2642,2037,2502,1563,2503,2451,1256,2453,1024,2596,1851,2473,1453

test suite328
bestAPFD:0.947552
bestSuite:2388,2465,2478,2510,2582,1021,2407,78,2522,2436,1960

test suite329
bestAPFD:0.946429
bestSuite:2618,1834,2552,53,322,1350,1569,1627,650,2492,2540,1522

test suite330
bestAPFD:0.937870
bestSuite:1527,227,2584,2384,2489,457,754,1795,1574,2524,1579,2475,2369

test suite331
bestAPFD:0.931319
bestSuite:2581,1184,211,945,2462,1574,2550,2480,2478,2393

test suite332
bestAPFD:0.945554
bestSuite:2551,1564,2498,2445,2482,1245,1807,174,2388,826,2500

test suite333
bestAPFD:0.940110
bestSuite:1570,105,1660,2368,2121,2548,2486,2095,2492,937

test suite334
bestAPFD:0.939011
bestSuite:2504,2588,2200,126,2473,2518,1581,2452,893,2513

test suite335
bestAPFD:0.950092
bestSuite:2447,2461,2503,2547,2464,1517,10,1558,1410,2404,1556,2309

test suite336
bestAPFD:0.933455
bestSuite:844,1825,2524,2502,2643,1578,2464,2481,212

test suite337
bestAPFD:0.929792
bestSuite:1583,2525,129,2178,2486,2487,2475,2369,367

test suite338
bestAPFD:0.939011
bestSuite:1326,2509,2586,677,2461,13,1578,2463,1808,1403

test suite339
bestAPFD:0.935564
bestSuite:1530,2388,2540,2375,823,2535,170,1570,2480,2601,2522

test suite340
bestAPFD:0.936563
bestSuite:2523,2636,1195,2626,2429,1569,2408,2466,2479,1531,2471

test suite341
bestAPFD:0.933516
bestSuite:1182,2118,293,2579,2388,2513,1568,2497,1406,2546

test suite342
bestAPFD:0.936813
bestSuite:2374,1570,204,2548,2503,203,2480,2632,2389,2488

test suite343
bestAPFD:0.930220
bestSuite:817,2468,2489,2496,1569,193,1833,2454,1660,1849

test suite344
bestAPFD:0.935714
bestSuite:1991,1569,2503,2578,2415,2458,2489,2385,2388,2541

test suite345
bestAPFD:0.935714
bestSuite:2636,2404,2473,1769,2465,2518,2551,2579,1522,1726

test suite346
bestAPFD:0.941209
bestSuite:1557,105,221,1582,770,2493,2444,1568,2510,1404

test suite347
bestAPFD:0.934615
bestSuite:2481,2520,2389,1569,21,43,1820,2476,2145,1581

test suite348
bestAPFD:0.944555
bestSuite:1840,2457,2641,2440,2537,2479,755,1570,2471,1699,1660

test suite349
bestAPFD:0.937912
bestSuite:2442,1569,2478,274,2130,1403,1780,1670,2054,2492

test suite350
bestAPFD:0.942557
bestSuite:604,1091,2481,2462,2486,197,1563,2457,1663,1832,2514

test suite351
bestAPFD:0.942096
bestSuite:2580,307,2547,2488,938,88,2411,2397,1568,2518,1376,1563,1541

test suite352
bestAPFD:0.935897
bestSuite:2473,58,2460,2516,2272,2649,2527,1581,2480

test suite353
bestAPFD:0.944662
bestSuite:2546,2606,2649,2369,2388,225,848,2451,2537,377,367,1684,1778,2482

test suite354
bestAPFD:0.946429
bestSuite:91,2586,2369,2509,895,1517,2495,2463,2548,1279,1402,92

test suite355
bestAPFD:0.936813
bestSuite:872,2409,2465,2456,1402,2540,2644,2497,1805,180

test suite356
bestAPFD:0.942557
bestSuite:1562,2507,76,2427,2406,2395,878,2461,1574,2526,2581

test suite357
bestAPFD:0.941209
bestSuite:1077,2434,1404,1616,2467,970,2622,1569,1343,2518

test suite358
bestAPFD:0.941209
bestSuite:2622,66,1611,1564,2545,2435,2475,2483,2461,164

test suite359
bestAPFD:0.950092
bestSuite:2531,2413,2518,1671,2503,1794,2397,1012,2456,465,34,2448

test suite360
bestAPFD:0.937562
bestSuite:2540,2518,1999,1683,1343,250,2410,1471,2584,2502,1403

test suite361
bestAPFD:0.944597
bestSuite:2461,2492,2233,2467,1585,2404,1945,2635,1403,2477,1482,2535

test suite362
bestAPFD:0.938561
bestSuite:1297,1794,1566,2547,2476,1434,2377,1155,84,2446,2369

test suite363
bestAPFD:0.947344
bestSuite:2445,2409,1530,99,1185,441,2497,2391,2498,2453,1568,84

test suite364
bestAPFD:0.943681
bestSuite:2493,2492,251,2463,1728,2643,1891,2524,1593,1577,2465,2377

test suite365
bestAPFD:0.939011
bestSuite:2488,58,2443,2513,2463,518,2459,2496,2495,1748

test suite366
bestAPFD:0.939560
bestSuite:2406,622,2452,79,2385,901,2482,1584,2432,2498,2399

test suite367
bestAPFD:0.937912
bestSuite:1562,1663,2585,2589,1570,2396,217,56,2501,2453

test suite368
bestAPFD:0.935897
bestSuite:1520,239,2650,1825,2452,2481,1564,2465,1401

test suite369
bestAPFD:0.928571
bestSuite:1563,2474,180,2463,1571,2632,1810,2498,2528

test suite370
bestAPFD:0.950092
bestSuite:1584,2632,992,2553,2513,2431,2406,2492,531,1661,1886,2647

test suite371
bestAPFD:0.947552
bestSuite:2409,1824,2546,31,2466,1280,2314,2509,2385,1570,2583

test suite372
bestAPFD:0.925137
bestSuite:2409,1772,900,2450,2476,104,1403,2502

test suite373
bestAPFD:0.940110
bestSuite:2501,2502,2622,1682,1999,2537,2553,2482,2409,71

test suite374
bestAPFD:0.941850
bestSuite:2578,146,2488,2471,2525,2462,2518,2379,1036,1437,2467,986

test suite375
bestAPFD:0.948859
bestSuite:2537,1341,2443,1778,1536,2497,480,860,2369,2546,1664,2388,24

test suite376
bestAPFD:0.937912
bestSuite:962,2589,2397,2452,2396,150,1660,2446,2575,2388

test suite377
bestAPFD:0.949704
bestSuite:2409,2622,2252,1856,2085,86,1423,2515,2547,2449,2589,2462,2514

test suite378
bestAPFD:0.937912
bestSuite:791,2535,1514,2430,2464,2496,2465,2544,2483,248

test suite379
bestAPFD:0.940110
bestSuite:2460,217,1568,2481,37,1663,1011,2524,2446,2368

test suite380
bestAPFD:0.939560
bestSuite:1740,1631,1190,2535,2510,2068,1405,181,2513,1816,2531

test suite381
bestAPFD:0.922390
bestSuite:1563,2476,144,1670,1809,880,2502,2545

test suite382
bestAPFD:0.941850
bestSuite:2268,2474,2509,1027,1571,273,2468,1825,939,2546,2406,1557

test suite383
bestAPFD:0.944597
bestSuite:2385,1988,2404,2463,277,1985,2551,1881,1806,2482,2369,1254

test suite384
bestAPFD:0.944597
bestSuite:273,1536,2552,1898,2445,776,2377,2412,2389,208,2462,2471

test suite385
bestAPFD:0.940110
bestSuite:1570,1585,2479,2644,1586,2128,175,2453,2489,2482

test suite386
bestAPFD:0.943556
bestSuite:2411,129,1562,2369,2466,2589,2512,929,2552,1242,1536

test suite387
bestAPFD:0.941558
bestSuite:1522,2503,1404,2480,2478,2092,1840,2502,2095,2622,46

test suite388
bestAPFD:0.936813
bestSuite:1827,754,955,2445,2514,2502,2453,2503,1563,1682

test suite389
bestAPFD:0.941558
bestSuite:1029,2429,2456,2494,14,173,2502,1546,2507,2464,2446

test suite390
bestAPFD:0.930220
bestSuite:1798,2481,2090,1563,2489,2546,2450,2535,1325,2369

test suite391
bestAPFD:0.936813
bestSuite:2230,2479,1570,169,2540,2626,2471,1566,1843,2550

test suite392
bestAPFD:0.946323
bestSuite:535,1564,1116,294,1223,1595,2481,1985,511,2410,730,1403,2397

test suite393
bestAPFD:0.951007
bestSuite:88,2498,2490,1389,2396,2496,1227,1106,2642,1108,1577,1405

test suite394
bestAPFD:0.944555
bestSuite:2411,2275,2544,2513,2407,1679,1371,121,2374,2537,2518

test suite395
bestAPFD:0.939011
bestSuite:2518,2478,6,947,1683,2642,2547,2270,2460,2392

test suite396
bestAPFD:0.943556
bestSuite:626,2487,2498,252,1404,1985,2482,2396,2451,2507,1005

test suite397
bestAPFD:0.943407
bestSuite:2587,1406,1579,2466,1572,652,2188,2520,2481,2498

test suite398
bestAPFD:0.943556
bestSuite:2479,1810,2461,1643,2537,832,2475,17,735,2642,2452

test suite399
bestAPFD:0.949704
bestSuite:991,2432,2377,2523,162,2509,1683,2498,872,2389,2617,2273,2025

test suite400
bestAPFD:0.926129
bestSuite:1181,1403,2494,209,2476,1583,2024,2513,2492

test suite401
bestAPFD:0.950092
bestSuite:2393,1901,225,1955,2404,1565,2444,2482,2461,2463,2550,912

test suite402
bestAPFD:0.943556
bestSuite:1651,1280,2639,1810,2478,2482,1403,2404,2618,2046,2397

test suite403
bestAPFD:0.938561
bestSuite:82,2440,2479,301,2537,1569,2408,2481,94,1530,2553

test suite404
bestAPFD:0.940110
bestSuite:11,2509,2380,2440,1557,2525,1584,2500,2396,2272

test suite405
bestAPFD:0.949176
bestSuite:1651,1,2005,2492,2453,2350,2489,2445,2267,1584,2462,2410

test suite406
bestAPFD:0.942308
bestSuite:2620,1563,2471,1585,2465,1491,1973,2467,2526,296

test suite407
bestAPFD:0.940559
bestSuite:130,2462,1401,2178,2509,2463,2521,2393,1934,798,2214

test suite408
bestAPFD:0.937912
bestSuite:1404,2505,2463,1976,85,1562,2500,2486,1881,2461

test suite409
bestAPFD:0.947344
bestSuite:1293,2631,1570,600,2442,2343,2518,1196,2575,2550,2478,1542

test suite410
bestAPFD:0.933516
bestSuite:2430,2540,2544,2480,2462,1581,1201,2440,2636,1922

test suite411
bestAPFD:0.943556
bestSuite:2531,1,2510,1557,2521,1595,2028,1800,1747,2577,2440

test suite412
bestAPFD:0.937562
bestSuite:2547,668,2509,112,2461,2579,2368,1616,1049,2479,2396

test suite413
bestAPFD:0.937912
bestSuite:2528,1557,1568,2444,1651,1810,104,1579,1222,2482

test suite414
bestAPFD:0.942308
bestSuite:2650,36,2488,2404,2552,2476,2531,2382,1569,70

test suite415
bestAPFD:0.940559
bestSuite:2403,1951,2007,2471,1806,2479,2458,2586,207,2397,2467

test suite416
bestAPFD:0.947344
bestSuite:2122,2475,171,2112,1985,2388,2369,2520,1522,1824,2396,1652

test suite417
bestAPFD:0.946429
bestSuite:1800,1348,1531,180,2473,796,505,2521,1107,2513,1562,2589

test suite418
bestAPFD:0.943556
bestSuite:428,2482,66,1562,2489,2505,2449,2513,2459,2442,1627

test suite419
bestAPFD:0.939011
bestSuite:1801,1985,1172,2613,2514,2526,2461,2479,2518,1558

test suite420
bestAPFD:0.931319
bestSuite:1064,1081,2397,1568,1530,2480,2504,124,2545,2441

test suite421
bestAPFD:0.949176
bestSuite:1564,2513,1841,2476,2166,2628,2377,2488,1078,2456,60,2620

test suite422
bestAPFD:0.945513
bestSuite:144,1570,2406,1607,1404,1310,2503,1584,1801,2643,1559,421

test suite423
bestAPFD:0.944555
bestSuite:2495,1971,2553,2377,1570,2497,1683,2463,1175,117,2411

test suite424
bestAPFD:0.941209
bestSuite:1926,1292,2510,2498,1536,16,2553,1824,2413,2406

test suite425
bestAPFD:0.939560
bestSuite:1567,1901,2530,1682,1803,2444,2523,987,1568,2492,2462

test suite426
bestAPFD:0.930220
bestSuite:2486,1108,1406,548,2525,2578,2574,140,2481,2498

test suite427
bestAPFD:0.938561
bestSuite:1415,2407,2227,282,2618,2397,2514,2453,515,2507,2433

test suite428
bestAPFD:0.937912
bestSuite:1800,2496,1666,2523,1569,819,2589,205,1564,2617

test suite429
bestAPFD:0.939011
bestSuite:2504,2646,2157,2465,1568,2399,2455,200,2488,2509

test suite430
bestAPFD:0.937562
bestSuite:1577,2503,193,2458,995,1852,837,1557,2473,2442,2510

test suite431
bestAPFD:0.937912
bestSuite:779,2507,2505,97,2531,1578,2343,2626,2544,2498

test suite432
bestAPFD:0.943556
bestSuite:1862,1289,106,1890,2586,2489,2522,1569,1631,2475,890

test suite433
bestAPFD:0.943556
bestSuite:542,1557,2261,2476,57,2583,2507,1763,2526,1798,2488

test suite434
bestAPFD:0.938561
bestSuite:147,943,2369,199,2540,2509,1934,2415,1426,2544,1406

test suite435
bestAPFD:0.950092
bestSuite:2461,1565,2537,1318,2507,1454,2301,1405,86,2443,2377,2412

test suite436
bestAPFD:0.936563
bestSuite:2481,1226,1270,1571,2457,238,2413,2396,2462,2433,2503

test suite437
bestAPFD:0.947344
bestSuite:62,2513,2442,2372,2093,2474,2550,2476,826,1683,2518,1290

test suite438
bestAPFD:0.952512
bestSuite:2633,2531,1808,1013,2215,2340,2486,363,2521,2409,2535,2498,1900,1566

test suite439
bestAPFD:0.935714
bestSuite:379,2487,1165,2502,2537,223,2589,2451,2492,2545

test suite440
bestAPFD:0.934565
bestSuite:2225,2475,2604,2537,1611,1534,2504,2546,2535,1433,2462

test suite441
bestAPFD:0.947168
bestSuite:1574,1336,1564,1586,2181,1563,1903,307,2584,1570,2481,2520,1748

test suite442
bestAPFD:0.931013
bestSuite:1574,655,2496,2526,2445,2519,2369,2463,200

test suite443
bestAPFD:0.931013
bestSuite:2443,2521,1680,2431,1224,1564,2397,1254,2480

test suite444
bestAPFD:0.941558
bestSuite:2442,1318,224,862,2481,2461,2453,2373,1568,1267,1558

test suite445
bestAPFD:0.942308
bestSuite:2404,2502,2455,1573,2531,1986,257,2495,2441,2471

test suite446
bestAPFD:0.927350
bestSuite:2503,1660,2521,1557,2586,2483,755,1420,2476

test suite447
bestAPFD:0.934676
bestSuite:2015,2466,2508,2477,8,2461,1934,2458,2496

test suite448
bestAPFD:0.945513
bestSuite:2459,1570,291,1964,1567,2471,2447,1574,2381,85,2406,408

test suite449
bestAPFD:0.935714
bestSuite:1816,692,1663,1568,2618,2457,745,2509,207,2498

test suite450
bestAPFD:0.929792
bestSuite:35,880,2434,2464,2649,1585,2510,2462,2546

test suite451
bestAPFD:0.936563
bestSuite:2455,2384,2369,131,1286,2475,2444,2396,648,1582,528

test suite452
bestAPFD:0.941209
bestSuite:2618,1176,2382,2464,2549,1402,2510,2460,1563,101

test suite453
bestAPFD:0.934676
bestSuite:294,2496,1583,1570,1321,2416,2642,2476,2453

test suite454
bestAPFD:0.926129
bestSuite:2475,2476,251,237,2465,1554,1850,2082,2553

test suite455
bestAPFD:0.951923
bestSuite:1584,2552,1997,1947,2414,293,2497,2442,2406,2328,2460,2403

test suite456
bestAPFD:0.948260
bestSuite:2410,2456,2498,2503,2443,1546,20,1899,2510,2071,2540,903

test suite457
bestAPFD:0.934615
bestSuite:2406,2650,2524,885,289,2472,2475,2335,2498,1663

test suite458
bestAPFD:0.933516
bestSuite:2525,2509,2512,2502,1402,1564,2445,2419,2417,277

test suite459
bestAPFD:0.937912
bestSuite:898,2486,2286,1663,2479,8,1569,2458,2413,2371

test suite460
bestAPFD:0.940110
bestSuite:1985,2467,2461,2458,2647,2482,1536,1567,2285,1776

test suite461
bestAPFD:0.946429
bestSuite:1666,273,2479,2489,29,2507,2644,1570,1800,2487,2457,157

test suite462
bestAPFD:0.947552
bestSuite:1367,1568,2629,2503,2522,2534,1557,2404,2408,392,1651

test suite463
bestAPFD:0.935897
bestSuite:2545,2396,1367,1401,2481,58,2589,2465,2414

test suite464
bestAPFD:0.933455
bestSuite:2620,2502,2269,1661,2381,2476,2023,2404,2526

test suite465
bestAPFD:0.932234
bestSuite:2461,2544,2509,2442,101,2374,2142,2385,2473

test suite466
bestAPFD:0.932234
bestSuite:2445,2465,2389,1666,1271,2388,2482,2084,2551

test suite467
bestAPFD:0.935897
bestSuite:171,2455,2489,2642,2474,1663,2513,1861,2518

test suite468
bestAPFD:0.929792
bestSuite:6,2369,2531,2545,2441,2403,2475,1114,2575

test suite469
bestAPFD:0.931013
bestSuite:1832,2467,1570,1931,2496,2581,1401,2263,2552

test suite470
bestAPFD:0.935714
bestSuite:980,1781,146,2388,2513,2403,2547,2518,2583,2540

test suite471
bestAPFD:0.947344
bestSuite:481,189,2392,19,2461,2246,2496,2451,2520,619,2626,2389

test suite472
bestAPFD:0.935564
bestSuite:2399,140,2478,2520,2475,2190,2472,1095,1611,2377,2513

test suite473
bestAPFD:0.940559
bestSuite:1800,2581,2369,1341,284,2503,2524,1666,1533,2478,2510

test suite474
bestAPFD:0.943556
bestSuite:1985,1670,2498,148,928,1493,1844,2522,2464,2471,1584

test suite475
bestAPFD:0.934615
bestSuite:1582,2431,783,2641,2581,1480,2502,2537,2481,2523

test suite476
bestAPFD:0.937912
bestSuite:900,2552,2502,19,1798,1879,2492,2396,2411,1683

test suite477
bestAPFD:0.951007
bestSuite:2478,2553,1818,2497,966,2460,1108,2492,70,2617,741,1663

test suite478
bestAPFD:0.943556
bestSuite:2461,2445,2526,2223,2400,2540,2382,2589,14,2479,2062

test suite479
bestAPFD:0.940110
bestSuite:1572,2508,2497,2579,2462,1363,2537,169,2483,1403

test suite480
bestAPFD:0.940110
bestSuite:215,2378,821,2503,2377,2528,2462,2640,2396,1585

test suite481
bestAPFD:0.931013
bestSuite:2586,2550,2467,2509,252,2388,1582,1778,2502

test suite482
bestAPFD:0.942766
bestSuite:1040,1395,1724,2467,1663,2410,227,2460,2579,2524,2507,2483

test suite483
bestAPFD:0.942308
bestSuite:1631,2493,2453,2467,840,2597,1584,2588,2471,2397

test suite484
bestAPFD:0.949176
bestSuite:2508,1557,1932,1050,2258,2509,2582,2464,96,1843,2454,109

test suite485
bestAPFD:0.930220
bestSuite:2377,2540,236,2513,1406,1309,2380,2544,2413,2482

test suite486
bestAPFD:0.943556
bestSuite:164,2548,2402,2369,2518,2500,2588,1289,2355,1564,1567

test suite487
bestAPFD:0.926923
bestSuite:2483,2402,2544,2397,2589,1264,2366,1577,209,2389

test suite488
bestAPFD:0.947552
bestSuite:890,2394,2513,1564,2481,197,2471,1492,2549,2451,2622

test suite489
bestAPFD:0.942557
bestSuite:7,2553,2497,1522,2377,1985,2406,2465,1478,2435,1358

test suite490
bestAPFD:0.934615
bestSuite:2503,193,2649,2522,2506,1102,1570,1663,2473,2409

test suite491
bestAPFD:0.940559
bestSuite:1793,836,1531,2443,1382,2471,2453,120,2409,2478,1557

test suite492
bestAPFD:0.936813
bestSuite:2643,2498,1817,1135,1595,2510,1043,2606,2523,2540

test suite493
bestAPFD:0.940559
bestSuite:2465,780,1010,1542,2371,1934,594,2525,131,2396,2510

test suite494
bestAPFD:0.947344
bestSuite:1616,2605,1579,770,2544,2465,65,2589,1951,1864,2578,2537

test suite495
bestAPFD:0.929792
bestSuite:2441,2461,2613,2510,2464,2449,2372,601,2552

test suite496
bestAPFD:0.951007
bestSuite:56,1418,882,2366,2626,2518,2550,591,2508,2505,2514,2369

test suite497
bestAPFD:0.946553
bestSuite:1906,2622,2369,2548,1564,1536,2404,2415,2482,164,1220

test suite498
bestAPFD:0.934524
bestSuite:1600,1992,1865,197,2404,2582,2001,2489,2486,1585,2520,2513

test suite499
bestAPFD:0.940934
bestSuite:2466,850,1259,2407,1492,274,1841,2524,2413,2492,2369,1563

test suite500
bestAPFD:0.940018
bestSuite:2502,2644,2537,1729,395,2496,1918,1679,1850,2521,87,2385

