test suite1
bestAPFD:0.926075
bestSuite:86,1820,2476,2523,1178,2460,151,2467,2475,1546,2388

test suite2
bestAPFD:0.921768
bestSuite:101,2467,2371,2550,2502,163,2589,2509,488,2511

test suite3
bestAPFD:0.925742
bestSuite:1324,2464,2546,2410,2132,2585,287,1643,1224,2481,1569,1567

test suite4
bestAPFD:0.923910
bestSuite:1913,1564,2497,2454,1708,1562,37,1779,2460,2330,2581,2407,1851,271

test suite5
bestAPFD:0.921007
bestSuite:2182,2403,2389,97,2524,728,2444,489,1772,2492,2462

test suite6
bestAPFD:0.919651
bestSuite:1562,2461,2574,2527,203,2399,2464,1536,2510,263

test suite7
bestAPFD:0.922094
bestSuite:2600,1825,1570,2453,2650,1099,1122,2403,2478,2480

test suite8
bestAPFD:0.923443
bestSuite:980,1564,1404,2434,1565,1162,2582,2513,2388,2497,2604

test suite9
bestAPFD:0.925139
bestSuite:25,2396,2471,1002,2526,2593,2488,2218,2411,2409,2505,1569

test suite10
bestAPFD:0.925673
bestSuite:2444,2548,258,2502,2471,2077,1712,1662,1567,2489,1852,1660

test suite11
bestAPFD:0.919502
bestSuite:2617,1866,2467,2457,2449,2301,1120,2462,2481

test suite12
bestAPFD:0.925362
bestSuite:296,1578,2513,2551,1857,187,2413,2377,2503,2531,1495

test suite13
bestAPFD:0.924435
bestSuite:2569,2513,1661,112,2526,804,1947,2486,1567,2535,467,2035,1798,2481

test suite14
bestAPFD:0.921649
bestSuite:1242,1574,297,2513,2551,2435,876,2643,1043,2473,2480

test suite15
bestAPFD:0.927723
bestSuite:1917,1564,2545,2430,2411,670,1631,1437,1567,148,2502,2475,416

test suite16
bestAPFD:0.918973
bestSuite:945,2465,1573,288,2544,2476,1066,2388,2399,1861

test suite17
bestAPFD:0.920074
bestSuite:2468,2476,2382,53,2455,2238,1208,1543,2498,2496,1581

test suite18
bestAPFD:0.924036
bestSuite:37,2502,1849,2527,423,2579,857,1723,2437,1320,1567,2407,2497,2540

test suite19
bestAPFD:0.914127
bestSuite:2447,2381,2001,37,2462,2550,2540,1406,23,2481

test suite20
bestAPFD:0.921576
bestSuite:97,2497,1038,2465,2458,1288,2373,2644,1565,2509,2489

test suite21
bestAPFD:0.923556
bestSuite:56,2460,1830,2528,2586,1188,689,1402,816,2540,2475

test suite22
bestAPFD:0.928021
bestSuite:2629,1570,2574,2526,1345,2010,98,2053,1514,2156,2478,2475,2401,505

test suite23
bestAPFD:0.926940
bestSuite:186,1772,1569,2547,1073,2404,2468,766,2514,2507,1611

test suite24
bestAPFD:0.925458
bestSuite:2144,2461,2501,2547,1901,282,453,1585,2476,1640,2518

test suite25
bestAPFD:0.924721
bestSuite:46,1817,2525,2288,2397,2579,1175,507,2466,527,1406,2510,2409,1924

test suite26
bestAPFD:0.926787
bestSuite:2617,1651,1557,2526,2613,208,702,1560,2489,2481,2474

test suite27
bestAPFD:0.918381
bestSuite:100,2431,2489,2454,2588,2518,1914,1574,2498

test suite28
bestAPFD:0.922515
bestSuite:100,2382,2476,1403,2468,2250,1579,2460,1565,2497,1345

test suite29
bestAPFD:0.923215
bestSuite:2585,2464,1660,2548,1274,2202,250,2512,2513,2475,2056

test suite30
bestAPFD:0.928179
bestSuite:107,1834,2457,2462,2618,2337,2242,1414,1567,2474,2531,1683

test suite31
bestAPFD:0.923130
bestSuite:224,1585,2462,2527,2622,1124,1749,688,2435,1564,2496

test suite32
bestAPFD:0.919039
bestSuite:2629,2486,2376,2459,180,1963,1536,2498,2507

test suite33
bestAPFD:0.920237
bestSuite:1559,44,2389,2520,2462,2475,1807,2579,2275,2101

test suite34
bestAPFD:0.921184
bestSuite:56,2369,1571,1403,946,2481,2440,897,2485,2537

test suite35
bestAPFD:0.926071
bestSuite:2444,1844,2545,182,1569,2448,1027,649,424,600,2475,2514,1567,2126

test suite36
bestAPFD:0.923314
bestSuite:620,1782,2628,2369,2548,2492,833,2514,2483,2535,1683

test suite37
bestAPFD:0.925757
bestSuite:2617,1841,1564,2528,2325,2064,27,1582,2460,2483,2507,1494

test suite38
bestAPFD:0.927321
bestSuite:77,2551,2461,2383,1069,2326,1584,1524,2406,2450,2503,2585

test suite39
bestAPFD:0.923744
bestSuite:2628,1661,2396,2524,2580,1963,2460,2037,1997,2480,2413,2503

test suite40
bestAPFD:0.928556
bestSuite:2616,2461,2515,2553,1298,1145,2463,2584,901,189,1402,1715,2388,2471

test suite41
bestAPFD:0.927817
bestSuite:2617,2456,2473,1514,1281,119,1065,1544,408,2462,2507,2477

test suite42
bestAPFD:0.923144
bestSuite:2138,2461,2433,2455,2642,1929,2377,1631,2473,2497,82

test suite43
bestAPFD:0.922070
bestSuite:2616,2461,1565,2553,2586,1387,1806,2489,2481,2425

test suite44
bestAPFD:0.926573
bestSuite:2002,1557,1666,2399,2453,1422,2606,2514,2384,2481,2497

test suite45
bestAPFD:0.919076
bestSuite:1944,1557,1666,2164,2525,102,1843,2447,2475,2463

test suite46
bestAPFD:0.925204
bestSuite:1562,2537,1843,1754,2522,291,2306,2585,2534,2510,1546,1569

test suite47
bestAPFD:0.923300
bestSuite:645,2460,1810,1405,1579,1568,2578,26,2482,2450,2366

test suite48
bestAPFD:0.926445
bestSuite:215,2486,2450,2459,2397,1934,2477,2236,2514,1487,2388,1111

test suite49
bestAPFD:0.921444
bestSuite:2589,2467,2553,1797,118,2377,1286,246,1530,1569

test suite50
bestAPFD:0.920971
bestSuite:2616,1569,1817,2550,2324,2463,2589,1565,2471,1584

test suite51
bestAPFD:0.925720
bestSuite:52,2478,2385,2551,1579,2594,5,1248,1569,2375,1935,2486

test suite52
bestAPFD:0.926033
bestSuite:1991,1536,2502,2545,287,1971,1843,2584,596,2514,2510,1678

test suite53
bestAPFD:0.924840
bestSuite:1352,1800,2460,2544,261,2582,2464,761,2409,2507,1566,2251

test suite54
bestAPFD:0.919850
bestSuite:2589,1565,2466,206,2455,1367,1769,2581,1569,2479,2012

test suite55
bestAPFD:0.923009
bestSuite:2618,2461,2500,2453,1584,859,2496,1376,2473,111,1806

test suite56
bestAPFD:0.924003
bestSuite:278,2502,1797,2457,2649,711,2404,1243,2570,2474,2385,2489

test suite57
bestAPFD:0.922404
bestSuite:126,2513,2497,2549,2236,2476,1985,1582,2516,2377

test suite58
bestAPFD:0.927462
bestSuite:1,1819,1404,1569,2194,1944,1579,2096,2535,2482,1611,1568

test suite59
bestAPFD:0.922374
bestSuite:1689,2460,1797,1403,1586,2478,972,1661,1563,2475,2399

test suite60
bestAPFD:0.921751
bestSuite:1130,2500,2498,37,2452,2463,2399,732,708,2384,2507

test suite61
bestAPFD:0.926117
bestSuite:126,1546,2397,2523,814,1563,2468,1508,1852,2478,2471

test suite62
bestAPFD:0.922701
bestSuite:25,1568,2497,2455,2434,1766,720,2397,1558,2510,2442

test suite63
bestAPFD:0.918192
bestSuite:871,2465,1797,2550,617,1934,1573,2480,2473

test suite64
bestAPFD:0.923364
bestSuite:677,1564,2548,1853,268,2511,2437,2583,1569,2480,236

test suite65
bestAPFD:0.920595
bestSuite:986,1616,2458,269,2476,1959,934,2498,1851,1584,1814

test suite66
bestAPFD:0.921862
bestSuite:2468,2531,134,2504,2459,969,2388,2190,1616,2462,2474

test suite67
bestAPFD:0.920618
bestSuite:1185,1586,2549,2498,96,1651,2626,2471,2377,2537

test suite68
bestAPFD:0.922339
bestSuite:2444,1576,2531,2113,2548,1769,923,2502,2518,1522

test suite69
bestAPFD:0.929446
bestSuite:1559,1557,2252,2552,2540,2605,2000,1803,502,2503,2644,2388,492

test suite70
bestAPFD:0.915242
bestSuite:2589,2397,110,1571,2452,932,1579,2411,2392,2466

test suite71
bestAPFD:0.922377
bestSuite:2426,2464,2521,1616,2431,2620,2257,44,1562,2482,2498

test suite72
bestAPFD:0.921259
bestSuite:2622,1403,2461,2487,1004,279,979,2389,1571,2509

test suite73
bestAPFD:0.920180
bestSuite:2579,159,2524,2465,2402,1947,211,1957,2483,2463,1680,2480

test suite74
bestAPFD:0.920716
bestSuite:2589,1564,2574,2523,1577,1562,651,933,2640,2498,649,133

test suite75
bestAPFD:0.918288
bestSuite:2157,2389,2433,2649,2527,2498,2628,2160,2511,2496

test suite76
bestAPFD:0.923627
bestSuite:2617,1581,1568,2453,1112,160,2513,469,2380,2475

test suite77
bestAPFD:0.915901
bestSuite:1375,2498,2633,2432,1579,2552,2463,2447,2496,1401

test suite78
bestAPFD:0.921962
bestSuite:773,2389,1582,2522,1109,1579,2399,2589,25,628,2462,2434

test suite79
bestAPFD:0.919594
bestSuite:58,1574,2486,2455,443,1580,1926,2462,2475

test suite80
bestAPFD:0.917968
bestSuite:1091,2460,1536,2544,2486,1293,1584,1360,2376,2636

test suite81
bestAPFD:0.924746
bestSuite:902,2460,2550,1682,173,2446,2476,2328,2412,2475,2396

test suite82
bestAPFD:0.921880
bestSuite:14,1581,2514,2527,860,2498,1816,1380,2481,2644

test suite83
bestAPFD:0.924302
bestSuite:17,2458,1559,2498,633,2430,115,2404,1716,2406,2476,2159

test suite84
bestAPFD:0.915577
bestSuite:2328,1631,123,2540,2459,1569,2496,2581,2380

test suite85
bestAPFD:0.925157
bestSuite:1385,1554,2638,2553,2389,2435,1962,2643,1506,1444,2397,2509,2503

test suite86
bestAPFD:0.930003
bestSuite:68,2524,2379,2461,1702,2447,2537,735,2409,2518,1660,2499

test suite87
bestAPFD:0.928650
bestSuite:1570,2578,1530,2524,144,2099,2426,2503,2389,2506,2480,32

test suite88
bestAPFD:0.921935
bestSuite:1201,1542,2498,98,2458,1563,1794,2582,2128,2514,2509

test suite89
bestAPFD:0.918189
bestSuite:2586,2460,1778,2455,635,2606,1032,2467,2492,1666

test suite90
bestAPFD:0.921545
bestSuite:11,2489,1530,2589,2453,1907,880,1769,1569,1567

test suite91
bestAPFD:0.920152
bestSuite:124,1661,2461,2548,2463,2009,2626,1567,2474,1851

test suite92
bestAPFD:0.922949
bestSuite:2296,2461,2488,1403,1908,2583,183,38,1862,2507,2478

test suite93
bestAPFD:0.925738
bestSuite:260,2550,2500,2478,1190,1267,338,2640,2392,1569,2492,342

test suite94
bestAPFD:0.921477
bestSuite:788,2476,2553,1563,1560,2397,346,2543,2582,2496,2500

test suite95
bestAPFD:0.925095
bestSuite:261,2502,2545,2381,2649,1906,1940,1668,2473,1305,2475,1574

test suite96
bestAPFD:0.924914
bestSuite:2616,2433,2465,2526,1757,1943,2589,2582,2473,2518,1558

test suite97
bestAPFD:0.919875
bestSuite:79,1557,2503,2549,2463,1567,2620,2373,2400

test suite98
bestAPFD:0.922702
bestSuite:165,2460,2380,2547,2444,1153,1568,2404,1680,2480

test suite99
bestAPFD:0.925761
bestSuite:1559,75,2466,2546,1153,1934,2483,2465,2599,2471,1865,1085

test suite100
bestAPFD:0.916924
bestSuite:1570,2263,1832,2458,2468,160,1682,2464,2481

test suite101
bestAPFD:0.919815
bestSuite:2461,139,1531,1403,243,2241,2642,2476,2409,2497

test suite102
bestAPFD:0.925768
bestSuite:186,2546,1780,2502,2181,2389,910,2586,2385,2474,1567,1476

test suite103
bestAPFD:0.923069
bestSuite:1570,2620,1582,1405,1979,2381,2409,2503,2489,1680

test suite104
bestAPFD:0.922385
bestSuite:86,2435,2522,2537,2442,2159,1573,2404,2513,2518

test suite105
bestAPFD:0.922664
bestSuite:928,2513,1559,238,2547,2031,2443,2377,2398,2406,2503

test suite106
bestAPFD:0.926340
bestSuite:18,2540,1819,2455,1447,2582,1584,1575,1164,2154,1557,2474,1858

test suite107
bestAPFD:0.918004
bestSuite:240,2498,1843,1403,2442,2003,1611,2475,2473

test suite108
bestAPFD:0.920200
bestSuite:224,1661,2460,2521,2399,2227,2501,2518,2406

test suite109
bestAPFD:0.928753
bestSuite:2617,1583,2369,2545,2589,788,1337,286,1835,1841,2388,2406

test suite110
bestAPFD:0.920811
bestSuite:972,1557,2503,2528,2399,2540,42,1560,2510,1571

test suite111
bestAPFD:0.921540
bestSuite:2589,2464,2544,1531,232,2468,2138,2492,2498,1841

test suite112
bestAPFD:0.913879
bestSuite:2291,2485,2466,2524,208,1536,2411,2510,2513

test suite113
bestAPFD:0.929447
bestSuite:2440,2460,2416,2520,1584,2340,2170,1939,2216,2537,2451,2635,2475

test suite114
bestAPFD:0.925348
bestSuite:1570,2620,2506,1404,2540,1058,1584,37,2497,196,2400,649

test suite115
bestAPFD:0.917441
bestSuite:2446,2502,2458,2511,206,2275,2396,672,2471,2479

test suite116
bestAPFD:0.924864
bestSuite:2629,1661,1568,2522,1584,2639,2369,1841,2507,1610

test suite117
bestAPFD:0.926138
bestSuite:2445,2465,2506,2553,1290,2615,1562,2299,1451,1666,2476,2537,2470

test suite118
bestAPFD:0.929638
bestSuite:171,1564,1581,2452,2578,1266,1346,1834,2387,573,2503,2513,2388

test suite119
bestAPFD:0.917445
bestSuite:1384,2486,160,1808,2452,962,1579,2443,1569,2488

test suite120
bestAPFD:0.917557
bestSuite:53,2649,1554,2502,2528,2496,4,2516,1568,2471

test suite121
bestAPFD:0.921232
bestSuite:218,2537,1857,2551,2240,1557,2586,1584,2486,2400

test suite122
bestAPFD:0.925765
bestSuite:1873,2461,2547,1565,1934,1108,2377,58,1841,2480,2473

test suite123
bestAPFD:0.924773
bestSuite:91,2369,1781,2453,1536,1159,2046,743,2514,2481,2649

test suite124
bestAPFD:0.925905
bestSuite:31,1651,2466,2456,2440,2477,1435,518,2369,2509,2482

test suite125
bestAPFD:0.918315
bestSuite:2446,2466,2493,80,2527,2589,1616,2040,2513,2480

test suite126
bestAPFD:0.920197
bestSuite:203,701,1851,2513,2544,1135,2537,1720,2644,2481,2508

test suite127
bestAPFD:0.926290
bestSuite:1226,1561,2456,2579,2473,1980,1531,680,1529,2462,2518,2404

test suite128
bestAPFD:0.922816
bestSuite:126,2463,2376,2550,2252,2174,2445,1546,2496,2513

test suite129
bestAPFD:0.923543
bestSuite:2587,1830,2486,147,2528,173,1562,1690,1277,1437,2540,1583,2462

test suite130
bestAPFD:0.925730
bestSuite:201,1817,2476,2521,2269,1402,1985,1162,2498,2482,2388

test suite131
bestAPFD:0.918316
bestSuite:1304,1557,2372,2452,2624,2540,2413,1660,2496

test suite132
bestAPFD:0.922415
bestSuite:1570,1584,1651,2525,2534,1724,2540,2282,2494,2509,2588

test suite133
bestAPFD:0.917573
bestSuite:2642,1403,2461,2403,80,2404,2514,2509,2495,1878

test suite134
bestAPFD:0.924670
bestSuite:662,2460,2523,1453,1820,2442,957,2387,2473,2511,2480,202

test suite135
bestAPFD:0.924546
bestSuite:1238,2513,274,1651,2524,954,2463,2446,436,2485,213,2480,2483

test suite136
bestAPFD:0.922892
bestSuite:2642,2498,2497,2458,1366,72,1574,2467,2412,2377,1199

test suite137
bestAPFD:0.909258
bestSuite:2283,2465,2436,2545,2511,2486,164,1563

test suite138
bestAPFD:0.922211
bestSuite:253,2384,2460,2526,1562,2650,1386,1564,2511,2475

test suite139
bestAPFD:0.925563
bestSuite:674,1557,2400,2452,2581,24,2100,1564,569,2519,2475,2189

test suite140
bestAPFD:0.925012
bestSuite:107,1557,1575,2521,952,2336,2650,2467,2492,464,2416,1023

test suite141
bestAPFD:0.923251
bestSuite:239,2553,1554,2460,684,1564,2589,1810,2632,2496,2359

test suite142
bestAPFD:0.921460
bestSuite:1559,2607,1569,1405,1012,2589,1834,2509,2478,2621

test suite143
bestAPFD:0.924905
bestSuite:36,1569,2385,2520,1325,2212,1584,2586,2330,1564,2482,2159

test suite144
bestAPFD:0.925581
bestSuite:1301,1570,2376,2546,2133,2581,2467,133,2400,2388,2503

test suite145
bestAPFD:0.924000
bestSuite:239,2551,1530,1564,2325,1934,2409,2397,2380,2518

test suite146
bestAPFD:0.921100
bestSuite:635,1586,1564,2456,1753,1934,1663,1563,2513,2509

test suite147
bestAPFD:0.921972
bestSuite:2589,2460,2546,2395,130,923,2643,1370,1573,2483,2537

test suite148
bestAPFD:0.925113
bestSuite:2441,2461,1832,1403,39,1209,1176,240,1563,2476,2385,572,321

test suite149
bestAPFD:0.919729
bestSuite:2617,1570,1682,2457,36,1820,861,2406,2510

test suite150
bestAPFD:0.921177
bestSuite:129,2478,2527,2403,1365,272,2507,2583,2471,2397,2383

test suite151
bestAPFD:0.927216
bestSuite:179,2448,1569,2523,2579,1413,2540,1049,2382,2496,1140,2503,2212

test suite152
bestAPFD:0.920804
bestSuite:1036,2467,755,1651,2581,1404,1840,175,2377,2480,1569

test suite153
bestAPFD:0.923131
bestSuite:1200,2465,1576,2522,1283,72,2440,961,2403,2466,2480,2483

test suite154
bestAPFD:0.916716
bestSuite:2441,1557,2547,2516,1514,283,2474,2389,2483

test suite155
bestAPFD:0.925685
bestSuite:2617,1769,2460,2457,923,808,1710,1573,172,2466,1567,2518

test suite156
bestAPFD:0.919630
bestSuite:2298,1569,202,1577,2550,1830,889,930,2492,2489,2581

test suite157
bestAPFD:0.923082
bestSuite:287,2498,1577,2548,2626,793,1862,2518,391,2473,2333

test suite158
bestAPFD:0.916584
bestSuite:2586,2464,1542,2521,2502,203,2487,2509,211

test suite159
bestAPFD:0.924485
bestSuite:724,2461,1818,2551,147,2206,2411,2247,1578,2466,2507,2474

test suite160
bestAPFD:0.924517
bestSuite:296,2513,1581,2526,1071,2620,2151,2540,2480,1560,777

test suite161
bestAPFD:0.922330
bestSuite:711,2457,2624,2397,1573,2394,1657,2302,2481,2582,2473,983

test suite162
bestAPFD:0.916580
bestSuite:2447,2502,2603,2500,2452,1717,2481,2540,335,1806

test suite163
bestAPFD:0.925070
bestSuite:116,1661,2545,2467,1191,445,989,2498,2507,2632,2410

test suite164
bestAPFD:0.918651
bestSuite:944,2406,1824,195,1404,2403,2513,2587,2483,2518

test suite165
bestAPFD:0.917179
bestSuite:2587,1576,2524,2389,932,2475,2511,2462,1013

test suite166
bestAPFD:0.916041
bestSuite:2583,1557,1682,2455,53,284,2375,2463,2510

test suite167
bestAPFD:0.919524
bestSuite:253,2486,1793,2457,1868,885,2449,2507,1569

test suite168
bestAPFD:0.924963
bestSuite:83,1666,1569,275,2453,381,1493,771,1890,2582,2510,2540,1865

test suite169
bestAPFD:0.919822
bestSuite:2589,2461,2512,2459,84,1584,1892,1680,2489,2413

test suite170
bestAPFD:0.924424
bestSuite:2444,2460,1595,2548,1562,924,972,1778,205,2406,2482

test suite171
bestAPFD:0.913366
bestSuite:296,1568,1402,2525,1782,2441,2397,2475

test suite172
bestAPFD:0.924322
bestSuite:77,2456,2369,2477,601,2444,1727,2463,1520,1663,2481

test suite173
bestAPFD:0.916442
bestSuite:2618,2552,2448,2462,275,1832,2481,2404,856,1568

test suite174
bestAPFD:0.922937
bestSuite:177,2478,1406,2411,979,1721,1940,2377,2462,2482,2516,2546

test suite175
bestAPFD:0.918502
bestSuite:2617,2467,1663,2522,1122,181,2397,2414,2509

test suite176
bestAPFD:0.913589
bestSuite:172,576,2486,1803,2458,2465,2475,1660,2530,217

test suite177
bestAPFD:0.924684
bestSuite:1570,2557,2457,2500,347,2440,2483,148,2482,2406,2519

test suite178
bestAPFD:0.920705
bestSuite:1562,1568,2375,2457,1644,2106,2343,2492,2513,227,2411

test suite179
bestAPFD:0.919545
bestSuite:250,1800,2521,2486,1455,2411,783,1401,2518,2502

test suite180
bestAPFD:0.922281
bestSuite:2588,2408,2397,156,2553,244,2396,2510,2497,2400,1699

test suite181
bestAPFD:0.923668
bestSuite:729,2465,1406,2546,279,2640,2401,2507,2200,2482,2478

test suite182
bestAPFD:0.921563
bestSuite:1562,1568,2393,2544,2465,1306,2581,1644,243,2480,898

test suite183
bestAPFD:0.920651
bestSuite:2443,2513,1849,35,2527,683,2222,1401,2646,2481,2463

test suite184
bestAPFD:0.922871
bestSuite:2600,1825,2465,2528,1568,1563,1573,867,2632,2509

test suite185
bestAPFD:0.922963
bestSuite:137,2458,1862,2489,2377,2642,2171,2462,1578,2481

test suite186
bestAPFD:0.920644
bestSuite:1570,2073,2528,2395,1934,148,2235,1565,2537,2475

test suite187
bestAPFD:0.917351
bestSuite:913,2502,89,1850,2526,2389,1536,666,2475,2445

test suite188
bestAPFD:0.924564
bestSuite:121,2482,2462,2455,2447,814,383,1670,2531,2510

test suite189
bestAPFD:0.919050
bestSuite:702,2513,13,2500,2547,2474,2501,2396,2584,1579,1768

test suite190
bestAPFD:0.920173
bestSuite:1182,1578,274,2531,1404,2476,1335,2574,2498,2409,2413

test suite191
bestAPFD:0.922000
bestSuite:925,2460,2485,2546,2583,2603,1666,295,2486,2496,1173

test suite192
bestAPFD:0.927914
bestSuite:253,2389,2391,2520,1514,2483,2535,2236,2462,346,2471,1120

test suite193
bestAPFD:0.920151
bestSuite:2588,2465,2495,2552,2534,1579,860,1571,2503,2463

test suite194
bestAPFD:0.919354
bestSuite:1303,2460,1575,2626,2521,2463,1832,2404,2611,2503

test suite195
bestAPFD:0.928106
bestSuite:18,2514,1857,2454,953,2588,1416,2172,2513,563,1401,2496

test suite196
bestAPFD:0.918449
bestSuite:100,1661,1564,2452,2650,1567,2461,2376,2507

test suite197
bestAPFD:0.917281
bestSuite:2577,2464,1406,1405,1557,183,2375,2475,2643

test suite198
bestAPFD:0.922233
bestSuite:2124,1568,238,1663,2553,268,2643,1562,1824,2471,1569

test suite199
bestAPFD:0.917731
bestSuite:2617,1578,2531,2459,2474,2348,2410,2483,2397

test suite200
bestAPFD:0.924744
bestSuite:1382,1564,2520,1843,2606,624,2629,2498,1530,432,2510

test suite201
bestAPFD:0.910753
bestSuite:2639,2502,2580,839,2545,2486,2488,2377,2579

test suite202
bestAPFD:0.924379
bestSuite:2616,1682,2553,2476,513,2313,1564,1809,1567,2582,2462,2025

test suite203
bestAPFD:0.926906
bestSuite:2048,1561,1569,2528,85,2447,1514,1249,457,2471,2483,2514

test suite204
bestAPFD:0.921252
bestSuite:2447,294,2436,2498,2524,901,842,2377,242,1571,2510,2396

test suite205
bestAPFD:0.918460
bestSuite:2051,1585,25,2478,2455,2411,2481,2505,2369,1014

test suite206
bestAPFD:0.922108
bestSuite:2615,2397,2524,1851,691,1252,1934,2389,2385,2480

test suite207
bestAPFD:0.921096
bestSuite:172,2513,1666,2549,1563,726,2396,1077,1726,2471,2644

test suite208
bestAPFD:0.923900
bestSuite:58,2461,1402,2522,517,2447,2389,2414,2492,2497,1167

test suite209
bestAPFD:0.923662
bestSuite:2444,2464,2408,950,2553,2624,1079,2589,1666,2462,2481

test suite210
bestAPFD:0.918074
bestSuite:1570,2048,2410,2524,1897,2475,2473,2535,1554

test suite211
bestAPFD:0.921529
bestSuite:201,1781,1564,2459,2476,1201,2465,969,2479,1574,2640

test suite212
bestAPFD:0.918454
bestSuite:2285,2513,149,2455,1864,2640,2478,2407,2479,2509

test suite213
bestAPFD:0.925883
bestSuite:68,2467,2430,1404,2554,2399,1885,554,2369,2496,1401

test suite214
bestAPFD:0.920725
bestSuite:103,2513,2485,2550,1708,1451,1584,2589,2514,1670

test suite215
bestAPFD:0.922000
bestSuite:2622,1557,1578,2522,919,2476,1847,2481,2380,123

test suite216
bestAPFD:0.921992
bestSuite:2443,2502,1827,178,2553,1960,152,1498,2540,1670,2507

test suite217
bestAPFD:0.921224
bestSuite:1934,2513,2606,1522,2544,1864,1914,2281,2489,2475,1164

test suite218
bestAPFD:0.925587
bestSuite:73,2502,1782,2459,2047,1671,2468,2483,2507,2450,2514

test suite219
bestAPFD:0.923364
bestSuite:88,2452,1570,2430,902,2579,949,2474,2478,2409,1643

test suite220
bestAPFD:0.922049
bestSuite:953,1862,2486,198,2521,2131,2103,1464,1661,2640,2507,2502

test suite221
bestAPFD:0.922216
bestSuite:871,1576,2531,2458,1644,2397,2413,14,2510,2482

test suite222
bestAPFD:0.919292
bestSuite:2179,2464,1403,1818,2474,1584,1522,555,2397,2626

test suite223
bestAPFD:0.922920
bestSuite:2144,1565,57,2526,2486,758,2584,2397,1826,1853,2475,583

test suite224
bestAPFD:0.926622
bestSuite:155,2452,1576,2466,1595,89,1557,174,2447,2480,2497,1474

test suite225
bestAPFD:0.920569
bestSuite:2444,2452,256,2540,1704,1558,327,2498,1811,2388,2482

test suite226
bestAPFD:0.918800
bestSuite:2588,1576,2461,2525,2641,1562,2589,765,942,1564,1565

test suite227
bestAPFD:0.917229
bestSuite:1562,2464,1578,37,2459,2413,2393,1960,1557,2480

test suite228
bestAPFD:0.919932
bestSuite:1572,2486,2234,2544,2498,2377,2511,2473,1794

test suite229
bestAPFD:0.916378
bestSuite:1395,2476,27,2378,2458,1567,1131,1411,1616,2462

test suite230
bestAPFD:0.919064
bestSuite:2620,1578,2476,2603,2525,2082,1579,2007,2397,2474,2485

test suite231
bestAPFD:0.922534
bestSuite:2051,2467,2432,2553,2219,2626,1571,2534,2409,2492,1557

test suite232
bestAPFD:0.928280
bestSuite:107,2448,1569,2549,2433,2443,1037,2503,1590,553,2409,2489

test suite233
bestAPFD:0.924601
bestSuite:1151,2464,2550,1631,1866,2643,208,2369,2471,2510,1647

test suite234
bestAPFD:0.924479
bestSuite:1562,1402,2369,2552,727,1310,89,2531,2586,2482,2516

test suite235
bestAPFD:0.919186
bestSuite:2153,2513,2601,2516,2388,2520,2478,2644,1651,2481,997

test suite236
bestAPFD:0.920495
bestSuite:896,2460,2511,2454,2346,2576,156,2581,2537,2507

test suite237
bestAPFD:0.917447
bestSuite:1292,2461,2453,2408,2640,2613,1574,2478,2509

test suite238
bestAPFD:0.923664
bestSuite:1316,2464,1403,2500,2409,1569,2412,2559,2447,2503,85

test suite239
bestAPFD:0.926100
bestSuite:2622,2497,2537,2524,2129,2156,147,2397,2472,2388,1522

test suite240
bestAPFD:0.928985
bestSuite:70,2460,1522,2549,1165,850,2268,2486,2389,325,2409,353,1844,511,2618

test suite241
bestAPFD:0.924245
bestSuite:2445,2369,54,1644,2520,1974,2030,2412,1241,1035,2475,2473

test suite242
bestAPFD:0.926149
bestSuite:179,2463,2414,2553,1344,1450,1616,2509,2644,1569,341

test suite243
bestAPFD:0.919760
bestSuite:2217,2406,256,1817,1404,1573,2640,937,2481,2369,1125

test suite244
bestAPFD:0.922100
bestSuite:2444,2465,2526,2511,706,1196,21,1827,2510,2489

test suite245
bestAPFD:0.925554
bestSuite:1570,977,1643,2527,1231,19,1769,713,2537,2481,2503,2444

test suite246
bestAPFD:0.923207
bestSuite:1342,1570,1842,1404,1934,150,2409,2511,2473,2507

test suite247
bestAPFD:0.922265
bestSuite:2273,1557,2521,1571,849,2440,2489,2480,123,2505

test suite248
bestAPFD:0.920498
bestSuite:1153,2460,2407,2527,225,2411,64,1861,2478,2518

test suite249
bestAPFD:0.923940
bestSuite:2443,1569,2449,2606,2526,2306,916,2088,2473,2492,2503,2371

test suite250
bestAPFD:0.922878
bestSuite:1562,2369,1782,1583,2527,2025,2474,959,2632,2531,181

test suite251
bestAPFD:0.921831
bestSuite:58,1406,2460,1404,2447,1257,932,2540,2392,2509

test suite252
bestAPFD:0.919708
bestSuite:2028,486,1586,2369,2528,2411,1563,71,807,2451,2482,2406

test suite253
bestAPFD:0.927552
bestSuite:116,2486,1830,2528,1548,767,2461,2234,1089,2480,2385,2632

test suite254
bestAPFD:0.924260
bestSuite:2036,2460,2550,2471,2131,1579,425,2398,2500,2473,48,182,2582

test suite255
bestAPFD:0.926661
bestSuite:226,2520,2498,1864,2579,1584,1833,1026,1219,2474,1401,2473,2210

test suite256
bestAPFD:0.922369
bestSuite:1985,2540,2536,1643,2544,1228,1483,2398,2479,2492,1569,809

test suite257
bestAPFD:0.927515
bestSuite:1287,2460,2515,2545,111,503,1331,1564,2497,2480,2142,2644,1401

test suite258
bestAPFD:0.911866
bestSuite:1950,2513,1563,1778,2578,2537,1651,2482,2454

test suite259
bestAPFD:0.922815
bestSuite:1130,1776,2457,1569,114,2356,1643,2579,2404,2473,2475,1079

test suite260
bestAPFD:0.920804
bestSuite:2585,1557,2403,1403,726,2464,558,1362,2472,2475

test suite261
bestAPFD:0.926000
bestSuite:137,1557,1824,2528,2486,2128,1536,1398,1499,2396,2632,2483

test suite262
bestAPFD:0.922682
bestSuite:179,1568,1824,1403,2589,1584,1707,546,1660,2397,1985

test suite263
bestAPFD:0.919691
bestSuite:1218,106,2452,2369,2415,2099,2535,2045,2537,2518,1530

test suite264
bestAPFD:0.925571
bestSuite:2205,1514,250,1569,2550,2441,931,2394,225,2482,2496,2514

test suite265
bestAPFD:0.922593
bestSuite:1570,44,1581,2457,2643,2117,1832,2480,483,568,1564

test suite266
bestAPFD:0.922711
bestSuite:2608,1571,2389,1093,1032,2245,1934,2404,2501,2513,2496,2456

test suite267
bestAPFD:0.922458
bestSuite:1133,2393,2605,2513,2523,908,2413,760,2537,1531,2510

test suite268
bestAPFD:0.923678
bestSuite:154,2403,2540,1405,1381,1031,2397,1232,341,2492,1866,2445

test suite269
bestAPFD:0.928130
bestSuite:2586,1557,2378,225,2453,1891,2074,1838,2388,2540,1683,2475

test suite270
bestAPFD:0.918990
bestSuite:296,2498,2458,1561,2620,2409,2471,1558,2478

test suite271
bestAPFD:0.923821
bestSuite:2588,2460,1631,2549,2435,1052,2483,2062,2514,144,2503

test suite272
bestAPFD:0.923261
bestSuite:293,1404,2436,2502,1305,2441,1616,680,2475,2514

test suite273
bestAPFD:0.924455
bestSuite:1985,1578,2389,1563,2454,1539,337,2363,2513,46,2518,1865

test suite274
bestAPFD:0.926315
bestSuite:2587,2461,2376,2547,1917,1904,2121,203,1661,1599,2510,2514

test suite275
bestAPFD:0.923088
bestSuite:1892,2498,198,1807,2459,984,2377,2510,2640,1566,2514

test suite276
bestAPFD:0.922075
bestSuite:107,2576,2525,2389,1077,2498,1406,1567,2503,2620

test suite277
bestAPFD:0.921813
bestSuite:660,2467,1857,1404,2444,243,1631,2503,2518,2397

test suite278
bestAPFD:0.921173
bestSuite:1343,26,1670,1405,2486,1067,2421,2404,2396,2369,1801,1953

test suite279
bestAPFD:0.920893
bestSuite:2230,2466,2384,62,2527,2440,1571,1569,2518,485,2261

test suite280
bestAPFD:0.925317
bestSuite:1570,1968,2494,2527,65,854,1401,1701,2478,2632,2518

test suite281
bestAPFD:0.924827
bestSuite:215,2511,2397,2546,1397,1225,2632,2514,2507,1560

test suite282
bestAPFD:0.922841
bestSuite:16,1570,1807,2525,2581,1584,1067,1666,2486,1615,2396

test suite283
bestAPFD:0.918314
bestSuite:1127,2540,1562,1530,2523,289,2642,2397,2485,2503

test suite284
bestAPFD:0.921765
bestSuite:124,1853,2461,2523,1209,2442,1254,1475,2492,2389,1643

test suite285
bestAPFD:0.924199
bestSuite:2589,1564,2526,2430,2176,1567,2633,2443,1442,2502,1536,454

test suite286
bestAPFD:0.912664
bestSuite:1319,1565,151,2396,2523,1780,2369,2589,2483

test suite287
bestAPFD:0.923432
bestSuite:131,2498,1402,2454,888,1811,2583,801,457,1551,2486,2509

test suite288
bestAPFD:0.921554
bestSuite:1299,2467,2503,2522,1536,53,1569,2394,2510,2586

test suite289
bestAPFD:0.923545
bestSuite:2440,1582,1569,2550,1872,2120,2479,2534,2507,2396,2575

test suite290
bestAPFD:0.928215
bestSuite:852,2462,2628,2548,2471,1074,2579,2627,1857,1501,2466,2388,1531,1673

test suite291
bestAPFD:0.928106
bestSuite:1,1557,1581,2457,2413,1170,1191,2564,2487,1716,2478,2481,2388,2010

test suite292
bestAPFD:0.925362
bestSuite:105,2381,2467,2458,2640,1988,1950,2503,1566,1567,2369

test suite293
bestAPFD:0.924927
bestSuite:1934,1557,1825,2551,1149,1401,869,2492,1792,2406,2336

test suite294
bestAPFD:0.922844
bestSuite:1074,2498,207,2471,2552,1705,2494,1568,2650,1298,2479,1531

test suite295
bestAPFD:0.923800
bestSuite:1570,2618,2575,2544,764,2626,1682,1764,2478,2404,2507

test suite296
bestAPFD:0.920009
bestSuite:113,2457,2467,1571,274,2507,2621,2415,1569,2583

test suite297
bestAPFD:0.921673
bestSuite:79,2502,1403,1554,1081,2440,2190,2432,2396,2518

test suite298
bestAPFD:0.925605
bestSuite:674,2546,2460,2375,839,1931,2582,19,2474,1531,2404,2489

test suite299
bestAPFD:0.923662
bestSuite:2443,1565,2513,114,2527,1303,2589,917,530,2501,2463,2330,2496

test suite300
bestAPFD:0.926124
bestSuite:2586,1570,1571,2522,1741,2064,822,2485,2473,392,2475

test suite301
bestAPFD:0.912910
bestSuite:1105,2486,2613,1772,1542,2168,2550,2475,2498

test suite302
bestAPFD:0.926302
bestSuite:2608,2524,1569,1651,609,622,2649,2371,1579,2478,2471,2539

test suite303
bestAPFD:0.924698
bestSuite:1562,2460,1769,2452,1761,2649,2478,1493,2475,2388,1554

test suite304
bestAPFD:0.921804
bestSuite:2629,1558,2486,1404,908,2170,257,2483,1569,2493

test suite305
bestAPFD:0.920437
bestSuite:2618,2397,1563,1830,940,2552,236,1007,2492,2508,2514

test suite306
bestAPFD:0.918510
bestSuite:1282,1563,2476,2458,2471,2640,54,851,33,2450,2369

test suite307
bestAPFD:0.924012
bestSuite:253,2400,1570,2521,2620,959,2434,2467,2486,2518,1497

test suite308
bestAPFD:0.919482
bestSuite:1964,1581,208,2502,1404,2618,2509,2404,2489,2477

test suite309
bestAPFD:0.921818
bestSuite:119,2460,1798,2525,1568,2285,2238,1602,2481,2446

test suite310
bestAPFD:0.923910
bestSuite:1020,2461,1798,2549,2442,200,1889,2407,2497,2478,2483

test suite311
bestAPFD:0.915268
bestSuite:2589,1564,1581,2547,2485,289,2479,2369,2557

test suite312
bestAPFD:0.918132
bestSuite:1232,102,2434,2406,2526,1246,1584,2462,1616,2643,2474

test suite313
bestAPFD:0.924409
bestSuite:1570,822,2517,2545,2182,2403,2649,2404,2518,2473,10

test suite314
bestAPFD:0.920262
bestSuite:1572,2513,2525,269,1321,2486,1406,2643,2518

test suite315
bestAPFD:0.919336
bestSuite:1258,1866,2467,2453,2589,2413,282,2502,1683,1563

test suite316
bestAPFD:0.927669
bestSuite:2629,2458,1582,2540,2216,469,1175,2404,2369,2503,422,2416

test suite317
bestAPFD:0.913917
bestSuite:1689,1568,1643,2626,2454,2481,216,2498,2393

test suite318
bestAPFD:0.925812
bestSuite:2617,2471,1568,2549,1127,637,2517,2609,1401,2507,2498

test suite319
bestAPFD:0.918656
bestSuite:1242,2460,1661,2453,1842,2640,2396,2475,2409

test suite320
bestAPFD:0.922421
bestSuite:57,2513,2458,1832,759,2589,2540,2474,1699,1536,2518

test suite321
bestAPFD:0.921979
bestSuite:1570,949,1798,2552,2468,172,934,1251,1631,2486,2509

test suite322
bestAPFD:0.923509
bestSuite:2445,2464,2431,2549,190,714,2555,1082,2518,1569,1661

test suite323
bestAPFD:0.922175
bestSuite:1934,1806,64,2537,2549,767,854,2513,2119,2509,1660

test suite324
bestAPFD:0.921315
bestSuite:2360,1557,2526,2501,263,2486,1563,1545,1663,1656

test suite325
bestAPFD:0.920464
bestSuite:126,2540,2548,2477,2445,2356,1569,2450,2507

test suite326
bestAPFD:0.918558
bestSuite:8,1661,1568,2452,2441,1330,2513,2510,1803

test suite327
bestAPFD:0.928704
bestSuite:2596,2502,1851,2453,1024,2642,1563,1256,1453,2503,2037,2473,2451

test suite328
bestAPFD:0.924968
bestSuite:78,2465,2522,2436,2582,2510,1021,1960,2407,2388,2478

test suite329
bestAPFD:0.924487
bestSuite:2618,1834,53,2552,2540,1350,650,2492,322,1522,1627,1569

test suite330
bestAPFD:0.918021
bestSuite:754,2369,227,457,2524,1574,1579,1795,1527,2384,2584,2489,2475

test suite331
bestAPFD:0.918450
bestSuite:945,2550,211,2478,1574,1184,2462,2581,2480,2393

test suite332
bestAPFD:0.924855
bestSuite:1245,1564,2500,2551,826,174,2445,1807,2498,2482,2388

test suite333
bestAPFD:0.921587
bestSuite:105,1570,2368,2548,937,2121,2095,2486,1660,2492

test suite334
bestAPFD:0.922875
bestSuite:126,1581,2513,2452,2588,2504,893,2200,2518,2473

test suite335
bestAPFD:0.925275
bestSuite:2309,2461,1558,2547,2404,2447,2464,10,1517,1410,1556,2503

test suite336
bestAPFD:0.917508
bestSuite:844,2464,1825,2524,2643,212,1578,2481,2502

test suite337
bestAPFD:0.914815
bestSuite:2178,2487,129,2486,2525,2475,2369,367,1583

test suite338
bestAPFD:0.919208
bestSuite:677,2461,1578,1403,2463,2586,1808,13,2509,1326

test suite339
bestAPFD:0.924446
bestSuite:1570,823,2375,2522,170,2388,1530,2480,2540,2535,2601

test suite340
bestAPFD:0.919698
bestSuite:2636,1531,2626,2466,2523,2429,2479,2471,2408,1569,1195

test suite341
bestAPFD:0.922430
bestSuite:293,2513,1406,2546,1182,1568,2579,2497,2118,2388

test suite342
bestAPFD:0.922650
bestSuite:1570,204,2548,2488,2374,203,2503,2632,2389,2480

test suite343
bestAPFD:0.919736
bestSuite:2468,1849,193,2454,2489,1833,1660,2496,817,1569

test suite344
bestAPFD:0.919966
bestSuite:1991,2503,2458,2541,1569,2578,2415,2388,2489,2385

test suite345
bestAPFD:0.922409
bestSuite:2636,2465,1769,2551,2579,1726,2404,1522,2518,2473

test suite346
bestAPFD:0.921662
bestSuite:105,2493,1568,1404,221,2444,1557,770,1582,2510

test suite347
bestAPFD:0.918802
bestSuite:2145,2389,21,2520,1581,43,2476,1569,1820,2481

test suite348
bestAPFD:0.923678
bestSuite:2440,1570,2457,2641,1840,755,1699,1660,2537,2471,2479

test suite349
bestAPFD:0.919015
bestSuite:2442,2478,274,1780,1403,2130,1670,1569,2492,2054

test suite350
bestAPFD:0.922328
bestSuite:604,2514,197,1663,2457,1563,1091,1832,2486,2462,2481

test suite351
bestAPFD:0.926789
bestSuite:88,2580,1568,2547,2411,1376,938,1563,2397,307,2518,2488,1541

test suite352
bestAPFD:0.920693
bestSuite:58,1581,2460,2527,2272,2649,2473,2516,2480

test suite353
bestAPFD:0.924763
bestSuite:848,1778,377,225,2537,2546,2369,2606,2649,2388,2482,1684,367,2451

test suite354
bestAPFD:0.925103
bestSuite:91,2463,2495,2548,92,1279,895,1402,1517,2369,2509,2586

test suite355
bestAPFD:0.923636
bestSuite:180,1402,2456,2465,872,2540,1805,2644,2409,2497

test suite356
bestAPFD:0.924790
bestSuite:878,2461,1574,2526,1562,2581,2427,76,2395,2507,2406

test suite357
bestAPFD:0.921354
bestSuite:2622,1404,2467,2434,1343,2518,970,1616,1569,1077

test suite358
bestAPFD:0.923171
bestSuite:2622,2435,1564,2545,66,2461,164,1611,2483,2475

test suite359
bestAPFD:0.928850
bestSuite:34,2448,2397,2456,2413,1012,1794,465,1671,2531,2503,2518

test suite360
bestAPFD:0.922614
bestSuite:1999,2410,2502,250,1403,1343,2584,2540,1471,2518,1683

test suite361
bestAPFD:0.926410
bestSuite:1945,2461,1585,1403,1482,2233,2467,2477,2492,2404,2635,2535

test suite362
bestAPFD:0.923650
bestSuite:84,1794,2369,2547,1297,2446,1434,2377,1155,2476,1566

test suite363
bestAPFD:0.927431
bestSuite:84,2391,2498,1185,2453,441,1568,2445,2409,99,1530,2497

test suite364
bestAPFD:0.925381
bestSuite:1891,2465,1577,2524,251,2463,2493,1728,2377,1593,2492,2643

test suite365
bestAPFD:0.922318
bestSuite:58,2513,2488,2459,2443,2463,1748,518,2496,2495

test suite366
bestAPFD:0.926003
bestSuite:79,2452,2498,2432,2399,1584,901,2482,622,2385,2406

test suite367
bestAPFD:0.919398
bestSuite:56,1570,2453,2501,2589,1562,2585,1663,217,2396

test suite368
bestAPFD:0.919034
bestSuite:239,2465,1825,2452,2650,1520,2481,1564,1401

test suite369
bestAPFD:0.917246
bestSuite:180,2498,2528,1571,1563,2474,2632,2463,1810

test suite370
bestAPFD:0.926320
bestSuite:2647,2553,2431,2513,992,1886,1661,1584,2492,2632,2406,531

test suite371
bestAPFD:0.926229
bestSuite:31,1824,1570,2546,1280,2466,2314,2583,2409,2509,2385

test suite372
bestAPFD:0.914279
bestSuite:104,1772,2502,1403,900,2476,2450,2409

test suite373
bestAPFD:0.922941
bestSuite:2622,2537,2553,1682,1999,71,2409,2501,2482,2502

test suite374
bestAPFD:0.926667
bestSuite:986,2467,2488,2525,2578,1437,146,2379,2471,2518,2462,1036

test suite375
bestAPFD:0.924567
bestSuite:2443,2369,1778,2546,24,2537,860,1341,2388,480,1536,2497,1664

test suite376
bestAPFD:0.919121
bestSuite:962,2396,150,2575,2452,2446,2589,2397,2388,1660

test suite377
bestAPFD:0.926709
bestSuite:2622,2547,2514,2515,2449,2085,2589,1856,86,2409,1423,2462,2252

test suite378
bestAPFD:0.920322
bestSuite:791,1514,2464,2544,2465,2430,248,2483,2496,2535

test suite379
bestAPFD:0.920101
bestSuite:2446,2460,1663,2524,37,217,1011,2368,2481,1568

test suite380
bestAPFD:0.920843
bestSuite:1190,181,1631,2513,1405,1816,2068,2535,1740,2510,2531

test suite381
bestAPFD:0.908121
bestSuite:880,1809,144,2502,2545,1563,2476,1670

test suite382
bestAPFD:0.926081
bestSuite:2468,1557,2546,1571,939,2268,1027,273,2474,2406,2509,1825

test suite383
bestAPFD:0.922209
bestSuite:1254,2551,2369,2385,277,1881,1985,1988,2404,2463,1806,2482

test suite384
bestAPFD:0.924387
bestSuite:2445,2389,1536,208,2552,273,1898,776,2412,2462,2471,2377

test suite385
bestAPFD:0.922525
bestSuite:1570,2128,1586,2453,2479,175,2644,2489,2482,1585

test suite386
bestAPFD:0.920941
bestSuite:1562,2369,1536,2552,129,2589,2411,2466,1242,2512,929

test suite387
bestAPFD:0.927315
bestSuite:2622,1840,2478,1404,2092,2095,46,2502,1522,2480,2503

test suite388
bestAPFD:0.918639
bestSuite:2445,1682,1563,2514,2453,955,1827,754,2502,2503

test suite389
bestAPFD:0.920675
bestSuite:14,2464,2494,2456,2429,1029,173,1546,2502,2507,2446

test suite390
bestAPFD:0.912105
bestSuite:2090,1325,2450,1563,2546,2489,1798,2481,2535,2369

test suite391
bestAPFD:0.921204
bestSuite:1570,2626,2471,2550,169,2230,2540,2479,1843,1566

test suite392
bestAPFD:0.926656
bestSuite:1223,1564,1403,1595,1116,294,730,2481,2410,535,511,1985,2397

test suite393
bestAPFD:0.925765
bestSuite:88,1577,2396,1405,1227,1389,2642,1106,1108,2498,2496,2490

test suite394
bestAPFD:0.925433
bestSuite:121,2374,2544,2513,2275,2537,1371,2407,2518,1679,2411

test suite395
bestAPFD:0.922236
bestSuite:2642,2478,2392,2547,947,6,2270,2460,1683,2518

test suite396
bestAPFD:0.926989
bestSuite:252,2396,2487,1404,626,1005,2482,1985,2498,2507,2451

test suite397
bestAPFD:0.923879
bestSuite:1572,2498,2587,2520,652,1579,2188,1406,2466,2481

test suite398
bestAPFD:0.923944
bestSuite:17,2461,1810,2452,2642,1643,735,2537,2479,832,2475

test suite399
bestAPFD:0.927420
bestSuite:2617,2432,2498,2523,872,2273,2025,1683,162,991,2509,2389,2377

test suite400
bestAPFD:0.912247
bestSuite:209,2513,2494,1403,2476,1583,2024,2492,1181

test suite401
bestAPFD:0.924304
bestSuite:2444,2461,1565,2550,225,912,2404,1955,1901,2393,2482,2463

test suite402
bestAPFD:0.921475
bestSuite:1280,2397,2639,1810,1403,2618,2046,2404,2478,1651,2482

test suite403
bestAPFD:0.921987
bestSuite:2440,2408,1569,82,2553,2537,94,2479,2481,301,1530

test suite404
bestAPFD:0.923473
bestSuite:11,1557,2500,2525,1584,2272,2440,2396,2509,2380

test suite405
bestAPFD:0.926012
bestSuite:1,1651,2453,2489,2445,2267,1584,2350,2005,2410,2462,2492

test suite406
bestAPFD:0.920453
bestSuite:296,2465,1585,2526,2467,1491,2620,1973,2471,1563

test suite407
bestAPFD:0.922212
bestSuite:1934,2393,130,2521,2463,2178,2214,1401,2462,798,2509

test suite408
bestAPFD:0.919836
bestSuite:1562,2463,2500,1404,2461,85,1976,1881,2486,2505

test suite409
bestAPFD:0.923973
bestSuite:2343,1570,1542,1293,2550,1196,2631,2442,2575,600,2518,2478

test suite410
bestAPFD:0.918630
bestSuite:2440,2540,2636,1581,2544,2430,1201,1922,2480,2462

test suite411
bestAPFD:0.923676
bestSuite:1,1557,2521,1800,2577,1747,2440,1595,2531,2510,2028

test suite412
bestAPFD:0.921840
bestSuite:2461,1049,2547,2368,2579,112,668,2479,2396,1616,2509

test suite413
bestAPFD:0.919981
bestSuite:104,2528,1810,1568,1222,1557,2444,2482,1651,1579

test suite414
bestAPFD:0.922183
bestSuite:36,1569,2382,2552,2650,70,2476,2488,2531,2404

test suite415
bestAPFD:0.922318
bestSuite:2007,2467,2403,2458,1951,2471,2586,207,2479,1806,2397

test suite416
bestAPFD:0.930076
bestSuite:171,1824,2396,2520,2122,1985,2112,2369,1522,2475,2388,1652

test suite417
bestAPFD:0.925393
bestSuite:1562,1800,2473,2521,1107,2589,1348,180,505,796,2513,1531

test suite418
bestAPFD:0.927481
bestSuite:66,2449,2513,2459,1562,428,2442,1627,2489,2482,2505

test suite419
bestAPFD:0.923546
bestSuite:1985,2461,1558,2526,1172,2613,2514,2479,2518,1801

test suite420
bestAPFD:0.921582
bestSuite:124,2545,1568,2504,2441,2397,1064,2480,1530,1081

test suite421
bestAPFD:0.923105
bestSuite:2620,2456,2513,2488,2628,1564,60,1078,2377,2166,1841,2476

test suite422
bestAPFD:0.926871
bestSuite:1570,1559,1584,1404,144,1310,1607,2406,2503,1801,421,2643

test suite423
bestAPFD:0.923737
bestSuite:1971,1570,2553,2497,2411,2377,117,2463,1175,1683,2495

test suite424
bestAPFD:0.922424
bestSuite:16,1824,2406,2553,1292,2413,1926,2510,2498,1536

test suite425
bestAPFD:0.920495
bestSuite:2444,2523,1568,2530,1682,1901,1567,1803,987,2492,2462

test suite426
bestAPFD:0.919687
bestSuite:140,2498,2574,2525,2486,548,1108,1406,2481,2578

test suite427
bestAPFD:0.923469
bestSuite:2618,2397,282,2433,2453,2227,2507,515,2407,2514,1415

test suite428
bestAPFD:0.922430
bestSuite:2617,1564,1666,2523,205,819,1800,2589,1569,2496

test suite429
bestAPFD:0.920497
bestSuite:2157,2465,2504,2455,2646,200,1568,2399,2509,2488

test suite430
bestAPFD:0.922425
bestSuite:2442,1557,1577,193,995,2473,837,2503,1852,2510,2458

test suite431
bestAPFD:0.920858
bestSuite:97,2498,2505,2544,2343,2626,1578,2531,779,2507

test suite432
bestAPFD:0.921214
bestSuite:2586,1862,106,1569,2522,1289,1890,2489,890,2475,1631

test suite433
bestAPFD:0.921589
bestSuite:2583,1557,2488,2526,1763,57,2261,2476,1798,2507,542

test suite434
bestAPFD:0.920909
bestSuite:1934,2544,2540,2415,147,943,1426,2509,2369,1406,199

test suite435
bestAPFD:0.925485
bestSuite:2301,2461,2412,1405,1565,2443,1318,86,2377,1454,2537,2507

test suite436
bestAPFD:0.923319
bestSuite:1226,2396,238,2433,2457,1571,1270,2413,2503,2481,2462

test suite437
bestAPFD:0.924087
bestSuite:2442,2513,2372,62,2550,1290,826,2476,2093,1683,2518,2474

test suite438
bestAPFD:0.926319
bestSuite:2633,2498,2521,1808,1900,2215,2340,2486,363,1566,2409,2535,2531,1013

test suite439
bestAPFD:0.917857
bestSuite:2589,2537,223,2451,2545,379,2492,1165,2502,2487

test suite440
bestAPFD:0.923667
bestSuite:2225,2504,2537,2604,2546,1433,1534,1611,2462,2475,2535

test suite441
bestAPFD:0.925365
bestSuite:1570,1903,1586,2520,1748,2181,1563,2584,307,1564,1574,2481,1336

test suite442
bestAPFD:0.913326
bestSuite:2445,2463,200,1574,2526,2496,655,2519,2369

test suite443
bestAPFD:0.915757
bestSuite:2443,1564,2431,2521,2397,2480,1680,1224,1254

test suite444
bestAPFD:0.923145
bestSuite:862,2461,1558,2453,2442,1267,1318,1568,2481,2373,224

test suite445
bestAPFD:0.922696
bestSuite:257,2502,1573,2455,1986,2531,2404,2441,2471,2495

test suite446
bestAPFD:0.914494
bestSuite:755,1557,1660,2521,2483,2476,2586,2503,1420

test suite447
bestAPFD:0.917497
bestSuite:8,2508,2461,2458,2015,2477,2466,2496,1934

test suite448
bestAPFD:0.926394
bestSuite:1570,1964,2459,1574,291,85,1567,2406,2447,408,2471,2381

test suite449
bestAPFD:0.917323
bestSuite:692,2457,207,1663,1568,1816,745,2618,2498,2509

test suite450
bestAPFD:0.917333
bestSuite:880,2464,2434,2546,35,1585,2510,2462,2649

test suite451
bestAPFD:0.925875
bestSuite:2444,1582,2396,2455,1286,2369,648,131,528,2384,2475

test suite452
bestAPFD:0.921182
bestSuite:101,2382,2460,2549,1176,2464,2618,1563,1402,2510

test suite453
bestAPFD:0.918011
bestSuite:1570,1321,1583,2453,294,2642,2416,2476,2496

test suite454
bestAPFD:0.916036
bestSuite:237,2465,1554,2553,251,1850,2476,2475,2082

test suite455
bestAPFD:0.927098
bestSuite:293,2460,2414,2552,2442,1584,1997,1947,2403,2328,2497,2406

test suite456
bestAPFD:0.924843
bestSuite:903,2410,2498,20,2456,2071,2540,2443,1899,2503,2510,1546

test suite457
bestAPFD:0.917998
bestSuite:2335,2406,289,1663,2524,885,2472,2498,2475,2650

test suite458
bestAPFD:0.920776
bestSuite:2445,1564,1402,2525,2419,2512,277,2502,2417,2509

test suite459
bestAPFD:0.921516
bestSuite:8,2371,2486,2458,2479,2286,2413,898,1569,1663

test suite460
bestAPFD:0.920658
bestSuite:2647,1536,2467,2458,1776,1985,2285,1567,2482,2461

test suite461
bestAPFD:0.927572
bestSuite:1570,1666,157,2457,29,1800,273,2479,2507,2489,2644,2487

test suite462
bestAPFD:0.924912
bestSuite:2629,2503,1568,2522,1367,2404,1557,2534,1651,2408,392

test suite463
bestAPFD:0.918404
bestSuite:58,2414,2396,2545,2589,2465,1401,2481,1367

test suite464
bestAPFD:0.913765
bestSuite:2620,2502,1661,2404,2526,2476,2381,2269,2023

test suite465
bestAPFD:0.919308
bestSuite:101,2461,2385,2544,2374,2142,2442,2509,2473

test suite466
bestAPFD:0.918410
bestSuite:2084,2465,1666,2551,1271,2445,2389,2388,2482

test suite467
bestAPFD:0.918955
bestSuite:171,1663,2455,2513,2642,2489,2518,2474,1861

test suite468
bestAPFD:0.914256
bestSuite:1114,2575,2531,6,2545,2441,2475,2403,2369

test suite469
bestAPFD:0.917277
bestSuite:1570,1832,2581,2552,1931,2263,2496,2467,1401

test suite470
bestAPFD:0.919700
bestSuite:980,2540,146,1781,2547,2583,2403,2513,2518,2388

test suite471
bestAPFD:0.925630
bestSuite:619,2461,2451,2520,2626,2246,2389,2392,19,189,481,2496

test suite472
bestAPFD:0.923495
bestSuite:140,2478,2520,1611,1095,2399,2190,2377,2472,2513,2475

test suite473
bestAPFD:0.922313
bestSuite:284,2478,1666,2524,1800,1341,1533,2581,2369,2510,2503

test suite474
bestAPFD:0.923464
bestSuite:1985,2464,1670,2522,928,148,1493,2498,1844,2471,1584

test suite475
bestAPFD:0.920732
bestSuite:783,1582,2523,2502,1480,2431,2641,2581,2537,2481

test suite476
bestAPFD:0.917277
bestSuite:900,2396,19,1683,2552,1798,1879,2411,2502,2492

test suite477
bestAPFD:0.924815
bestSuite:2617,2460,1663,741,2553,1108,966,2492,1818,2478,2497,70

test suite478
bestAPFD:0.922835
bestSuite:2589,2461,2382,2526,2445,2223,14,2540,2062,2479,2400

test suite479
bestAPFD:0.923503
bestSuite:1572,2537,2579,1403,169,2483,2462,2508,2497,1363

test suite480
bestAPFD:0.922246
bestSuite:215,2503,2396,2528,821,1585,2640,2377,2378,2462

test suite481
bestAPFD:0.919697
bestSuite:252,2467,1582,2550,2502,2586,1778,2388,2509

test suite482
bestAPFD:0.923710
bestSuite:1395,2460,2524,1663,227,2579,2467,1724,1040,2410,2507,2483

test suite483
bestAPFD:0.921750
bestSuite:2597,2467,1631,2453,2588,1584,840,2493,2397,2471

test suite484
bestAPFD:0.924845
bestSuite:1932,1557,2454,1843,2582,109,1050,2258,2464,2508,96,2509

test suite485
bestAPFD:0.918586
bestSuite:1309,2380,2513,236,2544,2482,2413,2377,2540,1406

test suite486
bestAPFD:0.923859
bestSuite:2355,1564,2548,2500,1289,2588,2402,164,1567,2369,2518

test suite487
bestAPFD:0.916321
bestSuite:2589,1577,2389,209,2544,1264,2483,2397,2366,2402

test suite488
bestAPFD:0.925695
bestSuite:2622,2451,2549,1564,1492,197,2513,2394,2471,2481,890

test suite489
bestAPFD:0.926076
bestSuite:1358,2465,2553,2435,1985,1478,2377,7,1522,2497,2406

test suite490
bestAPFD:0.922653
bestSuite:1570,1102,2506,2522,193,2409,2649,1663,2503,2473

test suite491
bestAPFD:0.925998
bestSuite:2443,1557,1793,2453,836,1382,120,1531,2471,2478,2409

test suite492
bestAPFD:0.915780
bestSuite:1135,1817,2523,2540,2606,1595,2643,2510,1043,2498

test suite493
bestAPFD:0.922811
bestSuite:1934,2465,1542,2525,780,131,2371,2510,2396,594,1010

test suite494
bestAPFD:0.922345
bestSuite:2589,2465,1864,2544,2578,770,2605,1579,65,1951,2537,1616

test suite495
bestAPFD:0.916263
bestSuite:2441,2461,2552,2449,601,2613,2372,2464,2510

test suite496
bestAPFD:0.928124
bestSuite:56,2369,2550,2505,2366,2626,1418,882,2514,2508,591,2518

test suite497
bestAPFD:0.925838
bestSuite:2622,1536,1564,2548,2404,1220,164,1906,2369,2415,2482

test suite498
bestAPFD:0.924708
bestSuite:197,2513,2520,1585,1600,1992,2001,2404,2486,1865,2489,2582

test suite499
bestAPFD:0.920858
bestSuite:850,2407,2524,2466,274,2413,1259,2492,1563,2369,1841,1492

test suite500
bestAPFD:0.926287
bestSuite:1918,2537,2521,87,1850,1729,2502,395,2496,2385,2644,1679

