test suite1
bestAPFD:0.946553
bestSuite:86,1546,2467,1820,2523,2460,2476,1178,151,2388,2475

test suite2
bestAPFD:0.942308
bestSuite:101,2550,2511,2502,2371,2467,488,163,2509,2589

test suite3
bestAPFD:0.948260
bestSuite:1324,2464,1569,2410,1643,2546,287,2132,1224,2585,1567,2481

test suite4
bestAPFD:0.954867
bestSuite:1913,1564,2460,1851,2407,2497,2454,37,1562,2330,1708,1779,271,2581

test suite5
bestAPFD:0.939560
bestSuite:2182,1772,2403,2524,2389,2462,97,489,728,2444,2492

test suite6
bestAPFD:0.939011
bestSuite:1562,2461,2574,1536,2464,2527,263,203,2399,2510

test suite7
bestAPFD:0.941209
bestSuite:2600,1825,2478,2403,2453,1570,1099,1122,2650,2480

test suite8
bestAPFD:0.944555
bestSuite:980,1564,2513,1404,2434,1565,2497,2604,1162,2582,2388

test suite9
bestAPFD:0.945513
bestSuite:2218,2505,1569,2526,2488,2471,2396,25,2593,1002,2411,2409

test suite10
bestAPFD:0.945513
bestSuite:1712,1852,2489,2548,2471,2502,1660,258,1662,2077,2444,1567

test suite11
bestAPFD:0.933455
bestSuite:2617,2462,2449,1866,2467,2457,2481,1120,2301

test suite12
bestAPFD:0.945554
bestSuite:296,1578,1857,2531,2551,2503,2513,1495,187,2413,2377

test suite13
bestAPFD:0.954867
bestSuite:2569,1661,112,2526,2513,1798,2486,2035,467,1947,1567,804,2535,2481

test suite14
bestAPFD:0.941558
bestSuite:1242,2435,2473,2551,1574,2513,297,1043,876,2480,2643

test suite15
bestAPFD:0.954776
bestSuite:1917,1564,2545,1631,2430,2502,148,416,1437,670,2411,1567,2475

test suite16
bestAPFD:0.940110
bestSuite:945,2465,1573,1861,2544,2476,288,1066,2388,2399

test suite17
bestAPFD:0.939560
bestSuite:1208,1581,2382,2455,2498,2476,53,1543,2238,2468,2496

test suite18
bestAPFD:0.951727
bestSuite:1320,1849,2407,37,2527,2497,2502,2540,2437,1567,2579,423,1723,857

test suite19
bestAPFD:0.926923
bestSuite:2447,2381,2462,1406,2550,2540,37,23,2001,2481

test suite20
bestAPFD:0.939560
bestSuite:97,1038,2373,2465,1565,2489,2458,2497,2644,1288,2509

test suite21
bestAPFD:0.946553
bestSuite:56,1830,2528,1402,2540,2460,816,689,1188,2475,2586

test suite22
bestAPFD:0.957221
bestSuite:2629,1514,2574,1570,2526,2478,505,2401,2053,2010,1345,2156,98,2475

test suite23
bestAPFD:0.946553
bestSuite:186,1772,2547,1611,2514,1569,1073,766,2468,2404,2507

test suite24
bestAPFD:0.944555
bestSuite:2144,2461,2501,2476,1585,2547,282,453,1640,1901,2518

test suite25
bestAPFD:0.954867
bestSuite:46,1817,2397,2288,2525,527,1406,2466,2579,1175,507,1924,2409,2510

test suite26
bestAPFD:0.946553
bestSuite:2617,1560,1557,1651,2526,2489,208,2613,702,2474,2481

test suite27
bestAPFD:0.935897
bestSuite:100,2454,2431,2489,1574,2498,1914,2588,2518

test suite28
bestAPFD:0.945554
bestSuite:100,2382,2497,1403,2476,1565,2460,1345,2250,2468,1579

test suite29
bestAPFD:0.946553
bestSuite:2585,2464,2512,2548,1660,2513,250,2202,2056,1274,2475

test suite30
bestAPFD:0.950092
bestSuite:107,1834,1683,2457,2531,2462,2337,2242,1414,2618,2474,1567

test suite31
bestAPFD:0.946553
bestSuite:224,2435,2527,1585,2462,1564,688,1749,1124,2622,2496

test suite32
bestAPFD:0.934676
bestSuite:180,2459,2376,1536,2498,2486,1963,2507,2629

test suite33
bestAPFD:0.933516
bestSuite:1559,44,2275,2101,2579,2475,2389,2520,2462,1807

test suite34
bestAPFD:0.941209
bestSuite:56,2537,2485,1571,1403,2369,897,946,2440,2481

test suite35
bestAPFD:0.953297
bestSuite:2444,2514,1844,2448,2545,1569,182,2126,1567,424,649,600,1027,2475

test suite36
bestAPFD:0.941558
bestSuite:833,1782,2514,2548,1683,2369,2628,620,2535,2483,2492

test suite37
bestAPFD:0.951007
bestSuite:2617,1841,2528,1582,1564,2460,2064,1494,2325,2483,27,2507

test suite38
bestAPFD:0.950092
bestSuite:77,2383,2450,2551,2461,2503,2406,1524,1069,2326,2585,1584

test suite39
bestAPFD:0.943681
bestSuite:2037,2580,2628,2460,1997,1661,2524,2503,2396,2413,1963,2480

test suite40
bestAPFD:0.957221
bestSuite:2616,2553,2515,1402,2471,2461,2463,1715,189,1145,901,1298,2388,2584

test suite41
bestAPFD:0.950092
bestSuite:119,2477,2473,1514,2462,2456,408,1065,1544,1281,2617,2507

test suite42
bestAPFD:0.945554
bestSuite:1929,2461,2433,1631,2455,2473,2497,82,2642,2138,2377

test suite43
bestAPFD:0.940110
bestSuite:2616,1806,1565,2553,2489,2461,1387,2425,2586,2481

test suite44
bestAPFD:0.946553
bestSuite:2002,1557,1666,2453,2514,2384,2497,2606,1422,2399,2481

test suite45
bestAPFD:0.941209
bestSuite:1944,1557,1843,2525,1666,2463,102,2164,2447,2475

test suite46
bestAPFD:0.946429
bestSuite:2306,1569,2522,1843,1546,2537,2534,1562,291,1754,2585,2510

test suite47
bestAPFD:0.944555
bestSuite:645,2460,1810,2482,2450,1405,1568,26,2366,1579,2578

test suite48
bestAPFD:0.951923
bestSuite:215,2477,2459,2514,2450,2397,2486,1111,1487,2236,1934,2388

test suite49
bestAPFD:0.940110
bestSuite:118,2467,1797,1530,2553,1569,246,1286,2377,2589

test suite50
bestAPFD:0.941209
bestSuite:2616,2550,1817,1565,2463,2471,1569,1584,2324,2589

test suite51
bestAPFD:0.941850
bestSuite:5,2375,2385,1569,2478,2486,2551,52,1935,2594,1248,1579

test suite52
bestAPFD:0.946429
bestSuite:1971,2545,1843,2502,1536,2514,287,596,1678,1991,2584,2510

test suite53
bestAPFD:0.948260
bestSuite:1352,2460,2464,1800,1566,2544,261,761,2251,2582,2409,2507

test suite54
bestAPFD:0.939560
bestSuite:1367,1565,1769,2455,1569,2466,206,2012,2479,2581,2589

test suite55
bestAPFD:0.946553
bestSuite:2618,2461,1806,2453,2500,2473,111,1376,859,1584,2496

test suite56
bestAPFD:0.944597
bestSuite:711,1797,2385,2489,2457,2502,278,2649,1243,2570,2404,2474

test suite57
bestAPFD:0.940110
bestSuite:126,2516,2549,2497,1582,2513,2476,2236,1985,2377

test suite58
bestAPFD:0.951923
bestSuite:1,1819,1404,1568,2482,1611,1569,2096,2194,1944,2535,1579

test suite59
bestAPFD:0.943556
bestSuite:1689,1586,2460,1797,1661,2478,1403,1563,972,2399,2475

test suite60
bestAPFD:0.938561
bestSuite:1130,2384,2500,2463,2498,2452,37,732,708,2399,2507

test suite61
bestAPFD:0.945554
bestSuite:126,1546,2523,1852,2471,2478,2397,814,1508,2468,1563

test suite62
bestAPFD:0.945554
bestSuite:25,2434,1568,1558,2455,2497,2397,720,2442,1766,2510

test suite63
bestAPFD:0.934676
bestSuite:617,2465,2550,1573,2473,1797,871,2480,1934

test suite64
bestAPFD:0.946553
bestSuite:677,1564,2548,2511,1853,1569,236,268,2437,2583,2480

test suite65
bestAPFD:0.940559
bestSuite:986,2476,1851,1616,2458,2498,269,1814,934,1959,1584

test suite66
bestAPFD:0.940559
bestSuite:2190,2504,2462,1616,2459,2531,134,969,2474,2468,2388

test suite67
bestAPFD:0.939011
bestSuite:1185,1586,1651,2537,2549,2471,2498,96,2626,2377

test suite68
bestAPFD:0.937912
bestSuite:923,1576,1769,2548,1522,2531,2502,2113,2444,2518

test suite69
bestAPFD:0.951395
bestSuite:1559,2605,1557,502,492,2252,2000,2388,2552,2540,2644,1803,2503

test suite70
bestAPFD:0.934615
bestSuite:2589,2466,1571,2392,2452,2397,110,1579,932,2411

test suite71
bestAPFD:0.945554
bestSuite:2426,2464,1616,2431,2521,2498,2482,44,2620,1562,2257

test suite72
bestAPFD:0.942308
bestSuite:2622,2487,2389,1403,1571,2461,979,1004,279,2509

test suite73
bestAPFD:0.946429
bestSuite:2579,2465,159,2524,1680,2463,2402,211,1947,1957,2483,2480

test suite74
bestAPFD:0.949176
bestSuite:651,1564,1577,2574,2498,2523,133,1562,933,649,2640,2589

test suite75
bestAPFD:0.933516
bestSuite:2157,2511,2498,2433,2389,2527,2628,2649,2160,2496

test suite76
bestAPFD:0.940110
bestSuite:2617,2380,1581,2513,2453,1568,469,1112,160,2475

test suite77
bestAPFD:0.933516
bestSuite:2447,2498,2432,1401,2552,2463,2633,1375,1579,2496

test suite78
bestAPFD:0.949176
bestSuite:25,1582,2434,2462,2522,2389,1109,2399,773,2589,1579,628

test suite79
bestAPFD:0.934676
bestSuite:58,2486,1580,1574,2455,2462,443,1926,2475

test suite80
bestAPFD:0.941209
bestSuite:1091,2460,1536,2544,2376,2486,2636,1293,1360,1584

test suite81
bestAPFD:0.944555
bestSuite:902,2460,1682,2412,2396,2550,2476,173,2328,2446,2475

test suite82
bestAPFD:0.939011
bestSuite:14,1816,1581,2527,2514,2498,860,1380,2481,2644

test suite83
bestAPFD:0.944597
bestSuite:1559,17,115,633,1716,2159,2498,2458,2404,2406,2476,2430

test suite84
bestAPFD:0.926129
bestSuite:2328,2380,1631,2459,2540,1569,123,2581,2496

test suite85
bestAPFD:0.949704
bestSuite:1385,2553,2397,2435,1554,2503,2389,2638,1444,1962,1506,2643,2509

test suite86
bestAPFD:0.950092
bestSuite:68,2379,1660,2524,2461,2537,2499,735,1702,2447,2409,2518

test suite87
bestAPFD:0.951007
bestSuite:2426,1570,2506,2524,2389,2503,1530,144,32,2099,2578,2480

test suite88
bestAPFD:0.940559
bestSuite:2128,1794,2514,1542,2458,2498,98,1563,1201,2582,2509

test suite89
bestAPFD:0.937912
bestSuite:635,2467,2460,1778,1666,2455,2606,1032,2586,2492

test suite90
bestAPFD:0.941209
bestSuite:11,2453,1769,1530,2489,1569,1907,880,1567,2589

test suite91
bestAPFD:0.940110
bestSuite:124,1851,1661,2548,2461,2463,2009,2626,2474,1567

test suite92
bestAPFD:0.945554
bestSuite:2296,2461,1862,2488,1403,2478,183,38,1908,2507,2583

test suite93
bestAPFD:0.951007
bestSuite:260,2550,2500,2392,1569,2478,342,338,1267,1190,2640,2492

test suite94
bestAPFD:0.940559
bestSuite:788,1560,2553,2500,2397,2476,2543,1563,346,2582,2496

test suite95
bestAPFD:0.944597
bestSuite:1305,2381,1574,2545,2502,2473,261,2649,1668,1940,1906,2475

test suite96
bestAPFD:0.946553
bestSuite:2616,2433,2526,1558,2473,2465,1757,1943,2582,2589,2518

test suite97
bestAPFD:0.931013
bestSuite:79,2400,2373,2503,2549,2463,1557,2620,1567

test suite98
bestAPFD:0.940110
bestSuite:165,2380,2460,1568,1680,2547,1153,2404,2444,2480

test suite99
bestAPFD:0.947344
bestSuite:1559,75,2465,1085,1153,2599,2466,1934,2546,2483,1865,2471

test suite100
bestAPFD:0.932234
bestSuite:2263,1570,2464,1832,2458,1682,160,2481,2468

test suite101
bestAPFD:0.941209
bestSuite:139,2461,2497,1403,1531,2476,243,2642,2241,2409

test suite102
bestAPFD:0.950092
bestSuite:186,2385,1780,2546,2389,2502,1476,910,2181,2586,1567,2474

test suite103
bestAPFD:0.940110
bestSuite:1979,1582,1570,2381,1405,1680,2503,2489,2620,2409

test suite104
bestAPFD:0.942308
bestSuite:86,2522,2435,2513,2537,1573,2159,2404,2442,2518

test suite105
bestAPFD:0.942557
bestSuite:1559,238,2031,928,2406,2377,2547,2513,2443,2398,2503

test suite106
bestAPFD:0.953931
bestSuite:18,1819,2540,1557,1575,2455,1858,1164,1447,2154,2582,2474,1584

test suite107
bestAPFD:0.927350
bestSuite:2442,2498,1843,1611,1403,2473,240,2003,2475

test suite108
bestAPFD:0.933455
bestSuite:224,1661,2501,2521,2460,2406,2227,2518,2399

test suite109
bestAPFD:0.951007
bestSuite:2617,2545,1841,1583,2369,2406,1337,1835,788,286,2388,2589

test suite110
bestAPFD:0.935714
bestSuite:972,1557,42,1560,1571,2503,2528,2540,2399,2510

test suite111
bestAPFD:0.940110
bestSuite:2138,2464,1841,1531,2544,2498,232,2468,2589,2492

test suite112
bestAPFD:0.927350
bestSuite:2291,2466,2485,1536,2524,2513,208,2411,2510

test suite113
bestAPFD:0.953931
bestSuite:2440,2460,2451,2416,2520,2537,2635,2170,1939,2340,2216,1584,2475

test suite114
bestAPFD:0.941850
bestSuite:1570,1058,37,2620,1584,196,649,2506,1404,2400,2540,2497

test suite115
bestAPFD:0.934615
bestSuite:2275,2471,2458,2511,2396,2502,206,672,2446,2479

test suite116
bestAPFD:0.940110
bestSuite:2629,1661,1841,2522,2369,1568,1610,2639,1584,2507

test suite117
bestAPFD:0.952240
bestSuite:2615,2537,2506,1666,2476,2465,2553,2470,1451,2299,1290,2445,1562

test suite118
bestAPFD:0.953931
bestSuite:171,2513,1564,1834,2452,1581,2503,573,2388,2387,1346,1266,2578

test suite119
bestAPFD:0.932418
bestSuite:1384,2488,1808,1569,2486,2452,160,962,2443,1579

test suite120
bestAPFD:0.931319
bestSuite:53,4,2516,2649,2502,1554,1568,2528,2471,2496

test suite121
bestAPFD:0.940110
bestSuite:218,2400,2537,2486,1857,2551,1557,2240,2586,1584

test suite122
bestAPFD:0.947552
bestSuite:58,1841,2547,2461,1565,2473,1108,1873,1934,2377,2480

test suite123
bestAPFD:0.945554
bestSuite:91,1536,1781,2453,2514,2369,1159,743,2046,2481,2649

test suite124
bestAPFD:0.944555
bestSuite:31,2477,2369,2466,1651,2482,2456,518,1435,2440,2509

test suite125
bestAPFD:0.933516
bestSuite:2040,2493,1616,2466,2527,2513,80,2446,2589,2480

test suite126
bestAPFD:0.940559
bestSuite:701,2544,2508,1851,2537,2513,203,1135,1720,2481,2644

test suite127
bestAPFD:0.950092
bestSuite:1226,1561,2456,1531,2473,2462,1529,1980,680,2579,2404,2518

test suite128
bestAPFD:0.941209
bestSuite:126,2376,2513,1546,2550,2463,2174,2252,2445,2496

test suite129
bestAPFD:0.947168
bestSuite:1277,1830,1583,2540,2462,2528,2486,147,173,1562,1437,1690,2587

test suite130
bestAPFD:0.945554
bestSuite:201,2521,1817,1402,2482,2476,2498,2269,1162,2388,1985

test suite131
bestAPFD:0.934676
bestSuite:1304,1557,1660,2452,2372,2540,2624,2496,2413

test suite132
bestAPFD:0.945554
bestSuite:2588,1570,2494,1651,2525,2540,2534,2282,1724,1584,2509

test suite133
bestAPFD:0.934615
bestSuite:2642,1403,2403,2495,2461,2514,80,1878,2404,2509

test suite134
bestAPFD:0.951007
bestSuite:662,2460,1820,2523,2473,2511,202,2387,957,1453,2442,2480

test suite135
bestAPFD:0.948859
bestSuite:1238,2485,1651,2524,2513,2463,274,213,436,954,2483,2446,2480

test suite136
bestAPFD:0.944555
bestSuite:1199,2467,1574,2412,2498,2458,2497,72,2642,1366,2377

test suite137
bestAPFD:0.926511
bestSuite:2283,2465,2545,2511,2436,2486,164,1563

test suite138
bestAPFD:0.941209
bestSuite:253,2384,2526,2511,2460,1564,1386,1562,2650,2475

test suite139
bestAPFD:0.949176
bestSuite:674,1564,1557,2519,2452,2400,24,569,2189,2100,2581,2475

test suite140
bestAPFD:0.950092
bestSuite:107,2416,1575,2467,2521,1557,464,952,2336,1023,2650,2492

test suite141
bestAPFD:0.945554
bestSuite:239,1554,1810,2553,2460,1564,684,2359,2632,2589,2496

test suite142
bestAPFD:0.935714
bestSuite:1559,2607,1012,2621,2589,1405,2478,2509,1569,1834

test suite143
bestAPFD:0.949176
bestSuite:36,2482,2385,1564,1569,2520,2212,2330,1325,2159,1584,2586

test suite144
bestAPFD:0.944555
bestSuite:1301,2467,1570,2400,2546,2376,2503,133,2133,2581,2388

test suite145
bestAPFD:0.940110
bestSuite:239,2380,1530,1564,2551,2397,2325,2409,1934,2518

test suite146
bestAPFD:0.941209
bestSuite:635,1586,1564,2456,1663,2513,1563,1753,2509,1934

test suite147
bestAPFD:0.944555
bestSuite:923,2460,1573,2395,2537,2546,130,1370,2643,2589,2483

test suite148
bestAPFD:0.953931
bestSuite:1176,2461,2385,1832,1403,2476,240,1563,572,39,321,1209,2441

test suite149
bestAPFD:0.934676
bestSuite:36,1820,2457,1682,2406,1570,861,2617,2510

test suite150
bestAPFD:0.938561
bestSuite:1365,2383,129,2471,2527,2403,2478,2397,272,2583,2507

test suite151
bestAPFD:0.953931
bestSuite:179,2382,2503,1569,2523,2448,2540,1049,1140,1413,2212,2496,2579

test suite152
bestAPFD:0.941558
bestSuite:1036,2467,175,1840,1651,1404,1569,755,2581,2377,2480

test suite153
bestAPFD:0.951007
bestSuite:2440,1576,2465,2522,2403,2466,72,1200,961,1283,2483,2480

test suite154
bestAPFD:0.933455
bestSuite:2441,1557,2516,1514,2547,2389,283,2483,2474

test suite155
bestAPFD:0.950092
bestSuite:2617,1573,1769,2460,2457,2466,808,1710,923,172,1567,2518

test suite156
bestAPFD:0.941558
bestSuite:2298,2550,1569,1577,1830,2489,202,930,889,2581,2492

test suite157
bestAPFD:0.943556
bestSuite:287,2498,793,2548,1862,1577,2626,2473,391,2333,2518

test suite158
bestAPFD:0.933455
bestSuite:2586,2464,2487,1542,2521,2502,211,203,2509

test suite159
bestAPFD:0.949176
bestSuite:724,2461,1818,2466,1578,2551,147,2474,2247,2206,2507,2411

test suite160
bestAPFD:0.947552
bestSuite:296,1560,2540,2526,1581,2513,2151,777,1071,2620,2480

test suite161
bestAPFD:0.944597
bestSuite:711,1573,2394,2397,2457,2473,2624,983,2302,1657,2481,2582

test suite162
bestAPFD:0.939011
bestSuite:2603,2502,2452,335,1806,2500,2540,2447,2481,1717

test suite163
bestAPFD:0.946553
bestSuite:116,2545,2410,1661,2498,2467,989,445,1191,2632,2507

test suite164
bestAPFD:0.933516
bestSuite:944,1824,2403,2513,1404,2406,195,2587,2483,2518

test suite165
bestAPFD:0.934676
bestSuite:2587,1576,2462,2524,2511,2389,1013,932,2475

test suite166
bestAPFD:0.926129
bestSuite:53,284,2455,2375,2583,1682,2463,1557,2510

test suite167
bestAPFD:0.934676
bestSuite:253,2486,1793,1569,2457,2449,1868,885,2507

test suite168
bestAPFD:0.949704
bestSuite:83,1865,2453,1666,1569,2540,275,1493,381,1890,771,2510,2582

test suite169
bestAPFD:0.939011
bestSuite:84,2512,1680,2489,2461,2459,1892,1584,2413,2589

test suite170
bestAPFD:0.943556
bestSuite:924,2460,1595,1778,2482,2406,2548,205,1562,972,2444

test suite171
bestAPFD:0.926511
bestSuite:296,1568,1782,1402,2525,2397,2441,2475

test suite172
bestAPFD:0.945554
bestSuite:77,2477,1663,2456,2369,2463,601,1520,1727,2444,2481

test suite173
bestAPFD:0.934615
bestSuite:2618,2552,2448,1832,1568,2462,275,856,2404,2481

test suite174
bestAPFD:0.945513
bestSuite:177,2478,1940,2462,2516,2482,2546,1406,2411,1721,979,2377

test suite175
bestAPFD:0.933455
bestSuite:2617,2414,1663,2397,2522,2467,1122,181,2509

test suite176
bestAPFD:0.924725
bestSuite:217,2465,2486,576,172,2458,1803,1660,2530,2475

test suite177
bestAPFD:0.940559
bestSuite:1570,148,347,2557,2440,2457,2519,2500,2483,2482,2406

test suite178
bestAPFD:0.940559
bestSuite:2106,1644,2457,2375,2513,1568,227,1562,2343,2492,2411

test suite179
bestAPFD:0.935714
bestSuite:783,2502,1401,2521,1800,2486,250,1455,2411,2518

test suite180
bestAPFD:0.936563
bestSuite:1699,2408,2400,2396,2397,2497,2553,156,244,2588,2510

test suite181
bestAPFD:0.943556
bestSuite:729,2465,279,2482,2546,1406,2478,2401,2640,2200,2507

test suite182
bestAPFD:0.946553
bestSuite:1306,2465,2393,2544,1644,1568,243,1562,898,2581,2480

test suite183
bestAPFD:0.939560
bestSuite:2222,1849,1401,2527,2513,2463,35,683,2646,2443,2481

test suite184
bestAPFD:0.941209
bestSuite:2600,1573,1568,1825,2528,2465,867,1563,2632,2509

test suite185
bestAPFD:0.940110
bestSuite:137,1862,1578,2458,2489,2462,2171,2377,2642,2481

test suite186
bestAPFD:0.940110
bestSuite:2235,1570,2395,2537,2528,1565,148,2073,1934,2475

test suite187
bestAPFD:0.934615
bestSuite:913,2526,1536,1850,2389,2502,89,666,2445,2475

test suite188
bestAPFD:0.942308
bestSuite:121,2482,2531,2455,2462,1670,383,814,2447,2510

test suite189
bestAPFD:0.940559
bestSuite:702,2501,2547,2500,2396,2513,13,1768,2474,2584,1579

test suite190
bestAPFD:0.939560
bestSuite:1182,2531,2574,1578,1404,2476,2498,274,2413,1335,2409

test suite191
bestAPFD:0.946553
bestSuite:925,2460,2485,2546,2486,1666,2603,295,1173,2583,2496

test suite192
bestAPFD:0.951923
bestSuite:253,2520,1514,2462,2391,2471,2389,346,1120,2236,2483,2535

test suite193
bestAPFD:0.940110
bestSuite:2588,2465,2495,1571,2552,2463,2503,2534,860,1579

test suite194
bestAPFD:0.940110
bestSuite:1303,2460,1832,1575,2521,2463,2503,2611,2626,2404

test suite195
bestAPFD:0.949176
bestSuite:18,1857,1401,2513,2514,2454,2172,1416,563,953,2496,2588

test suite196
bestAPFD:0.934676
bestSuite:100,2452,2376,1661,2461,1564,1567,2507,2650

test suite197
bestAPFD:0.932234
bestSuite:2577,2464,1557,1405,1406,2375,183,2475,2643

test suite198
bestAPFD:0.937562
bestSuite:2124,1569,1824,2471,1663,1568,2553,238,1562,268,2643

test suite199
bestAPFD:0.932234
bestSuite:2617,2410,1578,2531,2397,2459,2348,2474,2483

test suite200
bestAPFD:0.946553
bestSuite:2629,2520,1843,1530,1564,2498,432,624,1382,2606,2510

test suite201
bestAPFD:0.928571
bestSuite:839,2580,2639,2545,2488,2486,2502,2579,2377

test suite202
bestAPFD:0.949176
bestSuite:2616,1809,1682,1564,2476,2553,2462,2313,513,2025,2582,1567

test suite203
bestAPFD:0.950092
bestSuite:1249,1561,2514,1514,2528,2471,1569,85,457,2048,2447,2483

test suite204
bestAPFD:0.945513
bestSuite:842,2436,294,1571,2396,2524,2498,242,2447,2377,901,2510

test suite205
bestAPFD:0.933516
bestSuite:2051,2505,1585,2369,2455,2478,25,1014,2411,2481

test suite206
bestAPFD:0.934615
bestSuite:1252,1851,2389,2397,2524,2385,2615,691,1934,2480

test suite207
bestAPFD:0.935564
bestSuite:1077,2513,1726,1666,172,2471,2549,1563,2396,2644,726

test suite208
bestAPFD:0.944555
bestSuite:58,2414,2389,2497,1402,2461,2522,517,1167,2447,2492

test suite209
bestAPFD:0.945554
bestSuite:2444,2464,1666,2408,2553,2462,2624,1079,950,2589,2481

test suite210
bestAPFD:0.934676
bestSuite:2048,1570,2524,1554,2473,2410,1897,2535,2475

test suite211
bestAPFD:0.945554
bestSuite:201,1781,1574,2459,1564,2465,2476,969,1201,2640,2479

test suite212
bestAPFD:0.933516
bestSuite:2285,1864,2478,2407,2513,2455,149,2479,2640,2509

test suite213
bestAPFD:0.945554
bestSuite:68,2430,1401,1404,2467,2369,554,1885,2554,2399,2496

test suite214
bestAPFD:0.933516
bestSuite:2589,2485,1670,2514,2550,2513,103,1708,1451,1584

test suite215
bestAPFD:0.940110
bestSuite:2622,2380,1578,2476,2522,1557,1847,919,123,2481

test suite216
bestAPFD:0.939560
bestSuite:2443,1827,2502,2540,1670,2553,178,1498,152,1960,2507

test suite217
bestAPFD:0.939560
bestSuite:1914,1864,1522,2544,2489,2513,2606,1164,2281,1934,2475

test suite218
bestAPFD:0.941558
bestSuite:2047,2459,2450,2502,2514,1782,73,1671,2468,2483,2507

test suite219
bestAPFD:0.945554
bestSuite:88,2430,1643,2452,2478,1570,949,902,2579,2474,2409

test suite220
bestAPFD:0.945513
bestSuite:953,2502,1661,1862,2521,2486,198,1464,2131,2103,2640,2507

test suite221
bestAPFD:0.939011
bestSuite:871,1576,1644,2458,2397,2482,2531,14,2413,2510

test suite222
bestAPFD:0.940110
bestSuite:2179,2464,1522,1818,1403,2397,2626,555,1584,2474

test suite223
bestAPFD:0.944597
bestSuite:2144,1565,1853,2526,2397,2486,57,583,758,1826,2584,2475

test suite224
bestAPFD:0.949176
bestSuite:155,1595,1576,2452,2497,2466,1557,1474,89,174,2447,2480

test suite225
bestAPFD:0.938561
bestSuite:2444,1811,2540,1558,2482,2452,2498,256,1704,327,2388

test suite226
bestAPFD:0.944555
bestSuite:2588,1576,2461,1564,1565,2525,2641,1562,942,765,2589

test suite227
bestAPFD:0.933516
bestSuite:1562,2393,1578,2459,1557,2464,1960,37,2413,2480

test suite228
bestAPFD:0.937118
bestSuite:1572,2234,2473,2544,2486,2498,2377,1794,2511

test suite229
bestAPFD:0.935714
bestSuite:1395,27,1616,2476,2458,2378,2462,1411,1131,1567

test suite230
bestAPFD:0.939560
bestSuite:2007,2485,1578,2476,2525,2397,2603,2620,2082,2474,1579

test suite231
bestAPFD:0.944555
bestSuite:2219,2467,1557,1571,2553,2432,2534,2626,2051,2409,2492

test suite232
bestAPFD:0.951923
bestSuite:107,2549,1569,2433,2503,2448,2489,553,1590,1037,2409,2443

test suite233
bestAPFD:0.945554
bestSuite:1151,2464,1631,1866,2550,2369,2471,208,1647,2643,2510

test suite234
bestAPFD:0.939560
bestSuite:1310,2516,2552,1402,2369,2482,2531,89,1562,727,2586

test suite235
bestAPFD:0.939560
bestSuite:997,2478,2601,1651,2516,2513,2520,2153,2388,2644,2481

test suite236
bestAPFD:0.939011
bestSuite:896,2460,2576,2511,2537,2454,156,2346,2581,2507

test suite237
bestAPFD:0.932234
bestSuite:1292,2461,2408,2478,1574,2453,2613,2509,2640

test suite238
bestAPFD:0.944555
bestSuite:1316,2464,1569,2412,1403,2500,2503,85,2409,2559,2447

test suite239
bestAPFD:0.945554
bestSuite:2622,2472,1522,2524,2537,2497,2397,2156,2129,2388,147

test suite240
bestAPFD:0.961538
bestSuite:70,2549,1844,2389,1522,2486,2460,353,511,325,850,2268,1165,2409,2618

test suite241
bestAPFD:0.945513
bestSuite:2445,2473,2412,2369,2520,1644,54,2475,1035,2030,1974,1241

test suite242
bestAPFD:0.945554
bestSuite:179,2414,1616,2463,2553,1569,341,1344,1450,2509,2644

test suite243
bestAPFD:0.938561
bestSuite:2217,1573,1817,2406,2369,1404,256,1125,937,2640,2481

test suite244
bestAPFD:0.940110
bestSuite:706,2465,2511,1827,2526,2489,21,1196,2510,2444

test suite245
bestAPFD:0.950092
bestSuite:977,1570,1769,1643,2527,2503,2537,19,1231,713,2444,2481

test suite246
bestAPFD:0.939011
bestSuite:1342,1570,1842,2511,2473,1404,150,1934,2409,2507

test suite247
bestAPFD:0.940110
bestSuite:2273,1557,2505,2489,2521,1571,123,849,2440,2480

test suite248
bestAPFD:0.935714
bestSuite:1153,2460,2407,64,225,1861,2478,2527,2411,2518

test suite249
bestAPFD:0.944597
bestSuite:2306,2371,2526,2503,2473,1569,2449,2606,916,2088,2443,2492

test suite250
bestAPFD:0.946553
bestSuite:1562,2369,1782,2527,1583,2531,2025,181,959,2632,2474

test suite251
bestAPFD:0.940110
bestSuite:58,2392,2460,2540,1406,1404,1257,932,2509,2447

test suite252
bestAPFD:0.942766
bestSuite:2028,486,1586,2528,2406,2451,2411,2482,2369,71,1563,807

test suite253
bestAPFD:0.951007
bestSuite:116,2385,2528,1830,2461,2486,1548,1089,2234,767,2632,2480

test suite254
bestAPFD:0.953085
bestSuite:2036,2460,2398,2500,2473,2550,2471,182,48,425,2131,2582,1579

test suite255
bestAPFD:0.953085
bestSuite:226,1864,1401,2498,2473,2520,1833,1219,2210,1026,1584,2579,2474

test suite256
bestAPFD:0.945513
bestSuite:1985,2398,1569,1643,2544,2540,2536,809,1483,1228,2479,2492

test suite257
bestAPFD:0.949704
bestSuite:1287,2460,1564,1401,2515,111,2497,2545,503,2142,1331,2644,2480

test suite258
bestAPFD:0.924908
bestSuite:1950,1778,1651,2454,2537,2482,2513,1563,2578

test suite259
bestAPFD:0.946429
bestSuite:1130,1776,2473,2457,1643,1569,114,1079,2356,2579,2404,2475

test suite260
bestAPFD:0.937912
bestSuite:2585,2464,1557,2472,2403,1403,1362,726,558,2475

test suite261
bestAPFD:0.950092
bestSuite:137,1536,1824,2528,2396,2486,1557,1398,1499,2128,2632,2483

test suite262
bestAPFD:0.947552
bestSuite:179,1824,1403,1568,1660,2397,1707,546,1584,1985,2589

test suite263
bestAPFD:0.934565
bestSuite:2099,106,1218,2415,2537,1530,2369,2452,2535,2045,2518

test suite264
bestAPFD:0.945513
bestSuite:2205,1514,2550,2514,2394,1569,2482,225,250,931,2441,2496

test suite265
bestAPFD:0.944555
bestSuite:2117,1570,1564,2457,1832,1581,44,568,483,2480,2643

test suite266
bestAPFD:0.951007
bestSuite:2608,2456,2501,1571,2389,2513,1093,1032,2245,1934,2404,2496

test suite267
bestAPFD:0.941558
bestSuite:1133,2523,2393,2537,1531,2513,2605,760,908,2510,2413

test suite268
bestAPFD:0.950092
bestSuite:154,2403,1866,2540,1405,2397,1232,341,1031,1381,2445,2492

test suite269
bestAPFD:0.951007
bestSuite:1891,1557,2453,2378,2540,1683,225,1838,2074,2388,2586,2475

test suite270
bestAPFD:0.933455
bestSuite:296,1558,1561,2458,2498,2478,2471,2620,2409

test suite271
bestAPFD:0.944555
bestSuite:2062,2460,2435,1631,2503,2549,2514,144,1052,2588,2483

test suite272
bestAPFD:0.939011
bestSuite:293,1616,2436,2514,2502,1404,1305,680,2441,2475

test suite273
bestAPFD:0.946429
bestSuite:1985,1865,2389,2454,1578,2513,46,1563,1539,337,2363,2518

test suite274
bestAPFD:0.950092
bestSuite:1917,2461,1661,2376,2547,2514,203,1599,2121,1904,2510,2587

test suite275
bestAPFD:0.940559
bestSuite:1892,2459,1807,1566,2514,2498,198,984,2640,2377,2510

test suite276
bestAPFD:0.940110
bestSuite:107,2576,1406,2389,2525,2498,2503,1077,2620,1567

test suite277
bestAPFD:0.939011
bestSuite:660,2467,1857,2503,1631,1404,2397,243,2518,2444

test suite278
bestAPFD:0.945513
bestSuite:1343,1801,2396,26,1405,1670,2486,2369,1067,1953,2421,2404

test suite279
bestAPFD:0.940559
bestSuite:2230,1569,2384,1571,2527,2466,62,485,2261,2518,2440

test suite280
bestAPFD:0.939560
bestSuite:1570,854,1701,1968,65,2527,2632,1401,2494,2518,2478

test suite281
bestAPFD:0.941209
bestSuite:215,2546,2511,1560,2397,2514,1225,1397,2632,2507

test suite282
bestAPFD:0.944555
bestSuite:16,1570,1807,2396,1666,2486,2525,1615,1067,1584,2581

test suite283
bestAPFD:0.931319
bestSuite:1127,2485,1530,2523,2503,2540,2397,289,2642,1562

test suite284
bestAPFD:0.946553
bestSuite:124,1853,2389,1643,2523,2461,1475,1209,1254,2442,2492

test suite285
bestAPFD:0.950092
bestSuite:2176,1564,2430,1536,2526,2502,2633,454,1442,2443,2589,1567

test suite286
bestAPFD:0.926129
bestSuite:1319,2396,1780,1565,2369,2523,151,2589,2483

test suite287
bestAPFD:0.948260
bestSuite:131,2498,1811,2486,457,2454,1402,2583,1551,801,888,2509

test suite288
bestAPFD:0.941209
bestSuite:1299,2467,2522,2394,2503,1536,1569,53,2586,2510

test suite289
bestAPFD:0.944555
bestSuite:2120,1582,2575,2550,2396,1569,2534,1872,2440,2479,2507

test suite290
bestAPFD:0.951727
bestSuite:1074,1531,1857,2462,2548,2466,2471,2628,2388,1673,1501,2627,852,2579

test suite291
bestAPFD:0.958006
bestSuite:1,2457,2487,1581,1557,2478,1716,2010,1191,2388,1170,2564,2481,2413

test suite292
bestAPFD:0.947552
bestSuite:105,2381,2458,2467,2503,1566,2369,1988,1950,2640,1567

test suite293
bestAPFD:0.945554
bestSuite:1149,1557,1825,1401,2551,2406,1792,2336,869,1934,2492

test suite294
bestAPFD:0.942766
bestSuite:1298,2494,1531,1568,2471,2552,2498,207,1074,2650,1705,2479

test suite295
bestAPFD:0.944555
bestSuite:764,1570,1682,2575,2478,2544,2626,1764,2618,2404,2507

test suite296
bestAPFD:0.940110
bestSuite:113,2467,1571,2415,2457,1569,274,2621,2507,2583

test suite297
bestAPFD:0.942308
bestSuite:79,2396,1403,1554,2432,2502,2190,2518,1081,2440

test suite298
bestAPFD:0.950092
bestSuite:674,2460,2375,1531,2546,2489,19,839,1931,2582,2404,2474

test suite299
bestAPFD:0.949704
bestSuite:1303,2463,1565,2501,2527,2513,114,2330,530,917,2443,2589,2496

test suite300
bestAPFD:0.946553
bestSuite:2064,1570,1571,2522,2485,2473,392,1741,822,2475,2586

test suite301
bestAPFD:0.926129
bestSuite:1105,1772,1542,2486,2550,2498,2613,2168,2475

test suite302
bestAPFD:0.951007
bestSuite:2608,2478,2371,2471,2524,1651,1569,609,2539,622,1579,2649

test suite303
bestAPFD:0.946553
bestSuite:1761,2460,1769,2452,1554,2478,1562,2649,2388,1493,2475

test suite304
bestAPFD:0.939011
bestSuite:257,2493,1558,1569,2486,1404,2170,908,2629,2483

test suite305
bestAPFD:0.939560
bestSuite:2618,2508,1830,2552,2514,2397,236,1563,1007,940,2492

test suite306
bestAPFD:0.939560
bestSuite:1282,2471,54,2450,2458,2476,1563,2369,33,2640,851

test suite307
bestAPFD:0.946553
bestSuite:253,2521,2434,2400,2467,1570,2486,959,1497,2620,2518

test suite308
bestAPFD:0.933516
bestSuite:2618,1581,2477,1404,2489,2502,208,1964,2404,2509

test suite309
bestAPFD:0.940110
bestSuite:119,1798,1602,2525,1568,2460,2238,2285,2481,2446

test suite310
bestAPFD:0.945554
bestSuite:1889,2461,2407,1798,2549,2497,2478,200,1020,2442,2483

test suite311
bestAPFD:0.932234
bestSuite:2589,1564,1581,2485,2369,2547,289,2557,2479

test suite312
bestAPFD:0.938561
bestSuite:1232,2434,102,1616,2406,2526,2462,1584,1246,2643,2474

test suite313
bestAPFD:0.944555
bestSuite:2182,1570,2517,2403,2473,2545,10,2649,822,2404,2518

test suite314
bestAPFD:0.931013
bestSuite:1572,1321,269,2643,2525,2518,2513,2486,1406

test suite315
bestAPFD:0.941209
bestSuite:1258,2467,1866,2453,1683,2502,282,1563,2413,2589

test suite316
bestAPFD:0.950092
bestSuite:2629,2416,1582,2458,2369,2540,2503,469,1175,422,2216,2404

test suite317
bestAPFD:0.927350
bestSuite:1689,1643,2454,2393,1568,2498,216,2626,2481

test suite318
bestAPFD:0.946553
bestSuite:2617,2498,2517,1568,2549,1401,2471,637,1127,2609,2507

test suite319
bestAPFD:0.932234
bestSuite:1242,2460,1842,2396,1661,2453,2640,2409,2475

test suite320
bestAPFD:0.938561
bestSuite:1699,1536,1832,2540,2513,2458,57,759,2474,2589,2518

test suite321
bestAPFD:0.946553
bestSuite:949,1570,1798,2552,1631,2486,172,934,1251,2468,2509

test suite322
bestAPFD:0.946553
bestSuite:2555,2464,2549,2431,1661,1569,190,714,1082,2445,2518

test suite323
bestAPFD:0.939560
bestSuite:1934,1660,1806,2513,2549,2537,64,2119,767,854,2509

test suite324
bestAPFD:0.941209
bestSuite:2360,1557,2526,1663,2501,2486,263,1563,1656,1545

test suite325
bestAPFD:0.935897
bestSuite:126,2540,2477,2548,2450,1569,2356,2445,2507

test suite326
bestAPFD:0.935897
bestSuite:8,1803,2452,1568,1661,2513,1330,2510,2441

test suite327
bestAPFD:0.952240
bestSuite:2596,1851,2451,2502,2503,2473,2453,2037,1024,1256,1453,2642,1563

test suite328
bestAPFD:0.946553
bestSuite:78,2436,2522,2407,2465,2478,1960,1021,2582,2388,2510

test suite329
bestAPFD:0.945513
bestSuite:1350,1834,2540,1569,2552,1522,53,322,1627,650,2618,2492

test suite330
bestAPFD:0.942942
bestSuite:1579,457,1574,2384,2524,2369,2489,227,2584,1795,1527,754,2475

test suite331
bestAPFD:0.933516
bestSuite:945,2393,1574,2550,2478,2462,211,1184,2480,2581

test suite332
bestAPFD:0.946553
bestSuite:1245,1564,1807,2551,2482,2500,2498,174,826,2388,2445

test suite333
bestAPFD:0.939011
bestSuite:105,1660,2368,2486,1570,2548,2121,937,2095,2492

test suite334
bestAPFD:0.941209
bestSuite:126,2504,2452,1581,2473,2513,893,2588,2200,2518

test suite335
bestAPFD:0.949176
bestSuite:2309,2464,2461,2503,2547,1558,10,1410,1556,1517,2447,2404

test suite336
bestAPFD:0.934676
bestSuite:844,2464,1825,2524,2502,1578,212,2643,2481

test suite337
bestAPFD:0.928571
bestSuite:2178,2486,1583,2525,2487,2369,129,367,2475

test suite338
bestAPFD:0.941209
bestSuite:677,2461,1808,1403,1578,2463,13,1326,2509,2586

test suite339
bestAPFD:0.945554
bestSuite:823,1570,1530,2375,2522,2540,2601,170,2388,2480,2535

test suite340
bestAPFD:0.938561
bestSuite:2636,1195,2408,2626,2523,2471,2466,1531,2479,1569,2429

test suite341
bestAPFD:0.940110
bestSuite:293,2497,2513,1406,1568,2546,1182,2118,2579,2388

test suite342
bestAPFD:0.936813
bestSuite:1570,204,203,2374,2488,2632,2548,2503,2480,2389

test suite343
bestAPFD:0.934615
bestSuite:2468,1849,2489,1660,2454,1569,193,817,1833,2496

test suite344
bestAPFD:0.932418
bestSuite:1991,1569,2489,2458,2415,2385,2503,2541,2578,2388

test suite345
bestAPFD:0.937912
bestSuite:2636,2465,1726,1769,2551,2473,1522,2579,2404,2518

test suite346
bestAPFD:0.939011
bestSuite:105,2493,1582,1568,1557,1404,770,221,2510,2444

test suite347
bestAPFD:0.932418
bestSuite:2145,1820,1581,2520,2389,2476,1569,21,43,2481

test suite348
bestAPFD:0.942557
bestSuite:1699,1570,2537,1840,2471,1660,2457,2641,755,2440,2479

test suite349
bestAPFD:0.933516
bestSuite:2442,1670,1780,1403,1569,2478,274,2130,2054,2492

test suite350
bestAPFD:0.937562
bestSuite:604,2514,1663,1832,2462,2486,2457,197,1563,1091,2481

test suite351
bestAPFD:0.954776
bestSuite:88,2397,2580,2488,2547,1568,307,1541,1376,938,1563,2518,2411

test suite352
bestAPFD:0.935897
bestSuite:58,2527,2460,2516,1581,2473,2272,2649,2480

test suite353
bestAPFD:0.945447
bestSuite:848,377,1778,2482,2451,2649,2546,2537,2369,225,2606,367,1684,2388

test suite354
bestAPFD:0.951923
bestSuite:91,2463,2548,1402,2495,2369,1517,1279,92,895,2586,2509

test suite355
bestAPFD:0.942308
bestSuite:180,2497,2465,2456,1402,2540,1805,872,2644,2409

test suite356
bestAPFD:0.945554
bestSuite:878,2461,2395,1574,2526,2406,76,1562,2427,2581,2507

test suite357
bestAPFD:0.942308
bestSuite:2622,2467,2434,1404,1616,1569,1077,1343,970,2518

test suite358
bestAPFD:0.941209
bestSuite:66,2435,2545,1611,2461,1564,164,2622,2483,2475

test suite359
bestAPFD:0.948260
bestSuite:34,2448,1794,2503,2456,2531,2397,465,1671,1012,2413,2518

test suite360
bestAPFD:0.939560
bestSuite:1999,2540,1683,2410,2502,1403,250,1471,1343,2584,2518

test suite361
bestAPFD:0.949176
bestSuite:1945,2461,2467,2477,1403,1585,2635,2233,1482,2535,2404,2492

test suite362
bestAPFD:0.945554
bestSuite:84,1566,1794,2547,2476,2369,1155,1297,1434,2446,2377

test suite363
bestAPFD:0.950092
bestSuite:84,2453,1530,2391,2497,1568,2498,441,99,1185,2445,2409

test suite364
bestAPFD:0.950092
bestSuite:1891,2465,2493,1577,2524,2463,251,1728,1593,2643,2377,2492

test suite365
bestAPFD:0.940110
bestSuite:58,2488,2495,2459,2463,2513,518,1748,2496,2443

test suite366
bestAPFD:0.946553
bestSuite:79,2452,2385,2432,2406,2498,2482,901,622,2399,1584

test suite367
bestAPFD:0.940110
bestSuite:56,1663,2501,2453,1570,2396,217,2585,2589,1562

test suite368
bestAPFD:0.933455
bestSuite:239,1825,1401,2465,2452,1564,1520,2650,2481

test suite369
bestAPFD:0.934676
bestSuite:180,2528,1571,1810,2463,2498,2474,2632,1563

test suite370
bestAPFD:0.950092
bestSuite:2647,2431,2406,2513,1661,2553,531,992,1886,1584,2492,2632

test suite371
bestAPFD:0.945554
bestSuite:31,1824,2385,2546,2466,1570,2583,1280,2314,2409,2509

test suite372
bestAPFD:0.925137
bestSuite:104,1772,2450,1403,2476,2502,900,2409

test suite373
bestAPFD:0.940110
bestSuite:2622,2553,2501,1682,2482,2537,2502,71,1999,2409

test suite374
bestAPFD:0.947344
bestSuite:986,2467,2462,2379,2471,2488,2525,146,1036,1437,2518,2578

test suite375
bestAPFD:0.947168
bestSuite:1341,1536,2369,1778,2497,2537,2546,24,1664,480,860,2388,2443

test suite376
bestAPFD:0.933516
bestSuite:962,2575,1660,2452,2396,2397,150,2446,2388,2589

test suite377
bestAPFD:0.953931
bestSuite:86,2515,2462,2449,2514,2547,1423,1856,2085,2252,2622,2409,2589

test suite378
bestAPFD:0.939011
bestSuite:791,2464,2465,2430,2544,1514,248,2535,2483,2496

test suite379
bestAPFD:0.940110
bestSuite:1011,2460,1663,2368,2524,1568,37,217,2481,2446

test suite380
bestAPFD:0.939560
bestSuite:1190,1816,1631,181,2513,1405,2531,2068,1740,2535,2510

test suite381
bestAPFD:0.918269
bestSuite:880,1809,2476,1670,2545,2502,144,1563

test suite382
bestAPFD:0.951007
bestSuite:2468,1557,1825,2546,1571,2406,273,939,2268,1027,2474,2509

test suite383
bestAPFD:0.945513
bestSuite:1254,1806,2551,2463,2385,2482,2369,277,1881,1988,2404,1985

test suite384
bestAPFD:0.944597
bestSuite:2445,1536,2552,2412,2389,2471,2462,273,208,776,1898,2377

test suite385
bestAPFD:0.939011
bestSuite:2128,1586,1570,2489,2482,2453,1585,175,2644,2479

test suite386
bestAPFD:0.941558
bestSuite:1242,2466,2512,2552,1536,2369,129,1562,929,2411,2589

test suite387
bestAPFD:0.946553
bestSuite:2622,1404,1840,2503,2502,2478,1522,2092,2095,46,2480

test suite388
bestAPFD:0.932418
bestSuite:955,1682,2453,1827,2503,2514,2502,1563,754,2445

test suite389
bestAPFD:0.941558
bestSuite:14,2456,2494,2464,1546,2502,173,1029,2429,2446,2507

test suite390
bestAPFD:0.928022
bestSuite:2090,1325,2369,1798,2546,2450,2489,1563,2535,2481

test suite391
bestAPFD:0.937912
bestSuite:2230,1570,1843,2540,2471,1566,2550,169,2626,2479

test suite392
bestAPFD:0.954776
bestSuite:1223,1564,1403,2410,1595,2397,294,535,1116,511,730,2481,1985

test suite393
bestAPFD:0.951923
bestSuite:88,2490,2498,1405,1577,2396,1227,1389,1106,1108,2642,2496

test suite394
bestAPFD:0.945554
bestSuite:121,2374,2407,2513,2544,2537,1679,1371,2275,2411,2518

test suite395
bestAPFD:0.940110
bestSuite:947,2460,1683,2392,2547,2478,6,2642,2270,2518

test suite396
bestAPFD:0.945554
bestSuite:252,2451,2487,2396,1404,2482,2498,1005,626,1985,2507

test suite397
bestAPFD:0.939011
bestSuite:1572,652,2188,2520,1579,2587,2466,2481,2498,1406

test suite398
bestAPFD:0.945554
bestSuite:17,1810,1643,2537,2452,2461,832,735,2642,2479,2475

test suite399
bestAPFD:0.955621
bestSuite:2617,2498,2432,2523,1683,2389,991,2025,2273,872,162,2377,2509

test suite400
bestAPFD:0.926129
bestSuite:209,2513,1181,2476,1403,2494,1583,2024,2492

test suite401
bestAPFD:0.951007
bestSuite:2444,2461,2550,2393,1565,2463,2482,225,1955,1901,912,2404

test suite402
bestAPFD:0.938561
bestSuite:1280,1651,2478,1810,2482,1403,2397,2639,2046,2618,2404

test suite403
bestAPFD:0.941558
bestSuite:2440,1530,2537,2553,2408,1569,82,301,94,2479,2481

test suite404
bestAPFD:0.939011
bestSuite:11,2500,2380,1557,2396,2525,2272,2440,1584,2509

test suite405
bestAPFD:0.951923
bestSuite:1,2489,2453,2410,1651,2462,2350,2267,2005,2445,1584,2492

test suite406
bestAPFD:0.942308
bestSuite:296,2471,2465,2526,1585,2467,1973,1491,1563,2620

test suite407
bestAPFD:0.940559
bestSuite:2214,2393,2463,1401,2521,2462,130,798,2178,1934,2509

test suite408
bestAPFD:0.940110
bestSuite:1976,2461,2500,2505,1404,2463,2486,85,1562,1881

test suite409
bestAPFD:0.949176
bestSuite:2343,1570,2478,2575,2550,1542,2631,1293,1196,600,2518,2442

test suite410
bestAPFD:0.933516
bestSuite:1201,2430,1581,2544,2540,2462,2636,1922,2440,2480

test suite411
bestAPFD:0.947552
bestSuite:1,1800,2521,2531,1595,1557,1747,2028,2577,2510,2440

test suite412
bestAPFD:0.938561
bestSuite:2579,2461,1049,112,2368,1616,2547,2396,668,2479,2509

test suite413
bestAPFD:0.942308
bestSuite:104,1810,1557,2528,2482,1568,1651,1222,2444,1579

test suite414
bestAPFD:0.942308
bestSuite:70,2488,2531,2552,2382,1569,2476,36,2650,2404

test suite415
bestAPFD:0.943556
bestSuite:2007,2467,1806,2403,2471,2397,2458,207,1951,2479,2586

test suite416
bestAPFD:0.951923
bestSuite:171,1824,2396,2520,1522,2369,1652,2112,2122,2388,1985,2475

test suite417
bestAPFD:0.949176
bestSuite:180,1800,1531,2473,2513,2521,505,1107,796,1348,2589,1562

test suite418
bestAPFD:0.947552
bestSuite:66,2505,2459,2513,2489,2449,2482,428,1627,2442,1562

test suite419
bestAPFD:0.940110
bestSuite:1172,2461,1558,1801,2526,2514,2613,1985,2479,2518

test suite420
bestAPFD:0.941209
bestSuite:124,2504,2545,1530,1568,2397,1064,1081,2480,2441

test suite421
bestAPFD:0.951007
bestSuite:2620,2513,1841,2456,1564,2488,2476,1078,2628,60,2166,2377

test suite422
bestAPFD:0.948260
bestSuite:1559,144,1570,421,1607,1310,2643,1404,1584,2406,1801,2503

test suite423
bestAPFD:0.946553
bestSuite:1971,1570,2495,2553,1683,2463,2497,117,1175,2411,2377

test suite424
bestAPFD:0.940110
bestSuite:16,1824,1536,2553,2498,2406,1926,1292,2413,2510

test suite425
bestAPFD:0.941558
bestSuite:2444,2523,1803,1568,1682,2462,2530,987,1901,1567,2492

test suite426
bestAPFD:0.932418
bestSuite:140,2498,2486,548,1108,2574,1406,2525,2578,2481

test suite427
bestAPFD:0.939560
bestSuite:2227,2433,2407,2453,2397,2514,282,1415,515,2618,2507

test suite428
bestAPFD:0.940110
bestSuite:2617,1800,1666,2523,1564,1569,819,205,2589,2496

test suite429
bestAPFD:0.941209
bestSuite:2157,2465,2504,2455,2488,1568,200,2646,2509,2399

test suite430
bestAPFD:0.946553
bestSuite:2442,1557,1852,2458,2473,1577,2503,193,837,995,2510

test suite431
bestAPFD:0.935714
bestSuite:2343,2544,2505,2531,2498,1578,97,2626,779,2507

test suite432
bestAPFD:0.939560
bestSuite:2586,1631,1862,2489,2522,1569,106,1289,1890,890,2475

test suite433
bestAPFD:0.946553
bestSuite:1763,1557,1798,2526,2488,2476,57,2261,542,2583,2507

test suite434
bestAPFD:0.941558
bestSuite:1934,1406,2544,2369,2415,2540,147,199,1426,943,2509

test suite435
bestAPFD:0.951007
bestSuite:86,1405,1565,2412,2537,2461,1454,1318,2301,2377,2443,2507

test suite436
bestAPFD:0.939560
bestSuite:1226,2433,2457,1571,2396,2462,2503,238,1270,2413,2481

test suite437
bestAPFD:0.944597
bestSuite:2442,1683,2513,2372,2476,2550,62,2093,826,1290,2474,2518

test suite438
bestAPFD:0.942308
bestSuite:1013,2498,2486,2215,363,2340,1808,1566,2521,2531,2633,2535,1900,2409

test suite439
bestAPFD:0.935714
bestSuite:2589,2545,2487,2502,2451,2537,223,1165,379,2492

test suite440
bestAPFD:0.939560
bestSuite:2225,1611,2504,2546,2462,2537,2604,1534,1433,2535,2475

test suite441
bestAPFD:0.947168
bestSuite:1570,1748,1903,2584,1586,307,1336,2181,1563,1574,2520,2481,1564

test suite442
bestAPFD:0.928571
bestSuite:655,2519,2463,2526,1574,2369,200,2445,2496

test suite443
bestAPFD:0.934676
bestSuite:1254,1564,2431,2521,1680,2397,1224,2443,2480

test suite444
bestAPFD:0.944555
bestSuite:224,2373,1558,2461,1568,2453,1318,1267,862,2442,2481

test suite445
bestAPFD:0.937912
bestSuite:257,2495,1573,2502,2471,2531,2455,1986,2441,2404

test suite446
bestAPFD:0.934676
bestSuite:2586,1557,2503,2521,1660,2476,755,1420,2483

test suite447
bestAPFD:0.935897
bestSuite:8,2508,2466,2458,2477,2461,2015,2496,1934

test suite448
bestAPFD:0.948260
bestSuite:1964,1570,2406,2381,1574,2459,2471,85,408,291,2447,1567

test suite449
bestAPFD:0.935714
bestSuite:692,1816,2498,2457,1663,1568,207,2618,745,2509

test suite450
bestAPFD:0.933455
bestSuite:880,2464,1585,2434,2546,2462,35,2649,2510

test suite451
bestAPFD:0.945554
bestSuite:2444,1582,2396,2384,2455,2369,131,528,648,1286,2475

test suite452
bestAPFD:0.940110
bestSuite:101,2382,1402,2549,2460,2464,1176,1563,2618,2510

test suite453
bestAPFD:0.934676
bestSuite:1321,1570,2416,2453,1583,2476,294,2642,2496

test suite454
bestAPFD:0.933455
bestSuite:237,2465,1850,2476,2553,1554,251,2082,2475

test suite455
bestAPFD:0.950092
bestSuite:293,2403,2552,2414,2497,2406,2460,1947,1997,2328,1584,2442

test suite456
bestAPFD:0.943681
bestSuite:903,2410,2456,1546,2503,2498,2540,20,1899,2071,2443,2510

test suite457
bestAPFD:0.934615
bestSuite:2335,1663,2524,2472,2406,2498,289,885,2650,2475

test suite458
bestAPFD:0.940110
bestSuite:2445,1564,2512,1402,2525,2502,277,2419,2417,2509

test suite459
bestAPFD:0.941209
bestSuite:8,2371,1569,1663,2458,2486,898,2286,2479,2413

test suite460
bestAPFD:0.939011
bestSuite:2647,2461,2467,1776,1536,2458,2482,2285,1985,1567

test suite461
bestAPFD:0.946429
bestSuite:1570,1800,1666,157,29,2487,273,2457,2479,2644,2507,2489

test suite462
bestAPFD:0.945554
bestSuite:2629,2408,1651,2522,1557,2503,1568,392,1367,2534,2404

test suite463
bestAPFD:0.934676
bestSuite:58,2545,2414,1401,2396,2465,1367,2481,2589

test suite464
bestAPFD:0.926129
bestSuite:2023,2381,1661,2526,2476,2502,2620,2269,2404

test suite465
bestAPFD:0.935897
bestSuite:101,2473,2544,2374,2385,2461,2142,2442,2509

test suite466
bestAPFD:0.933455
bestSuite:2084,2465,2482,2389,2551,1666,1271,2388,2445

test suite467
bestAPFD:0.934676
bestSuite:171,1663,2455,1861,2489,2513,2642,2474,2518

test suite468
bestAPFD:0.926129
bestSuite:1114,2403,2575,2545,2531,2369,6,2441,2475

test suite469
bestAPFD:0.931013
bestSuite:2263,2467,1570,1832,1401,2552,1931,2496,2581

test suite470
bestAPFD:0.934615
bestSuite:980,1781,2547,2403,2540,2513,146,2583,2388,2518

test suite471
bestAPFD:0.950092
bestSuite:619,2461,2392,2451,2520,2389,19,2626,481,189,2246,2496

test suite472
bestAPFD:0.939560
bestSuite:2190,2472,1611,2520,2513,2478,140,2377,1095,2399,2475

test suite473
bestAPFD:0.936563
bestSuite:1341,1800,2503,1666,2478,2524,2369,284,1533,2581,2510

test suite474
bestAPFD:0.943556
bestSuite:928,2464,1844,2498,1670,2471,2522,148,1493,1985,1584

test suite475
bestAPFD:0.939011
bestSuite:783,1582,2431,2502,2523,2537,2641,1480,2581,2481

test suite476
bestAPFD:0.935714
bestSuite:900,2552,2396,1798,1683,2502,19,1879,2411,2492

test suite477
bestAPFD:0.947344
bestSuite:70,1663,1818,2497,2460,2478,2553,1108,741,966,2617,2492

test suite478
bestAPFD:0.946553
bestSuite:14,2461,2382,2526,2540,2400,2223,2062,2445,2589,2479

test suite479
bestAPFD:0.940110
bestSuite:1572,169,1363,2462,2579,1403,2483,2537,2508,2497

test suite480
bestAPFD:0.939011
bestSuite:215,2378,1585,2528,2503,2462,2396,821,2640,2377

test suite481
bestAPFD:0.933455
bestSuite:252,1778,1582,2550,2467,2502,2586,2388,2509

test suite482
bestAPFD:0.947344
bestSuite:1395,2460,2467,2524,227,2410,1663,1040,2579,1724,2483,2507

test suite483
bestAPFD:0.941209
bestSuite:2597,2493,2397,1631,2453,2471,2467,840,2588,1584

test suite484
bestAPFD:0.949176
bestSuite:1932,2464,1557,1843,2454,2508,96,1050,109,2258,2582,2509

test suite485
bestAPFD:0.932418
bestSuite:1309,2380,2544,1406,2482,2513,2540,236,2377,2413

test suite486
bestAPFD:0.945554
bestSuite:2355,1564,2402,2500,2548,2369,164,1289,2588,1567,2518

test suite487
bestAPFD:0.933516
bestSuite:2589,2402,2397,2389,1577,2544,209,2366,1264,2483

test suite488
bestAPFD:0.946553
bestSuite:2622,2394,2549,2471,2513,2451,1564,197,1492,890,2481

test suite489
bestAPFD:0.943556
bestSuite:1358,2465,1522,2435,2406,2497,2553,7,1478,1985,2377

test suite490
bestAPFD:0.939011
bestSuite:1102,1570,2506,2473,2503,2522,1663,193,2649,2409

test suite491
bestAPFD:0.944555
bestSuite:836,1557,2478,2453,1793,1531,2471,120,1382,2443,2409

test suite492
bestAPFD:0.935714
bestSuite:1135,1817,2606,2523,1595,2540,2498,1043,2510,2643

test suite493
bestAPFD:0.946553
bestSuite:1934,2465,2525,1542,2371,2396,131,1010,780,594,2510

test suite494
bestAPFD:0.949176
bestSuite:2589,2465,2537,1864,2544,1616,65,2605,1951,770,2578,1579

test suite495
bestAPFD:0.931013
bestSuite:2441,2464,2461,2372,2449,2552,2613,601,2510

test suite496
bestAPFD:0.951007
bestSuite:56,2550,2508,2505,2369,2514,1418,591,882,2366,2626,2518

test suite497
bestAPFD:0.946553
bestSuite:2622,2369,1536,2415,2548,1564,2482,1906,1220,164,2404

test suite498
bestAPFD:0.945513
bestSuite:197,2513,2486,1585,1865,2001,2489,2520,2582,1600,1992,2404

test suite499
bestAPFD:0.945513
bestSuite:850,2407,2466,274,1841,2369,2524,1563,1492,2413,2492,1259

test suite500
bestAPFD:0.944597
bestSuite:1918,1850,2385,2537,2521,2502,87,395,1679,1729,2644,2496

