test suite1
bestAPFD:0.884858
bestSuite:86,2476,2460,2388,1546,151,2523,1820,2467,1178,2475

test suite2
bestAPFD:0.881906
bestSuite:101,2589,2467,2502,2371,2511,2509,2550,163,488

test suite3
bestAPFD:0.888052
bestSuite:2585,2464,2410,1643,2481,287,2546,1569,1324,2132,1567,1224

test suite4
bestAPFD:0.885133
bestSuite:1562,37,2497,2581,2460,1564,2407,2454,271,1779,1851,1913,1708,2330

test suite5
bestAPFD:0.884259
bestSuite:2444,2492,97,2389,2462,2403,1772,2524,728,489,2182

test suite6
bestAPFD:0.864508
bestSuite:263,1562,2574,2399,2464,2461,1536,2510,2527,203

test suite7
bestAPFD:0.874988
bestSuite:2600,2480,1570,2650,2403,1825,2453,2478,1099,1122

test suite8
bestAPFD:0.879683
bestSuite:980,2497,1565,1564,2388,2513,2582,1404,1162,2434,2604

test suite9
bestAPFD:0.858746
bestSuite:2218,2411,2471,1002,25,2593,2396,1569,2409,2526,2505,2488

test suite10
bestAPFD:0.891102
bestSuite:2444,2471,1567,2502,258,2489,2548,1660,2077,1852,1712,1662

test suite11
bestAPFD:0.883666
bestSuite:2617,2481,2449,2467,1866,2462,1120,2301,2457

test suite12
bestAPFD:0.885533
bestSuite:296,2503,2413,2531,2513,1578,2551,2377,1495,1857,187

test suite13
bestAPFD:0.890086
bestSuite:804,2486,112,2513,1567,1661,1798,2526,2569,2481,1947,2535,2035,467

test suite14
bestAPFD:0.873560
bestSuite:297,2513,2643,1574,2480,2551,2473,2435,1242,876,1043

test suite15
bestAPFD:0.882612
bestSuite:670,1564,2430,2502,2411,2475,2545,148,1631,1567,1437,1917,416

test suite16
bestAPFD:0.877397
bestSuite:1066,2465,2476,1861,1573,2544,288,945,2388,2399

test suite17
bestAPFD:0.884630
bestSuite:2468,2476,2496,1581,53,2498,2382,2455,2238,1208,1543

test suite18
bestAPFD:0.885106
bestSuite:37,2502,2497,2579,2540,2407,2527,1567,1849,1320,857,2437,423,1723

test suite19
bestAPFD:0.867776
bestSuite:2447,2481,37,2001,2540,2462,1406,2381,23,2550

test suite20
bestAPFD:0.867711
bestSuite:1288,1038,2465,2497,1565,2509,2644,2489,2458,97,2373

test suite21
bestAPFD:0.886281
bestSuite:2586,2460,2475,1830,2540,1402,2528,56,1188,689,816

test suite22
bestAPFD:0.894401
bestSuite:2629,2475,2574,2478,1514,2156,1570,2010,505,2526,2053,98,1345,2401

test suite23
bestAPFD:0.886759
bestSuite:186,2507,2468,1772,1569,2514,1611,1073,2547,766,2404

test suite24
bestAPFD:0.881303
bestSuite:2144,2476,2461,2501,2547,282,1585,2518,1901,1640,453

test suite25
bestAPFD:0.883624
bestSuite:46,2510,2288,2579,2466,2397,1406,1817,1924,507,527,2525,2409,1175

test suite26
bestAPFD:0.894953
bestSuite:2617,2481,1557,1560,2489,1651,2526,702,2474,2613,208

test suite27
bestAPFD:0.874499
bestSuite:100,2518,2588,2431,2498,2489,1574,1914,2454

test suite28
bestAPFD:0.890970
bestSuite:100,2476,1579,1565,2382,2460,1403,2468,2497,1345,2250

test suite29
bestAPFD:0.886765
bestSuite:2585,2464,2475,2548,2513,2512,2056,1660,1274,250,2202

test suite30
bestAPFD:0.871182
bestSuite:107,2462,2618,1414,1834,2474,1567,1683,2531,2457,2242,2337

test suite31
bestAPFD:0.890694
bestSuite:2622,2496,2435,1585,2462,1564,2527,224,1124,688,1749

test suite32
bestAPFD:0.884352
bestSuite:180,2486,2498,1536,2376,2507,2459,2629,1963

test suite33
bestAPFD:0.870943
bestSuite:44,1559,2475,2462,2579,1807,2520,2389,2275,2101

test suite34
bestAPFD:0.880028
bestSuite:2440,2481,56,1571,2369,2537,2485,1403,897,946

test suite35
bestAPFD:0.894742
bestSuite:2444,2475,2448,182,2514,1844,1569,2545,1567,424,600,2126,649,1027

test suite36
bestAPFD:0.875334
bestSuite:620,2628,2492,1683,1782,2535,2369,2514,2548,833,2483

test suite37
bestAPFD:0.894602
bestSuite:2617,2460,2507,1564,2528,1582,1841,27,2325,2483,1494,2064

test suite38
bestAPFD:0.892348
bestSuite:2585,2503,2461,1584,2406,2450,2551,2383,77,1069,2326,1524

test suite39
bestAPFD:0.875898
bestSuite:2628,1661,2413,2580,2480,2396,2460,2524,2503,2037,1997,1963

test suite40
bestAPFD:0.890561
bestSuite:2616,2471,2461,2584,2463,2388,1402,2553,901,2515,1145,1298,189,1715

test suite41
bestAPFD:0.897653
bestSuite:2617,2507,2477,1514,2456,2473,2462,119,1544,1065,1281,408

test suite42
bestAPFD:0.882492
bestSuite:2642,2497,2377,1929,2461,1631,2473,82,2455,2138,2433

test suite43
bestAPFD:0.882194
bestSuite:2586,2461,2481,1565,1806,2489,2425,1387,2616,2553

test suite44
bestAPFD:0.871655
bestSuite:2002,2399,1557,2481,1422,2514,1666,2384,2453,2606,2497

test suite45
bestAPFD:0.871481
bestSuite:2164,1557,2475,1666,1843,2447,2463,2525,102,1944

test suite46
bestAPFD:0.887900
bestSuite:2585,1562,2537,2510,1843,1569,2522,1546,2306,1754,2534,291

test suite47
bestAPFD:0.877396
bestSuite:645,2460,1568,2482,1579,2578,2450,1810,2366,26,1405

test suite48
bestAPFD:0.894092
bestSuite:215,2486,2459,2397,1111,2450,2388,2477,1487,1934,2236,2514

test suite49
bestAPFD:0.878532
bestSuite:2589,246,2377,2467,1797,1530,2553,1569,1286,118

test suite50
bestAPFD:0.879090
bestSuite:2589,1817,2463,1565,2616,1584,1569,2550,2471,2324

test suite51
bestAPFD:0.889001
bestSuite:52,2486,1569,1579,2385,5,2375,2551,1248,1935,2478,2594

test suite52
bestAPFD:0.889589
bestSuite:287,2502,2510,2584,1536,2514,1843,2545,1971,1991,596,1678

test suite53
bestAPFD:0.884234
bestSuite:1352,2460,2507,1566,2464,1800,2582,2544,2251,2409,761,261

test suite54
bestAPFD:0.882209
bestSuite:2589,206,1769,1569,1565,2466,2479,2455,1367,2581,2012

test suite55
bestAPFD:0.879475
bestSuite:2618,2461,859,2496,2473,2500,1806,2453,1376,111,1584

test suite56
bestAPFD:0.874652
bestSuite:278,2502,2649,2474,1797,2385,2489,2457,2404,2570,1243,711

test suite57
bestAPFD:0.889107
bestSuite:1985,2476,1582,2377,2513,2497,126,2549,2236,2516

test suite58
bestAPFD:0.885905
bestSuite:1,2482,1568,1579,2535,1569,1611,2096,1944,1819,2194,1404

test suite59
bestAPFD:0.880835
bestSuite:1689,2460,2475,2399,1403,2478,1586,1661,972,1563,1797

test suite60
bestAPFD:0.876943
bestSuite:37,2498,2507,2463,2500,2384,2452,2399,708,1130,732

test suite61
bestAPFD:0.892883
bestSuite:2468,1563,2471,2397,2478,2523,1546,1508,126,1852,814

test suite62
bestAPFD:0.885651
bestSuite:2442,2510,25,2397,2434,2455,1568,1558,1766,720,2497

test suite63
bestAPFD:0.868325
bestSuite:871,2465,2480,1934,1573,2473,2550,617,1797

test suite64
bestAPFD:0.879695
bestSuite:677,1564,2511,2480,2583,1569,1853,2548,2437,268,236

test suite65
bestAPFD:0.871488
bestSuite:986,2476,269,1959,1584,2498,1851,1616,934,1814,2458

test suite66
bestAPFD:0.878219
bestSuite:2468,134,1616,2474,2504,2388,2531,2462,2459,969,2190

test suite67
bestAPFD:0.877201
bestSuite:1185,2471,2626,1651,2377,2549,2537,2498,1586,96

test suite68
bestAPFD:0.887139
bestSuite:2444,1576,2518,2531,2502,923,1522,2548,1769,2113

test suite69
bestAPFD:0.886321
bestSuite:2252,1557,1559,2503,2552,2540,2388,2644,2000,2605,1803,492,502

test suite70
bestAPFD:0.873549
bestSuite:110,1579,2589,1571,2397,2466,2392,2452,2411,932

test suite71
bestAPFD:0.886345
bestSuite:2620,2482,1562,2464,1616,2498,2426,44,2431,2257,2521

test suite72
bestAPFD:0.887611
bestSuite:2622,2509,2461,2487,1571,2389,1403,279,1004,979

test suite73
bestAPFD:0.880916
bestSuite:2579,2465,159,2480,2463,1680,2402,2524,211,1957,2483,1947

test suite74
bestAPFD:0.886321
bestSuite:2589,1562,1564,2574,1577,2498,2523,933,649,651,133,2640

test suite75
bestAPFD:0.875967
bestSuite:2157,2496,2649,2498,2433,2511,2389,2527,2628,2160

test suite76
bestAPFD:0.890072
bestSuite:2617,2475,1581,1568,2513,2453,2380,1112,160,469

test suite77
bestAPFD:0.868113
bestSuite:2447,1579,2432,2633,2463,1401,2498,2496,2552,1375

test suite78
bestAPFD:0.886908
bestSuite:2589,2434,1582,1579,2389,2462,2522,773,628,1109,2399,25

test suite79
bestAPFD:0.881502
bestSuite:58,2486,1580,1574,2462,2475,2455,1926,443

test suite80
bestAPFD:0.880446
bestSuite:2636,2486,1584,1536,2460,2376,1360,2544,1293,1091

test suite81
bestAPFD:0.886407
bestSuite:2328,2476,2460,2475,1682,2550,902,2396,2446,173,2412

test suite82
bestAPFD:0.862798
bestSuite:860,2498,2481,1581,2644,1816,2514,2527,1380,14

test suite83
bestAPFD:0.892258
bestSuite:17,2476,2458,1559,2404,2159,2498,2430,1716,2406,633,115

test suite84
bestAPFD:0.865173
bestSuite:2328,2496,2581,123,1631,2540,2380,1569,2459

test suite85
bestAPFD:0.877191
bestSuite:1385,2397,2643,2509,1554,2435,2638,2553,2389,2503,1506,1962,1444

test suite86
bestAPFD:0.890294
bestSuite:735,2461,2518,2379,2447,1660,2537,2524,1702,68,2499,2409

test suite87
bestAPFD:0.888642
bestSuite:2578,1570,2480,2426,1530,2503,2389,2524,144,2099,2506,32

test suite88
bestAPFD:0.876038
bestSuite:1201,1563,2582,2498,1794,2509,1542,2514,2458,2128,98

test suite89
bestAPFD:0.882977
bestSuite:2586,2460,2492,2467,1666,1778,2455,2606,1032,635

test suite90
bestAPFD:0.881353
bestSuite:11,2589,1567,1769,1530,1569,2489,2453,880,1907

test suite91
bestAPFD:0.868228
bestSuite:124,2626,2461,1661,2463,1851,1567,2548,2009,2474

test suite92
bestAPFD:0.876106
bestSuite:1908,2461,2488,2507,1862,2583,183,1403,2478,2296,38

test suite93
bestAPFD:0.888505
bestSuite:260,2492,2640,1569,2392,2500,2550,2478,1190,1267,342,338

test suite94
bestAPFD:0.890408
bestSuite:788,2500,2476,1563,2553,2397,1560,2496,2543,2582,346

test suite95
bestAPFD:0.885494
bestSuite:261,2502,2475,1574,2381,2649,2473,2545,1305,1940,1668,1906

test suite96
bestAPFD:0.883750
bestSuite:2589,2465,2433,1558,2518,2526,2582,2616,1757,1943,2473

test suite97
bestAPFD:0.884424
bestSuite:2620,2503,1567,2463,1557,2400,2549,79,2373

test suite98
bestAPFD:0.887538
bestSuite:2444,2480,2460,1680,1568,2380,2547,1153,2404,165

test suite99
bestAPFD:0.883366
bestSuite:1934,2465,2471,1559,2483,2599,2466,2546,1085,1153,1865,75

test suite100
bestAPFD:0.875675
bestSuite:2468,1570,2481,2464,1682,2458,2263,160,1832

test suite101
bestAPFD:0.881786
bestSuite:2642,2476,139,2461,2409,1403,2497,1531,243,2241

test suite102
bestAPFD:0.879302
bestSuite:186,2586,1567,2474,1780,2389,2502,2546,2181,910,1476,2385

test suite103
bestAPFD:0.887513
bestSuite:2620,1570,2503,1680,2409,1582,2489,1979,1405,2381

test suite104
bestAPFD:0.878057
bestSuite:2442,2518,86,2435,1573,2513,2522,2404,2159,2537

test suite105
bestAPFD:0.883617
bestSuite:2443,2503,238,2377,2406,1559,2513,928,2031,2398,2547

test suite106
bestAPFD:0.879707
bestSuite:18,1584,2540,1575,2582,2474,1819,1557,2455,1164,1447,1858,2154

test suite107
bestAPFD:0.874889
bestSuite:2442,2475,1843,1611,2498,2473,240,1403,2003

test suite108
bestAPFD:0.872036
bestSuite:224,2518,2399,2501,1661,2406,2521,2227,2460

test suite109
bestAPFD:0.890348
bestSuite:2617,2589,1583,1841,2388,2369,2406,2545,1835,286,788,1337

test suite110
bestAPFD:0.872870
bestSuite:42,1557,2399,2503,2540,1571,972,2510,1560,2528

test suite111
bestAPFD:0.885737
bestSuite:2468,2464,2492,2498,1531,1841,2138,2544,232,2589

test suite112
bestAPFD:0.863360
bestSuite:2291,2510,208,2513,2411,2466,2485,1536,2524

test suite113
bestAPFD:0.896250
bestSuite:2440,2460,2520,2475,2416,2216,2451,2537,2340,1939,2170,1584,2635

test suite114
bestAPFD:0.893269
bestSuite:2620,2497,1570,1584,1404,2400,37,2540,1058,2506,196,649

test suite115
bestAPFD:0.873286
bestSuite:2446,206,2502,2471,2479,2396,2458,2275,672,2511

test suite116
bestAPFD:0.884729
bestSuite:2629,2507,1661,2639,1568,2369,1841,2522,1610,1584

test suite117
bestAPFD:0.896907
bestSuite:2615,2476,1666,2465,1562,2553,2506,2445,2537,1290,2299,2470,1451

test suite118
bestAPFD:0.893483
bestSuite:171,2503,1564,1581,2513,2578,2452,2388,1834,2387,1346,1266,573

test suite119
bestAPFD:0.878775
bestSuite:2443,2486,1579,160,1808,2488,1569,962,2452,1384

test suite120
bestAPFD:0.867087
bestSuite:53,4,2496,2649,1568,2502,1554,2516,2471,2528

test suite121
bestAPFD:0.885000
bestSuite:218,1584,2486,1557,1857,2400,2551,2537,2586,2240

test suite122
bestAPFD:0.882212
bestSuite:1873,2461,2480,1934,1565,2473,1841,58,1108,2377,2547

test suite123
bestAPFD:0.874961
bestSuite:91,2481,1159,2369,2649,1781,1536,2514,2453,2046,743

test suite124
bestAPFD:0.888437
bestSuite:31,2509,2466,2440,1651,2369,2482,2456,1435,518,2477

test suite125
bestAPFD:0.868945
bestSuite:2446,2480,2040,80,2493,1616,2513,2466,2589,2527

test suite126
bestAPFD:0.870416
bestSuite:1135,203,2481,2537,1851,2508,2544,2644,2513,1720,701

test suite127
bestAPFD:0.875350
bestSuite:2579,1561,1226,2518,680,2473,1531,2462,1980,2404,1529,2456

test suite128
bestAPFD:0.878772
bestSuite:126,2496,2463,2445,2513,2376,1546,2550,2252,2174

test suite129
bestAPFD:0.894024
bestSuite:2587,1562,2486,2462,1583,1830,2528,1277,1437,147,173,1690,2540

test suite130
bestAPFD:0.893669
bestSuite:201,2476,1817,2498,1402,2388,2521,1985,2269,2482,1162

test suite131
bestAPFD:0.870054
bestSuite:1304,1557,2496,2372,2540,2413,2452,2624,1660

test suite132
bestAPFD:0.889316
bestSuite:2588,2509,1570,2540,2494,2525,1651,2534,1724,1584,2282

test suite133
bestAPFD:0.881792
bestSuite:2642,2509,2461,80,2495,2403,2514,1403,1878,2404

test suite134
bestAPFD:0.893970
bestSuite:2442,2460,2480,2511,1820,2473,2523,662,202,957,1453,2387

test suite135
bestAPFD:0.886976
bestSuite:2446,2480,2513,274,2485,2463,1238,1651,954,2524,2483,436,213

test suite136
bestAPFD:0.892679
bestSuite:2642,2497,2498,2467,1574,2377,2458,1199,1366,72,2412

test suite137
bestAPFD:0.865730
bestSuite:2283,2486,2465,2545,2511,2436,164,1563

test suite138
bestAPFD:0.879313
bestSuite:253,2475,1564,2511,2650,2460,2384,2526,1562,1386

test suite139
bestAPFD:0.883758
bestSuite:24,2475,1557,2581,2519,1564,2400,2452,569,674,2189,2100

test suite140
bestAPFD:0.885500
bestSuite:107,2492,1557,1575,2650,2467,2416,2521,952,1023,2336,464

test suite141
bestAPFD:0.881655
bestSuite:2589,1564,684,1810,1554,2460,2553,239,2359,2632,2496

test suite142
bestAPFD:0.878688
bestSuite:2589,2607,1559,1834,2509,2478,1569,1012,1405,2621

test suite143
bestAPFD:0.891851
bestSuite:2586,1564,2482,1584,1569,2385,2520,2159,36,1325,2330,2212

test suite144
bestAPFD:0.883677
bestSuite:1301,1570,2503,2581,2467,2388,2546,2400,2376,2133,133

test suite145
bestAPFD:0.880370
bestSuite:2325,2518,1564,2380,2397,1934,1530,2551,239,2409

test suite146
bestAPFD:0.873736
bestSuite:1934,1586,2509,1564,2513,635,1663,2456,1753,1563

test suite147
bestAPFD:0.881522
bestSuite:923,2589,2460,2537,1573,2395,2483,2546,1370,130,2643

test suite148
bestAPFD:0.894714
bestSuite:2441,2461,2476,1832,1403,1563,2385,240,1176,1209,321,39,572

test suite149
bestAPFD:0.884153
bestSuite:2617,2510,1820,1682,1570,2406,2457,861,36

test suite150
bestAPFD:0.875965
bestSuite:129,2478,2507,2397,2527,2403,2383,2583,272,1365,2471

test suite151
bestAPFD:0.892787
bestSuite:179,2496,2579,2382,2540,2448,1569,2523,1413,1049,2503,2212,1140

test suite152
bestAPFD:0.867916
bestSuite:1036,175,2480,1840,1569,2467,2581,1404,1651,755,2377

test suite153
bestAPFD:0.892089
bestSuite:2440,1576,2480,2403,2466,2465,2522,1283,72,2483,1200,961

test suite154
bestAPFD:0.875780
bestSuite:2441,1557,1514,2474,2389,2483,2516,2547,283

test suite155
bestAPFD:0.894469
bestSuite:2617,2518,1573,2460,2466,2457,1769,172,1710,923,1567,808

test suite156
bestAPFD:0.871402
bestSuite:2298,2492,1577,2581,202,1830,1569,2489,2550,889,930

test suite157
bestAPFD:0.881417
bestSuite:287,2626,2473,2518,2498,1577,1862,2548,793,2333,391

test suite158
bestAPFD:0.877857
bestSuite:2586,2464,2509,2502,2521,2487,1542,203,211

test suite159
bestAPFD:0.870573
bestSuite:2206,2461,724,2507,2466,2411,2551,1818,1578,2247,2474,147

test suite160
bestAPFD:0.889724
bestSuite:2620,2513,2480,1581,2540,1560,2526,2151,296,777,1071

test suite161
bestAPFD:0.871547
bestSuite:711,2397,1573,2481,2624,2473,2394,2582,2457,1657,2302,983

test suite162
bestAPFD:0.874371
bestSuite:2447,2540,2502,2481,2603,2500,1806,2452,335,1717

test suite163
bestAPFD:0.885118
bestSuite:116,2507,2410,1661,2467,2498,2632,2545,1191,989,445

test suite164
bestAPFD:0.878993
bestSuite:2587,195,2518,2403,2513,1824,2406,1404,2483,944

test suite165
bestAPFD:0.879904
bestSuite:2587,1576,2475,2389,2511,2462,2524,1013,932

test suite166
bestAPFD:0.863049
bestSuite:284,1557,2510,2375,2583,2463,2455,53,1682

test suite167
bestAPFD:0.881994
bestSuite:253,2486,1569,1793,2507,2449,2457,1868,885

test suite168
bestAPFD:0.878708
bestSuite:83,275,2510,2540,2582,1569,1666,1865,2453,1493,771,1890,381

test suite169
bestAPFD:0.878293
bestSuite:2589,2461,2512,84,1584,1680,2489,2459,1892,2413

test suite170
bestAPFD:0.889651
bestSuite:2444,2460,2482,2406,1562,1595,2548,205,924,1778,972

test suite171
bestAPFD:0.866193
bestSuite:2441,2475,296,1782,1568,1402,2397,2525

test suite172
bestAPFD:0.885893
bestSuite:77,2481,2444,2463,2477,1663,2369,2456,1727,601,1520

test suite173
bestAPFD:0.871697
bestSuite:275,2618,2481,1832,2448,1568,2552,2404,856,2462

test suite174
bestAPFD:0.875034
bestSuite:979,2478,2482,2462,2377,2411,2546,177,1721,1940,2516,1406

test suite175
bestAPFD:0.884096
bestSuite:2617,2509,2414,2397,2467,1663,2522,1122,181

test suite176
bestAPFD:0.870507
bestSuite:172,2465,2486,576,1803,1660,2475,2458,217,2530

test suite177
bestAPFD:0.891899
bestSuite:2440,1570,2482,2500,2457,2483,2406,148,2519,2557,347

test suite178
bestAPFD:0.871344
bestSuite:2343,1562,2411,1568,1644,2492,2513,2375,2106,227,2457

test suite179
bestAPFD:0.874614
bestSuite:250,1800,2486,1401,2502,2521,2411,1455,783,2518

test suite180
bestAPFD:0.878466
bestSuite:2588,2510,156,244,2396,2408,2397,2400,1699,2553,2497

test suite181
bestAPFD:0.872517
bestSuite:729,279,2507,2640,2478,2465,1406,2482,2546,2401,2200

test suite182
bestAPFD:0.872736
bestSuite:1306,1568,2465,2393,2581,2480,2544,1644,898,1562,243

test suite183
bestAPFD:0.881851
bestSuite:2443,2481,35,1849,2463,1401,2513,2646,683,2222,2527

test suite184
bestAPFD:0.876341
bestSuite:2600,2509,1573,1825,2465,2632,2528,867,1563,1568

test suite185
bestAPFD:0.880282
bestSuite:2642,2481,137,1862,1578,2462,2458,2377,2171,2489

test suite186
bestAPFD:0.875675
bestSuite:2073,1570,2475,2537,1934,2395,1565,2528,2235,148

test suite187
bestAPFD:0.869652
bestSuite:2445,2475,913,1536,89,2389,2502,1850,2526,666

test suite188
bestAPFD:0.882115
bestSuite:121,2482,2447,2462,2531,2510,2455,814,383,1670

test suite189
bestAPFD:0.867469
bestSuite:702,1579,2584,2396,13,2513,2474,2501,2500,2547,1768

test suite190
bestAPFD:0.886217
bestSuite:274,2476,2498,2574,1578,2409,1404,2413,1182,1335,2531

test suite191
bestAPFD:0.887668
bestSuite:925,2486,2460,2546,1666,2496,2485,2603,2583,1173,295

test suite192
bestAPFD:0.891713
bestSuite:253,2471,1514,2389,2462,2483,2520,1120,2535,2236,346,2391

test suite193
bestAPFD:0.885102
bestSuite:2588,2465,2503,2552,1579,2463,1571,860,2534,2495

test suite194
bestAPFD:0.872857
bestSuite:2626,2460,2503,1575,2404,2463,1303,1832,2611,2521

test suite195
bestAPFD:0.890027
bestSuite:2588,2496,18,1401,2513,1857,2514,2454,953,1416,2172,563

test suite196
bestAPFD:0.874837
bestSuite:100,2507,2461,1661,2650,1564,2376,2452,1567

test suite197
bestAPFD:0.871616
bestSuite:2577,2464,2475,1557,2375,2643,1406,1405,183

test suite198
bestAPFD:0.882454
bestSuite:2124,1562,2471,1663,1569,2643,1568,2553,238,1824,268

test suite199
bestAPFD:0.876831
bestSuite:2617,2410,1578,2397,2483,2474,2531,2459,2348

test suite200
bestAPFD:0.886101
bestSuite:2629,2510,1564,1382,1530,1843,2498,2520,624,2606,432

test suite201
bestAPFD:0.870009
bestSuite:2639,2502,2486,2580,2377,2488,2579,839,2545

test suite202
bestAPFD:0.889054
bestSuite:2616,2476,2462,1809,1567,1682,1564,2553,2313,2025,2582,513

test suite203
bestAPFD:0.877572
bestSuite:2447,1249,1561,2483,2514,1514,1569,2471,2528,85,457,2048

test suite204
bestAPFD:0.881656
bestSuite:2447,2498,2436,2510,1571,294,2396,901,2524,842,2377,242

test suite205
bestAPFD:0.867347
bestSuite:2051,2411,2481,25,2369,1585,2478,2505,1014,2455

test suite206
bestAPFD:0.878311
bestSuite:2615,2480,1934,2389,2385,1851,2397,2524,1252,691

test suite207
bestAPFD:0.870376
bestSuite:726,2513,1563,2471,2396,1666,2549,1077,172,1726,2644

test suite208
bestAPFD:0.883476
bestSuite:1167,2497,2461,2447,1402,2492,2389,2522,517,58,2414

test suite209
bestAPFD:0.887287
bestSuite:2444,2464,2408,2481,1666,2462,2624,2553,1079,2589,950

test suite210
bestAPFD:0.869808
bestSuite:1897,1570,2475,1554,2410,2473,2535,2048,2524

test suite211
bestAPFD:0.886935
bestSuite:1201,2476,2465,1574,2479,1781,2459,201,969,1564,2640

test suite212
bestAPFD:0.870747
bestSuite:149,2478,2509,2455,2513,2640,2407,1864,2479,2285

test suite213
bestAPFD:0.879760
bestSuite:2554,2467,2496,2430,1404,2399,2369,554,1401,1885,68

test suite214
bestAPFD:0.870354
bestSuite:2589,103,1708,1584,2513,2514,1670,2550,1451,2485

test suite215
bestAPFD:0.889906
bestSuite:2622,2476,1557,1578,2380,2481,2522,919,123,1847

test suite216
bestAPFD:0.884608
bestSuite:2443,2507,178,1670,2540,2502,1827,1960,152,2553,1498

test suite217
bestAPFD:0.876127
bestSuite:1914,2475,1934,2606,1864,2513,2489,1522,2544,2281,1164

test suite218
bestAPFD:0.887630
bestSuite:2468,2507,2502,73,2459,1782,2514,2450,2047,2483,1671

test suite219
bestAPFD:0.873195
bestSuite:88,1570,2579,1643,2478,2430,2409,2474,2452,902,949

test suite220
bestAPFD:0.886146
bestSuite:198,2502,2486,1661,1862,2507,2521,2131,953,2103,2640,1464

test suite221
bestAPFD:0.879478
bestSuite:871,1576,1644,2510,2413,2397,2458,2531,14,2482

test suite222
bestAPFD:0.866768
bestSuite:2179,2626,2397,2474,2464,1584,1522,1403,555,1818

test suite223
bestAPFD:0.879674
bestSuite:2144,2486,1853,57,2475,1565,758,2397,1826,2584,2526,583

test suite224
bestAPFD:0.886401
bestSuite:2447,1557,2480,155,1576,1595,2466,174,2452,2497,1474,89

test suite225
bestAPFD:0.883943
bestSuite:2444,256,2482,2540,1558,2388,2498,2452,327,1811,1704

test suite226
bestAPFD:0.878019
bestSuite:2589,1562,2588,1564,2461,1576,1565,2525,765,2641,942

test suite227
bestAPFD:0.868247
bestSuite:37,1557,2480,2459,1578,2393,2413,2464,1562,1960

test suite228
bestAPFD:0.880296
bestSuite:2234,1572,2486,2377,2511,2498,2544,1794,2473

test suite229
bestAPFD:0.876282
bestSuite:1395,2476,1567,27,1616,2458,2462,2378,1411,1131

test suite230
bestAPFD:0.884980
bestSuite:2620,2476,1579,2007,1578,2397,2485,2525,2603,2082,2474

test suite231
bestAPFD:0.876218
bestSuite:2219,1557,2626,2492,2432,2467,1571,2553,2051,2534,2409

test suite232
bestAPFD:0.890819
bestSuite:2443,2503,2448,107,2409,2489,1569,2549,1590,2433,1037,553

test suite233
bestAPFD:0.881695
bestSuite:1151,2464,2510,1866,2369,1631,2643,208,2471,1647,2550

test suite234
bestAPFD:0.890874
bestSuite:2586,1562,2482,2531,1402,2369,2552,89,2516,727,1310

test suite235
bestAPFD:0.873352
bestSuite:997,2601,2478,2481,2644,1651,2516,2513,2153,2520,2388

test suite236
bestAPFD:0.870970
bestSuite:896,2460,2507,2576,2537,2581,156,2454,2346,2511

test suite237
bestAPFD:0.870256
bestSuite:1292,2461,2509,2640,2408,1574,2478,2613,2453

test suite238
bestAPFD:0.882647
bestSuite:1316,2464,2503,1403,2447,2409,2500,1569,85,2559,2412

test suite239
bestAPFD:0.894998
bestSuite:2622,2497,2397,2537,2524,1522,2388,147,2156,2129,2472

test suite240
bestAPFD:0.899858
bestSuite:70,2486,2460,1844,1522,2409,2618,850,2549,325,353,1165,2389,511,2268

test suite241
bestAPFD:0.876250
bestSuite:2445,2475,2473,1644,54,2369,1035,2520,2030,1241,1974,2412

test suite242
bestAPFD:0.885385
bestSuite:179,2509,2414,2463,1616,2644,2553,1344,1569,1450,341

test suite243
bestAPFD:0.865944
bestSuite:2217,2481,1817,2369,256,2640,1404,1573,937,1125,2406

test suite244
bestAPFD:0.885861
bestSuite:2444,2465,2510,1827,2526,2489,2511,706,21,1196

test suite245
bestAPFD:0.891327
bestSuite:2444,1769,1570,2481,1643,2527,2537,977,19,713,2503,1231

test suite246
bestAPFD:0.878771
bestSuite:1342,1570,2507,2473,1934,1842,2511,150,1404,2409

test suite247
bestAPFD:0.885168
bestSuite:2440,2480,1557,1571,2505,2521,849,2489,123,2273

test suite248
bestAPFD:0.858621
bestSuite:225,1153,2518,2478,2460,2407,2411,2527,64,1861

test suite249
bestAPFD:0.889302
bestSuite:2443,2492,2606,2473,1569,2449,2526,2503,916,2088,2306,2371

test suite250
bestAPFD:0.862032
bestSuite:1562,959,2025,1782,2474,2369,2632,1583,2531,2527,181

test suite251
bestAPFD:0.877858
bestSuite:58,2509,2540,2447,2392,2460,1406,1404,932,1257

test suite252
bestAPFD:0.853507
bestSuite:486,2028,1563,2451,2482,2369,2411,2406,71,2528,1586,807

test suite253
bestAPFD:0.897948
bestSuite:116,2486,2461,1830,2480,2385,2528,1089,767,2234,2632,1548

test suite254
bestAPFD:0.886377
bestSuite:2036,2460,2582,2471,1579,2500,2473,2550,182,2398,2131,48,425

test suite255
bestAPFD:0.882278
bestSuite:226,2579,1864,2498,1584,2474,2473,1401,2520,1833,1219,1026,2210

test suite256
bestAPFD:0.888047
bestSuite:1985,2492,1569,1643,2398,2536,2540,2544,1483,809,2479,1228

test suite257
bestAPFD:0.889105
bestSuite:1287,2460,1564,2497,2644,1401,2545,2480,2142,111,1331,2515,503

test suite258
bestAPFD:0.863563
bestSuite:2578,2513,2482,1651,1563,1950,2537,2454,1778

test suite259
bestAPFD:0.876788
bestSuite:1130,2475,2579,1643,1569,1776,114,2473,2356,2404,2457,1079

test suite260
bestAPFD:0.878681
bestSuite:2585,2475,1557,2464,2472,1403,1362,726,558,2403

test suite261
bestAPFD:0.885391
bestSuite:137,2486,2128,1557,2483,1824,1536,2528,2632,2396,1499,1398

test suite262
bestAPFD:0.883262
bestSuite:179,2589,1824,1568,1584,1660,2397,1403,546,1985,1707

test suite263
bestAPFD:0.863761
bestSuite:2045,2535,106,2518,2369,2415,2537,2099,1530,1218,2452

test suite264
bestAPFD:0.889116
bestSuite:2441,2496,250,1514,2394,1569,2514,2205,931,225,2482,2550

test suite265
bestAPFD:0.883004
bestSuite:2117,1570,2480,1581,2643,1564,1832,2457,44,483,568

test suite266
bestAPFD:0.888312
bestSuite:2608,2496,1571,1934,2389,2501,2456,2513,1093,1032,2245,2404

test suite267
bestAPFD:0.871176
bestSuite:1133,2605,2510,2537,2413,2393,2513,1531,2523,908,760

test suite268
bestAPFD:0.883829
bestSuite:154,2397,2492,1866,2445,2403,2540,1405,341,1031,1381,1232

test suite269
bestAPFD:0.896294
bestSuite:2586,1557,2475,1683,2540,2453,2378,2074,2388,1891,1838,225

test suite270
bestAPFD:0.882557
bestSuite:2620,2471,2478,2498,2409,1558,2458,1561,296

test suite271
bestAPFD:0.888314
bestSuite:2588,2460,2503,1631,2483,2514,2549,2062,144,1052,2435

test suite272
bestAPFD:0.880311
bestSuite:2441,2475,2436,293,2502,2514,1616,1404,680,1305

test suite273
bestAPFD:0.891275
bestSuite:1985,2518,1563,1578,2389,2513,1865,2454,46,2363,337,1539

test suite274
bestAPFD:0.890759
bestSuite:2587,2461,2510,2547,2514,1661,2376,1904,203,1917,1599,2121

test suite275
bestAPFD:0.874798
bestSuite:984,2510,2640,1807,198,2514,2498,2459,1566,1892,2377

test suite276
bestAPFD:0.887005
bestSuite:2620,2498,2503,2389,1567,1406,2525,1077,2576,107

test suite277
bestAPFD:0.889178
bestSuite:2444,2467,2518,1857,1631,2397,1404,660,243,2503

test suite278
bestAPFD:0.871873
bestSuite:1343,1067,2486,2404,26,2369,1670,1405,2396,1953,2421,1801

test suite279
bestAPFD:0.885823
bestSuite:2440,2518,62,2384,1571,2466,1569,2527,2230,2261,485

test suite280
bestAPFD:0.867956
bestSuite:1968,1401,1570,2494,2518,2632,1701,2478,854,2527,65

test suite281
bestAPFD:0.881351
bestSuite:215,2507,2397,1560,2632,2511,2546,2514,1225,1397

test suite282
bestAPFD:0.892488
bestSuite:16,2486,1570,1584,1666,2525,1807,1067,1615,2581,2396

test suite283
bestAPFD:0.886863
bestSuite:2642,1562,2503,2540,2397,1530,2523,2485,289,1127

test suite284
bestAPFD:0.886518
bestSuite:2442,2461,1853,2492,1643,2389,2523,124,1254,1209,1475

test suite285
bestAPFD:0.892176
bestSuite:2589,1564,2430,2502,1536,2526,1567,2176,2443,1442,2633,454

test suite286
bestAPFD:0.870284
bestSuite:2589,1780,151,1565,2396,2483,2369,2523,1319

test suite287
bestAPFD:0.876421
bestSuite:2583,2486,1811,131,2498,1402,2509,2454,888,801,457,1551

test suite288
bestAPFD:0.888448
bestSuite:2586,2467,2510,2394,1569,1536,2522,53,1299,2503

test suite289
bestAPFD:0.890871
bestSuite:2440,1582,2575,2507,1569,2396,2550,2534,2120,2479,1872

test suite290
bestAPFD:0.879219
bestSuite:2579,852,2466,2471,2388,2548,1531,2462,1074,1857,1501,2627,1673,2628

test suite291
bestAPFD:0.892550
bestSuite:1,2481,1581,2487,2413,1557,2478,2457,2564,1170,1191,2010,2388,1716

test suite292
bestAPFD:0.879994
bestSuite:1950,2467,2503,1567,2640,1566,2458,105,1988,2381,2369

test suite293
bestAPFD:0.885709
bestSuite:1149,1557,2492,1825,1401,1934,2406,869,2551,2336,1792

test suite294
bestAPFD:0.877496
bestSuite:207,2498,2471,1568,2650,1531,2552,2479,1074,1705,2494,1298

test suite295
bestAPFD:0.883180
bestSuite:2618,2507,1570,2478,2575,1682,2544,764,1764,2404,2626

test suite296
bestAPFD:0.877267
bestSuite:113,2467,2507,2583,2415,1571,1569,2457,2621,274

test suite297
bestAPFD:0.877607
bestSuite:2440,2518,2396,2432,79,1554,2502,2190,1081,1403

test suite298
bestAPFD:0.875439
bestSuite:839,2582,2460,2474,2375,2404,2489,1531,2546,19,1931,674

test suite299
bestAPFD:0.888902
bestSuite:2443,2496,2463,2501,114,2527,2513,1565,917,1303,2589,2330,530

test suite300
bestAPFD:0.889535
bestSuite:2586,2475,1570,2485,2473,1571,822,2522,2064,1741,392

test suite301
bestAPFD:0.870393
bestSuite:1105,2486,2613,1772,2498,1542,2475,2550,2168

test suite302
bestAPFD:0.887838
bestSuite:2608,2471,2649,1579,1651,2478,1569,609,2539,622,2371,2524

test suite303
bestAPFD:0.882319
bestSuite:1761,2460,2475,2478,2649,1554,1769,1562,1493,2388,2452

test suite304
bestAPFD:0.876822
bestSuite:2629,2486,2493,908,1569,1558,1404,257,2170,2483

test suite305
bestAPFD:0.878923
bestSuite:2618,236,2492,2397,1830,2508,2552,1563,2514,940,1007

test suite306
bestAPFD:0.872339
bestSuite:54,2476,1282,1563,2369,2450,2471,2640,33,2458,851

test suite307
bestAPFD:0.890645
bestSuite:253,2486,1570,2434,2400,2620,2518,2467,2521,1497,959

test suite308
bestAPFD:0.870325
bestSuite:2618,2509,208,1964,1581,2502,2489,2477,2404,1404

test suite309
bestAPFD:0.878599
bestSuite:119,2481,2460,1602,2446,1568,1798,2525,2285,2238

test suite310
bestAPFD:0.889979
bestSuite:2442,2461,2497,2478,2407,2483,2549,200,1798,1889,1020

test suite311
bestAPFD:0.870735
bestSuite:2589,1564,2479,1581,2485,289,2369,2547,2557

test suite312
bestAPFD:0.862142
bestSuite:102,1232,2434,2643,2474,1584,2462,2406,2526,1246,1616

test suite313
bestAPFD:0.879555
bestSuite:822,1570,2649,2518,2473,2403,2517,2545,2404,10,2182

test suite314
bestAPFD:0.881662
bestSuite:1321,2486,1572,1406,2518,2513,2525,269,2643

test suite315
bestAPFD:0.879179
bestSuite:2589,1563,2467,1258,1866,2502,1683,2453,282,2413

test suite316
bestAPFD:0.896947
bestSuite:2629,2540,2503,2404,1582,2369,2458,422,469,2216,2416,1175

test suite317
bestAPFD:0.870283
bestSuite:1689,2481,2626,1643,2498,2393,1568,216,2454

test suite318
bestAPFD:0.895716
bestSuite:2617,2471,2498,1568,1401,2507,2549,1127,637,2609,2517

test suite319
bestAPFD:0.869980
bestSuite:1242,2460,2640,2475,1661,1842,2409,2396,2453

test suite320
bestAPFD:0.876485
bestSuite:2589,57,1832,2513,759,1536,2540,2518,1699,2458,2474

test suite321
bestAPFD:0.887333
bestSuite:2468,2509,1570,1631,2486,1798,2552,172,949,1251,934

test suite322
bestAPFD:0.884539
bestSuite:2445,2518,2464,2431,1661,2549,1569,1082,714,190,2555

test suite323
bestAPFD:0.870798
bestSuite:1934,2509,2119,64,2537,2513,1806,2549,1660,767,854

test suite324
bestAPFD:0.885645
bestSuite:2360,1557,2486,1663,1563,2501,2526,263,1656,1545

test suite325
bestAPFD:0.874728
bestSuite:2445,2540,2507,126,2477,2450,1569,2548,2356

test suite326
bestAPFD:0.873838
bestSuite:2441,2510,8,1661,2513,1568,1803,2452,1330

test suite327
bestAPFD:0.892129
bestSuite:2642,2503,2453,2502,1563,2473,2037,2451,2596,1851,1256,1453,1024

test suite328
bestAPFD:0.878253
bestSuite:78,2582,2436,2510,2465,2478,2522,1021,2407,2388,1960

test suite329
bestAPFD:0.884413
bestSuite:2618,53,2492,2540,1569,1834,2552,1522,650,1350,1627,322

test suite330
bestAPFD:0.868858
bestSuite:2584,1579,227,2384,1574,2475,2369,457,754,2524,1795,2489,1527

test suite331
bestAPFD:0.867311
bestSuite:211,2581,2478,2480,1574,2393,2462,2550,1184,945

test suite332
bestAPFD:0.881085
bestSuite:2445,1564,2482,174,2500,2388,2498,1245,1807,826,2551

test suite333
bestAPFD:0.875733
bestSuite:105,2486,2121,1570,2368,1660,2492,937,2548,2095

test suite334
bestAPFD:0.876891
bestSuite:2588,2518,1581,126,2513,2473,2452,2504,2200,893

test suite335
bestAPFD:0.885686
bestSuite:2447,2461,2503,2404,2309,1558,2547,2464,1556,1410,1517,10

test suite336
bestAPFD:0.870337
bestSuite:844,2464,2481,2643,1825,1578,2502,212,2524

test suite337
bestAPFD:0.878009
bestSuite:2178,2486,129,1583,2487,2369,2475,2525,367

test suite338
bestAPFD:0.881336
bestSuite:2586,2461,1808,2509,1578,2463,1403,13,677,1326

test suite339
bestAPFD:0.884114
bestSuite:823,1570,2480,1530,2535,2540,2375,2522,170,2601,2388

test suite340
bestAPFD:0.883551
bestSuite:2636,2626,2471,2479,1531,2466,1569,2523,1195,2429,2408

test suite341
bestAPFD:0.881380
bestSuite:293,2497,2579,1568,2388,2513,1406,2546,1182,2118

test suite342
bestAPFD:0.866838
bestSuite:203,204,2480,1570,2389,2488,2632,2548,2503,2374

test suite343
bestAPFD:0.880382
bestSuite:2468,2496,1569,1849,2454,193,1660,2489,817,1833

test suite344
bestAPFD:0.872718
bestSuite:2541,2503,1991,2578,2385,1569,2388,2489,2458,2415

test suite345
bestAPFD:0.877703
bestSuite:2636,2465,2518,1769,2473,2579,2551,1522,2404,1726

test suite346
bestAPFD:0.885668
bestSuite:2444,2510,1557,2493,1582,1568,1404,105,221,770

test suite347
bestAPFD:0.874316
bestSuite:2145,2476,21,1581,1569,2520,2481,43,2389,1820

test suite348
bestAPFD:0.887341
bestSuite:2440,1570,2457,2471,2537,2479,1699,1660,1840,2641,755

test suite349
bestAPFD:0.883302
bestSuite:2442,2492,1780,274,1670,2478,1569,1403,2130,2054

test suite350
bestAPFD:0.884878
bestSuite:604,2486,1563,1663,1832,1091,2457,2462,197,2481,2514

test suite351
bestAPFD:0.879082
bestSuite:88,1568,2397,2580,2411,1563,2488,2547,1376,307,1541,938,2518

test suite352
bestAPFD:0.870237
bestSuite:2272,2460,2480,2649,2527,1581,2473,2516,58

test suite353
bestAPFD:0.870113
bestSuite:2649,225,2451,2482,848,2537,2369,377,2388,1778,2546,367,2606,1684

test suite354
bestAPFD:0.885002
bestSuite:2586,2509,91,2463,1402,2369,2495,2548,895,1517,92,1279

test suite355
bestAPFD:0.880749
bestSuite:180,2497,2540,2644,2465,2409,1402,2456,1805,872

test suite356
bestAPFD:0.880154
bestSuite:878,2507,2461,2581,1574,2395,2526,2406,1562,76,2427

test suite357
bestAPFD:0.888645
bestSuite:2622,2518,1616,2434,2467,1569,1404,970,1077,1343

test suite358
bestAPFD:0.886301
bestSuite:2622,1564,2475,2545,2461,1611,2435,2483,66,164

test suite359
bestAPFD:0.887273
bestSuite:34,2397,2518,2531,2448,2413,2503,2456,1671,1794,1012,465

test suite360
bestAPFD:0.874797
bestSuite:1999,2518,2502,2540,2410,250,1403,2584,1683,1471,1343

test suite361
bestAPFD:0.873982
bestSuite:1945,1482,2492,2467,2535,2477,2461,1585,1403,2233,2404,2635

test suite362
bestAPFD:0.885714
bestSuite:84,1566,2476,2377,2369,2547,1794,1434,1297,2446,1155

test suite363
bestAPFD:0.888721
bestSuite:84,1568,2497,2409,2445,1530,2498,2453,2391,1185,441,99

test suite364
bestAPFD:0.879750
bestSuite:251,1891,2492,2463,2493,2643,1577,2465,2524,2377,1593,1728

test suite365
bestAPFD:0.880740
bestSuite:58,2496,2443,2463,2488,2495,2513,2459,1748,518

test suite366
bestAPFD:0.884171
bestSuite:79,2482,1584,2498,2385,2406,2399,622,2452,2432,901

test suite367
bestAPFD:0.876609
bestSuite:2589,1562,56,1570,2396,2501,1663,2453,2585,217

test suite368
bestAPFD:0.872032
bestSuite:239,2465,2481,2650,1825,1401,1564,2452,1520

test suite369
bestAPFD:0.866176
bestSuite:180,1571,1563,2463,1810,2474,2498,2632,2528

test suite370
bestAPFD:0.884545
bestSuite:2647,2492,1661,2431,2406,2632,2513,1584,2553,531,992,1886

test suite371
bestAPFD:0.879656
bestSuite:31,1824,2509,1570,2583,2546,1280,2385,2314,2409,2466

test suite372
bestAPFD:0.867052
bestSuite:900,2476,2502,104,1772,2409,2450,1403

test suite373
bestAPFD:0.891585
bestSuite:2622,2482,2537,1682,2553,2409,2502,1999,71,2501

test suite374
bestAPFD:0.882877
bestSuite:2578,1036,2467,2518,2462,2379,2488,986,146,2525,2471,1437

test suite375
bestAPFD:0.892447
bestSuite:2443,2497,24,2369,2388,2537,2546,1536,860,480,1341,1778,1664

test suite376
bestAPFD:0.877473
bestSuite:2589,150,2575,2397,2396,2388,1660,2452,962,2446

test suite377
bestAPFD:0.891653
bestSuite:2622,2589,2514,2409,2449,2515,2462,2547,86,1423,1856,2252,2085

test suite378
bestAPFD:0.876368
bestSuite:791,2464,2496,1514,2465,2535,2430,248,2483,2544

test suite379
bestAPFD:0.875827
bestSuite:2446,2460,2481,1011,1568,1663,2368,2524,37,217

test suite380
bestAPFD:0.867318
bestSuite:1190,181,2513,2510,2535,1816,2531,1405,2068,1740,1631

test suite381
bestAPFD:0.871150
bestSuite:880,2476,1563,2502,1670,1809,144,2545

test suite382
bestAPFD:0.890722
bestSuite:2468,2546,2509,1557,2406,1571,1825,1027,2268,273,2474,939

test suite383
bestAPFD:0.887938
bestSuite:1985,2482,2463,277,2369,2385,2404,2551,1254,1988,1806,1881

test suite384
bestAPFD:0.881188
bestSuite:2445,2471,208,1536,2462,2389,776,2552,2377,1898,2412,273

test suite385
bestAPFD:0.875602
bestSuite:2128,1570,2482,2644,2453,2489,1585,2479,1586,175

test suite386
bestAPFD:0.882437
bestSuite:2589,1562,2466,129,2512,2369,1536,2552,1242,2411,929

test suite387
bestAPFD:0.895557
bestSuite:2622,2503,2478,2502,2480,1404,1522,2092,46,2095,1840

test suite388
bestAPFD:0.878807
bestSuite:2445,2503,1563,955,1682,2514,2502,2453,1827,754

test suite389
bestAPFD:0.881802
bestSuite:2446,2507,2464,2429,2494,1546,2502,2456,1029,14,173

test suite390
bestAPFD:0.857916
bestSuite:2090,1325,1563,1798,2481,2489,2450,2369,2546,2535

test suite391
bestAPFD:0.873243
bestSuite:2230,2626,1570,2471,2550,2540,2479,1843,1566,169

test suite392
bestAPFD:0.896673
bestSuite:1985,2481,1403,1564,1595,2410,2397,1116,730,294,1223,511,535

test suite393
bestAPFD:0.889416
bestSuite:2642,2498,2496,2490,1405,1577,88,2396,1106,1108,1389,1227

test suite394
bestAPFD:0.888092
bestSuite:121,2518,2407,2537,2411,2513,2374,2544,1371,2275,1679

test suite395
bestAPFD:0.885967
bestSuite:2642,2518,2478,2460,1683,2392,2547,6,947,2270

test suite396
bestAPFD:0.887305
bestSuite:1985,2507,2487,252,2451,2498,1404,2396,1005,2482,626

test suite397
bestAPFD:0.884602
bestSuite:2587,1572,2481,2466,1406,2498,2520,1579,2188,652

test suite398
bestAPFD:0.880309
bestSuite:17,2475,2461,2452,2537,1810,2642,735,1643,832,2479

test suite399
bestAPFD:0.897846
bestSuite:2617,2509,2432,2498,2389,1683,2523,162,991,2025,2273,2377,872

test suite400
bestAPFD:0.862676
bestSuite:209,1181,2476,2494,2492,1583,2513,1403,2024

test suite401
bestAPFD:0.890223
bestSuite:2444,2461,2482,2404,2463,1565,225,2550,2393,912,1955,1901

test suite402
bestAPFD:0.874761
bestSuite:2618,2639,2482,1651,2397,1403,1280,2404,1810,2046,2478

test suite403
bestAPFD:0.887755
bestSuite:2440,2481,82,2537,1569,2408,1530,2553,94,2479,301

test suite404
bestAPFD:0.886582
bestSuite:2440,1557,2509,2380,2500,2396,2525,1584,11,2272

test suite405
bestAPFD:0.885437
bestSuite:2445,1,2492,2410,2489,2462,1651,2453,2267,2005,2350,1584

test suite406
bestAPFD:0.878715
bestSuite:296,2471,2620,2465,1563,2467,1585,1973,1491,2526

test suite407
bestAPFD:0.879441
bestSuite:1934,130,2509,1401,2393,2462,2463,2521,798,2178,2214

test suite408
bestAPFD:0.878522
bestSuite:1562,2486,1976,2461,1404,2500,2505,85,1881,2463

test suite409
bestAPFD:0.890156
bestSuite:2442,2518,1542,1570,2575,2478,2550,2631,1196,2343,600,1293

test suite410
bestAPFD:0.878475
bestSuite:2440,2480,2636,1581,2430,2540,2462,2544,1201,1922

test suite411
bestAPFD:0.884475
bestSuite:2440,1557,1800,2510,2531,1595,1,2028,2521,1747,2577

test suite412
bestAPFD:0.872338
bestSuite:2579,2461,1049,2509,1616,2396,668,2547,112,2479,2368

test suite413
bestAPFD:0.884805
bestSuite:2444,1557,2482,1579,1568,1651,2528,1810,1222,104

test suite414
bestAPFD:0.881799
bestSuite:70,2476,36,2488,2382,2404,1569,2552,2531,2650

test suite415
bestAPFD:0.886451
bestSuite:2586,2471,2467,2403,2479,2397,2458,1806,2007,1951,207

test suite416
bestAPFD:0.894520
bestSuite:1985,2475,1824,171,2396,2369,1522,2520,2122,2112,1652,2388

test suite417
bestAPFD:0.893007
bestSuite:2589,1562,1800,2521,2513,2473,1531,1348,180,796,1107,505

test suite418
bestAPFD:0.895344
bestSuite:2442,1562,2482,2449,2459,2489,2513,66,1627,2505,428

test suite419
bestAPFD:0.887998
bestSuite:1985,2461,2518,1558,1801,2514,2526,2479,2613,1172

test suite420
bestAPFD:0.879070
bestSuite:2441,2480,2504,124,1568,1530,2397,1081,2545,1064

test suite421
bestAPFD:0.892385
bestSuite:2620,2476,2513,2488,1841,2377,2456,2628,2166,1078,1564,60

test suite422
bestAPFD:0.886647
bestSuite:1310,1570,2503,2406,1584,2643,1559,1404,1801,144,1607,421

test suite423
bestAPFD:0.877292
bestSuite:1570,117,2497,2411,2463,2377,1683,2553,1175,1971,2495

test suite424
bestAPFD:0.880599
bestSuite:16,2510,2498,2413,1824,1536,2406,2553,1926,1292

test suite425
bestAPFD:0.880950
bestSuite:2444,2492,2462,1568,1682,1803,2523,1901,987,1567,2530

test suite426
bestAPFD:0.876196
bestSuite:140,2486,1108,2574,2498,1406,2481,2525,2578,548

test suite427
bestAPFD:0.884963
bestSuite:2618,2507,2397,2433,2407,282,2514,2453,2227,515,1415

test suite428
bestAPFD:0.888004
bestSuite:2617,2496,1666,1564,1569,1800,2523,2589,205,819

test suite429
bestAPFD:0.874064
bestSuite:2157,2509,2465,2399,1568,2455,2488,2504,200,2646

test suite430
bestAPFD:0.891140
bestSuite:2442,1557,2503,2510,1577,995,2473,2458,193,1852,837

test suite431
bestAPFD:0.874713
bestSuite:2343,2626,2507,1578,2531,2498,2544,779,97,2505

test suite432
bestAPFD:0.880982
bestSuite:2586,1631,2475,106,2489,1862,1569,890,1890,1289,2522

test suite433
bestAPFD:0.882687
bestSuite:57,1557,2476,2488,2526,1798,2507,2583,1763,2261,542

test suite434
bestAPFD:0.872413
bestSuite:1934,2509,2540,2415,147,943,1406,2369,2544,1426,199

test suite435
bestAPFD:0.894713
bestSuite:2443,2507,2461,2537,1565,2412,1405,2301,86,1318,2377,1454

test suite436
bestAPFD:0.868684
bestSuite:1270,238,2503,2413,1571,2462,2481,2396,1226,2433,2457

test suite437
bestAPFD:0.890218
bestSuite:2442,2476,2372,2513,62,1683,2518,2550,826,2093,1290,2474

test suite438
bestAPFD:0.881196
bestSuite:1900,2498,2486,2633,2521,1808,2535,1566,2531,363,1013,2340,2215,2409

test suite439
bestAPFD:0.870200
bestSuite:2589,1165,2492,2487,2502,2537,2451,223,2545,379

test suite440
bestAPFD:0.876542
bestSuite:2225,2604,2475,2537,2535,2462,1611,2504,2546,1534,1433

test suite441
bestAPFD:0.878483
bestSuite:2584,1570,2481,2520,1574,1903,1748,1586,307,1564,2181,1336,1563

test suite442
bestAPFD:0.863048
bestSuite:2445,2496,200,655,2463,2519,2369,1574,2526

test suite443
bestAPFD:0.879891
bestSuite:2443,2480,1564,2397,2431,2521,1680,1224,1254

test suite444
bestAPFD:0.887936
bestSuite:2442,2481,2461,2373,1558,1568,2453,1267,862,224,1318

test suite445
bestAPFD:0.882546
bestSuite:2441,2471,2502,257,1573,2404,2531,2455,1986,2495

test suite446
bestAPFD:0.881338
bestSuite:2586,1557,2476,2483,1660,2503,2521,755,1420

test suite447
bestAPFD:0.871560
bestSuite:8,2496,1934,2461,2508,2477,2458,2466,2015

test suite448
bestAPFD:0.883241
bestSuite:1964,1570,2447,2471,1567,1574,2406,85,408,2381,291,2459

test suite449
bestAPFD:0.869169
bestSuite:207,2498,2509,2618,1816,1568,1663,2457,745,692

test suite450
bestAPFD:0.870639
bestSuite:880,2649,2510,2464,1585,2434,2462,2546,35

test suite451
bestAPFD:0.890635
bestSuite:2444,2475,1582,2369,2384,648,2396,2455,528,131,1286

test suite452
bestAPFD:0.875853
bestSuite:101,2510,2460,2464,2618,1402,2549,1176,1563,2382

test suite453
bestAPFD:0.881513
bestSuite:2642,2476,1570,2416,2496,1583,2453,294,1321

test suite454
bestAPFD:0.870421
bestSuite:251,2476,2465,1554,237,1850,2475,2082,2553

test suite455
bestAPFD:0.891174
bestSuite:2442,2497,2460,2552,2403,2406,1997,1584,1947,2414,293,2328

test suite456
bestAPFD:0.889494
bestSuite:2443,2503,2498,2540,20,2510,1546,2456,903,2410,2071,1899

test suite457
bestAPFD:0.872055
bestSuite:289,2498,2475,2406,2650,2472,2524,1663,2335,885

test suite458
bestAPFD:0.875776
bestSuite:2445,2509,1564,2417,2502,1402,2512,2419,277,2525

test suite459
bestAPFD:0.878737
bestSuite:8,2486,1663,898,2371,2479,1569,2458,2286,2413

test suite460
bestAPFD:0.885940
bestSuite:1985,2461,2482,1567,2467,1536,2458,2647,1776,2285

test suite461
bestAPFD:0.872133
bestSuite:1570,29,1800,2644,2507,1666,2457,2479,157,273,2487,2489

test suite462
bestAPFD:0.889330
bestSuite:2629,2503,1557,1568,1367,2404,1651,2522,2534,2408,392

test suite463
bestAPFD:0.874183
bestSuite:2589,2465,58,2414,2481,2396,1401,2545,1367

test suite464
bestAPFD:0.879404
bestSuite:2620,2502,2476,2404,2381,1661,2526,2023,2269

test suite465
bestAPFD:0.881061
bestSuite:2442,2509,2461,2473,2385,2374,2544,101,2142

test suite466
bestAPFD:0.868757
bestSuite:2445,2465,2482,1271,2389,2551,1666,2084,2388

test suite467
bestAPFD:0.883802
bestSuite:2642,2513,2518,1861,2489,1663,2455,171,2474

test suite468
bestAPFD:0.874702
bestSuite:2441,2475,2575,6,2403,2531,2369,2545,1114

test suite469
bestAPFD:0.868273
bestSuite:2263,1570,2496,2581,2467,1832,1401,2552,1931

test suite470
bestAPFD:0.873150
bestSuite:980,2518,2583,146,1781,2403,2513,2540,2547,2388

test suite471
bestAPFD:0.883006
bestSuite:2246,2461,2496,2626,2392,2451,2389,481,2520,619,189,19

test suite472
bestAPFD:0.875451
bestSuite:140,2399,2513,2475,2472,2478,2190,1095,1611,2377,2520

test suite473
bestAPFD:0.878438
bestSuite:284,2478,2510,2369,2581,1800,1666,2503,2524,1533,1341

test suite474
bestAPFD:0.886140
bestSuite:1985,2471,1584,2464,1670,2522,148,928,1844,1493,2498

test suite475
bestAPFD:0.864701
bestSuite:783,2641,2481,2431,2581,2537,2523,2502,1480,1582

test suite476
bestAPFD:0.870174
bestSuite:900,2492,1798,2411,2502,19,2396,2552,1683,1879

test suite477
bestAPFD:0.897083
bestSuite:2617,2492,1663,2460,1818,2478,2553,1108,741,70,966,2497

test suite478
bestAPFD:0.886347
bestSuite:2589,2461,2540,2526,2400,2479,2382,2445,2062,2223,14

test suite479
bestAPFD:0.871622
bestSuite:1363,1572,2537,2579,2483,2508,2497,2462,1403,169

test suite480
bestAPFD:0.881430
bestSuite:215,2503,1585,2396,2640,2377,2462,2528,2378,821

test suite481
bestAPFD:0.880492
bestSuite:2586,2509,2467,1582,2550,2502,1778,2388,252

test suite482
bestAPFD:0.883403
bestSuite:1395,2460,2507,2579,1663,2467,2410,2524,1724,2483,1040,227

test suite483
bestAPFD:0.882779
bestSuite:2588,2467,2471,1584,2397,2597,1631,2453,840,2493

test suite484
bestAPFD:0.869437
bestSuite:1932,2509,1557,2582,2464,2508,1843,2454,109,2258,96,1050

test suite485
bestAPFD:0.872141
bestSuite:1309,2482,236,2540,2377,2413,2513,2544,2380,1406

test suite486
bestAPFD:0.884337
bestSuite:2588,1564,2518,2548,2500,2402,164,2355,1289,1567,2369

test suite487
bestAPFD:0.874687
bestSuite:2589,209,2397,1577,2402,2389,2483,1264,2366,2544

test suite488
bestAPFD:0.896363
bestSuite:2622,2471,1564,2451,2481,2513,2549,890,197,1492,2394

test suite489
bestAPFD:0.891587
bestSuite:1985,2465,2497,2377,2406,1522,2553,2435,7,1478,1358

test suite490
bestAPFD:0.877153
bestSuite:1102,1570,2503,1663,2649,2409,2473,193,2506,2522

test suite491
bestAPFD:0.891002
bestSuite:2443,1557,2471,2409,2478,1531,2453,1793,836,120,1382

test suite492
bestAPFD:0.861464
bestSuite:1135,2606,2510,1595,2540,2523,1817,2643,1043,2498

test suite493
bestAPFD:0.878480
bestSuite:1934,2465,2510,2396,2371,1542,780,2525,594,131,1010

test suite494
bestAPFD:0.888001
bestSuite:2589,2465,1864,2537,1579,2544,1616,770,2605,2578,1951,65

test suite495
bestAPFD:0.879011
bestSuite:2441,2461,2510,2464,2372,2449,2552,2613,601

test suite496
bestAPFD:0.891894
bestSuite:56,2518,2626,2514,2505,2369,2508,2550,882,2366,1418,591

test suite497
bestAPFD:0.894660
bestSuite:2622,2482,1564,2404,2369,1536,2548,1220,164,2415,1906

test suite498
bestAPFD:0.873579
bestSuite:197,1585,2486,2513,1600,2404,2520,1992,2001,2582,2489,1865

test suite499
bestAPFD:0.871415
bestSuite:274,850,2492,2407,1841,2369,2413,1259,2466,1563,2524,1492

test suite500
bestAPFD:0.886032
bestSuite:1918,2496,87,2385,1850,2644,2537,2502,2521,1729,1679,395

