test suite1
bestAPFD:0.902597
bestSuite:86,2476,151,2475,1546,2467,1820,2388,2523,2460,1178

test suite2
bestAPFD:0.903968
bestSuite:101,2509,2589,2550,2511,2502,2371,2467,488,163

test suite3
bestAPFD:0.906746
bestSuite:2585,2464,287,2481,1224,1324,1569,2410,1643,2546,1567,2132

test suite4
bestAPFD:0.898526
bestSuite:1913,37,2330,1708,2497,2581,1564,1562,2460,1851,2407,2454,1779,271

test suite5
bestAPFD:0.912698
bestSuite:2444,2492,97,1772,2403,2524,2389,2462,489,2182,728

test suite6
bestAPFD:0.875397
bestSuite:263,1562,203,2461,2399,2574,2510,1536,2464,2527

test suite7
bestAPFD:0.892857
bestSuite:2600,2480,1570,1099,1825,2478,2650,2403,2453,1122

test suite8
bestAPFD:0.899711
bestSuite:980,1564,2497,2604,2582,2513,1404,2434,2388,1565,1162

test suite9
bestAPFD:0.873677
bestSuite:2218,2593,2411,2471,1002,25,2505,1569,2526,2488,2396,2409

test suite10
bestAPFD:0.912037
bestSuite:2444,2471,1852,2489,258,2548,2502,1660,1567,1712,1662,2077

test suite11
bestAPFD:0.905644
bestSuite:2617,2481,2462,2449,1866,2467,2457,1120,2301

test suite12
bestAPFD:0.905483
bestSuite:296,2503,1578,1857,2531,2413,2551,2377,2513,1495,187

test suite13
bestAPFD:0.909864
bestSuite:804,1567,2486,2513,112,2569,1661,2535,2481,2035,467,1947,2526,1798

test suite14
bestAPFD:0.901154
bestSuite:1242,2480,2435,297,2473,2551,2643,1574,2513,1043,876

test suite15
bestAPFD:0.899267
bestSuite:670,1564,148,2411,1631,2430,2475,1437,1917,2545,2502,1567,416

test suite16
bestAPFD:0.878571
bestSuite:1066,2465,288,2399,2476,945,1573,1861,2544,2388

test suite17
bestAPFD:0.912698
bestSuite:2468,2496,2476,53,1581,2382,2455,2498,1543,1208,2238

test suite18
bestAPFD:0.897392
bestSuite:2579,1567,2502,423,1320,1849,37,2497,2540,2437,1723,2527,2407,857

test suite19
bestAPFD:0.883333
bestSuite:2447,37,2481,2540,23,2381,2001,2462,1406,2550

test suite20
bestAPFD:0.872294
bestSuite:97,1038,1288,2644,2465,2497,2509,2373,1565,2489,2458

test suite21
bestAPFD:0.912698
bestSuite:56,2475,1830,2528,1402,2540,2586,2460,816,689,1188

test suite22
bestAPFD:0.923469
bestSuite:2629,2574,2475,1345,2156,98,1514,1570,2526,2478,505,2401,2053,2010

test suite23
bestAPFD:0.908369
bestSuite:2468,2507,1772,2547,186,2404,1611,2514,1569,1073,766

test suite24
bestAPFD:0.899711
bestSuite:1901,2476,2144,2518,2461,282,2501,1585,2547,453,1640

test suite25
bestAPFD:0.907596
bestSuite:46,2288,527,1817,2579,2510,2397,2525,1406,2409,2466,1175,507,1924

test suite26
bestAPFD:0.922799
bestSuite:2617,2481,1560,1557,1651,2526,2489,2474,208,2613,702

test suite27
bestAPFD:0.893298
bestSuite:100,2518,2454,2431,2588,2489,1574,2498,1914

test suite28
bestAPFD:0.909812
bestSuite:100,2476,2497,2382,2468,1403,1565,2460,1579,1345,2250

test suite29
bestAPFD:0.901154
bestSuite:2585,2464,250,2475,2202,2512,2548,1274,1660,2513,2056

test suite30
bestAPFD:0.898810
bestSuite:107,1414,2618,1834,1683,2457,2474,2531,2462,1567,2337,2242

test suite31
bestAPFD:0.922799
bestSuite:2622,2496,2435,2527,1585,2462,1564,688,1749,1124,224

test suite32
bestAPFD:0.900353
bestSuite:180,2486,2507,2459,2376,2629,1536,2498,1963

test suite33
bestAPFD:0.872222
bestSuite:2275,44,2101,2579,2475,2389,1807,1559,2520,2462

test suite34
bestAPFD:0.903968
bestSuite:2440,2481,56,2537,2485,1571,1403,2369,897,946

test suite35
bestAPFD:0.924603
bestSuite:2444,2475,1567,2514,182,1844,2448,2545,1569,2126,424,649,600,1027

test suite36
bestAPFD:0.888167
bestSuite:620,2628,2535,2492,833,1782,2514,2548,1683,2483,2369

test suite37
bestAPFD:0.923942
bestSuite:2617,2507,1841,2483,2528,1582,1564,2460,2064,1494,2325,27

test suite38
bestAPFD:0.912037
bestSuite:77,2503,2383,2585,2450,2551,2461,1584,2406,1524,1069,2326

test suite39
bestAPFD:0.881614
bestSuite:2037,2628,2460,1997,2580,2413,1661,2503,2480,1963,2524,2396

test suite40
bestAPFD:0.912132
bestSuite:2616,2471,2461,2463,189,1145,901,2553,2515,1402,2388,2584,1715,1298

test suite41
bestAPFD:0.929233
bestSuite:2617,2507,2477,2473,1514,2462,2456,408,1065,1544,1281,119

test suite42
bestAPFD:0.898268
bestSuite:2642,2497,1929,2138,2433,1631,2455,2473,2377,2461,82

test suite43
bestAPFD:0.897619
bestSuite:2425,2481,2461,1806,1565,2553,2616,2586,2489,1387

test suite44
bestAPFD:0.879509
bestSuite:2002,1422,2399,1557,2606,1666,2497,2481,2453,2514,2384

test suite45
bestAPFD:0.881746
bestSuite:2447,1557,2164,102,2475,1944,1843,2525,1666,2463

test suite46
bestAPFD:0.901455
bestSuite:2306,1562,2510,2534,1569,2585,2522,1843,1546,2537,291,1754

test suite47
bestAPFD:0.896825
bestSuite:645,2460,1579,2578,2482,1568,2366,26,1810,2450,1405

test suite48
bestAPFD:0.919974
bestSuite:215,2486,2477,1934,2459,2388,2514,2450,2397,1111,1487,2236

test suite49
bestAPFD:0.894444
bestSuite:2589,246,2467,1286,1797,1530,2377,2553,1569,118

test suite50
bestAPFD:0.892857
bestSuite:2616,2463,2471,2589,1584,2324,2550,1817,1565,1569

test suite51
bestAPFD:0.910714
bestSuite:5,2486,1579,2385,52,1248,2375,1569,2478,2551,1935,2594

test suite52
bestAPFD:0.909392
bestSuite:1991,2510,2545,287,1843,2502,2584,1536,2514,596,1678,1971

test suite53
bestAPFD:0.905423
bestSuite:1352,2507,2460,2464,2582,261,1566,761,2251,1800,2409,2544

test suite54
bestAPFD:0.892496
bestSuite:1367,2589,2479,2581,1565,206,1769,2455,1569,2466,2012

test suite55
bestAPFD:0.889610
bestSuite:2618,2461,2496,111,1376,859,1806,1584,2453,2500,2473

test suite56
bestAPFD:0.877646
bestSuite:711,278,2649,2570,2385,1243,1797,2404,2489,2457,2502,2474

test suite57
bestAPFD:0.902381
bestSuite:1985,2497,1582,2476,126,2516,2549,2377,2513,2236

test suite58
bestAPFD:0.912037
bestSuite:1,2482,1819,1404,1568,1611,2535,1579,1569,2096,2194,1944

test suite59
bestAPFD:0.895382
bestSuite:1689,1586,2460,1563,2475,1797,1661,2399,2478,1403,972

test suite60
bestAPFD:0.893939
bestSuite:1130,2507,2399,37,2463,732,2384,2500,2498,2452,708

test suite61
bestAPFD:0.912698
bestSuite:2468,2471,1563,1546,126,2523,1852,2478,2397,814,1508

test suite62
bestAPFD:0.905483
bestSuite:2442,2497,2510,2434,25,1558,2455,1568,2397,1766,720

test suite63
bestAPFD:0.889771
bestSuite:871,2480,2465,2550,1573,2473,1797,1934,617

test suite64
bestAPFD:0.902597
bestSuite:677,1564,2480,236,2548,2511,2583,1853,1569,268,2437

test suite65
bestAPFD:0.886724
bestSuite:986,2476,1959,269,934,1851,1616,2458,2498,1584,1814

test suite66
bestAPFD:0.902597
bestSuite:2468,134,2504,2462,1616,2459,2474,2531,2388,2190,969

test suite67
bestAPFD:0.883333
bestSuite:1185,2626,1586,2471,96,1651,2377,2537,2549,2498

test suite68
bestAPFD:0.905556
bestSuite:2444,1576,2518,1769,2548,1522,2531,2502,2113,923

test suite69
bestAPFD:0.895604
bestSuite:2252,1557,2605,2000,1559,2540,2644,2503,1803,2388,2552,502,492

test suite70
bestAPFD:0.889683
bestSuite:2589,110,1579,932,2466,2397,2411,1571,2392,2452

test suite71
bestAPFD:0.912698
bestSuite:2620,1562,2498,2482,1616,2431,2426,2521,2464,44,2257

test suite72
bestAPFD:0.915079
bestSuite:2622,2509,2487,2389,1403,1571,2461,979,1004,279

test suite73
bestAPFD:0.888228
bestSuite:2579,159,2465,211,2483,2480,1947,1957,2524,1680,2463,2402

test suite74
bestAPFD:0.912037
bestSuite:2589,1562,1564,1577,133,2574,933,649,2498,2523,651,2640

test suite75
bestAPFD:0.881746
bestSuite:2157,2496,2628,2649,2160,2511,2498,2433,2389,2527

test suite76
bestAPFD:0.915079
bestSuite:2617,2475,2380,1581,2513,2453,1568,469,1112,160

test suite77
bestAPFD:0.876984
bestSuite:2447,2633,1375,2432,2498,1579,2496,1401,2552,2463

test suite78
bestAPFD:0.906746
bestSuite:2589,1582,2434,1579,25,2399,773,628,2462,2522,2389,1109

test suite79
bestAPFD:0.889771
bestSuite:58,2486,1580,2475,443,1926,1574,2455,2462

test suite80
bestAPFD:0.894444
bestSuite:1091,2486,2460,2636,1360,1536,2544,1584,2376,1293

test suite81
bestAPFD:0.912698
bestSuite:2328,2476,2460,2475,1682,173,2412,2446,2396,2550,902

test suite82
bestAPFD:0.873810
bestSuite:860,14,2498,1380,2481,1816,2644,2527,2514,1581

test suite83
bestAPFD:0.927910
bestSuite:17,2476,2430,1559,2498,2458,2404,2406,115,633,1716,2159

test suite84
bestAPFD:0.879189
bestSuite:2328,2496,2380,1631,123,2581,2459,2540,1569

test suite85
bestAPFD:0.891941
bestSuite:1385,1506,2638,2397,2435,2643,2509,1554,2503,1444,2553,2389,1962

test suite86
bestAPFD:0.900132
bestSuite:735,2461,2447,68,2518,1702,2379,1660,2524,2409,2537,2499

test suite87
bestAPFD:0.905423
bestSuite:2426,2503,2480,1570,144,2506,2524,2578,2389,1530,32,2099

test suite88
bestAPFD:0.893939
bestSuite:1201,1563,2509,1794,98,2582,2514,1542,2458,2498,2128

test suite89
bestAPFD:0.896032
bestSuite:2586,2467,2460,2606,1666,2492,1032,1778,2455,635

test suite90
bestAPFD:0.903968
bestSuite:11,2589,2453,1769,1530,2489,1567,1569,1907,880

test suite91
bestAPFD:0.892857
bestSuite:124,1851,1661,2626,2548,2474,1567,2461,2463,2009

test suite92
bestAPFD:0.904040
bestSuite:1908,2507,2461,1862,183,2583,2488,1403,2478,38,2296

test suite93
bestAPFD:0.919974
bestSuite:260,2492,2640,2550,2500,2392,1569,2478,342,338,1267,1190

test suite94
bestAPFD:0.906926
bestSuite:788,2476,1563,2496,1560,2553,2582,2543,2500,2397,346

test suite95
bestAPFD:0.885582
bestSuite:1305,261,2649,2475,1668,1940,1906,2381,1574,2545,2502,2473

test suite96
bestAPFD:0.896825
bestSuite:2616,2582,2589,1558,2518,2465,1943,2433,2526,2473,1757

test suite97
bestAPFD:0.888007
bestSuite:79,2503,2400,2620,1567,2373,2549,2463,1557

test suite98
bestAPFD:0.900794
bestSuite:2444,2460,2480,165,2380,2404,1568,1680,2547,1153

test suite99
bestAPFD:0.880291
bestSuite:1934,2465,75,1085,1153,2599,2466,2471,1865,1559,2546,2483

test suite100
bestAPFD:0.896825
bestSuite:2468,2481,1570,2464,160,1832,2458,1682,2263

test suite101
bestAPFD:0.903968
bestSuite:2642,2497,2476,139,1403,2409,1531,2461,243,2241

test suite102
bestAPFD:0.910714
bestSuite:186,2385,1780,2546,2586,2389,1567,2502,2474,1476,910,2181

test suite103
bestAPFD:0.896032
bestSuite:2620,2503,1570,1979,2381,1405,1680,1582,2489,2409

test suite104
bestAPFD:0.900794
bestSuite:2442,2518,86,2522,2435,2513,2404,2537,1573,2159

test suite105
bestAPFD:0.905483
bestSuite:2443,2503,238,2398,2406,1559,2377,2547,2513,2031,928

test suite106
bestAPFD:0.906593
bestSuite:18,2540,1447,2582,1819,1557,1575,2474,2455,1584,1858,1164,2154

test suite107
bestAPFD:0.893298
bestSuite:2442,2475,240,2498,1843,1611,1403,2473,2003

test suite108
bestAPFD:0.893298
bestSuite:224,2518,1661,2501,2521,2399,2460,2406,2227

test suite109
bestAPFD:0.921296
bestSuite:2617,2388,2545,1841,1583,2369,2406,2589,1337,1835,788,286

test suite110
bestAPFD:0.880159
bestSuite:972,1557,42,2399,2503,2510,1560,1571,2528,2540

test suite111
bestAPFD:0.903968
bestSuite:2468,2464,2492,232,1841,1531,2544,2589,2498,2138

test suite112
bestAPFD:0.879189
bestSuite:2291,2510,2466,208,2485,2411,1536,2524,2513

test suite113
bestAPFD:0.927350
bestSuite:2440,2460,2475,2635,2451,2416,2520,2537,1584,2170,1939,2340,2216

test suite114
bestAPFD:0.916005
bestSuite:2620,1570,2497,1058,2506,1404,2400,1584,2540,196,649,37

test suite115
bestAPFD:0.900794
bestSuite:2446,206,2471,2458,2511,2479,2396,2502,672,2275

test suite116
bestAPFD:0.896032
bestSuite:2629,2507,2639,1584,1661,1841,2522,2369,1568,1610

test suite117
bestAPFD:0.917582
bestSuite:2615,2476,2537,2506,1666,2445,1562,2465,2470,1451,2299,1290,2553

test suite118
bestAPFD:0.922466
bestSuite:171,2503,2388,2513,1564,1834,2452,1581,2578,573,2387,1346,1266

test suite119
bestAPFD:0.903968
bestSuite:2443,2486,2488,1808,160,1569,2452,1579,1384,962

test suite120
bestAPFD:0.876984
bestSuite:53,4,2649,2471,2496,2516,2502,1554,1568,2528

test suite121
bestAPFD:0.900794
bestSuite:218,2486,2400,2586,2537,1857,1584,2551,1557,2240

test suite122
bestAPFD:0.899711
bestSuite:1873,2480,2461,1841,58,1934,2377,2547,1565,2473,1108

test suite123
bestAPFD:0.883838
bestSuite:91,2481,1159,743,2046,1536,1781,2453,2514,2649,2369

test suite124
bestAPFD:0.906926
bestSuite:2440,2482,2509,31,2477,2369,2466,1651,2456,518,1435

test suite125
bestAPFD:0.884921
bestSuite:2040,2589,2480,2493,80,2446,1616,2466,2527,2513

test suite126
bestAPFD:0.879509
bestSuite:1135,203,2481,701,1720,2544,2508,1851,2537,2513,2644

test suite127
bestAPFD:0.888228
bestSuite:2579,1226,1980,680,1561,2518,2456,1531,2473,2404,2462,1529

test suite128
bestAPFD:0.892857
bestSuite:2445,126,2496,2252,2376,2513,1546,2550,2463,2174

test suite129
bestAPFD:0.905372
bestSuite:2587,1562,147,173,1830,2486,1437,1690,1583,2540,2462,2528,1277

test suite130
bestAPFD:0.917027
bestSuite:201,2476,2482,2388,2521,1817,1402,1985,2498,2269,1162

test suite131
bestAPFD:0.880952
bestSuite:1304,2496,1557,2624,1660,2452,2372,2413,2540

test suite132
bestAPFD:0.898268
bestSuite:2588,1570,2509,2282,1724,2534,2494,1651,1584,2525,2540

test suite133
bestAPFD:0.902381
bestSuite:2642,2509,80,1403,2403,2495,2461,2404,2514,1878

test suite134
bestAPFD:0.922619
bestSuite:2442,2460,2480,1820,202,2523,2473,2511,2387,957,1453,662

test suite135
bestAPFD:0.912698
bestSuite:1238,2480,274,2485,1651,2524,2483,2513,2446,2463,213,436,954

test suite136
bestAPFD:0.904040
bestSuite:2642,2498,2497,1199,1366,1574,2412,2467,2458,2377,72

test suite137
bestAPFD:0.881944
bestSuite:2283,2486,2465,1563,164,2545,2511,2436

test suite138
bestAPFD:0.894444
bestSuite:253,2475,1562,2384,2526,2511,2460,2650,1564,1386

test suite139
bestAPFD:0.901455
bestSuite:2100,2581,24,2475,1564,1557,674,2519,2452,2400,569,2189

test suite140
bestAPFD:0.908069
bestSuite:107,1575,2467,2492,1557,952,2336,2650,2416,2521,464,1023

test suite141
bestAPFD:0.909812
bestSuite:239,2496,1554,2589,2460,1564,1810,2632,2553,684,2359

test suite142
bestAPFD:0.892857
bestSuite:2589,2607,1012,2509,1834,1559,1405,2478,1569,2621

test suite143
bestAPFD:0.916005
bestSuite:2586,1564,2482,36,2385,2212,1584,1569,2520,2330,1325,2159

test suite144
bestAPFD:0.901154
bestSuite:1301,2467,1570,2503,133,2400,2546,2581,2376,2388,2133

test suite145
bestAPFD:0.888095
bestSuite:2325,1564,2518,239,2380,1530,2409,2551,1934,2397

test suite146
bestAPFD:0.881746
bestSuite:635,1586,1564,1563,2509,1753,2456,1663,2513,1934

test suite147
bestAPFD:0.896825
bestSuite:923,2589,2460,130,1573,2643,2395,2483,2537,2546,1370

test suite148
bestAPFD:0.928571
bestSuite:2441,1563,2476,2461,240,2385,1832,1403,572,39,321,1176,1209

test suite149
bestAPFD:0.905644
bestSuite:2617,2510,1820,2457,1682,2406,1570,861,36

test suite150
bestAPFD:0.885281
bestSuite:1365,2583,129,2471,2507,272,2383,2527,2403,2478,2397

test suite151
bestAPFD:0.920024
bestSuite:179,2503,2496,2382,2579,1569,2523,2448,2540,1049,1140,1413,2212

test suite152
bestAPFD:0.878066
bestSuite:1036,175,755,2581,2467,2480,1840,1651,1404,2377,1569

test suite153
bestAPFD:0.919974
bestSuite:2440,1576,2465,2480,72,2522,2403,2483,2466,1200,961,1283

test suite154
bestAPFD:0.884480
bestSuite:2441,1557,2516,283,1514,2547,2483,2389,2474

test suite155
bestAPFD:0.925265
bestSuite:2617,2518,1573,1769,1567,2460,2457,2466,808,1710,923,172

test suite156
bestAPFD:0.888167
bestSuite:2298,202,2581,2492,1577,1830,930,889,2550,1569,2489

test suite157
bestAPFD:0.898268
bestSuite:287,2626,2498,793,2518,2548,1862,1577,2473,391,2333

test suite158
bestAPFD:0.888007
bestSuite:2586,2464,2509,203,1542,211,2487,2521,2502

test suite159
bestAPFD:0.890873
bestSuite:2206,724,2507,2411,2461,2474,147,1818,2466,1578,2551,2247

test suite160
bestAPFD:0.912698
bestSuite:296,2480,1560,2540,2526,1581,2620,2513,2151,777,1071

test suite161
bestAPFD:0.893519
bestSuite:711,2624,2397,2582,1573,2394,2481,2302,2457,2473,983,1657

test suite162
bestAPFD:0.892857
bestSuite:2447,2481,2603,2502,2540,2452,335,1806,2500,1717

test suite163
bestAPFD:0.912698
bestSuite:116,2507,2545,2410,1661,2632,2498,2467,989,445,1191

test suite164
bestAPFD:0.888095
bestSuite:944,2518,1824,195,2403,2587,2513,2483,1404,2406

test suite165
bestAPFD:0.886243
bestSuite:2587,1576,2475,1013,932,2462,2524,2511,2389

test suite166
bestAPFD:0.870370
bestSuite:284,1557,53,2583,2510,2455,2375,1682,2463

test suite167
bestAPFD:0.903880
bestSuite:253,2486,2507,1793,1569,2457,2449,1868,885

test suite168
bestAPFD:0.898046
bestSuite:83,275,2582,2540,771,2510,1666,1493,1865,2453,1569,381,1890

test suite169
bestAPFD:0.883333
bestSuite:84,2461,2413,2589,1892,2512,1680,1584,2489,2459

test suite170
bestAPFD:0.912698
bestSuite:2444,2482,1562,2460,205,1595,1778,2406,2548,924,972

test suite171
bestAPFD:0.879960
bestSuite:296,2475,2441,1568,1782,1402,2525,2397

test suite172
bestAPFD:0.912698
bestSuite:77,2481,2477,2444,1663,2456,2369,2463,601,1520,1727

test suite173
bestAPFD:0.884921
bestSuite:2618,275,856,1568,2481,2552,2448,1832,2404,2462

test suite174
bestAPFD:0.890873
bestSuite:979,2478,1940,2482,2411,177,2462,2516,2546,1406,2377,1721

test suite175
bestAPFD:0.905644
bestSuite:2617,2509,2414,1663,2397,2522,2467,1122,181

test suite176
bestAPFD:0.878571
bestSuite:217,2486,172,576,2465,2475,2530,2458,1803,1660

test suite177
bestAPFD:0.909812
bestSuite:2440,1570,2482,148,2457,2519,2406,2500,2483,347,2557

test suite178
bestAPFD:0.879509
bestSuite:2106,227,1562,2492,2343,2411,1644,2457,2375,2513,1568

test suite179
bestAPFD:0.883333
bestSuite:783,2486,2411,250,2518,1455,2502,1401,2521,1800

test suite180
bestAPFD:0.893939
bestSuite:2588,2497,2510,244,2408,156,2400,2396,2397,2553,1699

test suite181
bestAPFD:0.882395
bestSuite:729,279,2465,2507,2200,2482,2640,2401,2546,1406,2478

test suite182
bestAPFD:0.891053
bestSuite:1306,2465,1562,2581,1568,2480,898,243,2393,2544,1644

test suite183
bestAPFD:0.912698
bestSuite:2443,2481,35,1849,1401,2527,2513,2463,683,2646,2222

test suite184
bestAPFD:0.896032
bestSuite:2600,2509,1573,1568,1563,2465,1825,2632,2528,867

test suite185
bestAPFD:0.899206
bestSuite:2642,2481,137,1862,1578,2377,2458,2489,2462,2171

test suite186
bestAPFD:0.892857
bestSuite:2073,1570,2475,148,1934,2395,2537,2528,1565,2235

test suite187
bestAPFD:0.883333
bestSuite:2445,2475,666,2526,913,89,1536,1850,2389,2502

test suite188
bestAPFD:0.903968
bestSuite:121,2482,2510,2447,2531,2455,2462,1670,383,814

test suite189
bestAPFD:0.889610
bestSuite:702,2474,2584,13,2501,2547,2500,2396,1579,2513,1768

test suite190
bestAPFD:0.885281
bestSuite:1182,274,2476,2413,1335,2574,2531,1578,1404,2409,2498

test suite191
bestAPFD:0.908369
bestSuite:925,2486,2496,2460,2583,2603,2485,2546,1666,295,1173

test suite192
bestAPFD:0.918651
bestSuite:253,2471,2483,2520,1514,2535,2462,2391,2389,346,1120,2236

test suite193
bestAPFD:0.897619
bestSuite:2588,2465,1579,2463,2503,860,2534,2495,1571,2552

test suite194
bestAPFD:0.873810
bestSuite:1303,2611,2626,2460,1575,2503,1832,2521,2463,2404

test suite195
bestAPFD:0.908069
bestSuite:2588,2496,18,1857,2172,1416,1401,2513,2514,2454,563,953

test suite196
bestAPFD:0.889771
bestSuite:100,2507,2452,2376,1661,2461,1567,2650,1564

test suite197
bestAPFD:0.882716
bestSuite:2577,2475,2464,1557,183,1405,1406,2375,2643

test suite198
bestAPFD:0.896825
bestSuite:2124,1562,2471,238,1569,1824,2643,1663,1568,2553,268

test suite199
bestAPFD:0.895062
bestSuite:2617,2410,2474,2483,1578,2531,2397,2459,2348

test suite200
bestAPFD:0.912698
bestSuite:2629,2510,2520,1382,1843,1530,1564,2498,432,624,2606

test suite201
bestAPFD:0.872134
bestSuite:839,2639,2579,2486,2580,2545,2488,2377,2502

test suite202
bestAPFD:0.898810
bestSuite:2616,2476,1809,2582,1564,2313,513,2025,1682,1567,2553,2462

test suite203
bestAPFD:0.898810
bestSuite:1249,1561,1514,2447,2471,2514,2048,85,2528,2483,1569,457

test suite204
bestAPFD:0.897487
bestSuite:2447,901,294,2510,2436,2498,2377,842,1571,2396,2524,242

test suite205
bestAPFD:0.878571
bestSuite:2051,1585,2411,2481,1014,2505,25,2369,2455,2478

test suite206
bestAPFD:0.899206
bestSuite:2615,2480,1851,2389,2397,1934,2385,1252,691,2524

test suite207
bestAPFD:0.882395
bestSuite:726,1726,1563,2513,2644,1666,172,2471,2549,2396,1077

test suite208
bestAPFD:0.898268
bestSuite:1167,2497,2461,2492,2414,58,2389,1402,2447,2522,517

test suite209
bestAPFD:0.911255
bestSuite:2444,2464,2481,2624,1666,2408,2589,2553,2462,1079,950

test suite210
bestAPFD:0.879189
bestSuite:1897,1570,2535,1554,2475,2048,2524,2473,2410

test suite211
bestAPFD:0.914141
bestSuite:201,2476,1781,2640,2479,1574,2459,1564,2465,969,1201

test suite212
bestAPFD:0.883333
bestSuite:2285,2509,1864,149,2479,2478,2640,2407,2513,2455

test suite213
bestAPFD:0.902597
bestSuite:2554,2496,2467,68,2430,2399,1401,1404,2369,554,1885

test suite214
bestAPFD:0.884921
bestSuite:2589,1451,103,1670,2485,1708,1584,2514,2550,2513

test suite215
bestAPFD:0.915079
bestSuite:2622,2476,2481,2380,1578,2522,1557,1847,919,123

test suite216
bestAPFD:0.912698
bestSuite:2443,2507,1827,178,2502,2540,1670,2553,1498,152,1960

test suite217
bestAPFD:0.901154
bestSuite:1914,2475,2606,1864,1934,1522,2544,2489,2513,1164,2281

test suite218
bestAPFD:0.912698
bestSuite:2468,2507,73,2459,2450,2502,2514,1782,2483,1671,2047

test suite219
bestAPFD:0.901154
bestSuite:88,2579,1570,2430,2474,1643,2452,2409,2478,949,902

test suite220
bestAPFD:0.909392
bestSuite:198,2502,2486,953,2640,2507,1661,1862,2521,1464,2131,2103

test suite221
bestAPFD:0.883333
bestSuite:871,1576,2482,2510,14,1644,2413,2458,2397,2531

test suite222
bestAPFD:0.889683
bestSuite:2179,2464,2626,1818,1522,1584,2474,1403,2397,555

test suite223
bestAPFD:0.898810
bestSuite:2144,2486,57,1853,2584,2475,758,1826,1565,2526,2397,583

test suite224
bestAPFD:0.914683
bestSuite:155,2497,2480,1595,1576,2447,2452,2466,1557,1474,89,174

test suite225
bestAPFD:0.904040
bestSuite:2444,2482,1811,256,2540,1558,2388,2452,2498,1704,327

test suite226
bestAPFD:0.902597
bestSuite:2588,1576,1562,2461,1564,2641,765,1565,2589,2525,942

test suite227
bestAPFD:0.876984
bestSuite:37,1562,1557,1960,2413,2480,2393,1578,2459,2464

test suite228
bestAPFD:0.884480
bestSuite:2234,1572,2486,1794,2511,2473,2544,2498,2377

test suite229
bestAPFD:0.886508
bestSuite:1395,2476,27,1567,1411,1131,1616,2458,2378,2462

test suite230
bestAPFD:0.902597
bestSuite:2620,2476,2485,2007,2603,1578,2474,2525,1579,2397,2082

test suite231
bestAPFD:0.896825
bestSuite:2051,2626,2467,1557,2492,2219,2534,1571,2553,2432,2409

test suite232
bestAPFD:0.914683
bestSuite:2443,2503,2549,1569,2433,2409,107,2448,2489,553,1590,1037

test suite233
bestAPFD:0.889610
bestSuite:1151,2464,208,1631,2643,2471,2510,1647,1866,2550,2369

test suite234
bestAPFD:0.898268
bestSuite:2586,1562,89,2482,2516,727,2552,1402,2369,2531,1310

test suite235
bestAPFD:0.879509
bestSuite:997,2601,2153,2481,2478,1651,2388,2516,2644,2513,2520

test suite236
bestAPFD:0.886508
bestSuite:896,2507,2460,2581,2346,156,2576,2511,2537,2454

test suite237
bestAPFD:0.882716
bestSuite:1292,2509,2461,2408,2613,2478,1574,2453,2640

test suite238
bestAPFD:0.891053
bestSuite:1316,2464,2447,85,2503,2409,2559,1569,2412,1403,2500

test suite239
bestAPFD:0.917027
bestSuite:2622,2497,2388,2472,1522,2524,2537,2397,2156,2129,147

test suite240
bestAPFD:0.932804
bestSuite:70,2486,2460,2549,2268,1844,2389,1165,1522,2409,2618,353,511,325,850

test suite241
bestAPFD:0.901455
bestSuite:2445,2475,1035,1241,54,2473,2412,2369,2520,1644,2030,1974

test suite242
bestAPFD:0.912698
bestSuite:179,2509,2414,1616,2463,2644,2553,1569,341,1344,1450

test suite243
bestAPFD:0.883838
bestSuite:2217,1817,1125,2640,2481,256,1573,2406,2369,1404,937

test suite244
bestAPFD:0.907143
bestSuite:2444,2510,2465,2511,21,1827,2526,2489,1196,706

test suite245
bestAPFD:0.918651
bestSuite:2444,2503,2481,1570,1769,1643,19,2527,2537,977,1231,713

test suite246
bestAPFD:0.889683
bestSuite:1342,2507,1570,150,1842,2511,2473,1934,2409,1404

test suite247
bestAPFD:0.907143
bestSuite:2440,1557,2480,2505,123,2489,2521,1571,2273,849

test suite248
bestAPFD:0.867460
bestSuite:1153,64,225,2460,2411,2407,2518,1861,2478,2527

test suite249
bestAPFD:0.913360
bestSuite:2443,2503,2492,2371,2606,2526,2473,1569,2449,916,2088,2306

test suite250
bestAPFD:0.878066
bestSuite:1562,2025,959,2632,2369,2474,181,1782,2527,1583,2531

test suite251
bestAPFD:0.896032
bestSuite:58,2509,2460,2447,932,2392,2540,1406,1404,1257

test suite252
bestAPFD:0.877646
bestSuite:2028,486,2411,1586,1563,71,2451,2482,807,2528,2406,2369

test suite253
bestAPFD:0.923942
bestSuite:116,2486,2480,2385,2632,2528,1830,2461,1548,1089,2234,767

test suite254
bestAPFD:0.909035
bestSuite:2036,2460,2582,1579,2471,2131,2398,182,2500,2473,2550,48,425

test suite255
bestAPFD:0.917582
bestSuite:226,1864,1584,1401,2579,2498,2473,2520,2474,1833,1219,2210,1026

test suite256
bestAPFD:0.918651
bestSuite:1985,2492,2398,2536,1569,1643,2544,2479,2540,809,1483,1228

test suite257
bestAPFD:0.904151
bestSuite:1287,2460,111,2497,2480,1564,503,2142,1401,2515,2545,2644,1331

test suite258
bestAPFD:0.880952
bestSuite:1950,1563,2482,1778,1651,2454,2537,2513,2578

test suite259
bestAPFD:0.886905
bestSuite:1130,2579,114,2475,1079,2356,1776,2404,2473,2457,1643,1569

test suite260
bestAPFD:0.900794
bestSuite:2585,2464,1557,2475,1362,2472,726,2403,1403,558

test suite261
bestAPFD:0.904101
bestSuite:2128,2486,1557,137,1398,1499,1536,1824,2528,2632,2396,2483

test suite262
bestAPFD:0.909812
bestSuite:179,2589,1584,1824,1403,1568,1985,1660,2397,1707,546

test suite263
bestAPFD:0.873737
bestSuite:2099,1218,106,2535,2518,2045,2415,2537,1530,2369,2452

test suite264
bestAPFD:0.913360
bestSuite:2441,2482,2496,225,250,1514,2550,2514,2394,1569,2205,931

test suite265
bestAPFD:0.905483
bestSuite:2117,2480,1570,1564,2457,44,1832,1581,2643,568,483

test suite266
bestAPFD:0.918651
bestSuite:2608,2496,2456,2501,1571,1934,2389,2404,2513,1093,1032,2245

test suite267
bestAPFD:0.885281
bestSuite:908,2605,2513,1133,2510,2413,2523,2393,2537,1531,760

test suite268
bestAPFD:0.919974
bestSuite:154,2492,2403,2445,1866,2540,1405,2397,1232,341,1031,1381

test suite269
bestAPFD:0.912037
bestSuite:2586,1557,2475,1891,2453,2388,225,2378,2540,1683,1838,2074

test suite270
bestAPFD:0.886243
bestSuite:296,2471,1558,2620,1561,2458,2409,2498,2478

test suite271
bestAPFD:0.904040
bestSuite:2588,2460,1631,2503,1052,2435,144,2549,2514,2483,2062

test suite272
bestAPFD:0.903968
bestSuite:2441,2475,1616,2436,2514,293,2502,1404,1305,680

test suite273
bestAPFD:0.913360
bestSuite:1985,1563,2518,46,1865,2389,2454,1578,2513,1539,337,2363

test suite274
bestAPFD:0.912037
bestSuite:2587,2461,203,1661,2510,1904,2376,2547,2514,1599,2121,1917

test suite275
bestAPFD:0.886724
bestSuite:984,198,2640,2510,1892,2459,1807,1566,2377,2514,2498

test suite276
bestAPFD:0.896032
bestSuite:2620,2498,1567,2503,107,1077,2576,1406,2389,2525

test suite277
bestAPFD:0.900794
bestSuite:2444,2503,2518,2467,1857,243,1631,1404,2397,660

test suite278
bestAPFD:0.884259
bestSuite:1343,1067,2486,26,1953,2421,1801,2396,1405,1670,2404,2369

test suite279
bestAPFD:0.912698
bestSuite:2440,2518,1569,62,2384,1571,2527,2466,485,2230,2261

test suite280
bestAPFD:0.876623
bestSuite:1968,1570,2478,854,1701,65,2632,2518,2527,1401,2494

test suite281
bestAPFD:0.903968
bestSuite:215,2507,2546,2632,2511,1560,2397,2514,1225,1397

test suite282
bestAPFD:0.915584
bestSuite:16,2486,1570,1584,1807,2581,2396,1666,2525,1615,1067

test suite283
bestAPFD:0.899206
bestSuite:2642,2503,1562,1127,2485,1530,2523,2540,2397,289

test suite284
bestAPFD:0.917027
bestSuite:2442,2492,2461,1853,2389,124,1643,2523,1475,1209,1254

test suite285
bestAPFD:0.912037
bestSuite:2443,1564,2633,2430,1536,2526,2589,1567,2502,454,1442,2176

test suite286
bestAPFD:0.879189
bestSuite:1319,2589,151,2396,1780,2483,1565,2369,2523

test suite287
bestAPFD:0.888228
bestSuite:2583,131,2509,2486,1811,801,888,2498,1551,457,2454,1402

test suite288
bestAPFD:0.891270
bestSuite:1299,2503,2467,2510,2522,53,2394,1536,1569,2586

test suite289
bestAPFD:0.911255
bestSuite:2440,1582,2507,2534,2575,2550,2479,2396,1569,2120,1872

test suite290
bestAPFD:0.910998
bestSuite:852,2628,2579,2471,2388,1074,1531,1857,2462,2548,2466,1673,1501,2627

test suite291
bestAPFD:0.924603
bestSuite:1,2481,2388,2457,2487,1581,2413,1557,2478,1716,2010,1191,1170,2564

test suite292
bestAPFD:0.895382
bestSuite:1950,2467,2503,2381,105,2458,2640,1567,1566,2369,1988

test suite293
bestAPFD:0.909812
bestSuite:1149,1557,2492,1825,1401,2551,1934,2406,1792,2336,869

test suite294
bestAPFD:0.888228
bestSuite:1074,207,2650,1705,2471,2494,1531,1568,2479,2552,2498,1298

test suite295
bestAPFD:0.899711
bestSuite:2618,2626,2507,1570,2575,764,1764,1682,2478,2544,2404

test suite296
bestAPFD:0.892857
bestSuite:113,2507,2467,274,1571,2583,2415,2457,1569,2621

test suite297
bestAPFD:0.903968
bestSuite:2440,2518,2396,1403,1554,2432,79,2502,2190,1081

test suite298
bestAPFD:0.882937
bestSuite:839,2460,19,2582,1931,2474,674,2375,1531,2546,2404,2489

test suite299
bestAPFD:0.923687
bestSuite:2443,2496,2463,114,1565,2501,2589,2527,2513,2330,530,1303,917

test suite300
bestAPFD:0.906926
bestSuite:2586,1570,2475,1741,822,1571,2522,2485,2473,392,2064

test suite301
bestAPFD:0.882716
bestSuite:1105,2486,2613,1542,2475,2168,1772,2550,2498

test suite302
bestAPFD:0.913360
bestSuite:2608,2471,2478,2371,2524,1651,1579,2649,1569,609,2539,622

test suite303
bestAPFD:0.893939
bestSuite:1761,1562,2460,1554,2475,2649,1769,2388,1493,2452,2478

test suite304
bestAPFD:0.903968
bestSuite:2629,2486,2493,908,1558,2483,1569,1404,2170,257

test suite305
bestAPFD:0.883838
bestSuite:940,1563,2492,236,2618,1007,2508,1830,2552,2514,2397

test suite306
bestAPFD:0.883838
bestSuite:1282,1563,33,54,2640,2476,2471,2450,2458,2369,851

test suite307
bestAPFD:0.918470
bestSuite:253,2486,2518,2521,2434,2400,2620,2467,1570,959,1497

test suite308
bestAPFD:0.886508
bestSuite:2618,2509,1581,208,1964,2477,1404,2404,2489,2502

test suite309
bestAPFD:0.903968
bestSuite:119,2481,1798,1602,2525,1568,2446,2460,2238,2285

test suite310
bestAPFD:0.909812
bestSuite:2442,2497,2461,200,2407,1798,2549,2483,2478,1889,1020

test suite311
bestAPFD:0.884480
bestSuite:2589,289,1564,1581,2557,2485,2369,2547,2479

test suite312
bestAPFD:0.876623
bestSuite:102,1232,2643,1584,1246,2434,1616,2406,2526,2462,2474

test suite313
bestAPFD:0.891053
bestSuite:822,1570,2649,2182,2518,2517,10,2403,2473,2404,2545

test suite314
bestAPFD:0.889771
bestSuite:1321,2486,1572,2518,269,2643,1406,2525,2513

test suite315
bestAPFD:0.894444
bestSuite:1258,2467,1563,2589,1866,282,2453,1683,2502,2413

test suite316
bestAPFD:0.916005
bestSuite:2629,2540,2503,2216,2416,1582,2458,2404,2369,469,1175,422

test suite317
bestAPFD:0.880952
bestSuite:1689,2626,2481,216,1643,2454,2393,1568,2498

test suite318
bestAPFD:0.918470
bestSuite:2617,2471,2507,2498,2517,1568,2549,1401,637,1127,2609

test suite319
bestAPFD:0.889771
bestSuite:1242,2460,2475,1842,2640,2396,1661,2453,2409

test suite320
bestAPFD:0.892496
bestSuite:2589,57,2540,1699,1536,1832,759,2513,2458,2518,2474

test suite321
bestAPFD:0.917027
bestSuite:2468,2509,1570,2486,1798,172,2552,1631,934,1251,949

test suite322
bestAPFD:0.902597
bestSuite:2555,2464,2518,190,2445,2549,2431,1661,1569,714,1082

test suite323
bestAPFD:0.885281
bestSuite:767,1934,2513,854,2509,64,1660,1806,2549,2537,2119

test suite324
bestAPFD:0.897619
bestSuite:2360,1563,2486,1557,263,1545,2526,1663,2501,1656

test suite325
bestAPFD:0.882716
bestSuite:126,2507,2445,2356,2540,2477,2548,2450,1569

test suite326
bestAPFD:0.893298
bestSuite:2441,2510,8,1803,2452,1568,1661,2513,1330

test suite327
bestAPFD:0.912698
bestSuite:2642,2502,2503,1024,1256,2596,1851,2451,1563,2473,2453,2037,1453

test suite328
bestAPFD:0.893939
bestSuite:78,2436,1021,2582,2510,2522,2407,2388,2465,2478,1960

test suite329
bestAPFD:0.904101
bestSuite:2618,650,2540,53,2492,1834,1569,2552,1522,322,1627,1350

test suite330
bestAPFD:0.887057
bestSuite:2584,1579,227,754,2475,457,1527,1574,2384,2524,2369,2489,1795

test suite331
bestAPFD:0.886508
bestSuite:945,211,2480,2581,2393,1574,2550,2478,2462,1184

test suite332
bestAPFD:0.896825
bestSuite:2445,174,1564,2482,826,1807,2551,2500,2388,2498,1245

test suite333
bestAPFD:0.900794
bestSuite:105,2486,2121,2492,1660,2368,1570,2548,937,2095

test suite334
bestAPFD:0.892857
bestSuite:2588,1581,2518,2200,126,2504,2452,2473,2513,893

test suite335
bestAPFD:0.909392
bestSuite:2309,2464,2461,2503,2447,1558,1410,10,2547,2404,1556,1517

test suite336
bestAPFD:0.880952
bestSuite:844,2464,2481,212,1825,2524,2643,2502,1578

test suite337
bestAPFD:0.891534
bestSuite:2178,2486,2475,129,1583,2525,2487,2369,367

test suite338
bestAPFD:0.892857
bestSuite:677,2509,2461,13,1808,2586,1403,1578,2463,1326

test suite339
bestAPFD:0.891053
bestSuite:823,1570,2601,2480,2535,170,1530,2375,2522,2388,2540

test suite340
bestAPFD:0.892496
bestSuite:2636,2626,2479,1195,2471,2408,2523,2466,1531,1569,2429

test suite341
bestAPFD:0.903968
bestSuite:293,2497,2579,2513,2388,1406,1568,2546,1182,2118

test suite342
bestAPFD:0.878571
bestSuite:203,204,2632,2503,2480,2389,2374,2488,2548,1570

test suite343
bestAPFD:0.903968
bestSuite:2468,2496,193,1849,2489,1660,2454,1569,817,1833

test suite344
bestAPFD:0.886508
bestSuite:1991,2503,1569,2489,2541,2458,2415,2385,2578,2388

test suite345
bestAPFD:0.888095
bestSuite:2636,2465,1726,2518,2579,1769,2551,2473,1522,2404

test suite346
bestAPFD:0.907143
bestSuite:2444,2510,1582,1557,105,2493,1568,1404,770,221

test suite347
bestAPFD:0.892857
bestSuite:2145,2476,1581,21,2481,43,1820,2520,2389,1569

test suite348
bestAPFD:0.911255
bestSuite:2440,2471,1570,2537,2641,1840,1660,2457,2479,1699,755

test suite349
bestAPFD:0.903968
bestSuite:2442,2492,274,1670,1780,1403,1569,2478,2130,2054

test suite350
bestAPFD:0.896825
bestSuite:1091,1563,2486,197,1832,2481,604,2514,1663,2462,2457

test suite351
bestAPFD:0.906593
bestSuite:88,1563,2518,2411,1568,1376,938,2397,2580,2488,2547,307,1541

test suite352
bestAPFD:0.880952
bestSuite:2272,2649,2460,2480,58,2527,2516,1581,2473

test suite353
bestAPFD:0.888322
bestSuite:848,2649,225,377,2606,2482,2451,1778,2546,2388,2537,2369,367,1684

test suite354
bestAPFD:0.912037
bestSuite:91,2509,2463,895,2548,1402,2586,2495,2369,1517,1279,92

test suite355
bestAPFD:0.903968
bestSuite:180,2497,2644,2409,2465,2456,1402,2540,1805,872

test suite356
bestAPFD:0.892496
bestSuite:878,2461,1562,2507,76,2395,2581,1574,2526,2406,2427

test suite357
bestAPFD:0.915079
bestSuite:2622,2518,2467,2434,1404,1616,1569,1077,1343,970

test suite358
bestAPFD:0.908730
bestSuite:2622,2475,2435,2483,2545,1611,2461,1564,164,66

test suite359
bestAPFD:0.902778
bestSuite:34,2397,1012,2413,2503,2518,2448,1794,2456,2531,465,1671

test suite360
bestAPFD:0.901154
bestSuite:1999,2518,2540,1683,2410,2502,250,1403,2584,1471,1343

test suite361
bestAPFD:0.888228
bestSuite:1945,1482,2461,2535,2467,2233,1585,2492,2635,2477,1403,2404

test suite362
bestAPFD:0.895382
bestSuite:2446,84,2476,1155,1434,1566,1794,2547,2377,2369,1297

test suite363
bestAPFD:0.904101
bestSuite:1185,2497,2453,84,1530,2391,2445,2409,1568,2498,441,99

test suite364
bestAPFD:0.902778
bestSuite:251,1891,2643,2492,2493,1577,2524,2377,2465,2463,1728,1593

test suite365
bestAPFD:0.903968
bestSuite:2443,2496,58,2488,2495,2459,2463,2513,518,1748

test suite366
bestAPFD:0.906926
bestSuite:79,2482,2452,2385,2432,2406,2399,2498,1584,901,622

test suite367
bestAPFD:0.894444
bestSuite:56,2589,2585,1663,2501,2453,1570,1562,2396,217

test suite368
bestAPFD:0.882716
bestSuite:239,2481,2465,1564,1520,2650,1825,1401,2452

test suite369
bestAPFD:0.880952
bestSuite:180,2528,1571,1810,2474,2632,2463,1563,2498

test suite370
bestAPFD:0.905423
bestSuite:2647,2492,1661,1886,2431,1584,2406,2513,2632,2553,531,992

test suite371
bestAPFD:0.908369
bestSuite:31,2509,2583,1824,2385,2409,2546,2466,1570,1280,2314

test suite372
bestAPFD:0.877976
bestSuite:900,2476,2409,104,1772,2450,1403,2502

test suite373
bestAPFD:0.910317
bestSuite:2622,2482,2409,2553,2501,1682,2537,2502,71,1999

test suite374
bestAPFD:0.890873
bestSuite:2578,1036,986,146,2471,2518,2467,2462,2379,2488,2525,1437

test suite375
bestAPFD:0.922466
bestSuite:2443,2497,24,1536,2369,1778,2388,2537,2546,1664,480,860,1341

test suite376
bestAPFD:0.883333
bestSuite:962,2589,2575,150,2446,1660,2452,2396,2397,2388

test suite377
bestAPFD:0.927350
bestSuite:2622,2515,2462,2449,2409,2514,2547,2589,1423,1856,2085,2252,86

test suite378
bestAPFD:0.891270
bestSuite:791,2464,2465,2496,2535,248,2430,2483,2544,1514

test suite379
bestAPFD:0.889683
bestSuite:2446,37,2481,2460,1011,1663,217,2368,2524,1568

test suite380
bestAPFD:0.879509
bestSuite:1190,181,1631,2068,1816,2535,2510,2513,1740,1405,2531

test suite381
bestAPFD:0.879960
bestSuite:880,2476,1563,144,1809,1670,2545,2502

test suite382
bestAPFD:0.918651
bestSuite:2468,2509,1557,273,1825,2546,2474,1571,2406,939,2268,1027

test suite383
bestAPFD:0.913360
bestSuite:1985,2482,277,1806,2551,2463,2385,2369,2404,1881,1988,1254

test suite384
bestAPFD:0.898810
bestSuite:2445,2471,1536,273,208,776,2552,2412,2389,2462,2377,1898

test suite385
bestAPFD:0.880159
bestSuite:2128,1586,1570,175,2482,1585,2489,2644,2453,2479

test suite386
bestAPFD:0.899711
bestSuite:1242,2589,1562,2466,129,2512,2411,2552,1536,2369,929

test suite387
bestAPFD:0.918470
bestSuite:2622,2503,2480,1404,1840,2502,2478,1522,2092,2095,46

test suite388
bestAPFD:0.897619
bestSuite:2445,1563,2503,955,1682,2453,1827,2514,2502,754

test suite389
bestAPFD:0.898268
bestSuite:2446,2507,2464,2456,173,14,2429,2494,1546,2502,1029

test suite390
bestAPFD:0.873810
bestSuite:2090,1325,1563,2481,2535,2369,1798,2546,2450,2489

test suite391
bestAPFD:0.883333
bestSuite:2230,2626,1570,169,2471,1566,1843,2540,2479,2550

test suite392
bestAPFD:0.928571
bestSuite:1985,2481,1564,1403,294,2410,1595,2397,535,1116,511,1223,730

test suite393
bestAPFD:0.917328
bestSuite:2642,2496,2498,1108,2490,88,1405,1577,2396,1227,1389,1106

test suite394
bestAPFD:0.912698
bestSuite:121,2518,2374,2411,2407,2513,2544,2537,1679,1371,2275

test suite395
bestAPFD:0.892857
bestSuite:2642,2518,2478,947,2270,6,1683,2392,2547,2460

test suite396
bestAPFD:0.908369
bestSuite:252,2482,2507,1985,2451,2487,2396,1404,2498,1005,626

test suite397
bestAPFD:0.892857
bestSuite:2587,1572,1579,2466,2481,652,2188,2520,1406,2498

test suite398
bestAPFD:0.909812
bestSuite:17,2475,1810,1643,2537,2642,2479,2452,2461,832,735

test suite399
bestAPFD:0.932234
bestSuite:2617,2509,2498,2432,2523,2377,1683,2389,991,2025,2273,872,162

test suite400
bestAPFD:0.879189
bestSuite:209,1181,2476,2513,2492,1403,2494,1583,2024

test suite401
bestAPFD:0.917328
bestSuite:2444,2461,2482,225,2550,2393,1565,2404,2463,1955,1901,912

test suite402
bestAPFD:0.899711
bestSuite:2618,2639,2482,2397,2046,1651,2478,1810,1403,2404,1280

test suite403
bestAPFD:0.908369
bestSuite:2440,2481,82,1530,2537,2479,2553,2408,1569,301,94

test suite404
bestAPFD:0.905556
bestSuite:2440,1557,2509,2500,2380,11,1584,2396,2525,2272

test suite405
bestAPFD:0.919974
bestSuite:1,2492,2489,2453,2410,1651,2462,2445,1584,2350,2267,2005

test suite406
bestAPFD:0.903968
bestSuite:296,2471,2465,2526,1585,1563,2620,2467,1973,1491

test suite407
bestAPFD:0.901154
bestSuite:2178,2509,2393,130,1934,2463,1401,2521,2462,798,2214

test suite408
bestAPFD:0.889683
bestSuite:1976,2461,1562,2486,85,2463,1881,2500,2505,1404

test suite409
bestAPFD:0.922619
bestSuite:2442,2518,1570,2478,2631,2575,2550,1542,1293,1196,600,2343

test suite410
bestAPFD:0.903968
bestSuite:2440,2480,2430,2636,1581,2544,2540,2462,1922,1201

test suite411
bestAPFD:0.912698
bestSuite:1,2510,1800,2521,2440,2531,1595,1557,1747,2028,2577

test suite412
bestAPFD:0.882395
bestSuite:2579,1049,2461,112,2479,2509,668,2368,1616,2547,2396

test suite413
bestAPFD:0.899206
bestSuite:2444,1557,2482,104,1810,2528,1579,1568,1651,1222

test suite414
bestAPFD:0.889683
bestSuite:70,2476,2488,36,2531,2650,2552,2382,1569,2404

test suite415
bestAPFD:0.904040
bestSuite:2586,2467,2471,1951,2479,207,1806,2403,2397,2458,2007

test suite416
bestAPFD:0.917328
bestSuite:171,2475,1824,2396,2520,1522,2388,1985,2369,1652,2112,2122

test suite417
bestAPFD:0.919974
bestSuite:180,2589,1800,1531,2473,2513,1562,2521,505,1107,796,1348

test suite418
bestAPFD:0.904040
bestSuite:66,2482,2505,2459,2442,2513,2489,2449,1562,428,1627

test suite419
bestAPFD:0.907143
bestSuite:1985,2518,2461,1558,2613,1801,2526,2514,2479,1172

test suite420
bestAPFD:0.903968
bestSuite:124,2480,2504,2545,1530,2441,1568,2397,1064,1081

test suite421
bestAPFD:0.914683
bestSuite:2620,2476,2513,1078,1841,2628,2456,1564,2488,2377,60,2166

test suite422
bestAPFD:0.901455
bestSuite:1310,1570,2643,2503,1607,1559,144,1801,1404,1584,2406,421

test suite423
bestAPFD:0.880952
bestSuite:1971,117,2411,1570,2463,2497,1175,2495,2377,2553,1683

test suite424
bestAPFD:0.903968
bestSuite:16,2510,1824,2413,1536,2553,2498,2406,1926,1292

test suite425
bestAPFD:0.912698
bestSuite:2444,2492,2530,2523,1803,1568,1682,2462,1567,987,1901

test suite426
bestAPFD:0.884921
bestSuite:140,2486,1108,2498,2578,548,2481,2574,1406,2525

test suite427
bestAPFD:0.901154
bestSuite:2227,2507,2433,282,2407,2453,2618,2397,2514,1415,515

test suite428
bestAPFD:0.908730
bestSuite:2617,2496,1800,2589,1666,2523,1564,1569,819,205

test suite429
bestAPFD:0.891270
bestSuite:2157,2509,2465,200,1568,2399,2504,2455,2488,2646

test suite430
bestAPFD:0.909812
bestSuite:2442,2503,2510,1557,193,1852,2458,2473,1577,837,995

test suite431
bestAPFD:0.883333
bestSuite:2343,2626,2507,97,779,2544,2505,2531,2498,1578

test suite432
bestAPFD:0.902597
bestSuite:2586,1631,1862,2475,1289,106,2489,2522,1569,1890,890

test suite433
bestAPFD:0.885281
bestSuite:2583,1557,2261,57,2476,2507,1763,542,1798,2526,2488

test suite434
bestAPFD:0.882395
bestSuite:1934,2509,199,943,147,2540,1426,1406,2544,2369,2415

test suite435
bestAPFD:0.922619
bestSuite:2443,2461,2507,1405,1565,86,2412,2377,2537,1454,1318,2301

test suite436
bestAPFD:0.879509
bestSuite:1226,238,2433,2413,2503,2481,1270,2457,1571,2396,2462

test suite437
bestAPFD:0.918651
bestSuite:2442,2476,2518,62,1683,2513,2372,2474,2550,2093,826,1290

test suite438
bestAPFD:0.895125
bestSuite:1900,2486,2498,2215,2340,2535,363,1013,1808,2633,1566,2521,2409,2531

test suite439
bestAPFD:0.891270
bestSuite:2589,1165,2451,223,2545,2487,2502,2492,2537,379

test suite440
bestAPFD:0.889610
bestSuite:2225,2604,2535,2475,1433,1611,2504,2546,2462,2537,1534

test suite441
bestAPFD:0.893162
bestSuite:2584,1570,1586,2181,1748,1563,1564,307,1903,2481,1574,2520,1336

test suite442
bestAPFD:0.879189
bestSuite:2445,2496,655,200,2519,2463,2526,1574,2369

test suite443
bestAPFD:0.902116
bestSuite:2443,1564,2480,2431,2521,1680,2397,1224,1254

test suite444
bestAPFD:0.912698
bestSuite:224,2481,2373,1558,2461,2442,1568,2453,1318,1267,862

test suite445
bestAPFD:0.896032
bestSuite:2441,2471,257,2495,1573,2502,2404,2531,2455,1986

test suite446
bestAPFD:0.889771
bestSuite:2586,1557,2503,2476,755,1420,2483,2521,1660

test suite447
bestAPFD:0.884480
bestSuite:8,2496,2466,2461,2015,2508,2458,2477,1934

test suite448
bestAPFD:0.896164
bestSuite:1964,1570,85,2447,2471,291,2406,2381,1574,1567,2459,408

test suite449
bestAPFD:0.894444
bestSuite:2618,2509,207,1816,1568,745,2498,2457,1663,692

test suite450
bestAPFD:0.882716
bestSuite:880,2510,2649,2464,35,1585,2434,2546,2462

test suite451
bestAPFD:0.915584
bestSuite:2444,1582,2475,2396,131,2384,2455,2369,528,648,1286

test suite452
bestAPFD:0.900794
bestSuite:101,2510,2382,1402,2549,2460,1563,2618,2464,1176

test suite453
bestAPFD:0.891534
bestSuite:2642,2496,1570,2476,1321,294,2416,2453,1583

test suite454
bestAPFD:0.886243
bestSuite:237,2476,2465,251,2475,1554,2082,1850,2553

test suite455
bestAPFD:0.914683
bestSuite:293,2497,2403,2552,2414,1584,2442,2406,2460,1947,1997,2328

test suite456
bestAPFD:0.913360
bestSuite:2443,2503,2510,2410,2456,20,1546,2498,2540,1899,2071,903

test suite457
bestAPFD:0.878571
bestSuite:885,2650,289,2475,2335,1663,2524,2472,2406,2498

test suite458
bestAPFD:0.888095
bestSuite:2445,2509,1564,2419,277,2417,2512,1402,2525,2502

test suite459
bestAPFD:0.894444
bestSuite:8,2486,2413,898,2371,1569,2479,1663,2458,2286

test suite460
bestAPFD:0.900794
bestSuite:1985,2461,2467,2482,2647,1776,1536,2458,1567,2285

test suite461
bestAPFD:0.892196
bestSuite:1570,1800,29,1666,2644,157,2507,2487,273,2457,2479,2489

test suite462
bestAPFD:0.905483
bestSuite:2629,2503,1367,2408,1651,2404,2522,1557,1568,392,2534

test suite463
bestAPFD:0.880952
bestSuite:1367,2481,2589,2465,58,2545,2414,1401,2396

test suite464
bestAPFD:0.888007
bestSuite:2620,2476,2502,2023,2269,2381,1661,2526,2404

test suite465
bestAPFD:0.893298
bestSuite:101,2509,2473,2442,2544,2374,2385,2461,2142

test suite466
bestAPFD:0.889771
bestSuite:2084,2465,2482,2389,2551,2388,2445,1666,1271

test suite467
bestAPFD:0.893298
bestSuite:171,2518,1663,2455,1861,2489,2513,2642,2474

test suite468
bestAPFD:0.893298
bestSuite:2441,2475,6,2403,2575,2545,2531,2369,1114

test suite469
bestAPFD:0.882716
bestSuite:2263,2496,2467,1570,2581,1931,1832,1401,2552

test suite470
bestAPFD:0.888095
bestSuite:980,2518,146,1781,2547,2403,2583,2388,2540,2513

test suite471
bestAPFD:0.900132
bestSuite:2246,2626,2461,619,2496,19,2392,2451,2520,2389,481,189

test suite472
bestAPFD:0.880952
bestSuite:2190,2399,2475,2377,1095,2472,140,1611,2520,2513,2478

test suite473
bestAPFD:0.893939
bestSuite:1341,2503,2510,284,1800,2581,1666,2478,2524,2369,1533

test suite474
bestAPFD:0.908369
bestSuite:1985,2464,2471,148,1844,2498,1670,2522,1584,928,1493

test suite475
bestAPFD:0.880159
bestSuite:783,2581,2641,2481,1582,1480,2431,2502,2523,2537

test suite476
bestAPFD:0.891270
bestSuite:900,2492,19,2552,2411,2396,1798,1683,2502,1879

test suite477
bestAPFD:0.925265
bestSuite:2617,2497,2492,1663,1818,2460,2478,2553,1108,741,966,70

test suite478
bestAPFD:0.895382
bestSuite:2445,2540,2461,14,2062,2382,2526,2400,2479,2589,2223

test suite479
bestAPFD:0.881746
bestSuite:1363,1572,2497,169,2462,2508,2579,1403,2483,2537

test suite480
bestAPFD:0.894444
bestSuite:215,2503,2378,1585,2528,2640,2377,2462,2396,821

test suite481
bestAPFD:0.886243
bestSuite:252,2509,1778,2586,2388,1582,2550,2467,2502

test suite482
bestAPFD:0.901455
bestSuite:1395,2460,227,2579,2507,2467,1040,2524,2410,1663,2483,1724

test suite483
bestAPFD:0.886508
bestSuite:840,2471,2467,2493,2588,2597,2397,1584,1631,2453

test suite484
bestAPFD:0.890873
bestSuite:1932,2258,2582,2464,2509,1557,96,109,1843,2454,2508,1050

test suite485
bestAPFD:0.881746
bestSuite:1309,2482,236,2380,2377,2544,1406,2413,2513,2540

test suite486
bestAPFD:0.904040
bestSuite:2588,1564,164,2518,2402,1289,2500,2548,1567,2369,2355

test suite487
bestAPFD:0.880159
bestSuite:2589,2366,1264,209,2397,1577,2402,2483,2389,2544

test suite488
bestAPFD:0.917027
bestSuite:2622,2471,2481,2394,2549,2513,2451,1564,197,1492,890

test suite489
bestAPFD:0.909812
bestSuite:1985,2497,2465,7,1522,2435,2406,2377,2553,1478,1358

test suite490
bestAPFD:0.881746
bestSuite:1102,1570,193,2503,2649,2506,2473,2522,2409,1663

test suite491
bestAPFD:0.912698
bestSuite:2443,2471,1557,2478,120,2453,1793,1531,2409,836,1382

test suite492
bestAPFD:0.872222
bestSuite:1135,2606,1043,1817,2510,2643,2523,1595,2540,2498

test suite493
bestAPFD:0.893939
bestSuite:780,2465,131,2371,2510,1934,2525,594,1542,2396,1010

test suite494
bestAPFD:0.896164
bestSuite:2589,2605,2465,65,1951,770,1864,1579,2537,2578,2544,1616

test suite495
bestAPFD:0.896825
bestSuite:2441,2510,2464,2461,2613,2372,2449,2552,601

test suite496
bestAPFD:0.919974
bestSuite:56,2518,2550,2508,2505,2626,2369,2514,1418,591,882,2366

test suite497
bestAPFD:0.918470
bestSuite:2622,2482,2369,1536,2415,2548,2404,1564,1906,1220,164

test suite498
bestAPFD:0.890873
bestSuite:197,2486,2582,2513,1600,1585,2001,1992,1865,2489,2404,2520

test suite499
bestAPFD:0.892196
bestSuite:274,850,2413,1259,2492,1841,2369,2524,2407,1563,2466,1492

test suite500
bestAPFD:0.909392
bestSuite:1918,2496,87,1850,2644,2385,2537,2521,2502,395,1679,1729

