test suite1
bestAPFD:0.908369
bestSuite:86,2476,2388,2460,2523,1820,1546,1178,151,2467,2475

test suite2
bestAPFD:0.903968
bestSuite:101,2589,2502,2509,2511,2467,2371,2550,163,488

test suite3
bestAPFD:0.925265
bestSuite:2585,2464,2481,1643,1569,2410,2546,287,2132,1567,1324,1224

test suite4
bestAPFD:0.923469
bestSuite:37,1562,2497,2454,2407,2460,271,2581,1564,1913,1851,1779,1708,2330

test suite5
bestAPFD:0.912698
bestSuite:2444,2492,2389,2403,2524,2462,97,1772,728,2182,489

test suite6
bestAPFD:0.891270
bestSuite:1562,2461,2574,2399,2527,2464,2510,1536,203,263

test suite7
bestAPFD:0.900794
bestSuite:2600,1570,2480,2403,2650,2478,2453,1825,1122,1099

test suite8
bestAPFD:0.908369
bestSuite:980,1564,2388,2497,2582,1565,1404,2513,2434,1162,2604

test suite9
bestAPFD:0.880291
bestSuite:2218,2411,2471,1002,2396,2526,1569,2593,2409,2488,2505,25

test suite10
bestAPFD:0.919974
bestSuite:2444,2471,1567,2489,2502,2548,1660,258,2077,1712,1662,1852

test suite11
bestAPFD:0.902116
bestSuite:2617,2481,1866,2467,2457,2449,1120,2301,2462

test suite12
bestAPFD:0.912698
bestSuite:296,2503,1578,2551,2413,2377,2531,2513,1495,1857,187

test suite13
bestAPFD:0.921202
bestSuite:804,2486,2526,1567,1798,112,1661,2481,2513,1947,467,2035,2569,2535

test suite14
bestAPFD:0.905483
bestSuite:297,2513,2480,2643,2551,2473,1574,2435,1242,876,1043

test suite15
bestAPFD:0.911477
bestSuite:1917,148,2475,2430,1631,2545,2411,2502,1564,1567,670,1437,416

test suite16
bestAPFD:0.905556
bestSuite:1066,2465,2476,1861,2388,1573,2544,2399,288,945

test suite17
bestAPFD:0.912698
bestSuite:2468,2496,53,1581,2382,2498,2455,2476,2238,1543,1208

test suite18
bestAPFD:0.923469
bestSuite:2579,2497,1567,2540,2502,2407,2527,37,2437,857,1320,1849,1723,423

test suite19
bestAPFD:0.888095
bestSuite:2447,37,2481,2462,2550,1406,2381,2001,2540,23

test suite20
bestAPFD:0.878066
bestSuite:97,1038,1288,2509,2489,1565,2497,2458,2644,2373,2465

test suite21
bestAPFD:0.918470
bestSuite:2586,2460,2475,2540,2528,1830,1402,689,816,1188,56

test suite22
bestAPFD:0.937075
bestSuite:2629,2475,2574,1514,1570,2478,2526,2156,98,1345,2053,2010,2401,505

test suite23
bestAPFD:0.912698
bestSuite:2468,2507,1569,186,1772,2547,1611,2514,766,2404,1073

test suite24
bestAPFD:0.906926
bestSuite:1901,2476,2461,2501,2144,2518,1585,2547,453,1640,282

test suite25
bestAPFD:0.918934
bestSuite:46,1817,2579,2510,1406,527,2397,2525,2466,507,2288,2409,1924,1175

test suite26
bestAPFD:0.914141
bestSuite:2617,1651,2481,1560,2526,208,2489,2474,702,2613,1557

test suite27
bestAPFD:0.893298
bestSuite:100,2518,1574,2489,2431,2588,2454,2498,1914

test suite28
bestAPFD:0.921356
bestSuite:100,2476,1579,2497,1403,2460,1565,2468,2382,1345,2250

test suite29
bestAPFD:0.918470
bestSuite:2585,2464,2475,2513,2548,2512,1660,2056,250,2202,1274

test suite30
bestAPFD:0.898810
bestSuite:107,2618,1683,2531,2474,1834,1567,2457,2462,1414,2242,2337

test suite31
bestAPFD:0.922799
bestSuite:2622,2496,2462,2527,2435,1585,1564,1124,688,224,1749

test suite32
bestAPFD:0.903880
bestSuite:180,2486,2376,2498,2459,2507,1536,1963,2629

test suite33
bestAPFD:0.896032
bestSuite:44,1559,2475,2389,2579,2520,1807,2462,2101,2275

test suite34
bestAPFD:0.903968
bestSuite:56,2481,2440,2485,1571,1403,2369,2537,946,897

test suite35
bestAPFD:0.931406
bestSuite:2444,2475,1844,2545,182,2514,1569,2448,1027,1567,424,600,649,2126

test suite36
bestAPFD:0.895382
bestSuite:620,2535,2548,2492,2369,2514,2628,1683,2483,1782,833

test suite37
bestAPFD:0.927910
bestSuite:2617,1564,2507,1582,2460,2528,1841,1494,2325,2483,27,2064

test suite38
bestAPFD:0.925265
bestSuite:2585,2461,2503,1584,2551,2450,2406,77,2326,2383,1069,1524

test suite39
bestAPFD:0.901455
bestSuite:2628,2580,1661,2480,2413,2524,2503,2460,2037,1963,1997,2396

test suite40
bestAPFD:0.918934
bestSuite:2616,2388,2463,2471,2461,1402,1298,2584,1145,901,189,2515,1715,2553

test suite41
bestAPFD:0.929233
bestSuite:2617,2507,2473,2477,2456,2462,1514,1281,119,1544,1065,408

test suite42
bestAPFD:0.912698
bestSuite:2642,2497,2473,1631,1929,2455,2377,2461,82,2433,2138

test suite43
bestAPFD:0.905556
bestSuite:2586,2461,2481,2553,2489,1565,2616,2425,1387,1806

test suite44
bestAPFD:0.892496
bestSuite:2002,1557,2399,2481,2453,1422,2497,2514,1666,2606,2384

test suite45
bestAPFD:0.896032
bestSuite:2447,1557,102,2463,2475,1843,2525,1666,1944,2164

test suite46
bestAPFD:0.918651
bestSuite:2585,1562,1546,2537,1569,2522,2510,1843,2306,1754,2534,291

test suite47
bestAPFD:0.908369
bestSuite:645,2460,2482,1579,1568,1405,2450,2578,26,1810,2366

test suite48
bestAPFD:0.926587
bestSuite:215,2486,2477,2388,2450,2459,2236,2397,1487,1111,1934,2514

test suite49
bestAPFD:0.902381
bestSuite:2589,2467,1797,246,1569,2377,2553,1530,118,1286

test suite50
bestAPFD:0.900794
bestSuite:2589,2463,2616,1565,2471,1569,2550,1584,2324,1817

test suite51
bestAPFD:0.917328
bestSuite:52,2486,1579,2551,2385,1569,2478,2375,1248,5,2594,1935

test suite52
bestAPFD:0.909392
bestSuite:1991,2510,1536,2502,1843,2584,2514,287,2545,1678,1971,596

test suite53
bestAPFD:0.914683
bestSuite:1352,2507,2464,1800,2544,2460,1566,2409,2582,261,761,2251

test suite54
bestAPFD:0.906926
bestSuite:2589,206,2479,1769,2455,1565,1569,2581,2012,1367,2466

test suite55
bestAPFD:0.908369
bestSuite:2618,2496,2461,2453,2500,2473,859,1806,111,1376,1584

test suite56
bestAPFD:0.905423
bestSuite:278,2502,2385,2474,1797,2457,2649,2404,2489,2570,1243,711

test suite57
bestAPFD:0.910317
bestSuite:1985,1582,2476,2516,2513,2377,126,2549,2236,2497

test suite58
bestAPFD:0.919974
bestSuite:1,2482,1569,1404,1611,1568,1579,2535,2194,1819,2096,1944

test suite59
bestAPFD:0.906926
bestSuite:1689,1586,2475,2460,2478,2399,1563,1661,1403,1797,972

test suite60
bestAPFD:0.901154
bestSuite:37,2498,2507,2399,2452,2500,2463,708,1130,732,2384

test suite61
bestAPFD:0.919913
bestSuite:2468,2471,1563,2397,2523,2478,1546,814,1508,126,1852

test suite62
bestAPFD:0.912698
bestSuite:2442,2497,1558,2397,2455,1568,25,2510,2434,1766,720

test suite63
bestAPFD:0.889771
bestSuite:871,2480,2465,2473,1573,2550,1797,1934,617

test suite64
bestAPFD:0.909812
bestSuite:677,2480,1564,2583,2511,2548,1569,1853,2437,236,268

test suite65
bestAPFD:0.895382
bestSuite:986,2476,269,1584,1851,2498,1959,2458,1616,934,1814

test suite66
bestAPFD:0.902597
bestSuite:2468,2531,2459,134,1616,2504,2462,2388,2474,969,2190

test suite67
bestAPFD:0.897619
bestSuite:1185,2471,2626,2377,2498,1651,2537,96,1586,2549

test suite68
bestAPFD:0.911905
bestSuite:2444,1576,2518,2548,2531,1522,2502,923,2113,1769

test suite69
bestAPFD:0.906593
bestSuite:1559,1557,2252,2503,2388,2644,2540,2605,502,1803,2000,492,2552

test suite70
bestAPFD:0.902381
bestSuite:2589,110,2466,2392,1579,2452,1571,2397,2411,932

test suite71
bestAPFD:0.919913
bestSuite:2620,2482,1562,1616,2521,2498,2464,44,2431,2426,2257

test suite72
bestAPFD:0.915079
bestSuite:2622,2509,2487,1571,2389,1403,2461,1004,279,979

test suite73
bestAPFD:0.909392
bestSuite:2579,159,2480,2465,2402,1680,2463,1947,2483,211,1957,2524

test suite74
bestAPFD:0.923942
bestSuite:2589,2574,1562,1564,2498,1577,2523,649,933,133,651,2640

test suite75
bestAPFD:0.899206
bestSuite:2157,2496,2649,2511,2389,2433,2498,2527,2160,2628

test suite76
bestAPFD:0.915079
bestSuite:2617,2475,2453,2380,2513,1581,1568,1112,160,469

test suite77
bestAPFD:0.896032
bestSuite:2447,2633,2498,2496,2552,2463,2432,1401,1579,1375

test suite78
bestAPFD:0.919974
bestSuite:2589,1579,1582,2462,2434,2522,628,2389,773,2399,1109,25

test suite79
bestAPFD:0.900353
bestSuite:58,2486,1580,2475,1574,2455,2462,443,1926

test suite80
bestAPFD:0.907143
bestSuite:1091,2486,2460,1584,1536,2376,2544,1293,2636,1360

test suite81
bestAPFD:0.909812
bestSuite:2446,2460,2475,1682,2412,2328,2550,2476,902,173,2396

test suite82
bestAPFD:0.886508
bestSuite:860,14,2481,2527,1581,2644,2514,2498,1816,1380

test suite83
bestAPFD:0.927910
bestSuite:17,2476,2430,2404,2498,2458,1559,1716,2159,2406,115,633

test suite84
bestAPFD:0.879189
bestSuite:2328,2496,2459,1631,1569,2581,2540,123,2380

test suite85
bestAPFD:0.910256
bestSuite:1385,2397,2509,2503,2643,1554,2553,2389,2638,1506,1962,2435,1444

test suite86
bestAPFD:0.916005
bestSuite:2447,2461,2518,2537,2379,1660,2524,735,68,1702,2499,2409

test suite87
bestAPFD:0.917328
bestSuite:2426,1570,2480,2578,2524,1530,2389,2503,32,144,2099,2506

test suite88
bestAPFD:0.901154
bestSuite:1201,2509,1794,2582,2514,1563,2458,1542,2498,98,2128

test suite89
bestAPFD:0.910317
bestSuite:2586,2460,2492,1666,2455,1778,2467,635,1032,2606

test suite90
bestAPFD:0.903968
bestSuite:11,2589,2489,2453,1769,1567,1530,1569,880,1907

test suite91
bestAPFD:0.892857
bestSuite:124,2548,2474,1567,1661,2461,2463,2626,1851,2009

test suite92
bestAPFD:0.906926
bestSuite:1908,2461,2478,2507,1403,2488,2583,183,1862,2296,38

test suite93
bestAPFD:0.919974
bestSuite:260,2492,2550,2392,1569,2500,2640,2478,342,338,1190,1267

test suite94
bestAPFD:0.918470
bestSuite:788,2476,1563,2553,2500,1560,2397,2543,2582,346,2496

test suite95
bestAPFD:0.916005
bestSuite:261,2502,2475,2649,2473,1574,2381,2545,1906,1305,1668,1940

test suite96
bestAPFD:0.911255
bestSuite:2589,2465,2518,2433,2526,1558,2616,2582,1943,1757,2473

test suite97
bestAPFD:0.902116
bestSuite:2620,1567,2503,2549,2400,2463,1557,2373,79

test suite98
bestAPFD:0.910317
bestSuite:2444,2480,1680,2460,1568,2380,2547,1153,2404,165

test suite99
bestAPFD:0.913360
bestSuite:1934,2465,2471,1559,2483,2466,2546,75,2599,1865,1085,1153

test suite100
bestAPFD:0.902116
bestSuite:2468,2481,1570,1682,1832,2464,2458,160,2263

test suite101
bestAPFD:0.903968
bestSuite:2642,2476,2409,2497,1403,1531,139,2461,2241,243

test suite102
bestAPFD:0.910714
bestSuite:186,2385,1780,2474,1567,2586,2502,2389,2546,2181,1476,910

test suite103
bestAPFD:0.911905
bestSuite:2620,2503,1570,1405,2409,1582,2489,1680,2381,1979

test suite104
bestAPFD:0.903968
bestSuite:2442,2518,2513,2522,2537,2435,1573,86,2404,2159

test suite105
bestAPFD:0.912698
bestSuite:2443,2503,2547,2377,2406,238,1559,2513,2031,928,2398

test suite106
bestAPFD:0.910256
bestSuite:18,2540,2455,1584,2474,1557,2582,1575,1447,1858,1164,2154,1819

test suite107
bestAPFD:0.893298
bestSuite:2442,2475,240,2473,2498,1611,1403,1843,2003

test suite108
bestAPFD:0.891534
bestSuite:224,2518,2406,2460,2501,2399,1661,2227,2521

test suite109
bestAPFD:0.921296
bestSuite:2617,2388,2589,1841,2406,2545,2369,1583,788,1337,1835,286

test suite110
bestAPFD:0.896032
bestSuite:42,1557,2510,2503,2399,2540,2528,1571,972,1560

test suite111
bestAPFD:0.911905
bestSuite:2468,2492,2464,1841,2544,1531,2498,2589,232,2138

test suite112
bestAPFD:0.879189
bestSuite:2291,2510,2524,2466,208,1536,2513,2411,2485

test suite113
bestAPFD:0.929792
bestSuite:2440,2460,2520,2475,2537,2451,2216,2416,1939,2340,1584,2170,2635

test suite114
bestAPFD:0.926587
bestSuite:2620,1570,2497,2400,1584,1404,2540,2506,196,649,37,1058

test suite115
bestAPFD:0.897619
bestSuite:2446,206,2471,2502,2479,2511,2458,2275,672,2396

test suite116
bestAPFD:0.900794
bestSuite:2629,2507,2639,2522,1568,1841,1661,1584,1610,2369

test suite117
bestAPFD:0.932234
bestSuite:2615,2476,1666,2465,2506,1562,2553,2445,2299,2470,1290,1451,2537

test suite118
bestAPFD:0.926129
bestSuite:171,2503,2452,1581,1564,2513,2578,2388,1346,1266,1834,573,2387

test suite119
bestAPFD:0.903968
bestSuite:2443,2486,1579,1569,2488,160,1808,2452,962,1384

test suite120
bestAPFD:0.884921
bestSuite:53,2649,2496,4,1568,2528,2502,1554,2516,2471

test suite121
bestAPFD:0.913492
bestSuite:218,2486,1584,1557,2400,2551,1857,2537,2586,2240

test suite122
bestAPFD:0.909812
bestSuite:1873,2480,2461,2547,2473,1565,1841,1934,2377,1108,58

test suite123
bestAPFD:0.898268
bestSuite:91,2481,2369,2649,1159,1781,2514,2453,743,2046,1536

test suite124
bestAPFD:0.912698
bestSuite:2440,2509,2466,1651,2369,2477,31,2456,2482,1435,518

test suite125
bestAPFD:0.889683
bestSuite:2040,2480,2513,80,2466,2589,1616,2527,2446,2493

test suite126
bestAPFD:0.896825
bestSuite:1135,203,2481,1851,2544,2644,2508,2513,2537,701,1720

test suite127
bestAPFD:0.900132
bestSuite:1980,2579,2518,1561,2462,1531,2473,1226,2456,2404,1529,680

test suite128
bestAPFD:0.902381
bestSuite:126,2496,2463,2513,2376,1546,2445,2550,2252,2174

test suite129
bestAPFD:0.931013
bestSuite:2587,1562,2486,2528,1830,1583,2462,1690,1437,2540,1277,173,147

test suite130
bestAPFD:0.921356
bestSuite:201,2476,2521,2482,2498,2388,1402,1985,1817,1162,2269

test suite131
bestAPFD:0.888007
bestSuite:1304,1557,2496,2540,1660,2413,2372,2624,2452

test suite132
bestAPFD:0.918470
bestSuite:2588,2509,1570,2525,2494,1651,2540,2534,2282,1584,1724

test suite133
bestAPFD:0.903968
bestSuite:2642,2509,80,2403,2461,2495,2514,1403,2404,1878

test suite134
bestAPFD:0.925265
bestSuite:2442,2480,2460,2473,1820,2523,202,2511,662,1453,957,2387

test suite135
bestAPFD:0.922466
bestSuite:2446,274,2480,2485,2513,2463,1651,2483,2524,1238,954,436,213

test suite136
bestAPFD:0.918470
bestSuite:2642,2498,2377,2497,2458,1574,2467,1366,2412,72,1199

test suite137
bestAPFD:0.887897
bestSuite:2283,2486,1563,2545,2511,2436,2465,164

test suite138
bestAPFD:0.903968
bestSuite:253,2475,1564,2650,2460,2526,2384,2511,1562,1386

test suite139
bestAPFD:0.916005
bestSuite:24,1557,2475,2400,2452,2519,1564,2581,2100,2189,674,569

test suite140
bestAPFD:0.916005
bestSuite:107,2492,2521,2467,1557,1575,2416,2650,1023,952,2336,464

test suite141
bestAPFD:0.911255
bestSuite:2589,2460,1810,2496,2359,2553,1554,1564,684,239,2632

test suite142
bestAPFD:0.896032
bestSuite:2589,1834,2607,2478,1559,1405,2509,2621,1012,1569

test suite143
bestAPFD:0.922619
bestSuite:2586,1564,2482,2520,2385,1569,36,2159,1584,2330,1325,2212

test suite144
bestAPFD:0.909812
bestSuite:1301,2467,2503,2581,2400,1570,2388,2546,2133,133,2376

test suite145
bestAPFD:0.900794
bestSuite:2325,1564,2518,2551,1934,2397,2380,1530,239,2409

test suite146
bestAPFD:0.897619
bestSuite:1934,1564,2509,635,2513,1663,1586,2456,1563,1753

test suite147
bestAPFD:0.911255
bestSuite:2589,2460,2395,2537,2546,1573,130,2483,1370,2643,923

test suite148
bestAPFD:0.932234
bestSuite:2441,2476,1563,2385,1832,2461,1403,39,572,240,321,1176,1209

test suite149
bestAPFD:0.905644
bestSuite:2617,2510,1682,1820,1570,2406,2457,36,861

test suite150
bestAPFD:0.898268
bestSuite:1365,2471,129,2507,2478,2527,2403,2583,2397,2383,272

test suite151
bestAPFD:0.926129
bestSuite:179,2503,2579,1569,2540,2496,2448,2523,2212,1413,1140,1049,2382

test suite152
bestAPFD:0.888167
bestSuite:755,2480,1036,2467,1651,1404,2581,1840,1569,175,2377

test suite153
bestAPFD:0.926587
bestSuite:2440,2465,2480,1576,2466,2403,2522,2483,72,1283,1200,961

test suite154
bestAPFD:0.891534
bestSuite:2441,1557,2483,2516,2474,2389,1514,283,2547

test suite155
bestAPFD:0.927910
bestSuite:2617,2460,2518,2457,1769,1573,2466,1567,923,172,1710,808

test suite156
bestAPFD:0.898268
bestSuite:2298,2492,202,1830,1569,2489,2581,1577,2550,889,930

test suite157
bestAPFD:0.908369
bestSuite:287,2626,2518,2498,1862,2473,2548,1577,793,2333,391

test suite158
bestAPFD:0.900353
bestSuite:2586,2464,2509,1542,2521,2502,2487,203,211

test suite159
bestAPFD:0.902778
bestSuite:2206,2507,2461,724,1578,2466,2551,2411,1818,2247,147,2474

test suite160
bestAPFD:0.919913
bestSuite:2620,2513,2480,2526,1581,1560,2540,2151,296,777,1071

test suite161
bestAPFD:0.901455
bestSuite:711,2582,2481,2624,2397,1573,2473,2394,2457,1657,2302,983

test suite162
bestAPFD:0.889683
bestSuite:2603,2447,2481,2502,2452,2540,335,2500,1717,1806

test suite163
bestAPFD:0.912698
bestSuite:116,2507,2467,2632,2498,1661,2410,2545,989,445,1191

test suite164
bestAPFD:0.899206
bestSuite:2587,2518,1824,195,2513,2406,1404,2403,944,2483

test suite165
bestAPFD:0.900353
bestSuite:2587,1576,2475,2462,2524,2389,2511,932,1013

test suite166
bestAPFD:0.879189
bestSuite:2583,284,2510,1557,2455,2463,1682,53,2375

test suite167
bestAPFD:0.903880
bestSuite:253,2486,1569,1793,2449,2507,2457,885,1868

test suite168
bestAPFD:0.910256
bestSuite:83,275,2453,2510,1666,2540,1569,1865,2582,1493,771,1890,381

test suite169
bestAPFD:0.902381
bestSuite:2589,2461,2459,1680,2489,2512,1584,84,1892,2413

test suite170
bestAPFD:0.919913
bestSuite:2444,1562,2482,2460,1595,2406,2548,1778,972,205,924

test suite171
bestAPFD:0.879960
bestSuite:2441,2475,2397,1402,2525,296,1782,1568

test suite172
bestAPFD:0.912698
bestSuite:2444,2481,2463,2456,2369,2477,77,1663,1727,601,1520

test suite173
bestAPFD:0.896032
bestSuite:2618,275,2481,1832,2552,2462,2448,2404,856,1568

test suite174
bestAPFD:0.900132
bestSuite:177,2478,979,2377,2482,2462,1406,2411,2546,1940,2516,1721

test suite175
bestAPFD:0.905644
bestSuite:2617,2509,2397,2414,1663,2522,2467,181,1122

test suite176
bestAPFD:0.889683
bestSuite:172,2486,2465,576,1660,1803,2475,217,2530,2458

test suite177
bestAPFD:0.918470
bestSuite:2440,2482,2457,1570,2406,2500,2483,148,2519,347,2557

test suite178
bestAPFD:0.899711
bestSuite:2343,1562,2411,1568,2492,2457,2375,1644,2513,2106,227

test suite179
bestAPFD:0.902381
bestSuite:250,1800,2486,2502,1401,2521,2518,1455,2411,783

test suite180
bestAPFD:0.901154
bestSuite:2588,2497,2397,2510,156,2396,244,2553,2400,1699,2408

test suite181
bestAPFD:0.895382
bestSuite:729,2465,2507,2200,2640,2478,2482,2546,1406,279,2401

test suite182
bestAPFD:0.904040
bestSuite:1306,2465,2480,2581,2544,2393,1568,1562,243,898,1644

test suite183
bestAPFD:0.911255
bestSuite:2443,2481,2513,2463,1849,35,2527,2646,1401,2222,683

test suite184
bestAPFD:0.902381
bestSuite:2600,2509,1568,2632,1573,1825,2528,2465,1563,867

test suite185
bestAPFD:0.903968
bestSuite:2642,2481,2489,1578,1862,2458,2462,137,2171,2377

test suite186
bestAPFD:0.900794
bestSuite:2073,2475,1570,2537,1934,2528,2395,1565,148,2235

test suite187
bestAPFD:0.891270
bestSuite:2445,2475,1850,89,2526,2389,666,1536,2502,913

test suite188
bestAPFD:0.903968
bestSuite:121,2482,1670,2531,2455,2462,2510,2447,814,383

test suite189
bestAPFD:0.889610
bestSuite:702,2584,2513,2500,1579,13,2396,2547,2501,2474,1768

test suite190
bestAPFD:0.911255
bestSuite:274,2498,2476,2409,1578,1404,2531,2574,1335,2413,1182

test suite191
bestAPFD:0.918470
bestSuite:925,2486,2460,2546,2496,2485,1666,2603,1173,2583,295

test suite192
bestAPFD:0.919974
bestSuite:253,2471,2520,2389,2535,2462,1514,2483,1120,2391,2236,346

test suite193
bestAPFD:0.910317
bestSuite:2588,2465,2503,1579,1571,2463,2552,2534,2495,860

test suite194
bestAPFD:0.900794
bestSuite:2626,2460,2503,2463,2404,2521,1575,1832,2611,1303

test suite195
bestAPFD:0.918651
bestSuite:2588,2496,2454,2513,18,1857,2514,1401,2172,563,953,1416

test suite196
bestAPFD:0.893298
bestSuite:100,2507,2650,1564,2461,1661,2452,2376,1567

test suite197
bestAPFD:0.889771
bestSuite:2577,2464,2475,2643,2375,1406,1557,1405,183

test suite198
bestAPFD:0.908369
bestSuite:2124,1562,1569,2471,2643,1663,1568,2553,1824,238,268

test suite199
bestAPFD:0.895062
bestSuite:2617,2459,2483,2410,2474,1578,2531,2397,2348

test suite200
bestAPFD:0.909812
bestSuite:1382,1564,2510,2498,2629,1843,2520,1530,2606,624,432

test suite201
bestAPFD:0.893298
bestSuite:2639,2486,2502,2377,2545,2488,2580,839,2579

test suite202
bestAPFD:0.925265
bestSuite:2616,2476,1809,2553,1682,1567,2462,2313,2025,1564,513,2582

test suite203
bestAPFD:0.904101
bestSuite:1249,2447,2471,85,1514,2528,1569,2483,2048,1561,2514,457

test suite204
bestAPFD:0.913360
bestSuite:2447,294,2510,2436,2498,1571,2396,2524,901,2377,842,242

test suite205
bestAPFD:0.886508
bestSuite:2051,2481,2411,2369,25,2505,1585,2478,1014,2455

test suite206
bestAPFD:0.902381
bestSuite:2615,2480,2524,2385,2389,1934,2397,1851,1252,691

test suite207
bestAPFD:0.899711
bestSuite:726,2513,2471,1563,1666,2549,2644,2396,1726,172,1077

test suite208
bestAPFD:0.909812
bestSuite:1167,2461,2492,2447,2522,2414,2389,1402,2497,58,517

test suite209
bestAPFD:0.918470
bestSuite:2444,2464,2553,2481,2408,2462,1666,2624,1079,2589,950

test suite210
bestAPFD:0.886243
bestSuite:1897,1570,2475,2524,2473,2410,2535,2048,1554

test suite211
bestAPFD:0.921356
bestSuite:201,2476,2459,1574,2479,2465,1781,2640,1201,969,1564

test suite212
bestAPFD:0.892857
bestSuite:149,2513,2509,2478,2640,2407,1864,2479,2285,2455

test suite213
bestAPFD:0.909812
bestSuite:2554,2496,2467,2369,2430,1401,1404,2399,1885,554,68

test suite214
bestAPFD:0.891270
bestSuite:2589,1670,103,1584,1708,2485,2513,2514,2550,1451

test suite215
bestAPFD:0.915079
bestSuite:2622,2476,2380,2481,1578,2522,1557,1847,123,919

test suite216
bestAPFD:0.912698
bestSuite:2443,2507,1670,2502,2553,1827,178,2540,1960,152,1498

test suite217
bestAPFD:0.901154
bestSuite:1914,2475,1522,2489,2606,2513,2544,1934,1864,2281,1164

test suite218
bestAPFD:0.912698
bestSuite:2468,2507,1782,2459,2502,2450,2514,73,2047,1671,2483

test suite219
bestAPFD:0.901154
bestSuite:88,2579,2474,2409,2478,2430,1570,2452,1643,949,902

test suite220
bestAPFD:0.917328
bestSuite:198,2502,1862,2486,2507,2521,1661,2103,2131,953,2640,1464

test suite221
bestAPFD:0.897619
bestSuite:871,2510,1576,2413,2531,2397,2458,2482,14,1644

test suite222
bestAPFD:0.889683
bestSuite:2179,2626,2474,2397,1403,1584,1818,1522,2464,555

test suite223
bestAPFD:0.905423
bestSuite:2144,2486,57,1853,2397,2475,583,1565,1826,2584,758,2526

test suite224
bestAPFD:0.919974
bestSuite:155,2497,2452,2447,2480,2466,1595,1557,89,1474,1576,174

test suite225
bestAPFD:0.912698
bestSuite:2444,2482,2388,2540,1558,2498,2452,256,1811,327,1704

test suite226
bestAPFD:0.911255
bestSuite:2589,2461,1564,1565,1576,2525,1562,765,2588,942,2641

test suite227
bestAPFD:0.896032
bestSuite:37,1557,2480,2413,2464,2459,1578,2393,1562,1960

test suite228
bestAPFD:0.889771
bestSuite:1572,2234,2486,2498,2511,2544,2473,1794,2377

test suite229
bestAPFD:0.892857
bestSuite:27,2476,1567,2458,1616,1411,2462,2378,1131,1395

test suite230
bestAPFD:0.912698
bestSuite:2620,2476,2525,1578,2603,2397,1579,2485,2474,2082,2007

test suite231
bestAPFD:0.908369
bestSuite:2051,2626,2492,1557,1571,2467,2553,2432,2534,2409,2219

test suite232
bestAPFD:0.918651
bestSuite:2443,2503,2489,2448,107,1569,2549,1590,2409,553,2433,1037

test suite233
bestAPFD:0.908369
bestSuite:1151,2464,2471,1631,2369,2510,2550,2643,1647,208,1866

test suite234
bestAPFD:0.917027
bestSuite:2586,1562,2552,2482,2531,2369,1402,727,2516,89,1310

test suite235
bestAPFD:0.893939
bestSuite:997,2601,2481,2520,2478,2644,2516,2513,2388,2153,1651

test suite236
bestAPFD:0.899206
bestSuite:896,2507,2460,2511,2537,2454,2576,2581,156,2346

test suite237
bestAPFD:0.888007
bestSuite:1292,2461,2478,2509,2453,2408,1574,2640,2613

test suite238
bestAPFD:0.908369
bestSuite:1316,2464,2503,2447,1569,2500,1403,2409,2412,85,2559

test suite239
bestAPFD:0.922799
bestSuite:2622,2497,2524,2397,1522,2388,2537,2472,2156,2129,147

test suite240
bestAPFD:0.935979
bestSuite:70,2486,2409,1522,2460,1165,2549,1844,2618,2268,325,850,511,353,2389

test suite241
bestAPFD:0.909392
bestSuite:2445,2475,2412,1644,2369,2473,2520,1035,54,1974,1241,2030

test suite242
bestAPFD:0.908369
bestSuite:179,2509,2553,1616,1569,2414,2644,341,1344,1450,2463

test suite243
bestAPFD:0.893939
bestSuite:2217,1817,2481,2406,256,2369,2640,1404,937,1125,1573

test suite244
bestAPFD:0.911905
bestSuite:2444,2465,2510,2511,2489,1827,2526,706,1196,21

test suite245
bestAPFD:0.926587
bestSuite:2444,1570,2481,1643,2527,2537,2503,977,1769,1231,713,19

test suite246
bestAPFD:0.894444
bestSuite:1934,1570,2507,2511,1342,1404,2473,150,2409,1842

test suite247
bestAPFD:0.911905
bestSuite:2440,1557,2480,2521,2505,2489,1571,123,2273,849

test suite248
bestAPFD:0.883333
bestSuite:1153,225,2518,2411,2460,1861,2527,2478,64,2407

test suite249
bestAPFD:0.919974
bestSuite:2443,2492,1569,2473,2503,2606,2526,2449,2306,2088,2371,916

test suite250
bestAPFD:0.883838
bestSuite:1562,959,2369,1583,2632,1782,2531,2527,2025,2474,181

test suite251
bestAPFD:0.902381
bestSuite:58,2509,2540,2447,1404,2392,1406,2460,1257,932

test suite252
bestAPFD:0.873677
bestSuite:1586,2028,486,2369,2406,2451,1563,2411,2528,2482,807,71

test suite253
bestAPFD:0.927910
bestSuite:116,2486,2461,1830,2528,2480,2385,1548,2632,767,2234,1089

test suite254
bestAPFD:0.920024
bestSuite:2036,2582,2471,2460,2473,2500,1579,2550,182,2131,48,425,2398

test suite255
bestAPFD:0.917582
bestSuite:226,1401,2520,2474,2579,2498,1584,1864,2473,2210,1219,1026,1833

test suite256
bestAPFD:0.919974
bestSuite:1985,2492,2398,2540,1569,2536,1643,2544,1483,809,1228,2479

test suite257
bestAPFD:0.922466
bestSuite:1287,2460,2480,2644,2497,2545,1401,1564,111,503,1331,2142,2515

test suite258
bestAPFD:0.888007
bestSuite:1950,2482,1563,2578,2454,1651,2537,1778,2513

test suite259
bestAPFD:0.905423
bestSuite:2579,1130,2475,1569,114,1643,1776,2473,2457,1079,2356,2404

test suite260
bestAPFD:0.910317
bestSuite:2585,2464,2475,2403,2472,1557,1403,726,558,1362

test suite261
bestAPFD:0.917328
bestSuite:2128,1557,2528,2486,1824,137,2483,1536,2396,2632,1398,1499

test suite262
bestAPFD:0.911255
bestSuite:2589,179,1584,1824,1660,1403,1568,2397,1707,1985,546

test suite263
bestAPFD:0.892496
bestSuite:2099,2535,106,2518,2415,2452,1530,2369,2537,2045,1218

test suite264
bestAPFD:0.919974
bestSuite:2441,2496,1569,225,2514,2550,1514,2482,931,250,2205,2394

test suite265
bestAPFD:0.909812
bestSuite:2117,2480,1570,1832,2643,1581,2457,1564,44,483,568

test suite266
bestAPFD:0.918651
bestSuite:2608,2496,1934,2501,1571,2513,2456,1093,2389,2245,2404,1032

test suite267
bestAPFD:0.893939
bestSuite:908,2605,2510,2413,2513,1531,2393,2523,760,1133,2537

test suite268
bestAPFD:0.919974
bestSuite:154,2492,2540,2397,2403,2445,1866,1405,1031,1381,1232,341

test suite269
bestAPFD:0.922619
bestSuite:2586,2475,1557,1683,2378,2540,2388,2453,225,2074,1891,1838

test suite270
bestAPFD:0.902116
bestSuite:2620,2471,2478,2458,2498,1558,2409,296,1561

test suite271
bestAPFD:0.918470
bestSuite:2588,2460,2503,2549,2483,2514,1631,144,1052,2435,2062

test suite272
bestAPFD:0.903968
bestSuite:293,2475,1616,2514,1404,2436,2441,2502,680,1305

test suite273
bestAPFD:0.919974
bestSuite:1985,1563,2389,2518,1578,1865,2454,2513,46,2363,337,1539

test suite274
bestAPFD:0.925265
bestSuite:2587,2461,2510,2547,2376,1661,2514,2121,1599,1904,203,1917

test suite275
bestAPFD:0.904040
bestSuite:198,2498,2510,2459,1807,1566,2640,2377,2514,984,1892

test suite276
bestAPFD:0.911905
bestSuite:2620,1567,2503,2525,1406,2389,2498,2576,107,1077

test suite277
bestAPFD:0.911905
bestSuite:2444,2518,2467,1857,1631,1404,2397,2503,243,660

test suite278
bestAPFD:0.902778
bestSuite:1343,1067,2486,1405,2404,26,1801,1670,2369,1953,2396,2421

test suite279
bestAPFD:0.912698
bestSuite:2440,2518,2527,1571,2466,2384,62,1569,2261,2230,485

test suite280
bestAPFD:0.904040
bestSuite:1968,1570,2518,2527,2494,2478,1401,1701,2632,854,65

test suite281
bestAPFD:0.903968
bestSuite:215,2507,2514,2632,2397,1560,2511,2546,1397,1225

test suite282
bestAPFD:0.915584
bestSuite:16,2486,1807,1666,1584,2525,1615,1067,2396,2581,1570

test suite283
bestAPFD:0.911905
bestSuite:2642,2503,1562,2523,2397,1530,2540,2485,289,1127

test suite284
bestAPFD:0.919913
bestSuite:2442,2461,2492,1853,1643,2523,2389,1209,124,1254,1475

test suite285
bestAPFD:0.922619
bestSuite:2589,1564,2430,1536,2526,2633,2502,1567,2176,454,2443,1442

test suite286
bestAPFD:0.889771
bestSuite:2589,151,1780,2483,2396,2369,2523,1565,1319

test suite287
bestAPFD:0.905423
bestSuite:2583,2509,2498,1811,1402,2486,2454,131,801,888,457,1551

test suite288
bestAPFD:0.910317
bestSuite:2586,2467,2510,1569,2503,2522,1536,53,1299,2394

test suite289
bestAPFD:0.919913
bestSuite:2440,1582,2507,1569,2575,2550,2396,1872,2534,2120,2479

test suite290
bestAPFD:0.920068
bestSuite:852,2628,2471,1531,2388,2548,2466,2462,2579,1673,1074,2627,1857,1501

test suite291
bestAPFD:0.929138
bestSuite:1,2481,2487,2413,2457,2478,2010,1581,1557,2564,1191,1170,1716,2388

test suite292
bestAPFD:0.909812
bestSuite:1950,2467,2503,2369,1567,1566,2458,2640,105,2381,1988

test suite293
bestAPFD:0.906926
bestSuite:1934,1557,2492,1825,2406,1149,2551,1401,2336,869,1792

test suite294
bestAPFD:0.905423
bestSuite:1074,207,2471,1568,1531,2650,2552,2498,2479,1705,1298,2494

test suite295
bestAPFD:0.908369
bestSuite:1570,2618,2507,2575,2544,2478,1682,764,2626,1764,2404

test suite296
bestAPFD:0.894444
bestSuite:113,2507,2467,2415,1569,274,2583,1571,2621,2457

test suite297
bestAPFD:0.903968
bestSuite:79,2518,2396,2432,1403,1554,2440,2502,2190,1081

test suite298
bestAPFD:0.906746
bestSuite:839,2460,2474,2546,2489,2404,2582,1531,2375,19,674,1931

test suite299
bestAPFD:0.926129
bestSuite:2443,2496,2501,2527,1565,114,2513,2463,2330,530,2589,1303,917

test suite300
bestAPFD:0.917027
bestSuite:2586,1570,2475,2473,1571,2522,822,2485,392,2064,1741

test suite301
bestAPFD:0.886243
bestSuite:1105,2486,1542,2550,2613,2498,2475,2168,1772

test suite302
bestAPFD:0.919974
bestSuite:2608,2471,1579,2524,2478,1569,2649,1651,609,2539,622,2371

test suite303
bestAPFD:0.904040
bestSuite:1761,1554,2649,2475,1769,2460,2478,1562,2452,1493,2388

test suite304
bestAPFD:0.902381
bestSuite:2629,2486,1404,1558,1569,2493,908,257,2483,2170

test suite305
bestAPFD:0.906926
bestSuite:2618,1563,2397,2508,2514,2492,1830,940,2552,1007,236

test suite306
bestAPFD:0.912698
bestSuite:1282,1563,2476,2369,2458,2471,2450,54,33,2640,851

test suite307
bestAPFD:0.919913
bestSuite:253,2486,1570,2521,2434,2400,2620,2518,1497,2467,959

test suite308
bestAPFD:0.889683
bestSuite:1964,2509,1404,2502,208,2477,1581,2618,2489,2404

test suite309
bestAPFD:0.903968
bestSuite:119,2481,1568,2525,2460,2446,1798,1602,2285,2238

test suite310
bestAPFD:0.918470
bestSuite:2442,2497,2407,2461,2483,2478,2549,1020,1798,200,1889

test suite311
bestAPFD:0.891534
bestSuite:2589,1564,2479,2547,2369,289,2485,1581,2557

test suite312
bestAPFD:0.885281
bestSuite:102,1232,2474,2643,2462,1616,2526,1584,2434,2406,1246

test suite313
bestAPFD:0.901154
bestSuite:822,1570,2545,2518,2473,2403,2649,2182,10,2404,2517

test suite314
bestAPFD:0.900353
bestSuite:1321,2486,1572,2513,1406,2518,2525,269,2643

test suite315
bestAPFD:0.902381
bestSuite:2589,2467,1683,2453,282,1563,2502,1866,2413,1258

test suite316
bestAPFD:0.926587
bestSuite:2629,2503,2540,2458,2369,1582,2404,2416,2216,422,1175,469

test suite317
bestAPFD:0.888007
bestSuite:1689,2481,2626,2393,1568,2454,2498,216,1643

test suite318
bestAPFD:0.922799
bestSuite:2617,2471,2498,1401,2549,2507,1568,2517,1127,2609,637

test suite319
bestAPFD:0.888007
bestSuite:1242,2475,2460,2396,1661,2453,2640,2409,1842

test suite320
bestAPFD:0.901154
bestSuite:2589,57,1536,759,2458,1832,2518,2540,2513,1699,2474

test suite321
bestAPFD:0.919913
bestSuite:2468,2509,1570,2552,2486,1798,1631,172,1251,949,934

test suite322
bestAPFD:0.915584
bestSuite:2445,2518,2464,2431,1661,2549,1569,2555,1082,714,190

test suite323
bestAPFD:0.896825
bestSuite:1934,2509,767,64,1806,1660,2513,2549,2537,2119,854

test suite324
bestAPFD:0.907143
bestSuite:2360,1557,2486,1563,2501,2526,1663,263,1545,1656

test suite325
bestAPFD:0.891534
bestSuite:126,2507,2548,2540,2477,2450,1569,2445,2356

test suite326
bestAPFD:0.893298
bestSuite:2441,2510,1568,8,1803,2452,1661,2513,1330

test suite327
bestAPFD:0.932234
bestSuite:2642,2502,2503,2453,2473,2451,1563,1851,1453,2596,1256,2037,1024

test suite328
bestAPFD:0.908369
bestSuite:78,2436,2510,2522,2407,2465,2478,2582,2388,1021,1960

test suite329
bestAPFD:0.913360
bestSuite:2618,2540,2492,53,1569,1834,1522,2552,1350,650,322,1627

test suite330
bestAPFD:0.896825
bestSuite:1579,227,2584,2369,2524,2475,457,1574,2384,2489,754,1527,1795

test suite331
bestAPFD:0.886508
bestSuite:2581,211,2480,2478,1574,2393,2462,1184,2550,945

test suite332
bestAPFD:0.909812
bestSuite:2445,2482,174,2551,2500,1564,2498,2388,1245,1807,826

test suite333
bestAPFD:0.897619
bestSuite:105,2486,2368,2492,1570,1660,2548,2095,937,2121

test suite334
bestAPFD:0.897619
bestSuite:126,1581,2513,2518,2452,2504,2588,2200,2473,893

test suite335
bestAPFD:0.916005
bestSuite:2309,2461,2503,2547,2447,1558,2404,2464,1517,10,1410,1556

test suite336
bestAPFD:0.888007
bestSuite:844,2464,2481,1825,2643,2502,1578,212,2524

test suite337
bestAPFD:0.889771
bestSuite:2178,2486,2525,2475,2369,1583,129,367,2487

test suite338
bestAPFD:0.910317
bestSuite:2586,2461,2509,1403,1578,2463,1808,677,1326,13

test suite339
bestAPFD:0.906926
bestSuite:823,1570,2522,2480,1530,2535,2540,2375,2601,2388,170

test suite340
bestAPFD:0.902597
bestSuite:2636,2626,2479,2471,2466,2523,1531,2408,2429,1195,1569

test suite341
bestAPFD:0.903968
bestSuite:293,2497,1406,1568,2579,2546,2388,2513,1182,2118

test suite342
bestAPFD:0.884921
bestSuite:203,204,2480,2548,2389,2488,2374,1570,2632,2503

test suite343
bestAPFD:0.903968
bestSuite:2468,2496,1660,2489,1849,2454,1569,193,1833,817

test suite344
bestAPFD:0.889683
bestSuite:1991,2503,2458,2541,2578,2385,2489,2388,2415,1569

test suite345
bestAPFD:0.899206
bestSuite:2636,2465,2518,2579,1769,1522,2551,2473,1726,2404

test suite346
bestAPFD:0.911905
bestSuite:2444,2510,1582,1404,1557,2493,1568,105,221,770

test suite347
bestAPFD:0.897619
bestSuite:2145,21,2476,2520,1820,2481,1581,1569,2389,43

test suite348
bestAPFD:0.918470
bestSuite:2440,2471,1660,1570,2457,2537,2479,1699,755,2641,1840

test suite349
bestAPFD:0.903968
bestSuite:2442,2492,1569,1780,1670,274,2478,1403,2054,2130

test suite350
bestAPFD:0.915584
bestSuite:1091,1563,2486,2457,2462,1832,1663,197,2481,2514,604

test suite351
bestAPFD:0.923687
bestSuite:88,2411,2518,2397,2580,1568,2547,2488,1541,1563,307,938,1376

test suite352
bestAPFD:0.889771
bestSuite:58,2480,2460,2527,2473,1581,2516,2649,2272

test suite353
bestAPFD:0.901927
bestSuite:225,2649,2388,2482,2451,2537,848,2546,2369,377,367,1684,1778,2606

test suite354
bestAPFD:0.918651
bestSuite:91,2509,2369,2495,2463,2586,1402,2548,895,92,1279,1517

test suite355
bestAPFD:0.900794
bestSuite:180,2497,1402,2644,2540,2409,2465,1805,872,2456

test suite356
bestAPFD:0.908369
bestSuite:878,2507,2461,2581,2526,2395,1574,2406,1562,76,2427

test suite357
bestAPFD:0.913492
bestSuite:2622,2518,1616,1569,1404,2434,1077,2467,970,1343

test suite358
bestAPFD:0.915079
bestSuite:2622,2475,1611,2461,2435,1564,2545,2483,66,164

test suite359
bestAPFD:0.916005
bestSuite:34,2397,2503,2448,2531,2518,2413,2456,1671,1012,1794,465

test suite360
bestAPFD:0.901154
bestSuite:1999,2518,2540,2584,2502,2410,250,1683,1403,1471,1343

test suite361
bestAPFD:0.897487
bestSuite:2461,2233,1945,2492,1403,2535,2477,1585,2467,2635,1482,2404

test suite362
bestAPFD:0.917027
bestSuite:84,2476,2377,1566,2547,1794,2369,1155,1434,1297,2446

test suite363
bestAPFD:0.917328
bestSuite:84,2497,1568,2445,2498,2409,1530,2453,2391,99,441,1185

test suite364
bestAPFD:0.902778
bestSuite:251,1577,2492,1891,2493,2463,2643,2465,2377,2524,1728,1593

test suite365
bestAPFD:0.903968
bestSuite:2443,2496,2495,2459,2463,2513,58,2488,518,1748

test suite366
bestAPFD:0.912698
bestSuite:79,2482,2399,2385,2406,2498,2452,1584,622,2432,901

test suite367
bestAPFD:0.902381
bestSuite:2585,1570,2396,1663,2453,2589,1562,2501,56,217

test suite368
bestAPFD:0.889771
bestSuite:239,1564,2481,2452,1401,1825,2465,2650,1520

test suite369
bestAPFD:0.880952
bestSuite:180,2528,2463,2498,2632,1810,2474,1563,1571

test suite370
bestAPFD:0.910714
bestSuite:2647,2553,1661,2492,2513,2406,531,2431,1584,2632,1886,992

test suite371
bestAPFD:0.912698
bestSuite:31,2509,2385,1824,2546,2583,2466,1570,2314,2409,1280

test suite372
bestAPFD:0.877976
bestSuite:900,2476,1772,1403,2450,2409,2502,104

test suite373
bestAPFD:0.915079
bestSuite:2622,2482,2409,1682,2502,2537,2553,1999,2501,71

test suite374
bestAPFD:0.910714
bestSuite:2578,1036,2467,2471,2488,2518,2525,146,2462,1437,986,2379

test suite375
bestAPFD:0.926129
bestSuite:2443,2497,2537,2546,1536,24,2369,2388,1664,860,1778,1341,480

test suite376
bestAPFD:0.900794
bestSuite:2589,2397,150,2388,2575,1660,2452,2396,2446,962

test suite377
bestAPFD:0.927350
bestSuite:2622,2449,2409,2462,2515,2547,2514,2589,1423,2085,1856,86,2252

test suite378
bestAPFD:0.894444
bestSuite:791,2464,2544,2496,1514,2535,248,2465,2483,2430

test suite379
bestAPFD:0.900794
bestSuite:2446,2481,2460,2368,1663,1568,217,2524,1011,37

test suite380
bestAPFD:0.893939
bestSuite:1190,1631,2510,181,2535,2513,1816,2531,1740,2068,1405

test suite381
bestAPFD:0.887897
bestSuite:880,2476,1563,2545,1670,2502,1809,144

test suite382
bestAPFD:0.926587
bestSuite:2468,2509,1557,1571,2406,2546,1825,2474,273,1027,2268,939

test suite383
bestAPFD:0.918651
bestSuite:1985,2482,2404,2369,2385,2463,2551,1806,277,1254,1881,1988

test suite384
bestAPFD:0.909392
bestSuite:2445,2471,2389,1536,2462,2377,776,2552,208,2412,273,1898

test suite385
bestAPFD:0.899206
bestSuite:2128,1570,2482,2453,2489,1585,2479,2644,175,1586

test suite386
bestAPFD:0.911255
bestSuite:2589,1562,2466,2512,2552,129,2369,1536,2411,929,1242

test suite387
bestAPFD:0.922799
bestSuite:2622,2480,1404,1522,2478,2503,2502,2092,2095,1840,46

test suite388
bestAPFD:0.900794
bestSuite:2445,1563,2503,2502,1682,2453,2514,955,1827,754

test suite389
bestAPFD:0.909812
bestSuite:2446,2464,2507,2502,2494,2429,2456,1546,14,173,1029

test suite390
bestAPFD:0.873810
bestSuite:2090,1563,2535,1798,2369,2546,2450,2481,2489,1325

test suite391
bestAPFD:0.899206
bestSuite:2230,1570,2471,2626,1566,2479,2540,2550,169,1843

test suite392
bestAPFD:0.932234
bestSuite:1985,1564,2481,1403,1595,2410,2397,730,1116,294,511,1223,535

test suite393
bestAPFD:0.925265
bestSuite:2642,2496,1405,2498,2396,2490,1577,1227,1106,1108,1389,88

test suite394
bestAPFD:0.912698
bestSuite:121,2518,2407,2411,2544,2537,2513,2374,1679,1371,2275

test suite395
bestAPFD:0.911905
bestSuite:2642,2478,2518,2547,2460,2392,1683,6,947,2270

test suite396
bestAPFD:0.912698
bestSuite:252,2482,2451,2396,2507,1404,2498,1985,1005,626,2487

test suite397
bestAPFD:0.910317
bestSuite:2587,1572,2481,2498,1406,2520,2466,2188,1579,652

test suite398
bestAPFD:0.912698
bestSuite:2642,2475,2461,1643,2452,2537,1810,17,832,2479,735

test suite399
bestAPFD:0.933455
bestSuite:2617,2498,2509,2523,1683,2389,2432,872,2377,2025,162,991,2273

test suite400
bestAPFD:0.879189
bestSuite:209,2476,2513,1181,2494,1403,1583,2492,2024

test suite401
bestAPFD:0.926587
bestSuite:2444,2482,2461,2404,2463,1565,2550,225,912,1955,1901,2393

test suite402
bestAPFD:0.902597
bestSuite:2618,1403,2639,2482,2404,2478,2397,1810,1651,2046,1280

test suite403
bestAPFD:0.912698
bestSuite:2440,2481,1530,1569,2553,2537,2408,82,94,301,2479

test suite404
bestAPFD:0.910317
bestSuite:2440,1557,2396,2509,2380,2525,2500,1584,11,2272

test suite405
bestAPFD:0.919974
bestSuite:1,2492,2410,1651,2445,2453,2489,2462,2005,2267,1584,2350

test suite406
bestAPFD:0.903968
bestSuite:296,2471,2620,1585,1563,2465,2467,2526,1973,1491

test suite407
bestAPFD:0.905483
bestSuite:1934,130,2521,2509,2463,2462,2393,1401,798,2214,2178

test suite408
bestAPFD:0.902381
bestSuite:1976,1562,2486,2461,2500,2505,2463,85,1881,1404

test suite409
bestAPFD:0.925265
bestSuite:2442,1570,2550,2518,1542,2478,2575,600,1196,2631,2343,1293

test suite410
bestAPFD:0.903968
bestSuite:2440,2480,1581,2544,2540,2430,2636,2462,1201,1922

test suite411
bestAPFD:0.915584
bestSuite:2440,1595,1557,2531,2510,2521,1800,1,1747,2577,2028

test suite412
bestAPFD:0.904040
bestSuite:2579,1049,2461,2509,2547,2396,1616,2368,668,112,2479

test suite413
bestAPFD:0.911905
bestSuite:2444,2482,1557,1568,1579,2528,1651,1810,1222,104

test suite414
bestAPFD:0.897619
bestSuite:36,2476,2552,2488,2382,1569,2404,2531,2650,70

test suite415
bestAPFD:0.918470
bestSuite:2586,2467,2471,2403,2458,2397,2479,2007,1806,1951,207

test suite416
bestAPFD:0.919974
bestSuite:1985,2475,171,2396,1522,2369,2520,1824,2388,2122,2112,1652

test suite417
bestAPFD:0.925265
bestSuite:2589,1562,1800,1531,2513,2521,2473,1348,180,1107,796,505

test suite418
bestAPFD:0.919913
bestSuite:2442,1562,2482,2449,2489,2513,2459,2505,66,1627,428

test suite419
bestAPFD:0.908730
bestSuite:1985,2461,1558,2518,2514,2526,2479,1801,1172,2613

test suite420
bestAPFD:0.903968
bestSuite:124,2480,2441,1530,1568,2545,2504,2397,1064,1081

test suite421
bestAPFD:0.926587
bestSuite:2620,2476,2513,1841,2377,2488,2456,1564,2628,1078,60,2166

test suite422
bestAPFD:0.910714
bestSuite:1310,1570,2503,1559,2643,2406,1584,421,1607,1801,144,1404

test suite423
bestAPFD:0.891053
bestSuite:1971,1570,2497,117,1683,2411,2553,2463,2495,2377,1175

test suite424
bestAPFD:0.903968
bestSuite:16,2510,2498,2553,1824,1536,2406,2413,1926,1292

test suite425
bestAPFD:0.912698
bestSuite:2444,2492,1682,2530,2523,2462,1568,1803,987,1901,1567

test suite426
bestAPFD:0.897619
bestSuite:140,2486,2498,2578,1406,2481,2574,2525,1108,548

test suite427
bestAPFD:0.908369
bestSuite:2618,2507,282,2514,2407,2453,2397,2433,2227,515,1415

test suite428
bestAPFD:0.915079
bestSuite:2617,2496,1564,2523,1666,1800,1569,2589,819,205

test suite429
bestAPFD:0.899206
bestSuite:2157,2465,2509,1568,2399,2455,2488,2504,2646,200

test suite430
bestAPFD:0.919913
bestSuite:2442,1557,2510,2458,2473,1852,1577,995,2503,193,837

test suite431
bestAPFD:0.897619
bestSuite:2343,2507,2544,2626,1578,2498,2505,2531,779,97

test suite432
bestAPFD:0.905483
bestSuite:2586,1631,2475,2489,1862,1569,106,1890,1289,890,2522

test suite433
bestAPFD:0.911255
bestSuite:57,1557,2476,2507,2488,1798,1763,2526,542,2583,2261

test suite434
bestAPFD:0.896825
bestSuite:1934,2509,2540,2415,2369,2544,1406,147,199,1426,943

test suite435
bestAPFD:0.925265
bestSuite:2443,2507,2461,1565,2537,1405,2377,2412,86,1318,2301,1454

test suite436
bestAPFD:0.892496
bestSuite:1226,238,2481,1571,2396,2457,2462,2433,1270,2503,2413

test suite437
bestAPFD:0.919974
bestSuite:2442,2476,2518,1683,2550,62,2513,2372,2093,826,1290,2474

test suite438
bestAPFD:0.928005
bestSuite:2633,2486,2498,1566,2409,1808,2521,2340,2535,1013,2531,363,1900,2215

test suite439
bestAPFD:0.891270
bestSuite:2589,2451,2487,2545,2502,223,2537,2492,1165,379

test suite440
bestAPFD:0.898268
bestSuite:2225,2535,2475,1611,2504,2604,2462,2537,2546,1433,1534

test suite441
bestAPFD:0.916361
bestSuite:2584,2481,1570,1574,1586,1903,1564,2520,307,1563,1336,2181,1748

test suite442
bestAPFD:0.879189
bestSuite:2445,2496,200,2519,2369,1574,2463,655,2526

test suite443
bestAPFD:0.898589
bestSuite:2443,2480,2397,1564,1680,2521,1254,2431,1224

test suite444
bestAPFD:0.919913
bestSuite:2442,2461,2481,1568,2373,1558,2453,1267,224,862,1318

test suite445
bestAPFD:0.900794
bestSuite:2441,2471,1573,2404,2502,2531,2455,2495,1986,257

test suite446
bestAPFD:0.900353
bestSuite:2586,1557,2503,2483,2521,2476,1660,1420,755

test suite447
bestAPFD:0.889771
bestSuite:8,2496,2477,2458,2466,2461,1934,2015,2508

test suite448
bestAPFD:0.910714
bestSuite:2447,1570,2471,1964,1574,2406,2459,2381,408,85,291,1567

test suite449
bestAPFD:0.896032
bestSuite:2618,2509,207,1568,1663,2498,2457,692,745,1816

test suite450
bestAPFD:0.889771
bestSuite:880,2510,2464,2434,2649,2546,1585,2462,35

test suite451
bestAPFD:0.918470
bestSuite:2444,1582,2475,2369,2455,2384,131,2396,648,528,1286

test suite452
bestAPFD:0.903968
bestSuite:101,2510,2460,2464,2382,2618,2549,1402,1176,1563

test suite453
bestAPFD:0.902116
bestSuite:2642,2496,1570,2416,2476,1583,2453,1321,294

test suite454
bestAPFD:0.895062
bestSuite:237,2476,2465,1554,2553,1850,2082,2475,251

test suite455
bestAPFD:0.926587
bestSuite:2442,2460,2497,2406,2552,2403,1584,2414,293,2328,1947,1997

test suite456
bestAPFD:0.919974
bestSuite:2443,2503,2510,1546,2498,2540,2456,20,2410,1899,903,2071

test suite457
bestAPFD:0.894444
bestSuite:289,2498,2475,2472,2406,1663,2524,885,2650,2335

test suite458
bestAPFD:0.900794
bestSuite:2445,2509,1564,2502,2525,2417,2512,1402,2419,277

test suite459
bestAPFD:0.902381
bestSuite:8,2486,2413,2479,1569,2371,1663,2458,2286,898

test suite460
bestAPFD:0.911905
bestSuite:1985,2482,2467,2458,2461,1567,1536,1776,2647,2285

test suite461
bestAPFD:0.896164
bestSuite:1570,1800,2507,2489,29,2457,157,1666,2487,273,2479,2644

test suite462
bestAPFD:0.912698
bestSuite:2629,2503,1367,2522,1557,2404,1568,1651,2408,2534,392

test suite463
bestAPFD:0.891534
bestSuite:2589,2465,2545,2414,2481,1367,2396,1401,58

test suite464
bestAPFD:0.902116
bestSuite:2620,2502,2476,2404,1661,2381,2526,2023,2269

test suite465
bestAPFD:0.902116
bestSuite:2442,2509,2461,2385,2544,2473,2374,101,2142

test suite466
bestAPFD:0.888007
bestSuite:2445,2465,2482,2389,1666,2084,2388,1271,2551

test suite467
bestAPFD:0.902116
bestSuite:2642,2513,2518,1861,2455,1663,2489,171,2474

test suite468
bestAPFD:0.893298
bestSuite:2441,2475,2575,2403,2531,2369,2545,6,1114

test suite469
bestAPFD:0.888007
bestSuite:2263,2496,2467,1570,1832,2552,2581,1401,1931

test suite470
bestAPFD:0.889683
bestSuite:980,2518,2540,2547,2403,2583,2513,1781,2388,146

test suite471
bestAPFD:0.914683
bestSuite:2246,2626,2496,2520,2461,2451,2389,2392,19,619,189,481

test suite472
bestAPFD:0.904040
bestSuite:140,2513,2399,2475,2520,2472,1611,2478,1095,2190,2377

test suite473
bestAPFD:0.905483
bestSuite:284,2478,2503,2581,1666,2524,2369,2510,1341,1533,1800

test suite474
bestAPFD:0.917027
bestSuite:1985,1584,2471,2464,1670,2522,2498,148,1493,1844,928

test suite475
bestAPFD:0.891270
bestSuite:783,2481,2581,1582,2431,2537,2641,2523,1480,2502

test suite476
bestAPFD:0.889683
bestSuite:900,2492,19,2411,2502,1683,2396,1798,1879,2552

test suite477
bestAPFD:0.929233
bestSuite:2617,2492,2497,2478,2460,2553,1663,1818,1108,966,70,741

test suite478
bestAPFD:0.918470
bestSuite:2589,2461,2540,2400,2526,2382,2479,2445,2062,14,2223

test suite479
bestAPFD:0.889683
bestSuite:1363,1572,2483,2462,2497,2537,1403,2579,169,2508

test suite480
bestAPFD:0.903968
bestSuite:215,2503,2377,2640,2462,2528,1585,2396,821,2378

test suite481
bestAPFD:0.900353
bestSuite:2586,2509,1582,1778,2467,2550,2502,2388,252

test suite482
bestAPFD:0.916005
bestSuite:1395,2460,2507,2524,2410,2467,2579,1663,2483,227,1724,1040

test suite483
bestAPFD:0.908730
bestSuite:2588,2471,2467,1631,1584,2397,2453,2597,2493,840

test suite484
bestAPFD:0.901455
bestSuite:1932,2258,2509,1557,1843,2508,2582,2454,2464,1050,109,96

test suite485
bestAPFD:0.896032
bestSuite:236,2513,2482,2540,2413,1406,2377,2544,1309,2380

test suite486
bestAPFD:0.918470
bestSuite:2588,1564,2518,2548,2369,2500,2402,2355,1289,164,1567

test suite487
bestAPFD:0.900794
bestSuite:2589,2397,1577,2402,2544,2483,2389,209,2366,1264

test suite488
bestAPFD:0.922799
bestSuite:2622,2471,2451,2513,2549,2481,1564,890,197,2394,1492

test suite489
bestAPFD:0.919913
bestSuite:1985,2497,2465,2553,2377,2406,1522,1478,1358,7,2435

test suite490
bestAPFD:0.899206
bestSuite:1102,1570,2503,2522,2649,1663,2473,2409,2506,193

test suite491
bestAPFD:0.918470
bestSuite:2443,2471,1531,1557,2409,2453,2478,836,1793,120,1382

test suite492
bestAPFD:0.884921
bestSuite:1135,2606,2510,1817,2540,1595,2498,2643,1043,2523

test suite493
bestAPFD:0.906926
bestSuite:1934,2465,2510,2371,780,2525,1542,2396,1010,131,594

test suite494
bestAPFD:0.925265
bestSuite:2589,2465,1864,1616,1579,2544,2537,770,65,2605,1951,2578

test suite495
bestAPFD:0.902116
bestSuite:2441,2510,2464,2449,2461,2372,2552,2613,601

test suite496
bestAPFD:0.918651
bestSuite:56,2626,2518,2514,2505,2550,2508,2369,2366,591,1418,882

test suite497
bestAPFD:0.922799
bestSuite:2622,2482,2548,2369,1536,1564,2404,1906,2415,1220,164

test suite498
bestAPFD:0.905423
bestSuite:197,2486,1585,1600,2520,2404,2513,1865,2001,2489,2582,1992

test suite499
bestAPFD:0.904101
bestSuite:274,850,2492,2369,2407,2466,1841,2413,2524,1259,1492,1563

test suite500
bestAPFD:0.909392
bestSuite:1918,2496,2502,2521,2644,87,2385,2537,1850,1679,1729,395

