test suite1
bestAPFD:0.878066
bestSuite:1178,2523,2467,2388,2460,1546,2475,2476,1820,151,86

test suite2
bestAPFD:0.900794
bestSuite:2589,2509,488,2550,163,2371,2467,2502,2511,101

test suite3
bestAPFD:0.909392
bestSuite:1324,1224,2481,2464,1643,1569,1567,2585,2546,2410,287,2132

test suite4
bestAPFD:0.907596
bestSuite:37,2460,1779,1708,1851,1564,1562,1913,2497,2454,271,2581,2407,2330

test suite5
bestAPFD:0.892496
bestSuite:2492,1772,2462,728,2182,2444,2524,2389,97,489,2403

test suite6
bestAPFD:0.884921
bestSuite:203,1562,2510,2574,263,2399,1536,2461,2527,2464

test suite7
bestAPFD:0.884921
bestSuite:1825,1570,2600,2650,2453,1122,2478,2480,2403,1099

test suite8
bestAPFD:0.886724
bestSuite:2582,1162,2604,980,2513,2388,1565,2434,1564,1404,2497

test suite9
bestAPFD:0.868386
bestSuite:2218,1002,2526,2488,2396,2505,1569,2409,25,2411,2593,2471

test suite10
bestAPFD:0.908069
bestSuite:258,1660,2444,1712,1567,2489,2548,2471,1662,2502,1852,2077

test suite11
bestAPFD:0.896825
bestSuite:1120,2481,2301,2462,1866,2617,2457,2449,2467

test suite12
bestAPFD:0.904040
bestSuite:296,2503,2513,1578,1857,2413,2551,2531,187,1495,2377

test suite13
bestAPFD:0.882653
bestSuite:2569,1798,1947,2535,1661,2481,2035,2486,804,1567,2526,112,2513,467

test suite14
bestAPFD:0.879509
bestSuite:1574,1242,2480,2513,2473,297,2551,876,2643,1043,2435

test suite15
bestAPFD:0.904151
bestSuite:416,2545,2475,2430,1917,1437,1567,2411,1564,2502,148,670,1631

test suite16
bestAPFD:0.886508
bestSuite:2465,1573,1066,2399,288,1861,2544,2476,945,2388

test suite17
bestAPFD:0.898268
bestSuite:2238,2476,1581,2496,1543,2468,1208,2498,2382,53,2455

test suite18
bestAPFD:0.901927
bestSuite:2540,2497,1320,857,2437,1723,1567,2527,2579,1849,2502,37,2407,423

test suite19
bestAPFD:0.886508
bestSuite:2481,2462,2447,2001,37,23,2550,2540,2381,1406

test suite20
bestAPFD:0.876623
bestSuite:1288,1565,1038,97,2373,2489,2465,2509,2497,2644,2458

test suite21
bestAPFD:0.904040
bestSuite:2540,816,1402,56,2460,1830,1188,2528,2586,2475,689

test suite22
bestAPFD:0.908730
bestSuite:2053,2156,98,505,1345,2526,2010,2401,1514,2475,1570,2574,2478,2629

test suite23
bestAPFD:0.898268
bestSuite:2468,1073,2404,186,1569,1611,2547,766,2507,2514,1772

test suite24
bestAPFD:0.896825
bestSuite:1901,1585,2476,282,2501,2461,453,2144,2547,2518,1640

test suite25
bestAPFD:0.910998
bestSuite:2525,507,46,527,2288,1924,2579,2397,1175,2466,2409,1817,1406,2510

test suite26
bestAPFD:0.911255
bestSuite:208,702,2613,2489,2526,1651,2617,2474,2481,1560,1557

test suite27
bestAPFD:0.893298
bestSuite:100,2454,1914,2489,1574,2431,2498,2518,2588

test suite28
bestAPFD:0.914141
bestSuite:2382,2468,2476,1565,2250,2460,100,2497,1579,1345,1403

test suite29
bestAPFD:0.891053
bestSuite:2464,2202,2548,2512,2513,1660,1274,2056,2475,250,2585

test suite30
bestAPFD:0.898810
bestSuite:2618,2531,1683,107,2462,1567,2337,1834,2474,2242,2457,1414

test suite31
bestAPFD:0.896825
bestSuite:1124,2435,2527,1585,1749,2496,2622,1564,688,224,2462

test suite32
bestAPFD:0.893298
bestSuite:180,1963,2376,2459,2629,1536,2486,2498,2507

test suite33
bestAPFD:0.883333
bestSuite:2520,1559,2475,2101,1807,2462,44,2275,2579,2389

test suite34
bestAPFD:0.896032
bestSuite:897,946,56,1571,2537,2481,2369,2485,1403,2440

test suite35
bestAPFD:0.903061
bestSuite:1569,649,2126,424,1844,2545,2444,2514,600,1027,182,2475,1567,2448

test suite36
bestAPFD:0.886724
bestSuite:2483,2492,1683,620,2628,2535,2514,1782,833,2548,2369

test suite37
bestAPFD:0.926587
bestSuite:2617,1841,1582,2460,2064,1564,2507,2483,27,2325,2528,1494

test suite38
bestAPFD:0.901455
bestSuite:1524,77,2551,2461,2383,2326,2503,2585,1584,1069,2406,2450

test suite39
bestAPFD:0.869709
bestSuite:2460,2628,2480,1963,2580,2503,2037,2396,2524,1997,2413,1661

test suite40
bestAPFD:0.898526
bestSuite:901,1145,2471,2461,1715,2616,2515,2553,1402,1298,2584,2388,189,2463

test suite41
bestAPFD:0.921296
bestSuite:2507,2473,119,1544,2477,1065,2617,408,1281,2456,1514,2462

test suite42
bestAPFD:0.909812
bestSuite:2642,82,1631,2473,2461,2377,2497,2455,2433,1929,2138

test suite43
bestAPFD:0.891270
bestSuite:2586,2489,2553,2616,2461,2425,1387,2481,1806,1565

test suite44
bestAPFD:0.873737
bestSuite:1666,2002,2453,1557,2606,2384,2514,2497,2399,1422,2481

test suite45
bestAPFD:0.888095
bestSuite:1944,2447,1557,2463,2475,2525,102,2164,1666,1843

test suite46
bestAPFD:0.900132
bestSuite:2522,2585,2534,1569,1843,1754,1562,2537,2306,1546,291,2510

test suite47
bestAPFD:0.898268
bestSuite:1579,2460,645,2578,2450,2482,26,1405,2366,1568,1810

test suite48
bestAPFD:0.916005
bestSuite:215,2486,2459,1934,2397,1487,2388,2450,1111,2514,2236,2477

test suite49
bestAPFD:0.889683
bestSuite:2377,118,1797,1569,1530,2467,2589,2553,246,1286

test suite50
bestAPFD:0.896032
bestSuite:2471,1817,2463,1569,2616,1565,2324,1584,2589,2550

test suite51
bestAPFD:0.917328
bestSuite:2594,1569,52,2478,1579,2375,1935,2385,5,2551,2486,1248

test suite52
bestAPFD:0.893519
bestSuite:287,2502,1678,1843,2514,596,2545,1991,2584,2510,1971,1536

test suite53
bestAPFD:0.910714
bestSuite:2464,1352,1800,2251,2507,2460,761,2544,261,2409,2582,1566

test suite54
bestAPFD:0.898268
bestSuite:2012,1367,206,2479,2466,2589,1769,1569,2455,1565,2581

test suite55
bestAPFD:0.893939
bestSuite:2453,2500,859,111,2496,1806,2461,2473,1584,1376,2618

test suite56
bestAPFD:0.894841
bestSuite:278,2649,2489,1797,711,2385,2502,2474,2570,2404,2457,1243

test suite57
bestAPFD:0.897619
bestSuite:2236,2377,2513,126,2497,2549,1985,2476,1582,2516

test suite58
bestAPFD:0.906746
bestSuite:2482,1569,1,2194,1579,2096,1404,1611,1819,2535,1944,1568

test suite59
bestAPFD:0.898268
bestSuite:1563,972,1586,2475,2460,2478,1403,1797,1689,2399,1661

test suite60
bestAPFD:0.892496
bestSuite:37,732,2399,2452,2500,2384,2463,1130,2498,2507,708

test suite61
bestAPFD:0.892496
bestSuite:1508,2471,1563,2468,2397,2478,1852,126,1546,814,2523

test suite62
bestAPFD:0.909812
bestSuite:1558,25,2434,2510,2442,1568,2455,2397,720,2497,1766

test suite63
bestAPFD:0.880952
bestSuite:1934,2473,1797,617,2480,2465,2550,871,1573

test suite64
bestAPFD:0.893939
bestSuite:677,2511,236,2480,1569,2437,2548,1564,268,1853,2583

test suite65
bestAPFD:0.879509
bestSuite:2458,269,2498,1584,1814,2476,1959,986,1616,1851,934

test suite66
bestAPFD:0.895382
bestSuite:969,2190,2504,2388,2474,1616,2468,2462,2531,2459,134

test suite67
bestAPFD:0.889683
bestSuite:2537,2377,1651,2498,2626,1185,2549,2471,1586,96

test suite68
bestAPFD:0.905556
bestSuite:1576,2113,2502,2548,2444,2518,2531,1522,1769,923

test suite69
bestAPFD:0.905372
bestSuite:502,2252,2388,2605,2503,2540,2000,1559,1557,2644,1803,492,2552

test suite70
bestAPFD:0.892857
bestSuite:932,2397,2466,2589,2411,2392,2452,1571,1579,110

test suite71
bestAPFD:0.905483
bestSuite:2431,2620,2498,44,2521,2426,2257,1562,2464,1616,2482

test suite72
bestAPFD:0.891270
bestSuite:1571,979,2509,1403,2389,2622,1004,2461,2487,279

test suite73
bestAPFD:0.881614
bestSuite:2483,1680,1957,2480,1947,2465,159,2402,2579,211,2524,2463

test suite74
bestAPFD:0.898810
bestSuite:2498,2574,933,2640,2523,2589,1577,649,1562,651,1564,133

test suite75
bestAPFD:0.881746
bestSuite:2511,2496,2160,2498,2628,2649,2527,2433,2389,2157

test suite76
bestAPFD:0.905556
bestSuite:1112,2475,2380,1568,2453,160,1581,2513,469,2617

test suite77
bestAPFD:0.886508
bestSuite:2463,1375,1579,2633,2496,2552,2498,2447,2432,1401

test suite78
bestAPFD:0.904101
bestSuite:25,628,2589,2434,773,2389,1109,1582,2522,2462,2399,1579

test suite79
bestAPFD:0.891534
bestSuite:1926,443,2455,1574,2486,2462,1580,2475,58

test suite80
bestAPFD:0.902381
bestSuite:2486,1091,2460,1536,1293,2544,1360,1584,2636,2376

test suite81
bestAPFD:0.906926
bestSuite:173,2475,2446,2550,2460,2476,1682,2328,902,2396,2412

test suite82
bestAPFD:0.869048
bestSuite:2514,2527,2644,2481,1581,860,1380,2498,14,1816

test suite83
bestAPFD:0.897487
bestSuite:2498,2159,17,2476,2430,2404,1559,2458,1716,633,2406,115

test suite84
bestAPFD:0.877425
bestSuite:1631,1569,2581,2496,2459,123,2540,2380,2328

test suite85
bestAPFD:0.887057
bestSuite:1444,2638,1385,1506,2397,2435,1554,2389,2503,2553,2643,1962,2509

test suite86
bestAPFD:0.898810
bestSuite:2447,2518,2499,68,2537,735,2409,2461,1702,1660,2524,2379

test suite87
bestAPFD:0.909392
bestSuite:2524,144,2389,2480,2426,32,2503,1530,2506,2578,2099,1570

test suite88
bestAPFD:0.892496
bestSuite:2498,2509,1201,2514,2128,1794,98,2458,1542,2582,1563

test suite89
bestAPFD:0.899206
bestSuite:2460,2586,1778,2492,2455,1666,2467,2606,1032,635

test suite90
bestAPFD:0.894444
bestSuite:1907,1567,11,1769,1530,2453,880,2589,2489,1569

test suite91
bestAPFD:0.892857
bestSuite:2474,2626,1851,2461,2548,1661,2009,2463,124,1567

test suite92
bestAPFD:0.891053
bestSuite:2507,1862,183,2296,1403,38,2461,2583,2478,2488,1908

test suite93
bestAPFD:0.888228
bestSuite:1267,2550,1190,1569,260,338,2392,342,2492,2478,2640,2500

test suite94
bestAPFD:0.853535
bestSuite:1563,2496,2500,346,2582,2397,1560,788,2476,2553,2543

test suite95
bestAPFD:0.889550
bestSuite:1906,2473,1940,261,2502,2381,1574,1305,2649,2475,1668,2545

test suite96
bestAPFD:0.901154
bestSuite:2518,2616,1943,2473,2433,1558,2582,2465,2589,2526,1757

test suite97
bestAPFD:0.891534
bestSuite:2620,2503,2463,2400,1567,2549,79,1557,2373

test suite98
bestAPFD:0.905556
bestSuite:165,2380,2444,2460,1153,1680,2480,2404,1568,2547

test suite99
bestAPFD:0.888228
bestSuite:1559,75,2471,1153,2599,2546,2465,1865,2466,1085,1934,2483

test suite100
bestAPFD:0.875661
bestSuite:2464,2263,2468,2458,2481,1570,1682,1832,160

test suite101
bestAPFD:0.894444
bestSuite:2476,139,2409,1403,2241,243,2497,2461,1531,2642

test suite102
bestAPFD:0.904101
bestSuite:2502,186,2389,910,1567,1476,2385,2474,2181,2586,2546,1780

test suite103
bestAPFD:0.908730
bestSuite:2409,2381,1680,1979,1570,1582,1405,2489,2503,2620

test suite104
bestAPFD:0.900794
bestSuite:2518,1573,86,2404,2159,2522,2442,2537,2513,2435

test suite105
bestAPFD:0.892496
bestSuite:2503,928,2513,2031,1559,2377,2443,2547,2398,2406,238

test suite106
bestAPFD:0.896825
bestSuite:1447,1557,2582,1575,1858,2154,1164,2540,2474,1819,2455,1584,18

test suite107
bestAPFD:0.888007
bestSuite:2498,240,2442,2003,1403,1843,2473,2475,1611

test suite108
bestAPFD:0.889771
bestSuite:2460,2227,224,2518,2521,1661,2406,2399,2501

test suite109
bestAPFD:0.912037
bestSuite:788,2617,2406,2388,1841,2589,286,1337,1835,2369,2545,1583

test suite110
bestAPFD:0.889683
bestSuite:1557,1571,2510,2540,2503,972,2528,2399,42,1560

test suite111
bestAPFD:0.900794
bestSuite:232,2498,2138,2464,2492,2468,1531,1841,2544,2589

test suite112
bestAPFD:0.879189
bestSuite:2411,208,1536,2513,2466,2510,2485,2291,2524

test suite113
bestAPFD:0.900488
bestSuite:2340,2520,2451,1939,2635,2460,1584,2537,2416,2475,2170,2216,2440

test suite114
bestAPFD:0.919974
bestSuite:1570,1404,2497,2540,649,196,2400,1058,2620,1584,37,2506

test suite115
bestAPFD:0.878571
bestSuite:2511,2479,2275,2446,2396,206,2471,2502,672,2458

test suite116
bestAPFD:0.894444
bestSuite:2629,1610,1568,2369,1841,2507,2639,1584,2522,1661

test suite117
bestAPFD:0.920024
bestSuite:2553,2615,2476,1451,1666,2445,2465,2470,2299,1290,2506,2537,1562

test suite118
bestAPFD:0.907814
bestSuite:2578,1346,171,1834,1266,1564,2452,573,2388,1581,2513,2387,2503

test suite119
bestAPFD:0.891270
bestSuite:1384,1569,962,1808,2452,2443,160,2488,2486,1579

test suite120
bestAPFD:0.884921
bestSuite:2496,2649,2516,2528,2471,1568,53,4,1554,2502

test suite121
bestAPFD:0.896032
bestSuite:218,2537,2586,2400,2551,1557,1857,2240,1584,2486

test suite122
bestAPFD:0.902597
bestSuite:1934,2480,58,1565,1841,2461,2473,1873,2547,1108,2377

test suite123
bestAPFD:0.883838
bestSuite:1159,2649,1781,2369,91,743,2046,2453,1536,2481,2514

test suite124
bestAPFD:0.905483
bestSuite:31,1435,2509,2369,2477,2466,2482,2440,1651,518,2456

test suite125
bestAPFD:0.891270
bestSuite:2589,1616,2466,80,2040,2480,2493,2513,2527,2446

test suite126
bestAPFD:0.889610
bestSuite:1851,2513,1135,2537,2508,203,2481,2544,701,2644,1720

test suite127
bestAPFD:0.881614
bestSuite:1529,1980,2473,2579,1531,1561,680,2518,2404,2456,1226,2462

test suite128
bestAPFD:0.899206
bestSuite:126,2376,2496,2550,2252,2463,1546,2174,2445,2513

test suite129
bestAPFD:0.907814
bestSuite:2540,1583,2486,2462,1690,1437,1562,1830,2587,147,1277,2528,173

test suite130
bestAPFD:0.905483
bestSuite:2269,1402,2498,2388,1817,2476,1162,2482,201,1985,2521

test suite131
bestAPFD:0.879189
bestSuite:1557,2413,2540,1660,2496,1304,2372,2452,2624

test suite132
bestAPFD:0.905483
bestSuite:1651,1724,1584,2588,2494,1570,2282,2509,2540,2534,2525

test suite133
bestAPFD:0.891270
bestSuite:1878,2404,2514,2461,2642,80,2509,1403,2403,2495

test suite134
bestAPFD:0.913360
bestSuite:957,2473,1453,662,2442,2460,2511,202,2480,2387,1820,2523

test suite135
bestAPFD:0.902930
bestSuite:2524,954,2483,2463,2513,2446,1651,1238,436,2480,2485,274,213

test suite136
bestAPFD:0.905483
bestSuite:2467,1366,72,1574,2412,2497,2458,1199,2377,2498,2642

test suite137
bestAPFD:0.885913
bestSuite:1563,2465,2545,164,2511,2436,2283,2486

test suite138
bestAPFD:0.892857
bestSuite:1386,1562,1564,2526,2475,2384,2650,2511,253,2460

test suite139
bestAPFD:0.893519
bestSuite:1564,2189,2400,2452,2581,1557,2100,2475,2519,569,674,24

test suite140
bestAPFD:0.884259
bestSuite:1557,2650,1575,2467,464,1023,107,2336,2416,952,2492,2521

test suite141
bestAPFD:0.906926
bestSuite:239,2589,2496,1554,2359,2632,2460,684,2553,1810,1564

test suite142
bestAPFD:0.873810
bestSuite:1834,2478,2509,1405,2589,1012,2607,1559,2621,1569

test suite143
bestAPFD:0.905423
bestSuite:2586,1325,2385,2159,2520,2212,1569,1564,2482,1584,36,2330

test suite144
bestAPFD:0.909812
bestSuite:2467,2133,133,1301,2581,2546,2376,2400,1570,2503,2388

test suite145
bestAPFD:0.891270
bestSuite:2380,2325,239,2409,1564,1934,2551,2397,1530,2518

test suite146
bestAPFD:0.889683
bestSuite:1663,1934,2513,1753,1564,1586,635,2456,2509,1563

test suite147
bestAPFD:0.898268
bestSuite:130,2395,1370,923,2460,2546,2537,2483,2643,1573,2589

test suite148
bestAPFD:0.920024
bestSuite:1209,39,1403,2441,1176,572,321,240,2385,2476,1563,1832,2461

test suite149
bestAPFD:0.905644
bestSuite:2617,2457,36,1570,1820,861,2406,2510,1682

test suite150
bestAPFD:0.888167
bestSuite:2403,2383,1365,2507,2397,2478,2471,272,2527,2583,129

test suite151
bestAPFD:0.913919
bestSuite:1140,2579,1569,2496,2448,179,2212,1413,1049,2382,2523,2540,2503

test suite152
bestAPFD:0.873737
bestSuite:1651,2467,1404,2377,2581,1569,1840,1036,175,755,2480

test suite153
bestAPFD:0.905423
bestSuite:2440,72,1576,961,2466,2483,2522,1283,2480,2403,1200,2465

test suite154
bestAPFD:0.884480
bestSuite:1514,2474,2483,283,2389,2441,2516,2547,1557

test suite155
bestAPFD:0.916005
bestSuite:2617,172,923,1573,1769,2466,1567,808,2460,2457,1710,2518

test suite156
bestAPFD:0.891053
bestSuite:2298,2489,2581,2550,2492,1577,202,889,930,1830,1569

test suite157
bestAPFD:0.902597
bestSuite:793,287,2626,1577,391,2333,2473,2498,1862,2518,2548

test suite158
bestAPFD:0.879189
bestSuite:1542,211,2487,2464,2521,203,2509,2502,2586

test suite159
bestAPFD:0.882937
bestSuite:2247,2206,1578,1818,2461,2551,2466,2507,724,2474,147,2411

test suite160
bestAPFD:0.905483
bestSuite:296,777,1560,1071,2151,2540,2480,2620,2526,2513,1581

test suite161
bestAPFD:0.884259
bestSuite:2473,2302,2457,2624,2582,1573,983,2394,2397,1657,2481,711

test suite162
bestAPFD:0.886508
bestSuite:2452,2481,2603,1806,2447,1717,2540,2502,2500,335

test suite163
bestAPFD:0.898268
bestSuite:2467,2498,116,1191,2632,2507,1661,2410,2545,445,989

test suite164
bestAPFD:0.888095
bestSuite:944,2483,1404,1824,2587,2406,2403,2513,2518,195

test suite165
bestAPFD:0.889771
bestSuite:2587,2511,2462,932,1013,2389,2524,1576,2475

test suite166
bestAPFD:0.872134
bestSuite:2583,53,1682,284,2510,2455,2463,1557,2375

test suite167
bestAPFD:0.886243
bestSuite:2486,1868,2449,1793,1569,2507,885,2457,253

test suite168
bestAPFD:0.888278
bestSuite:1666,2540,83,1493,1569,275,2582,1865,381,771,2453,2510,1890

test suite169
bestAPFD:0.896032
bestSuite:84,2589,1892,1584,2512,2413,1680,2461,2459,2489

test suite170
bestAPFD:0.909812
bestSuite:1562,2482,2444,972,1595,2548,2460,2406,1778,205,924

test suite171
bestAPFD:0.879960
bestSuite:1568,1402,2475,2397,2441,1782,296,2525

test suite172
bestAPFD:0.908369
bestSuite:1520,1663,1727,2444,2456,601,77,2463,2369,2477,2481

test suite173
bestAPFD:0.884921
bestSuite:2552,2618,1832,2448,1568,2481,275,856,2462,2404

test suite174
bestAPFD:0.898810
bestSuite:1406,979,1721,2482,2377,2478,2516,177,2411,1940,2546,2462

test suite175
bestAPFD:0.896825
bestSuite:1663,181,2467,2414,2509,1122,2617,2397,2522

test suite176
bestAPFD:0.875397
bestSuite:217,576,1803,2475,1660,2458,2530,172,2486,2465

test suite177
bestAPFD:0.914141
bestSuite:1570,2483,347,2557,148,2440,2482,2457,2500,2406,2519

test suite178
bestAPFD:0.893939
bestSuite:1568,2513,2343,2106,2375,227,2492,2411,2457,1562,1644

test suite179
bestAPFD:0.891270
bestSuite:1455,783,2502,1401,2486,250,2521,2518,1800,2411

test suite180
bestAPFD:0.893939
bestSuite:2588,2400,2510,2396,2397,1699,156,244,2553,2408,2497

test suite181
bestAPFD:0.891053
bestSuite:2640,2200,2507,2465,2482,729,2478,1406,2401,2546,279

test suite182
bestAPFD:0.882395
bestSuite:1306,2465,243,2581,2480,1644,898,2393,1568,1562,2544

test suite183
bestAPFD:0.892496
bestSuite:2463,2513,1849,2222,35,2481,1401,2443,2646,2527,683

test suite184
bestAPFD:0.888095
bestSuite:2632,1563,2465,2600,1825,2528,1568,867,2509,1573

test suite185
bestAPFD:0.892857
bestSuite:2489,2458,2171,2377,2642,2462,1578,2481,137,1862

test suite186
bestAPFD:0.891270
bestSuite:2395,2537,2528,2475,2235,1934,148,1570,2073,1565

test suite187
bestAPFD:0.886508
bestSuite:913,89,2475,666,2502,1850,2526,2389,2445,1536

test suite188
bestAPFD:0.894444
bestSuite:814,121,1670,2531,2482,2510,2455,383,2447,2462

test suite189
bestAPFD:0.886724
bestSuite:702,2513,13,2474,2584,2396,1579,2500,1768,2501,2547

test suite190
bestAPFD:0.898268
bestSuite:274,2476,2409,2498,2413,1578,1404,1335,1182,2531,2574

test suite191
bestAPFD:0.904040
bestSuite:2460,2486,2583,2496,2546,2603,925,1173,1666,295,2485

test suite192
bestAPFD:0.905423
bestSuite:1514,2471,2389,2483,1120,253,2391,346,2462,2535,2520,2236

test suite193
bestAPFD:0.892857
bestSuite:2552,1571,2588,2495,2465,2534,860,1579,2503,2463

test suite194
bestAPFD:0.883333
bestSuite:2463,2626,1832,2611,1575,2503,2460,2521,2404,1303

test suite195
bestAPFD:0.900132
bestSuite:2588,1857,2513,2496,2514,1416,2454,18,563,1401,953,2172

test suite196
bestAPFD:0.880952
bestSuite:2507,2452,1567,100,1661,2650,2376,1564,2461

test suite197
bestAPFD:0.880952
bestSuite:2475,2464,183,2375,1405,1557,2643,2577,1406

test suite198
bestAPFD:0.883838
bestSuite:1569,1824,2124,2643,2553,268,1568,1562,238,1663,2471

test suite199
bestAPFD:0.895062
bestSuite:2410,1578,2397,2617,2483,2474,2348,2531,2459

test suite200
bestAPFD:0.902597
bestSuite:2629,1530,624,2510,1843,2520,2498,2606,432,1564,1382

test suite201
bestAPFD:0.877425
bestSuite:2502,2580,839,2377,2639,2486,2545,2488,2579

test suite202
bestAPFD:0.914683
bestSuite:1809,1564,2616,2462,2553,1682,2313,2025,1567,513,2582,2476

test suite203
bestAPFD:0.900132
bestSuite:1561,2048,85,2514,2483,1249,2528,2447,1569,1514,457,2471

test suite204
bestAPFD:0.894841
bestSuite:901,1571,294,2447,2377,242,2396,2498,2436,2524,842,2510

test suite205
bestAPFD:0.884921
bestSuite:1014,2455,2505,2369,25,2411,1585,2051,2478,2481

test suite206
bestAPFD:0.886508
bestSuite:2480,2615,691,1851,1934,2524,2385,2397,2389,1252

test suite207
bestAPFD:0.885281
bestSuite:1563,2471,172,2644,1077,2513,2549,2396,1726,726,1666

test suite208
bestAPFD:0.895382
bestSuite:2522,1167,2497,2414,1402,58,2447,517,2492,2461,2389

test suite209
bestAPFD:0.896825
bestSuite:1079,2553,2464,1666,2444,2481,950,2624,2462,2408,2589

test suite210
bestAPFD:0.880952
bestSuite:2048,2473,1897,2524,2475,2535,1570,1554,2410

test suite211
bestAPFD:0.898268
bestSuite:2479,1201,1574,2640,2465,969,2459,201,2476,1564,1781

test suite212
bestAPFD:0.892857
bestSuite:2285,2513,1864,2640,149,2509,2478,2479,2455,2407

test suite213
bestAPFD:0.896825
bestSuite:1885,2369,1404,2496,2554,2430,2399,554,68,2467,1401

test suite214
bestAPFD:0.891270
bestSuite:103,2589,2485,2513,2514,2550,1584,1670,1451,1708

test suite215
bestAPFD:0.902381
bestSuite:2622,2476,2481,1557,919,2380,2522,123,1578,1847

test suite216
bestAPFD:0.904040
bestSuite:2443,1960,178,2540,1670,2553,2507,1827,152,2502,1498

test suite217
bestAPFD:0.892496
bestSuite:1914,1522,2489,2475,1864,1164,2544,2606,1934,2513,2281

test suite218
bestAPFD:0.902597
bestSuite:2514,2507,73,1671,2502,2047,1782,2450,2459,2468,2483

test suite219
bestAPFD:0.891053
bestSuite:949,2478,902,2452,2579,2430,1643,2474,1570,2409,88

test suite220
bestAPFD:0.900132
bestSuite:2131,2521,2502,198,2486,2103,1862,953,2507,1661,1464,2640

test suite221
bestAPFD:0.892857
bestSuite:2482,2531,871,14,2397,2413,1644,2510,1576,2458

test suite222
bestAPFD:0.886508
bestSuite:2626,1584,1403,2474,2179,2464,1818,2397,1522,555

test suite223
bestAPFD:0.893519
bestSuite:2584,2397,583,1565,1826,758,2526,2144,2486,57,2475,1853

test suite224
bestAPFD:0.912037
bestSuite:1595,2466,174,155,2480,1576,1557,2452,1474,2447,2497,89

test suite225
bestAPFD:0.912698
bestSuite:2444,2482,1558,2540,2498,2452,2388,256,1704,1811,327

test suite226
bestAPFD:0.902597
bestSuite:1562,1564,2641,2589,2461,1565,942,765,1576,2525,2588

test suite227
bestAPFD:0.883333
bestSuite:2459,2480,2413,1557,37,1578,2393,1960,2464,1562

test suite228
bestAPFD:0.896825
bestSuite:2234,2486,1572,1794,2377,2498,2544,2473,2511

test suite229
bestAPFD:0.881746
bestSuite:1411,27,2476,1567,2378,1131,1395,2462,1616,2458

test suite230
bestAPFD:0.898268
bestSuite:2485,2603,1579,2476,2082,1578,2525,2007,2474,2397,2620

test suite231
bestAPFD:0.906926
bestSuite:1557,2467,1571,2553,2409,2432,2626,2051,2534,2492,2219

test suite232
bestAPFD:0.905423
bestSuite:553,107,2549,2443,2433,2489,1590,1569,2448,2503,1037,2409

test suite233
bestAPFD:0.898268
bestSuite:1151,208,1647,1631,2643,2550,2471,2464,2510,2369,1866

test suite234
bestAPFD:0.891053
bestSuite:1310,727,1402,2552,2531,1562,2482,2369,2586,89,2516

test suite235
bestAPFD:0.879509
bestSuite:2153,2478,2513,2601,997,1651,2644,2520,2388,2516,2481

test suite236
bestAPFD:0.891270
bestSuite:2507,156,2581,2460,2454,2346,2511,2537,896,2576

test suite237
bestAPFD:0.886243
bestSuite:2453,1292,2613,2461,2408,2640,1574,2509,2478

test suite238
bestAPFD:0.902597
bestSuite:2447,2559,2409,2412,2500,2464,1316,2503,85,1569,1403

test suite239
bestAPFD:0.914141
bestSuite:2524,2497,2622,2537,2397,2156,2129,1522,147,2388,2472

test suite240
bestAPFD:0.921164
bestSuite:70,850,2460,2549,1522,2268,2618,1844,353,325,2409,2486,511,1165,2389

test suite241
bestAPFD:0.905423
bestSuite:2520,1974,1241,2445,1035,2030,2369,2475,2473,2412,1644,54

test suite242
bestAPFD:0.865079
bestSuite:2509,1344,2644,341,1569,179,1616,2414,1450,2553,2463

test suite243
bestAPFD:0.883838
bestSuite:1573,1817,256,1404,2406,2640,937,2481,1125,2217,2369

test suite244
bestAPFD:0.894444
bestSuite:2465,2511,1827,2510,2489,706,1196,2526,21,2444

test suite245
bestAPFD:0.921296
bestSuite:2537,2503,1231,977,2444,19,2527,1643,2481,1769,1570,713

test suite246
bestAPFD:0.880159
bestSuite:1934,1570,150,2473,1842,2507,2409,2511,1404,1342

test suite247
bestAPFD:0.900794
bestSuite:1557,2489,123,1571,2440,2521,849,2273,2480,2505

test suite248
bestAPFD:0.864286
bestSuite:2527,2407,2478,2518,2411,1861,64,2460,1153,225

test suite249
bestAPFD:0.904101
bestSuite:2449,2606,2443,2492,1569,2473,2526,2371,916,2503,2088,2306

test suite250
bestAPFD:0.878066
bestSuite:181,1782,2632,1562,1583,2474,2025,2531,2369,2527,959

test suite251
bestAPFD:0.886508
bestSuite:1257,58,1404,932,2540,2460,2509,2392,1406,2447

test suite252
bestAPFD:0.863095
bestSuite:1586,2028,71,1563,2482,2411,2406,2369,807,2528,486,2451

test suite253
bestAPFD:0.910714
bestSuite:2486,767,2234,2632,1089,116,2480,2528,1548,2461,2385,1830

test suite254
bestAPFD:0.891941
bestSuite:425,2131,2500,2460,2582,48,182,1579,2036,2550,2471,2398,2473

test suite255
bestAPFD:0.905372
bestSuite:1026,2473,1833,2579,2520,1584,2498,1401,2210,226,1864,2474,1219

test suite256
bestAPFD:0.914683
bestSuite:2398,2536,1985,1228,1569,2492,1483,809,2540,2544,2479,1643

test suite257
bestAPFD:0.890720
bestSuite:1331,2644,2142,111,2515,2545,1287,2460,2480,1401,503,1564,2497

test suite258
bestAPFD:0.884480
bestSuite:1563,1950,2578,2454,2513,1651,2482,2537,1778

test suite259
bestAPFD:0.892196
bestSuite:1130,2356,1569,1079,1776,2473,2579,1643,2475,114,2404,2457

test suite260
bestAPFD:0.873810
bestSuite:726,2403,558,1557,2464,1362,1403,2585,2472,2475

test suite261
bestAPFD:0.904101
bestSuite:2128,1499,1398,2528,1824,2486,2632,137,2396,1557,2483,1536

test suite262
bestAPFD:0.896825
bestSuite:1985,2589,1584,2397,179,1707,1660,546,1568,1403,1824

test suite263
bestAPFD:0.882395
bestSuite:2099,1218,2535,2415,1530,2537,106,2518,2452,2045,2369

test suite264
bestAPFD:0.913360
bestSuite:225,1569,250,2496,931,2441,2394,2205,2550,2514,1514,2482

test suite265
bestAPFD:0.896825
bestSuite:1832,2480,1581,483,1570,2643,1564,568,2457,2117,44

test suite266
bestAPFD:0.901455
bestSuite:2389,1934,1093,2513,2245,2608,2496,2501,1032,2456,1571,2404

test suite267
bestAPFD:0.882395
bestSuite:760,2510,2605,908,2393,2513,1133,2413,2537,2523,1531

test suite268
bestAPFD:0.910714
bestSuite:1232,1866,1405,2403,154,2397,2540,2445,341,1381,1031,2492

test suite269
bestAPFD:0.914683
bestSuite:2586,2074,2388,1557,2475,225,1891,1683,2540,1838,2378,2453

test suite270
bestAPFD:0.889771
bestSuite:1558,296,2458,2409,2471,2620,2478,2498,1561

test suite271
bestAPFD:0.893939
bestSuite:2062,1052,2483,2503,2514,2435,2588,1631,2460,144,2549

test suite272
bestAPFD:0.891270
bestSuite:2436,293,680,2514,2502,2441,1305,2475,1616,1404

test suite273
bestAPFD:0.905423
bestSuite:1865,2513,1985,1578,1539,2389,46,1563,2454,2363,2518,337

test suite274
bestAPFD:0.897487
bestSuite:1661,1599,203,2510,2121,1904,1917,2547,2587,2376,2514,2461

test suite275
bestAPFD:0.892496
bestSuite:984,2510,2640,198,1566,1892,1807,2377,2514,2498,2459

test suite276
bestAPFD:0.897619
bestSuite:2503,2576,2498,107,2389,2620,1077,2525,1567,1406

test suite277
bestAPFD:0.907143
bestSuite:2444,1404,243,2503,2397,1631,1857,2518,2467,660

test suite278
bestAPFD:0.877646
bestSuite:1067,2369,1405,2404,2421,1343,1801,26,2486,1953,1670,2396

test suite279
bestAPFD:0.896825
bestSuite:2527,2230,1569,2466,2261,2440,1571,62,485,2518,2384

test suite280
bestAPFD:0.879509
bestSuite:1570,2478,2632,1701,1968,2494,854,65,1401,2527,2518

test suite281
bestAPFD:0.892857
bestSuite:2514,1560,215,2546,2397,1397,2632,2511,1225,2507

test suite282
bestAPFD:0.893939
bestSuite:16,2486,2581,1666,1067,1807,1615,2396,1570,1584,2525

test suite283
bestAPFD:0.897619
bestSuite:1127,289,2642,2523,2540,1562,2397,1530,2503,2485

test suite284
bestAPFD:0.896825
bestSuite:1853,1475,2523,1643,2492,1254,2389,2461,1209,124,2442

test suite285
bestAPFD:0.909392
bestSuite:2589,2502,1442,1567,1564,2430,2176,2443,2526,2633,454,1536

test suite286
bestAPFD:0.879189
bestSuite:2369,2396,2483,151,1319,2523,2589,1565,1780

test suite287
bestAPFD:0.882937
bestSuite:2583,457,1551,2498,2486,801,1811,888,1402,131,2454,2509

test suite288
bestAPFD:0.894444
bestSuite:2586,2510,1536,2394,53,2503,1569,1299,2522,2467

test suite289
bestAPFD:0.885281
bestSuite:2534,2396,2440,2575,1872,2507,1569,1582,2550,2479,2120

test suite290
bestAPFD:0.916667
bestSuite:1531,852,2628,1501,1074,2627,2462,2466,2579,2548,1857,2471,2388,1673

test suite291
bestAPFD:0.903061
bestSuite:1191,1581,1716,2388,2564,2478,2487,2413,1,1170,1557,2481,2010,2457

test suite292
bestAPFD:0.891053
bestSuite:2458,2467,105,1988,2381,2503,1950,2640,2369,1567,1566

test suite293
bestAPFD:0.892496
bestSuite:869,1557,1792,1934,2406,1149,1825,2551,2336,1401,2492

test suite294
bestAPFD:0.892196
bestSuite:2650,207,1568,2471,1531,1298,2494,1074,2479,1705,2498,2552

test suite295
bestAPFD:0.893939
bestSuite:764,1570,2618,2478,1682,2575,2507,2626,2404,2544,1764

test suite296
bestAPFD:0.891270
bestSuite:274,2467,2621,1569,2507,2457,113,2583,1571,2415

test suite297
bestAPFD:0.892857
bestSuite:2396,2440,79,1081,1403,2190,2502,2432,1554,2518

test suite298
bestAPFD:0.893519
bestSuite:2375,2474,674,2489,2404,2546,1531,839,19,2582,2460,1931

test suite299
bestAPFD:0.924908
bestSuite:2463,2527,2513,2443,2589,1303,2330,530,2501,2496,1565,917,114

test suite300
bestAPFD:0.909812
bestSuite:392,1741,1570,1571,2522,822,2064,2475,2473,2586,2485

test suite301
bestAPFD:0.873898
bestSuite:1542,2613,2168,2475,2486,1105,2498,1772,2550

test suite302
bestAPFD:0.901455
bestSuite:2371,2608,1579,622,2524,2649,2471,1651,2478,609,2539,1569

test suite303
bestAPFD:0.888167
bestSuite:2478,1493,1562,1554,1761,2460,2649,1769,2475,2452,2388

test suite304
bestAPFD:0.889683
bestSuite:1569,1558,257,908,2483,2629,2170,1404,2493,2486

test suite305
bestAPFD:0.891053
bestSuite:1007,1563,2397,940,2492,2508,1830,2552,236,2514,2618

test suite306
bestAPFD:0.889610
bestSuite:2476,1563,2471,1282,2450,2458,2640,2369,54,851,33

test suite307
bestAPFD:0.912698
bestSuite:2467,253,2620,959,2521,2486,2518,1497,1570,2434,2400

test suite308
bestAPFD:0.880159
bestSuite:1964,2618,2502,2404,208,1404,2509,2489,2477,1581

test suite309
bestAPFD:0.894444
bestSuite:2285,1568,2460,1798,1602,2481,2446,2525,119,2238

test suite310
bestAPFD:0.898268
bestSuite:1020,200,2461,2483,2549,2442,1798,2478,1889,2407,2497

test suite311
bestAPFD:0.891534
bestSuite:2589,289,2369,2547,1564,2479,2557,1581,2485

test suite312
bestAPFD:0.879509
bestSuite:1246,2406,2643,2462,2526,2474,1232,1584,102,2434,1616

test suite313
bestAPFD:0.885281
bestSuite:2518,10,2182,2649,2545,2517,2473,1570,2404,822,2403

test suite314
bestAPFD:0.886243
bestSuite:269,2643,2486,1321,2525,1406,1572,2513,2518

test suite315
bestAPFD:0.896032
bestSuite:2589,282,2467,1563,2413,1258,2502,2453,1683,1866

test suite316
bestAPFD:0.914683
bestSuite:2629,2503,2416,2369,2540,1582,469,2458,2404,422,1175,2216

test suite317
bestAPFD:0.880952
bestSuite:216,2393,1689,1568,1643,2454,2626,2481,2498

test suite318
bestAPFD:0.908369
bestSuite:637,2517,2549,2617,2609,2498,2471,1127,1568,1401,2507

test suite319
bestAPFD:0.886243
bestSuite:2460,2396,2453,2409,1842,1661,1242,2475,2640

test suite320
bestAPFD:0.893939
bestSuite:1699,57,1832,759,2589,2513,1536,2518,2474,2458,2540

test suite321
bestAPFD:0.911255
bestSuite:949,2509,934,1251,2552,172,1798,2468,1631,2486,1570

test suite322
bestAPFD:0.901154
bestSuite:2431,2464,2518,2555,1661,1569,190,1082,714,2445,2549

test suite323
bestAPFD:0.883838
bestSuite:2513,767,2549,1806,2509,2119,854,1660,64,2537,1934

test suite324
bestAPFD:0.884921
bestSuite:263,1663,1545,2501,1656,1557,1563,2486,2360,2526

test suite325
bestAPFD:0.886243
bestSuite:2507,2548,2450,2540,126,2445,2356,1569,2477

test suite326
bestAPFD:0.888007
bestSuite:2441,1803,2510,1330,1568,1661,2452,8,2513

test suite327
bestAPFD:0.904151
bestSuite:2642,1851,2503,2037,2596,1453,1563,2451,1256,1024,2453,2502,2473

test suite328
bestAPFD:0.888167
bestSuite:1021,2582,1960,2478,2522,2436,2465,2510,2407,2388,78

test suite329
bestAPFD:0.900132
bestSuite:2552,1522,1569,1627,1350,2540,53,2618,322,2492,650,1834

test suite330
bestAPFD:0.885836
bestSuite:227,2524,1795,2369,1574,2489,2475,457,1527,2384,754,2584,1579

test suite331
bestAPFD:0.883333
bestSuite:1184,2393,945,2462,1574,2480,2581,211,2478,2550

test suite332
bestAPFD:0.891053
bestSuite:2498,1245,2445,1564,174,1807,826,2482,2551,2388,2500

test suite333
bestAPFD:0.889683
bestSuite:105,1570,937,2548,2368,2486,2121,1660,2095,2492

test suite334
bestAPFD:0.897619
bestSuite:2200,1581,2452,2473,126,2588,2518,2504,2513,893

test suite335
bestAPFD:0.902778
bestSuite:2447,2461,2309,2503,2464,1410,2547,1556,1517,10,1558,2404

test suite336
bestAPFD:0.882716
bestSuite:2643,2481,1578,2464,844,212,2524,1825,2502

test suite337
bestAPFD:0.882716
bestSuite:2178,2475,2486,367,2487,2525,1583,129,2369

test suite338
bestAPFD:0.889683
bestSuite:677,1326,1403,1808,2461,1578,2586,13,2509,2463

test suite339
bestAPFD:0.891053
bestSuite:1530,2388,1570,2375,2480,823,2522,2540,2601,170,2535

test suite340
bestAPFD:0.879509
bestSuite:2429,1531,2479,2636,1569,1195,2471,2626,2523,2466,2408

test suite341
bestAPFD:0.894444
bestSuite:1182,2497,2579,293,2388,2546,2513,1406,1568,2118

test suite342
bestAPFD:0.873810
bestSuite:203,2488,2632,1570,2480,2548,2503,2389,204,2374

test suite343
bestAPFD:0.896032
bestSuite:817,2496,1660,1569,1849,193,2468,2454,2489,1833

test suite344
bestAPFD:0.888095
bestSuite:2458,2541,2489,1991,2503,2578,2388,2385,2415,1569

test suite345
bestAPFD:0.888095
bestSuite:2636,2473,2465,1769,2579,1522,2404,2518,1726,2551

test suite346
bestAPFD:0.897619
bestSuite:1568,105,2444,2493,221,770,1582,1404,2510,1557

test suite347
bestAPFD:0.894444
bestSuite:2476,2145,2520,2481,21,43,2389,1569,1820,1581

test suite348
bestAPFD:0.896825
bestSuite:1699,1570,755,1840,2641,2479,2471,1660,2440,2457,2537

test suite349
bestAPFD:0.896032
bestSuite:1403,1569,1670,2054,2442,1780,2130,2478,2492,274

test suite350
bestAPFD:0.896825
bestSuite:1091,1563,2514,2462,197,604,2457,2481,1832,1663,2486

test suite351
bestAPFD:0.904151
bestSuite:2580,88,1568,2397,2547,2518,1376,1541,2411,307,1563,2488,938

test suite352
bestAPFD:0.889771
bestSuite:2480,2649,58,2473,1581,2516,2460,2272,2527

test suite353
bestAPFD:0.895125
bestSuite:848,2649,2482,2606,2537,2388,2369,1684,377,2451,2546,1778,367,225

test suite354
bestAPFD:0.901455
bestSuite:91,2463,1402,2495,1279,2369,2586,2509,92,2548,1517,895

test suite355
bestAPFD:0.892857
bestSuite:2540,180,2644,2465,2497,2409,2456,1805,872,1402

test suite356
bestAPFD:0.893939
bestSuite:1562,2461,76,2406,2581,2526,878,2395,2507,1574,2427

test suite357
bestAPFD:0.910317
bestSuite:1616,2434,1404,1569,2518,2622,1343,970,2467,1077

test suite358
bestAPFD:0.900794
bestSuite:2461,2475,1611,2483,66,1564,2545,2435,164,2622

test suite359
bestAPFD:0.894841
bestSuite:2448,1671,2518,1012,2531,1794,2456,2397,2413,465,2503,34

test suite360
bestAPFD:0.886724
bestSuite:2584,1471,1683,1999,2540,2502,2410,250,1403,1343,2518

test suite361
bestAPFD:0.893519
bestSuite:2477,2467,2492,2233,2461,2635,1482,1585,1945,2404,2535,1403

test suite362
bestAPFD:0.915584
bestSuite:1566,1794,1155,2446,84,2377,2369,2547,2476,1434,1297

test suite363
bestAPFD:0.902778
bestSuite:1568,1185,1530,99,2445,84,2391,441,2409,2498,2453,2497

test suite364
bestAPFD:0.885582
bestSuite:2492,1891,2465,2524,251,2643,1593,2377,1577,2493,1728,2463

test suite365
bestAPFD:0.891270
bestSuite:1748,2463,2488,2513,58,2496,518,2443,2495,2459

test suite366
bestAPFD:0.891053
bestSuite:2399,2406,2498,79,2482,2452,2385,622,1584,901,2432

test suite367
bestAPFD:0.896032
bestSuite:2585,2453,2589,217,2501,56,2396,1562,1570,1663

test suite368
bestAPFD:0.889771
bestSuite:1520,239,1401,1564,2481,2650,2465,2452,1825

test suite369
bestAPFD:0.880952
bestSuite:1571,2463,2474,1563,2528,2632,180,1810,2498

test suite370
bestAPFD:0.886905
bestSuite:2431,992,1584,2647,1661,2553,2513,531,2632,2492,2406,1886

test suite371
bestAPFD:0.895382
bestSuite:1824,2466,2314,2509,1280,31,2546,1570,2409,2583,2385

test suite372
bestAPFD:0.874008
bestSuite:2476,2409,1772,1403,2502,104,900,2450

test suite373
bestAPFD:0.900794
bestSuite:2482,71,2553,2622,2501,2502,1999,2537,1682,2409

test suite374
bestAPFD:0.900132
bestSuite:986,2467,146,1437,2525,2471,2518,2578,2488,2379,1036,2462

test suite375
bestAPFD:0.909035
bestSuite:1341,2388,2369,2546,2443,24,2497,480,1664,1778,860,2537,1536

test suite376
bestAPFD:0.888095
bestSuite:150,2589,2452,2446,2575,962,1660,2397,2388,2396

test suite377
bestAPFD:0.905372
bestSuite:2589,86,2622,2515,2252,2547,2514,1423,2449,1856,2462,2085,2409

test suite378
bestAPFD:0.886508
bestSuite:791,248,2496,2483,2430,2465,2464,2535,1514,2544

test suite379
bestAPFD:0.889683
bestSuite:1568,2446,1011,2460,1663,2524,217,2481,2368,37

test suite380
bestAPFD:0.892496
bestSuite:1740,2068,1190,2513,2535,1816,2510,1405,1631,181,2531

test suite381
bestAPFD:0.870040
bestSuite:880,144,2502,1670,2476,2545,1563,1809

test suite382
bestAPFD:0.917328
bestSuite:2468,939,273,1557,2509,2268,1825,1571,2474,2406,1027,2546

test suite383
bestAPFD:0.902778
bestSuite:2369,1881,1254,2482,1985,2551,1988,2385,277,2404,2463,1806

test suite384
bestAPFD:0.898810
bestSuite:2389,2552,2445,776,1536,273,208,2462,2377,2412,1898,2471

test suite385
bestAPFD:0.889683
bestSuite:1585,2453,2128,175,2479,2482,2644,1570,1586,2489

test suite386
bestAPFD:0.902597
bestSuite:2589,929,1562,2466,2411,2512,1536,2369,1242,2552,129

test suite387
bestAPFD:0.906926
bestSuite:1840,2622,2478,1404,2502,46,2095,2092,2480,2503,1522

test suite388
bestAPFD:0.891270
bestSuite:2445,754,955,2514,1827,2503,2502,2453,1682,1563

test suite389
bestAPFD:0.893939
bestSuite:2464,2446,2507,1029,173,14,2502,2456,2429,2494,1546

test suite390
bestAPFD:0.873810
bestSuite:2090,2481,2369,2450,1325,2489,1798,2535,1563,2546

test suite391
bestAPFD:0.876984
bestSuite:2626,2479,2540,2550,1570,169,2471,1566,1843,2230

test suite392
bestAPFD:0.891941
bestSuite:1985,535,511,1223,1595,294,2410,730,1403,1564,2397,2481,1116

test suite393
bestAPFD:0.904101
bestSuite:1227,2490,2396,2496,88,2498,1577,1389,1405,1108,1106,2642

test suite394
bestAPFD:0.905483
bestSuite:121,2407,2537,2518,1679,2544,2275,1371,2411,2513,2374

test suite395
bestAPFD:0.903968
bestSuite:2392,2547,2642,1683,6,2478,947,2460,2270,2518

test suite396
bestAPFD:0.901154
bestSuite:252,1005,2487,1985,2451,2482,1404,2507,626,2396,2498

test suite397
bestAPFD:0.896032
bestSuite:1572,2188,2587,2466,652,2481,1406,2498,2520,1579

test suite398
bestAPFD:0.902597
bestSuite:832,17,1643,2461,2452,2475,2642,2537,1810,2479,735

test suite399
bestAPFD:0.901709
bestSuite:872,2498,2509,2523,991,2432,2377,2025,2273,162,1683,2389,2617

test suite400
bestAPFD:0.879189
bestSuite:209,2494,2024,1181,2476,2492,2513,1403,1583

test suite401
bestAPFD:0.900132
bestSuite:2463,2444,1955,1901,2393,2461,2550,1565,2404,912,225,2482

test suite402
bestAPFD:0.892496
bestSuite:2618,2478,2046,2397,1280,2639,2404,1403,1651,1810,2482

test suite403
bestAPFD:0.896825
bestSuite:2479,94,82,2553,2537,301,2481,2440,1530,1569,2408

test suite404
bestAPFD:0.900794
bestSuite:2500,1584,1557,2509,2525,2440,11,2380,2396,2272

test suite405
bestAPFD:0.901455
bestSuite:2445,2489,2453,2267,2005,1651,1584,2350,2492,2410,2462,1

test suite406
bestAPFD:0.900794
bestSuite:2467,2526,2471,296,2620,1585,1491,1563,2465,1973

test suite407
bestAPFD:0.895382
bestSuite:130,2178,2521,2214,2393,1401,2462,798,2509,1934,2463

test suite408
bestAPFD:0.894444
bestSuite:1562,1404,2461,2463,2486,1976,2500,85,2505,1881

test suite409
bestAPFD:0.906746
bestSuite:2575,1542,2478,1196,600,1570,2518,2631,2550,2442,1293,2343

test suite410
bestAPFD:0.897619
bestSuite:2636,1201,2440,2544,2480,2430,2540,1581,1922,2462

test suite411
bestAPFD:0.901154
bestSuite:2440,1,2531,2028,2521,1747,1557,1595,1800,2510,2577

test suite412
bestAPFD:0.889610
bestSuite:112,2368,1049,2461,2547,2509,2396,2579,668,2479,1616

test suite413
bestAPFD:0.903968
bestSuite:104,2482,1810,1579,2528,2444,1557,1222,1651,1568

test suite414
bestAPFD:0.900794
bestSuite:70,2382,2488,36,2552,2476,1569,2531,2404,2650

test suite415
bestAPFD:0.892496
bestSuite:1951,2467,2586,2403,2007,2471,207,2479,2397,2458,1806

test suite416
bestAPFD:0.912037
bestSuite:1985,2122,1652,2388,2475,171,1522,1824,2112,2369,2396,2520

test suite417
bestAPFD:0.917328
bestSuite:2589,2513,180,1531,2473,2521,796,1800,1107,505,1348,1562

test suite418
bestAPFD:0.901154
bestSuite:1562,2442,2449,66,2482,428,2513,2459,2505,1627,2489

test suite419
bestAPFD:0.892857
bestSuite:1172,1558,2461,2526,1985,2518,2479,2613,2514,1801

test suite420
bestAPFD:0.899206
bestSuite:1064,1530,124,2504,2441,1081,2480,1568,2397,2545

test suite421
bestAPFD:0.910714
bestSuite:2488,2476,2166,1841,2513,60,2628,1078,2620,2377,2456,1564

test suite422
bestAPFD:0.909392
bestSuite:1404,1607,1570,1801,1310,2406,144,1584,1559,421,2643,2503

test suite423
bestAPFD:0.892496
bestSuite:2497,2411,2377,2463,1175,117,1570,2495,1683,2553,1971

test suite424
bestAPFD:0.894444
bestSuite:1536,2553,2413,2510,1926,1824,1292,2406,16,2498

test suite425
bestAPFD:0.899711
bestSuite:2444,1803,1568,987,2492,2462,1901,1567,2523,2530,1682

test suite426
bestAPFD:0.886508
bestSuite:548,2574,2578,1108,140,2481,2486,2498,1406,2525

test suite427
bestAPFD:0.896825
bestSuite:2227,282,2433,2514,2407,515,2397,2618,2453,2507,1415

test suite428
bestAPFD:0.889683
bestSuite:1666,2496,2523,1569,819,1800,205,2589,2617,1564

test suite429
bestAPFD:0.889683
bestSuite:2399,1568,200,2157,2488,2509,2455,2646,2504,2465

test suite430
bestAPFD:0.914141
bestSuite:837,193,1577,2503,1852,2442,2473,2458,1557,995,2510

test suite431
bestAPFD:0.884921
bestSuite:1578,2626,97,2531,2544,2343,2507,2498,779,2505

test suite432
bestAPFD:0.895382
bestSuite:2586,1890,106,1862,2522,1631,890,2475,2489,1569,1289

test suite433
bestAPFD:0.901154
bestSuite:2261,1763,2526,2476,542,2507,1798,1557,57,2488,2583

test suite434
bestAPFD:0.879509
bestSuite:1934,943,2415,2540,2544,1406,147,2369,199,1426,2509

test suite435
bestAPFD:0.921296
bestSuite:2537,86,1405,1565,2461,2301,2507,2377,2443,1454,2412,1318

test suite436
bestAPFD:0.889610
bestSuite:2413,1270,1226,2481,238,2462,2433,2503,2396,2457,1571

test suite437
bestAPFD:0.901455
bestSuite:1290,826,2093,2513,2476,2474,1683,62,2518,2442,2550,2372

test suite438
bestAPFD:0.910998
bestSuite:2498,2521,2340,2633,2531,2409,1013,1808,1900,1566,2215,363,2486,2535

test suite439
bestAPFD:0.886508
bestSuite:2502,1165,2545,2589,2451,2487,379,2492,2537,223

test suite440
bestAPFD:0.886724
bestSuite:1433,2535,2537,2462,2546,2225,2504,2475,2604,1534,1611

test suite441
bestAPFD:0.900488
bestSuite:1336,1574,1570,2481,1586,1903,1563,2584,1748,1564,2181,307,2520

test suite442
bestAPFD:0.877425
bestSuite:2369,2526,2445,200,655,2496,1574,2463,2519

test suite443
bestAPFD:0.889771
bestSuite:2443,2431,1680,1254,1224,1564,2397,2480,2521

test suite444
bestAPFD:0.905483
bestSuite:1568,224,2481,1267,1558,2453,862,1318,2442,2373,2461

test suite445
bestAPFD:0.891270
bestSuite:1986,2471,1573,2404,2502,257,2495,2531,2455,2441

test suite446
bestAPFD:0.879189
bestSuite:2586,2476,1420,2483,755,1660,2503,1557,2521

test suite447
bestAPFD:0.886243
bestSuite:2466,8,2461,2496,1934,2015,2458,2508,2477

test suite448
bestAPFD:0.892196
bestSuite:2381,291,1964,408,2447,2406,1570,1567,85,2471,2459,1574

test suite449
bestAPFD:0.892857
bestSuite:2498,207,1663,2457,1568,2618,1816,2509,692,745

test suite450
bestAPFD:0.877425
bestSuite:2462,35,2434,2546,2464,2649,1585,880,2510

test suite451
bestAPFD:0.918470
bestSuite:1582,2444,528,2475,648,2455,2369,1286,2384,2396,131

test suite452
bestAPFD:0.886508
bestSuite:2460,1402,1176,1563,2382,2549,101,2464,2510,2618

test suite453
bestAPFD:0.895062
bestSuite:2496,1583,294,1570,2476,2416,2642,2453,1321

test suite454
bestAPFD:0.884480
bestSuite:1850,2553,1554,2082,2465,2475,251,237,2476

test suite455
bestAPFD:0.919974
bestSuite:1947,2403,2442,1584,2460,2328,2414,2552,293,1997,2406,2497

test suite456
bestAPFD:0.914683
bestSuite:20,2456,1546,2540,903,2443,2071,2503,2510,2410,2498,1899

test suite457
bestAPFD:0.880159
bestSuite:289,2335,2472,2650,2475,885,1663,2498,2406,2524

test suite458
bestAPFD:0.876984
bestSuite:2509,277,2417,2445,1564,2512,2525,2502,1402,2419

test suite459
bestAPFD:0.894444
bestSuite:2371,2486,2286,2458,1569,8,2479,898,1663,2413

test suite460
bestAPFD:0.905556
bestSuite:2285,2461,1776,2647,1985,2467,2482,2458,1536,1567

test suite461
bestAPFD:0.886905
bestSuite:157,1666,2479,2644,2507,1570,29,1800,2457,273,2489,2487

test suite462
bestAPFD:0.904040
bestSuite:2503,2629,1568,392,1367,1557,2534,1651,2404,2522,2408

test suite463
bestAPFD:0.884480
bestSuite:1367,2481,1401,2465,2396,2589,58,2545,2414

test suite464
bestAPFD:0.895062
bestSuite:2404,1661,2269,2502,2620,2476,2381,2023,2526

test suite465
bestAPFD:0.888007
bestSuite:2473,101,2142,2461,2544,2509,2374,2442,2385

test suite466
bestAPFD:0.886243
bestSuite:1271,2084,1666,2465,2389,2445,2482,2388,2551

test suite467
bestAPFD:0.896825
bestSuite:2518,2489,1663,2642,2513,171,2455,2474,1861

test suite468
bestAPFD:0.880952
bestSuite:2441,1114,2403,2575,6,2545,2369,2531,2475

test suite469
bestAPFD:0.870370
bestSuite:1570,2581,1931,2467,2263,1832,2496,2552,1401

test suite470
bestAPFD:0.884921
bestSuite:2518,1781,146,2513,2388,2540,2583,2403,2547,980

test suite471
bestAPFD:0.898810
bestSuite:2626,2496,619,2451,2246,481,189,19,2461,2389,2392,2520

test suite472
bestAPFD:0.891053
bestSuite:2190,2475,2478,2472,2513,140,1095,2377,2520,2399,1611

test suite473
bestAPFD:0.904040
bestSuite:1533,2581,2478,2369,2524,2510,1666,1800,2503,284,1341

test suite474
bestAPFD:0.899711
bestSuite:1493,928,1670,2522,1584,2471,2464,1985,1844,148,2498

test suite475
bestAPFD:0.884921
bestSuite:783,2641,1582,2523,2581,2537,2431,2502,1480,2481

test suite476
bestAPFD:0.889683
bestSuite:900,2492,2411,2552,1683,2396,1798,19,1879,2502

test suite477
bestAPFD:0.916005
bestSuite:1663,2553,2460,1818,966,2478,2617,70,741,2492,1108,2497

test suite478
bestAPFD:0.892496
bestSuite:2445,2400,14,2526,2062,2461,2223,2382,2540,2589,2479

test suite479
bestAPFD:0.876984
bestSuite:2537,2579,2462,2497,169,1363,1572,2483,2508,1403

test suite480
bestAPFD:0.900794
bestSuite:215,1585,2378,2462,2396,2503,2377,2640,2528,821

test suite481
bestAPFD:0.893298
bestSuite:2467,2586,2509,252,1778,2388,2502,2550,1582

test suite482
bestAPFD:0.902778
bestSuite:2579,1724,1663,1395,2410,2507,2460,2467,2524,227,1040,2483

test suite483
bestAPFD:0.892857
bestSuite:2597,2493,2467,2588,840,2453,2397,2471,1584,1631

test suite484
bestAPFD:0.881614
bestSuite:2464,109,1843,2508,2509,1050,2258,2454,1932,2582,96,1557

test suite485
bestAPFD:0.889683
bestSuite:1309,2380,2513,2377,2482,2413,1406,2540,236,2544

test suite486
bestAPFD:0.889610
bestSuite:2500,2355,1567,2369,2518,164,1564,1289,2548,2402,2588

test suite487
bestAPFD:0.891270
bestSuite:2589,2397,2366,1264,2402,2483,2544,1577,209,2389

test suite488
bestAPFD:0.909812
bestSuite:2481,2622,2471,2394,2549,1564,1492,2513,197,2451,890

test suite489
bestAPFD:0.906926
bestSuite:2465,1985,1478,2553,7,2435,2497,1358,2406,2377,1522

test suite490
bestAPFD:0.892857
bestSuite:2409,2506,193,1570,2649,1663,2522,2503,2473,1102

test suite491
bestAPFD:0.901154
bestSuite:1793,120,2471,2478,1382,1557,1531,2409,2453,836,2443

test suite492
bestAPFD:0.873810
bestSuite:1817,2523,2606,2643,2510,2498,1043,2540,1135,1595

test suite493
bestAPFD:0.895382
bestSuite:594,1542,780,2510,2465,1934,2396,2525,1010,2371,131

test suite494
bestAPFD:0.904101
bestSuite:2605,1579,2544,2465,1951,1864,2578,65,1616,2537,770,2589

test suite495
bestAPFD:0.895062
bestSuite:2613,601,2464,2441,2449,2372,2461,2510,2552

test suite496
bestAPFD:0.902778
bestSuite:2626,56,2550,1418,2366,2514,882,2508,591,2505,2369,2518

test suite497
bestAPFD:0.917027
bestSuite:2369,2482,1220,2404,1906,164,1564,2622,2415,2548,1536

test suite498
bestAPFD:0.888228
bestSuite:197,2582,2520,2486,2489,2513,1600,2001,1992,1865,2404,1585

test suite499
bestAPFD:0.880291
bestSuite:1563,2413,850,2466,2524,274,1492,2407,1259,2369,1841,2492

test suite500
bestAPFD:0.902778
bestSuite:87,1918,2496,2521,1850,2644,1729,2537,1679,395,2385,2502

