test suite1
bestAPFD:0.946667
bestSuite:86,1546,2467,1820,2460,2476,2523,1178,151,2388,2475

test suite2
bestAPFD:0.942000
bestSuite:101,2511,2502,2371,2467,2550,488,163,2509,2589

test suite3
bestAPFD:0.950000
bestSuite:1324,2464,1569,2410,1643,2546,287,2132,1224,2585,1567,2481

test suite4
bestAPFD:0.956667
bestSuite:1913,1564,2460,1851,2407,2497,2454,37,1562,2330,1708,1779,271,2581

test suite5
bestAPFD:0.942424
bestSuite:2182,1772,2403,2389,2462,2524,97,489,728,2444,2492

test suite6
bestAPFD:0.938667
bestSuite:1562,2461,2574,1536,2464,263,203,2399,2527,2510

test suite7
bestAPFD:0.942000
bestSuite:2600,1825,2478,2403,1570,2453,1099,1122,2650,2480

test suite8
bestAPFD:0.944848
bestSuite:980,1564,2513,2434,1565,2497,1404,2604,1162,2582,2388

test suite9
bestAPFD:0.947222
bestSuite:2218,2505,1569,2488,2471,2396,2526,25,2593,1002,2411,2409

test suite10
bestAPFD:0.947222
bestSuite:1712,1852,2489,2471,2502,1660,2548,258,1662,2077,2444,1567

test suite11
bestAPFD:0.935556
bestSuite:2617,2462,2449,1866,2467,2457,2481,1120,2301

test suite12
bestAPFD:0.945455
bestSuite:296,1578,1857,2531,2503,2513,2551,1495,187,2413,2377

test suite13
bestAPFD:0.953810
bestSuite:2569,1661,112,2513,1798,2486,2035,467,1947,2526,1567,804,2535,2481

test suite14
bestAPFD:0.943636
bestSuite:1242,2435,2473,1574,2513,2551,297,1043,876,2480,2643

test suite15
bestAPFD:0.954872
bestSuite:1917,1564,1631,2430,2502,2545,148,416,1437,670,2411,1567,2475

test suite16
bestAPFD:0.941333
bestSuite:945,2465,1573,1861,2476,2544,288,1066,2388,2399

test suite17
bestAPFD:0.942424
bestSuite:1208,1581,2382,2498,2476,2455,53,1543,2238,2468,2496

test suite18
bestAPFD:0.951429
bestSuite:1320,1849,2407,37,2497,2502,2540,2437,1567,2527,2579,423,1723,857

test suite19
bestAPFD:0.928667
bestSuite:2447,23,2381,2001,2462,1406,2540,2550,37,2481

test suite20
bestAPFD:0.938788
bestSuite:97,2373,2465,1565,2489,2497,1038,2458,2644,1288,2509

test suite21
bestAPFD:0.946061
bestSuite:56,1830,1402,2540,2460,2528,816,689,1188,2475,2586

test suite22
bestAPFD:0.957619
bestSuite:2629,1514,2574,1570,2478,2526,505,2401,2053,2010,1345,2156,98,2475

test suite23
bestAPFD:0.946061
bestSuite:186,1772,1611,2514,1569,2547,1073,766,2468,2404,2507

test suite24
bestAPFD:0.946667
bestSuite:2144,2461,2501,2476,1585,2547,282,453,1640,1901,2518

test suite25
bestAPFD:0.955238
bestSuite:46,1817,2397,1406,2466,2288,2525,527,2579,1175,507,1924,2409,2510

test suite26
bestAPFD:0.947273
bestSuite:2617,1560,1557,1651,2489,2526,208,2613,702,2474,2481

test suite27
bestAPFD:0.935556
bestSuite:100,2431,2489,1574,2498,2454,1914,2588,2518

test suite28
bestAPFD:0.945455
bestSuite:100,2382,2497,2476,1565,2460,1403,1345,2250,2468,1579

test suite29
bestAPFD:0.946667
bestSuite:2585,2464,2512,1660,2513,2548,250,2202,2056,1274,2475

test suite30
bestAPFD:0.950556
bestSuite:107,1834,1683,2531,2462,2457,2337,2242,1414,2618,2474,1567

test suite31
bestAPFD:0.946061
bestSuite:224,2435,1585,2462,1564,2527,688,1749,1124,2622,2496

test suite32
bestAPFD:0.934074
bestSuite:180,2376,1536,2498,2486,2459,1963,2507,2629

test suite33
bestAPFD:0.944000
bestSuite:1559,2389,2462,44,2520,2275,2101,2579,2475,1807

test suite34
bestAPFD:0.942000
bestSuite:56,2537,2485,1571,2369,1403,897,946,2440,2481

test suite35
bestAPFD:0.955714
bestSuite:2444,2514,1844,2448,1569,2545,182,2126,1567,424,649,600,1027,2475

test suite36
bestAPFD:0.943636
bestSuite:833,1782,2514,1683,2369,2548,2628,620,2535,2483,2492

test suite37
bestAPFD:0.950556
bestSuite:2617,1841,1582,1564,2460,2528,2064,1494,2325,2483,27,2507

test suite38
bestAPFD:0.950000
bestSuite:77,2383,2450,2461,2503,2406,2551,1524,1069,2326,2585,1584

test suite39
bestAPFD:0.946667
bestSuite:2037,2580,2460,2628,1661,2503,2396,1997,2524,2413,1963,2480

test suite40
bestAPFD:0.956190
bestSuite:2616,2515,1402,2471,2461,2463,2553,1715,189,1145,901,1298,2388,2584

test suite41
bestAPFD:0.951667
bestSuite:119,2477,2473,1514,2462,2456,408,1065,1544,1281,2617,2507

test suite42
bestAPFD:0.946061
bestSuite:1929,2461,2433,1631,2473,2497,2455,82,2642,2138,2377

test suite43
bestAPFD:0.940667
bestSuite:2616,1806,1565,2489,2461,2553,1387,2425,2586,2481

test suite44
bestAPFD:0.946061
bestSuite:2002,1557,1666,2514,2384,2497,2453,2606,1422,2399,2481

test suite45
bestAPFD:0.941333
bestSuite:1944,1557,1843,1666,2463,2525,102,2164,2447,2475

test suite46
bestAPFD:0.948333
bestSuite:2306,1569,1843,1546,2537,2522,2534,1562,291,1754,2585,2510

test suite47
bestAPFD:0.946061
bestSuite:645,2460,1810,2482,2450,1568,1405,26,2366,1579,2578

test suite48
bestAPFD:0.951111
bestSuite:215,2477,2514,2450,2397,2486,2459,1111,1487,2236,1934,2388

test suite49
bestAPFD:0.941333
bestSuite:118,2467,1797,1530,1569,2553,246,1286,2377,2589

test suite50
bestAPFD:0.940000
bestSuite:2616,1817,1565,2463,2471,1569,2550,1584,2324,2589

test suite51
bestAPFD:0.946111
bestSuite:5,2375,2385,1569,2478,2486,2551,52,1935,2594,1248,1579

test suite52
bestAPFD:0.948333
bestSuite:1971,1843,2502,1536,2514,2545,287,596,1678,1991,2584,2510

test suite53
bestAPFD:0.950000
bestSuite:1352,2460,2464,1800,1566,2544,261,761,2251,2582,2409,2507

test suite54
bestAPFD:0.942424
bestSuite:1367,1565,1769,1569,2466,2455,206,2012,2479,2581,2589

test suite55
bestAPFD:0.946667
bestSuite:2618,2461,1806,2500,2473,2453,111,1376,859,1584,2496

test suite56
bestAPFD:0.947222
bestSuite:711,1797,2385,2489,2502,2457,278,2649,1243,2570,2404,2474

test suite57
bestAPFD:0.938667
bestSuite:126,2516,2497,1582,2513,2476,2549,2236,1985,2377

test suite58
bestAPFD:0.951111
bestSuite:1,1819,1568,2482,1611,1569,1404,2096,2194,1944,2535,1579

test suite59
bestAPFD:0.946061
bestSuite:1689,1586,2460,1797,1661,2478,1403,1563,972,2399,2475

test suite60
bestAPFD:0.942424
bestSuite:1130,2384,2500,2463,2498,2452,37,732,708,2399,2507

test suite61
bestAPFD:0.944242
bestSuite:126,1546,1852,2471,2478,2397,2523,814,1508,2468,1563

test suite62
bestAPFD:0.941212
bestSuite:2442,2434,1558,1568,2497,2397,2455,25,1766,720,2510

test suite63
bestAPFD:0.934815
bestSuite:617,2465,1573,2473,1797,2550,871,2480,1934

test suite64
bestAPFD:0.946667
bestSuite:677,1564,2511,1853,1569,2548,236,268,2437,2583,2480

test suite65
bestAPFD:0.943636
bestSuite:986,2476,1851,1616,2498,2458,269,1814,934,1959,1584

test suite66
bestAPFD:0.943636
bestSuite:2190,2504,2462,1616,2531,2459,134,969,2474,2468,2388

test suite67
bestAPFD:0.939333
bestSuite:1185,1586,1651,2537,2471,2498,2549,96,2626,2377

test suite68
bestAPFD:0.938000
bestSuite:923,1576,1769,1522,2531,2502,2548,2113,2444,2518

test suite69
bestAPFD:0.957949
bestSuite:1559,1557,2540,2605,2552,502,492,2252,2000,1803,2388,2644,2503

test suite70
bestAPFD:0.938000
bestSuite:2589,2466,1571,2392,2397,2452,110,1579,932,2411

test suite71
bestAPFD:0.946061
bestSuite:2426,2464,1616,2431,2498,2482,2521,44,2620,1562,2257

test suite72
bestAPFD:0.942000
bestSuite:2622,2487,2389,1571,2461,1403,979,1004,279,2509

test suite73
bestAPFD:0.942778
bestSuite:2579,2465,159,1947,1957,1680,2463,2402,2483,2524,211,2480

test suite74
bestAPFD:0.951111
bestSuite:651,1564,1577,2574,2498,2523,133,1562,933,649,2640,2589

test suite75
bestAPFD:0.938000
bestSuite:2157,2511,2498,2433,2389,2527,2628,2649,2160,2496

test suite76
bestAPFD:0.940667
bestSuite:2617,2380,1581,2513,1568,2453,469,1112,160,2475

test suite77
bestAPFD:0.935333
bestSuite:1375,2498,2432,1401,2463,2447,2552,2633,1579,2496

test suite78
bestAPFD:0.950000
bestSuite:1109,1582,2434,2462,2389,2522,25,2399,773,628,2589,1579

test suite79
bestAPFD:0.935556
bestSuite:58,2486,1580,1574,2462,2455,443,1926,2475

test suite80
bestAPFD:0.941333
bestSuite:1091,2460,1536,2376,2486,2544,2636,1293,1360,1584

test suite81
bestAPFD:0.946061
bestSuite:902,2460,1682,2412,2396,2476,2550,173,2328,2446,2475

test suite82
bestAPFD:0.938667
bestSuite:14,1816,1581,2514,2498,860,2527,1380,2481,2644

test suite83
bestAPFD:0.952222
bestSuite:1559,2498,2406,2476,17,2458,115,633,1716,2159,2430,2404

test suite84
bestAPFD:0.929630
bestSuite:2328,2380,1631,2540,1569,2459,123,2581,2496

test suite85
bestAPFD:0.951282
bestSuite:1385,2397,2435,1554,2503,2389,2553,2638,1444,1962,1506,2643,2509

test suite86
bestAPFD:0.950556
bestSuite:68,2379,1660,2461,2537,2524,2499,735,1702,2447,2409,2518

test suite87
bestAPFD:0.950556
bestSuite:2426,1570,2506,2389,2503,1530,2524,144,32,2099,2578,2480

test suite88
bestAPFD:0.943636
bestSuite:2128,1794,2514,1542,2498,2458,98,1563,1201,2582,2509

test suite89
bestAPFD:0.940000
bestSuite:635,2467,2460,1778,1666,2455,2606,1032,2586,2492

test suite90
bestAPFD:0.940667
bestSuite:11,1769,1530,2489,1569,2453,1907,880,1567,2589

test suite91
bestAPFD:0.940667
bestSuite:124,1851,1661,2461,2463,2548,2009,2626,2474,1567

test suite92
bestAPFD:0.946667
bestSuite:2296,2461,1862,2488,2478,1403,183,38,1908,2507,2583

test suite93
bestAPFD:0.950556
bestSuite:260,2500,2392,1569,2478,2550,342,338,1267,1190,2640,2492

test suite94
bestAPFD:0.942424
bestSuite:788,1560,2500,2397,2476,2553,2543,1563,346,2582,2496

test suite95
bestAPFD:0.947222
bestSuite:1305,2381,1574,2502,2473,2545,261,2649,1668,1940,1906,2475

test suite96
bestAPFD:0.946061
bestSuite:2616,2433,1558,2473,2465,2526,1757,1943,2582,2589,2518

test suite97
bestAPFD:0.931852
bestSuite:79,2400,2373,2503,2463,1557,2549,2620,1567

test suite98
bestAPFD:0.942000
bestSuite:165,2380,2460,1568,1680,2547,1153,2404,2444,2480

test suite99
bestAPFD:0.954444
bestSuite:1559,2465,2466,75,2546,1085,1153,2599,1865,1934,2471,2483

test suite100
bestAPFD:0.933333
bestSuite:2263,1570,2464,1832,1682,2458,160,2481,2468

test suite101
bestAPFD:0.941333
bestSuite:139,2461,2497,1531,2476,1403,243,2642,2241,2409

test suite102
bestAPFD:0.950556
bestSuite:186,2385,1780,2389,2502,2546,1476,910,2181,2586,1567,2474

test suite103
bestAPFD:0.940000
bestSuite:1979,1582,1570,2381,1680,2503,2489,1405,2620,2409

test suite104
bestAPFD:0.942000
bestSuite:86,2435,2513,2537,1573,2522,2159,2404,2442,2518

test suite105
bestAPFD:0.949091
bestSuite:1559,2406,2513,238,2547,2031,928,2398,2377,2443,2503

test suite106
bestAPFD:0.955385
bestSuite:18,1819,2540,1557,1575,2455,1858,1164,1447,2154,2582,2474,1584

test suite107
bestAPFD:0.931111
bestSuite:2442,2498,1843,1611,2473,1403,240,2003,2475

test suite108
bestAPFD:0.934074
bestSuite:224,1661,2501,2460,2406,2521,2227,2518,2399

test suite109
bestAPFD:0.950556
bestSuite:2617,1841,1583,2369,2406,2545,1337,1835,788,286,2388,2589

test suite110
bestAPFD:0.936667
bestSuite:972,1557,42,1560,1571,2503,2540,2399,2528,2510

test suite111
bestAPFD:0.941333
bestSuite:2138,2464,1841,1531,2498,2544,232,2468,2589,2492

test suite112
bestAPFD:0.931111
bestSuite:2291,2466,2485,1536,2513,2524,208,2411,2510

test suite113
bestAPFD:0.954872
bestSuite:2440,2460,2451,2416,2537,2520,2635,2170,1939,2340,2216,1584,2475

test suite114
bestAPFD:0.950556
bestSuite:2620,1570,2506,2400,2540,2497,1404,1058,196,649,37,1584

test suite115
bestAPFD:0.936667
bestSuite:2275,2471,2511,2396,2502,2458,206,672,2446,2479

test suite116
bestAPFD:0.940667
bestSuite:2629,1661,1841,2369,1568,2522,1610,2639,1584,2507

test suite117
bestAPFD:0.953333
bestSuite:2445,2465,2537,2506,1666,2476,2553,2615,1562,2470,1451,2299,1290

test suite118
bestAPFD:0.953846
bestSuite:171,2513,1564,1834,1581,2503,2452,573,2388,2387,1346,1266,2578

test suite119
bestAPFD:0.936667
bestSuite:1384,2488,1808,1569,2486,2452,160,962,2443,1579

test suite120
bestAPFD:0.928667
bestSuite:53,4,2649,2516,2502,1554,1568,2471,2528,2496

test suite121
bestAPFD:0.941333
bestSuite:218,2400,2537,2486,1857,1557,2551,2240,2586,1584

test suite122
bestAPFD:0.947273
bestSuite:58,1841,2461,1565,2473,2547,1108,1873,1934,2377,2480

test suite123
bestAPFD:0.946061
bestSuite:91,1536,1781,2514,2369,2453,1159,743,2046,2481,2649

test suite124
bestAPFD:0.946667
bestSuite:31,2477,2369,2466,1651,2482,2456,518,1435,2440,2509

test suite125
bestAPFD:0.936667
bestSuite:2040,2493,1616,2466,2513,2527,80,2446,2589,2480

test suite126
bestAPFD:0.942424
bestSuite:701,2508,1851,2537,2513,2544,203,1135,1720,2481,2644

test suite127
bestAPFD:0.950000
bestSuite:1226,1561,1531,2473,2462,2456,1529,1980,680,2579,2404,2518

test suite128
bestAPFD:0.942000
bestSuite:126,2376,2513,1546,2463,2550,2174,2252,2445,2496

test suite129
bestAPFD:0.950256
bestSuite:1277,1830,1583,2540,2462,2486,2528,147,173,1562,1437,1690,2587

test suite130
bestAPFD:0.944242
bestSuite:201,1817,1402,2482,2476,2498,2521,2269,1162,2388,1985

test suite131
bestAPFD:0.934815
bestSuite:1304,1557,1660,2372,2540,2452,2624,2496,2413

test suite132
bestAPFD:0.946667
bestSuite:2588,1570,2494,1651,2540,2525,2534,2282,1724,1584,2509

test suite133
bestAPFD:0.936667
bestSuite:2642,2403,2495,2461,2514,1403,80,1878,2404,2509

test suite134
bestAPFD:0.951111
bestSuite:662,2460,1820,2473,2511,2523,202,2387,957,1453,2442,2480

test suite135
bestAPFD:0.951282
bestSuite:1238,2485,1651,2513,2463,2524,274,213,436,954,2483,2446,2480

test suite136
bestAPFD:0.946061
bestSuite:1199,2467,1574,2412,2498,2497,2458,72,2642,1366,2377

test suite137
bestAPFD:0.926667
bestSuite:2283,2465,2511,2436,2486,2545,164,1563

test suite138
bestAPFD:0.940667
bestSuite:253,2384,2511,2460,1564,2526,1386,1562,2650,2475

test suite139
bestAPFD:0.950000
bestSuite:674,1564,1557,2519,2400,2452,24,569,2189,2100,2581,2475

test suite140
bestAPFD:0.950556
bestSuite:107,2416,1575,2467,1557,2521,464,952,2336,1023,2650,2492

test suite141
bestAPFD:0.946061
bestSuite:239,1554,1810,2460,1564,2553,684,2359,2632,2589,2496

test suite142
bestAPFD:0.944000
bestSuite:1559,2478,1569,2607,1405,1012,2621,1834,2589,2509

test suite143
bestAPFD:0.950556
bestSuite:36,2482,2385,1564,1569,2520,2212,2330,1325,2159,1584,2586

test suite144
bestAPFD:0.944848
bestSuite:1301,2467,1570,2400,2376,2503,2546,133,2133,2581,2388

test suite145
bestAPFD:0.940667
bestSuite:239,2380,1530,1564,2397,2551,2325,2409,1934,2518

test suite146
bestAPFD:0.941333
bestSuite:635,1586,1564,1663,2513,2456,1563,1753,2509,1934

test suite147
bestAPFD:0.946667
bestSuite:923,2460,1573,2395,2537,2546,130,1370,2643,2589,2483

test suite148
bestAPFD:0.954872
bestSuite:1176,2461,2385,1832,2476,1403,240,1563,572,39,321,1209,2441

test suite149
bestAPFD:0.934074
bestSuite:36,1820,1682,2406,1570,2457,861,2617,2510

test suite150
bestAPFD:0.940606
bestSuite:2583,2478,2383,2471,2403,2397,2527,1365,272,129,2507

test suite151
bestAPFD:0.953846
bestSuite:179,2382,2503,1569,2448,2540,2523,1049,1140,1413,2212,2496,2579

test suite152
bestAPFD:0.941212
bestSuite:1036,2467,175,1840,1651,1569,755,2581,1404,2377,2480

test suite153
bestAPFD:0.951111
bestSuite:2440,1576,2465,2403,2466,2522,72,1200,961,1283,2483,2480

test suite154
bestAPFD:0.934815
bestSuite:2441,1557,2516,1514,2389,2547,283,2483,2474

test suite155
bestAPFD:0.950556
bestSuite:2617,1573,1769,2460,2466,2457,808,1710,923,172,1567,2518

test suite156
bestAPFD:0.943636
bestSuite:2298,1569,1577,1830,2489,2550,202,930,889,2581,2492

test suite157
bestAPFD:0.945455
bestSuite:287,2498,1862,1577,2473,793,2548,2626,391,2333,2518

test suite158
bestAPFD:0.934815
bestSuite:2586,2464,2487,1542,2502,2521,211,203,2509

test suite159
bestAPFD:0.951111
bestSuite:724,2461,1818,2466,1578,2551,147,2474,2247,2206,2507,2411

test suite160
bestAPFD:0.947273
bestSuite:296,1560,2540,1581,2513,2526,2151,777,1071,2620,2480

test suite161
bestAPFD:0.947222
bestSuite:711,1573,2394,2397,2473,2457,2624,983,2302,1657,2481,2582

test suite162
bestAPFD:0.933333
bestSuite:2447,2502,335,1806,2500,2540,2452,2603,2481,1717

test suite163
bestAPFD:0.946061
bestSuite:116,2410,1661,2498,2467,2545,989,445,1191,2632,2507

test suite164
bestAPFD:0.936667
bestSuite:944,1824,2403,2513,2406,1404,195,2587,2483,2518

test suite165
bestAPFD:0.934815
bestSuite:2587,1576,2462,2511,2389,2524,1013,932,2475

test suite166
bestAPFD:0.933333
bestSuite:2583,1557,2375,1682,2463,53,2455,284,2510

test suite167
bestAPFD:0.935556
bestSuite:253,2486,1793,1569,2449,2457,1868,885,2507

test suite168
bestAPFD:0.951282
bestSuite:83,1865,1666,1569,2540,2453,275,1493,381,1890,771,2510,2582

test suite169
bestAPFD:0.940667
bestSuite:84,2512,1680,2489,2461,2459,1892,1584,2413,2589

test suite170
bestAPFD:0.946061
bestSuite:924,2460,1595,1778,2482,2406,2548,205,1562,972,2444

test suite171
bestAPFD:0.927500
bestSuite:296,1568,1782,1402,2397,2525,2441,2475

test suite172
bestAPFD:0.946061
bestSuite:77,2477,1663,2369,2463,2456,601,1520,1727,2444,2481

test suite173
bestAPFD:0.936667
bestSuite:2618,2448,1832,1568,2462,2552,275,856,2404,2481

test suite174
bestAPFD:0.948333
bestSuite:177,2478,2462,2516,2482,1406,1940,2546,2411,1721,979,2377

test suite175
bestAPFD:0.934074
bestSuite:2617,2414,1663,2397,2467,2522,1122,181,2509

test suite176
bestAPFD:0.928000
bestSuite:217,2465,2486,172,1803,1660,576,2458,2530,2475

test suite177
bestAPFD:0.946061
bestSuite:2440,1570,2519,2406,2500,2482,2457,148,347,2557,2483

test suite178
bestAPFD:0.942424
bestSuite:2106,1644,2375,2513,1568,2457,227,1562,2343,2492,2411

test suite179
bestAPFD:0.938000
bestSuite:783,2502,1401,1800,2486,2521,250,1455,2411,2518

test suite180
bestAPFD:0.941212
bestSuite:1699,2408,2400,2396,2397,2497,2553,156,244,2588,2510

test suite181
bestAPFD:0.942424
bestSuite:729,2465,279,2482,1406,2478,2401,2640,2546,2200,2507

test suite182
bestAPFD:0.946667
bestSuite:1306,2465,2393,1644,1568,2544,243,1562,898,2581,2480

test suite183
bestAPFD:0.942424
bestSuite:2222,1849,1401,2513,2463,2527,35,683,2646,2443,2481

test suite184
bestAPFD:0.942000
bestSuite:2600,1573,1568,1825,2465,2528,867,1563,2632,2509

test suite185
bestAPFD:0.940667
bestSuite:137,1862,1578,2489,2462,2458,2171,2377,2642,2481

test suite186
bestAPFD:0.941333
bestSuite:2235,1570,2395,2537,1565,2528,148,2073,1934,2475

test suite187
bestAPFD:0.936667
bestSuite:913,1536,1850,2389,2502,2526,89,666,2445,2475

test suite188
bestAPFD:0.942000
bestSuite:121,2482,2531,2462,1670,2455,383,814,2447,2510

test suite189
bestAPFD:0.942424
bestSuite:702,2501,2500,2396,2513,2547,13,1768,2474,2584,1579

test suite190
bestAPFD:0.942424
bestSuite:1182,2531,2574,1578,2476,2498,1404,274,2413,1335,2409

test suite191
bestAPFD:0.946667
bestSuite:925,2460,2485,2486,1666,2546,2603,295,1173,2583,2496

test suite192
bestAPFD:0.951111
bestSuite:253,1514,2462,2391,2471,2389,2520,346,1120,2236,2483,2535

test suite193
bestAPFD:0.940667
bestSuite:2588,2465,2495,1571,2463,2503,2552,2534,860,1579

test suite194
bestAPFD:0.940667
bestSuite:1303,2460,1832,1575,2463,2503,2521,2611,2626,2404

test suite195
bestAPFD:0.950556
bestSuite:18,1857,1401,2513,2514,2454,2172,1416,563,953,2496,2588

test suite196
bestAPFD:0.934074
bestSuite:100,2376,1661,2461,1564,2452,1567,2507,2650

test suite197
bestAPFD:0.933333
bestSuite:2577,2464,1557,1406,2375,1405,183,2475,2643

test suite198
bestAPFD:0.942424
bestSuite:2124,1569,1824,2471,1663,1568,2553,238,1562,268,2643

test suite199
bestAPFD:0.934074
bestSuite:2617,2410,1578,2531,2397,2459,2348,2474,2483

test suite200
bestAPFD:0.946061
bestSuite:2629,1843,1530,1564,2498,2520,432,624,1382,2606,2510

test suite201
bestAPFD:0.928889
bestSuite:839,2580,2639,2488,2486,2502,2545,2579,2377

test suite202
bestAPFD:0.950000
bestSuite:2616,1809,1682,1564,2476,2462,2553,2313,513,2025,2582,1567

test suite203
bestAPFD:0.950556
bestSuite:1249,1561,2514,1514,2471,1569,2528,85,457,2048,2447,2483

test suite204
bestAPFD:0.945556
bestSuite:842,2436,294,1571,2396,2498,242,2447,2524,2377,901,2510

test suite205
bestAPFD:0.936667
bestSuite:2051,2505,1585,2369,2478,2455,25,1014,2411,2481

test suite206
bestAPFD:0.938000
bestSuite:1252,1851,2389,2397,2385,2524,2615,691,1934,2480

test suite207
bestAPFD:0.937576
bestSuite:172,2513,1726,2644,1666,2471,2396,1077,726,2549,1563

test suite208
bestAPFD:0.946667
bestSuite:58,2414,2389,2497,1402,2461,2522,517,1167,2447,2492

test suite209
bestAPFD:0.946667
bestSuite:2444,2464,1666,2408,2462,2553,2624,1079,950,2589,2481

test suite210
bestAPFD:0.934815
bestSuite:2048,1570,1554,2473,2410,2524,1897,2535,2475

test suite211
bestAPFD:0.945455
bestSuite:201,1781,1574,1564,2465,2476,2459,969,1201,2640,2479

test suite212
bestAPFD:0.938000
bestSuite:2285,1864,2478,2407,2513,2455,149,2479,2640,2509

test suite213
bestAPFD:0.946061
bestSuite:68,2430,1401,2467,2369,1404,554,1885,2554,2399,2496

test suite214
bestAPFD:0.936667
bestSuite:2589,2485,1670,2514,2513,2550,103,1708,1451,1584

test suite215
bestAPFD:0.940667
bestSuite:2622,2380,1578,2476,1557,2522,1847,919,123,2481

test suite216
bestAPFD:0.943636
bestSuite:2443,1827,2502,2540,1670,2553,178,1498,152,1960,2507

test suite217
bestAPFD:0.942424
bestSuite:1914,1864,1522,2489,2513,2544,2606,1164,2281,1934,2475

test suite218
bestAPFD:0.943636
bestSuite:2047,2450,2502,2514,1782,2459,73,1671,2468,2483,2507

test suite219
bestAPFD:0.946061
bestSuite:88,2430,1643,2478,1570,2452,949,902,2579,2474,2409

test suite220
bestAPFD:0.948333
bestSuite:953,2502,1661,1862,2486,2521,198,1464,2131,2103,2640,2507

test suite221
bestAPFD:0.939333
bestSuite:871,1576,1644,2397,2482,2531,2458,14,2413,2510

test suite222
bestAPFD:0.941333
bestSuite:2179,2464,1522,1818,2397,1403,2626,555,1584,2474

test suite223
bestAPFD:0.947222
bestSuite:2144,1565,1853,2397,2486,2526,57,583,758,1826,2584,2475

test suite224
bestAPFD:0.948889
bestSuite:155,1595,1576,2497,2466,1557,2452,1474,89,174,2447,2480

test suite225
bestAPFD:0.942424
bestSuite:2444,1811,2540,1558,2482,2498,2452,256,1704,327,2388

test suite226
bestAPFD:0.946667
bestSuite:2588,1576,2461,1564,1565,2525,2641,1562,942,765,2589

test suite227
bestAPFD:0.932667
bestSuite:1562,2393,1578,1557,2464,1960,37,2459,2413,2480

test suite228
bestAPFD:0.940000
bestSuite:1572,2473,2486,2498,2544,2234,1794,2511,2377

test suite229
bestAPFD:0.934667
bestSuite:1395,27,1616,2476,2378,2462,1411,1131,2458,1567

test suite230
bestAPFD:0.942424
bestSuite:2007,2485,1578,2476,2397,2525,2603,2620,2082,2474,1579

test suite231
bestAPFD:0.945455
bestSuite:2219,2467,1557,1571,2432,2553,2534,2626,2051,2409,2492

test suite232
bestAPFD:0.951111
bestSuite:107,1569,2433,2503,2448,2489,2549,553,1590,1037,2409,2443

test suite233
bestAPFD:0.946061
bestSuite:1151,2464,1631,1866,2369,2471,2550,208,1647,2643,2510

test suite234
bestAPFD:0.941212
bestSuite:1310,2516,1402,2369,2482,2531,2552,89,1562,727,2586

test suite235
bestAPFD:0.941212
bestSuite:997,2478,2601,1651,2516,2513,2153,2520,2388,2644,2481

test suite236
bestAPFD:0.941333
bestSuite:896,2460,2576,2511,2537,2454,156,2346,2581,2507

test suite237
bestAPFD:0.934815
bestSuite:1292,2461,2408,2478,1574,2453,2613,2509,2640

test suite238
bestAPFD:0.944848
bestSuite:1316,2464,1569,2412,2500,2503,1403,85,2409,2559,2447

test suite239
bestAPFD:0.945455
bestSuite:2622,2472,1522,2537,2497,2397,2524,2156,2129,2388,147

test suite240
bestAPFD:0.960889
bestSuite:70,1844,2389,1522,2486,2460,2549,353,511,325,850,2268,1165,2409,2618

test suite241
bestAPFD:0.948333
bestSuite:2445,2473,2412,2369,1644,2520,54,2475,1035,2030,1974,1241

test suite242
bestAPFD:0.946061
bestSuite:179,2414,1616,2463,1569,2553,341,1344,1450,2509,2644

test suite243
bestAPFD:0.942424
bestSuite:2217,1573,1817,2406,2369,1404,256,1125,937,2640,2481

test suite244
bestAPFD:0.941333
bestSuite:706,2465,2511,1827,2489,2526,21,1196,2510,2444

test suite245
bestAPFD:0.950556
bestSuite:977,1570,1769,1643,2503,2537,2527,19,1231,713,2444,2481

test suite246
bestAPFD:0.941333
bestSuite:1342,1570,1842,2511,2473,1404,150,1934,2409,2507

test suite247
bestAPFD:0.941333
bestSuite:2273,1557,2505,2489,1571,2521,123,849,2440,2480

test suite248
bestAPFD:0.938667
bestSuite:1153,2460,2407,64,225,1861,2478,2527,2411,2518

test suite249
bestAPFD:0.946111
bestSuite:2306,2371,2503,2473,1569,2449,2526,2606,916,2088,2443,2492

test suite250
bestAPFD:0.945455
bestSuite:1562,2369,1782,1583,2531,2025,2527,181,959,2632,2474

test suite251
bestAPFD:0.942000
bestSuite:58,2392,2460,2540,1406,1404,1257,932,2509,2447

test suite252
bestAPFD:0.940556
bestSuite:2028,486,1586,2411,2406,2451,2482,2369,2528,71,1563,807

test suite253
bestAPFD:0.950556
bestSuite:116,2385,1830,2461,2486,2528,1548,1089,2234,767,2632,2480

test suite254
bestAPFD:0.954359
bestSuite:2036,2460,2398,2500,2473,2471,2550,182,48,425,2131,2582,1579

test suite255
bestAPFD:0.954359
bestSuite:226,1864,1401,2498,2473,2520,1833,1219,2210,1026,1584,2579,2474

test suite256
bestAPFD:0.948333
bestSuite:1985,2398,1569,1643,2540,2544,2536,809,1483,1228,2479,2492

test suite257
bestAPFD:0.950769
bestSuite:1287,2460,1564,1401,2515,111,2497,503,2142,2545,1331,2644,2480

test suite258
bestAPFD:0.928148
bestSuite:1950,1778,1651,2537,2482,2513,2454,1563,2578

test suite259
bestAPFD:0.948333
bestSuite:1130,1776,2473,1643,1569,2457,114,1079,2356,2579,2404,2475

test suite260
bestAPFD:0.940000
bestSuite:2585,2464,1557,2472,2403,1403,1362,726,558,2475

test suite261
bestAPFD:0.950000
bestSuite:137,1536,1824,2396,2486,1557,2528,1398,1499,2128,2632,2483

test suite262
bestAPFD:0.947273
bestSuite:179,1824,1568,1660,2397,1403,1707,546,1584,1985,2589

test suite263
bestAPFD:0.941212
bestSuite:1218,2415,106,2537,1530,2369,2099,2452,2535,2045,2518

test suite264
bestAPFD:0.947222
bestSuite:2205,1514,2514,2394,1569,2482,2550,225,250,931,2441,2496

test suite265
bestAPFD:0.945455
bestSuite:2117,1570,1564,1832,1581,2457,44,568,483,2480,2643

test suite266
bestAPFD:0.950556
bestSuite:2608,2501,1571,2389,2513,2456,1093,1032,2245,1934,2404,2496

test suite267
bestAPFD:0.943636
bestSuite:1133,2393,2537,1531,2513,2523,2605,760,908,2510,2413

test suite268
bestAPFD:0.950556
bestSuite:154,2403,1866,2540,2397,1405,1232,341,1031,1381,2445,2492

test suite269
bestAPFD:0.951111
bestSuite:1891,1557,2378,2540,1683,2453,225,1838,2074,2388,2586,2475

test suite270
bestAPFD:0.933333
bestSuite:296,1558,1561,2498,2478,2471,2458,2620,2409

test suite271
bestAPFD:0.946061
bestSuite:2062,2460,2435,1631,2503,2514,2549,144,1052,2588,2483

test suite272
bestAPFD:0.940667
bestSuite:293,1616,2436,2514,2502,1404,1305,680,2441,2475

test suite273
bestAPFD:0.948333
bestSuite:1985,1865,2389,1578,2513,2454,46,1563,1539,337,2363,2518

test suite274
bestAPFD:0.951111
bestSuite:1917,2461,1661,2376,2514,2547,203,1599,2121,1904,2510,2587

test suite275
bestAPFD:0.942424
bestSuite:1892,1807,1566,2514,2498,2459,198,984,2640,2377,2510

test suite276
bestAPFD:0.940000
bestSuite:107,2576,1406,2389,2498,2503,2525,1077,2620,1567

test suite277
bestAPFD:0.940667
bestSuite:660,2467,1857,2503,1631,2397,1404,243,2518,2444

test suite278
bestAPFD:0.945000
bestSuite:1343,1801,2396,26,1670,2486,2369,1067,1405,1953,2421,2404

test suite279
bestAPFD:0.943636
bestSuite:2230,1569,2384,1571,2466,2527,62,485,2261,2518,2440

test suite280
bestAPFD:0.941212
bestSuite:854,1570,2478,65,1401,2494,1701,1968,2527,2632,2518

test suite281
bestAPFD:0.940667
bestSuite:215,2511,1560,2397,2514,2546,1225,1397,2632,2507

test suite282
bestAPFD:0.946667
bestSuite:16,1570,1807,2396,1666,2486,2525,1615,1067,1584,2581

test suite283
bestAPFD:0.934000
bestSuite:1127,2485,1530,2503,2540,2397,2523,289,2642,1562

test suite284
bestAPFD:0.947273
bestSuite:124,1853,2389,1643,2461,2523,1475,1209,1254,2442,2492

test suite285
bestAPFD:0.951111
bestSuite:2176,1564,2430,1536,2502,2526,2633,454,1442,2443,2589,1567

test suite286
bestAPFD:0.931111
bestSuite:1319,2396,1780,1565,2369,2523,151,2589,2483

test suite287
bestAPFD:0.950000
bestSuite:131,2498,1811,2486,1402,457,2454,2583,1551,801,888,2509

test suite288
bestAPFD:0.940667
bestSuite:1299,2467,2394,2503,1536,1569,2522,53,2586,2510

test suite289
bestAPFD:0.945455
bestSuite:2120,1582,2575,2396,1569,2550,2534,1872,2440,2479,2507

test suite290
bestAPFD:0.953810
bestSuite:1074,1531,1857,2462,2466,2471,2548,2628,2388,1673,1501,2627,852,2579

test suite291
bestAPFD:0.957619
bestSuite:1,2487,1581,1557,2478,2457,1716,2010,1191,2388,1170,2564,2481,2413

test suite292
bestAPFD:0.946667
bestSuite:105,2381,2467,2503,1566,2369,2458,1988,1950,2640,1567

test suite293
bestAPFD:0.946667
bestSuite:1149,1557,1825,1401,2406,2551,1792,2336,869,1934,2492

test suite294
bestAPFD:0.946111
bestSuite:1298,2494,1531,1568,2471,2498,2552,207,1074,2650,1705,2479

test suite295
bestAPFD:0.946667
bestSuite:764,1570,1682,2575,2478,2544,2626,1764,2618,2404,2507

test suite296
bestAPFD:0.941333
bestSuite:113,2467,1571,2415,1569,2457,274,2621,2507,2583

test suite297
bestAPFD:0.942000
bestSuite:79,2396,1554,2432,2502,1403,2190,2518,1081,2440

test suite298
bestAPFD:0.951111
bestSuite:674,2460,2375,1531,2489,2546,19,839,1931,2582,2404,2474

test suite299
bestAPFD:0.952308
bestSuite:1303,2463,1565,2501,2513,2527,114,2330,530,917,2443,2589,2496

test suite300
bestAPFD:0.946667
bestSuite:2064,1570,1571,2485,2473,2522,392,1741,822,2475,2586

test suite301
bestAPFD:0.929630
bestSuite:1105,1772,1542,2486,2498,2550,2613,2168,2475

test suite302
bestAPFD:0.951111
bestSuite:2608,2478,2371,2471,1651,1569,2524,609,2539,622,1579,2649

test suite303
bestAPFD:0.946667
bestSuite:1761,2460,1769,1554,2478,2452,1562,2649,2388,1493,2475

test suite304
bestAPFD:0.940667
bestSuite:257,2493,1558,1569,2486,1404,2170,908,2629,2483

test suite305
bestAPFD:0.942424
bestSuite:2618,2508,1830,2514,2397,2552,236,1563,1007,940,2492

test suite306
bestAPFD:0.943030
bestSuite:54,2476,2471,2450,2369,1282,2458,2640,851,33,1563

test suite307
bestAPFD:0.945455
bestSuite:253,2434,2400,2467,1570,2486,2521,959,1497,2620,2518

test suite308
bestAPFD:0.936667
bestSuite:2618,1581,2477,2489,2502,1404,208,1964,2404,2509

test suite309
bestAPFD:0.940667
bestSuite:119,1798,1602,1568,2460,2525,2238,2285,2481,2446

test suite310
bestAPFD:0.946061
bestSuite:1889,2461,2407,1798,2497,2478,2549,200,1020,2442,2483

test suite311
bestAPFD:0.934815
bestSuite:2589,1564,1581,2485,2369,2547,289,2557,2479

test suite312
bestAPFD:0.936364
bestSuite:1232,2434,102,1584,1616,2406,2462,1246,2643,2526,2474

test suite313
bestAPFD:0.946667
bestSuite:2182,1570,2517,2403,2473,2545,10,2649,822,2404,2518

test suite314
bestAPFD:0.940741
bestSuite:1572,2513,2486,2525,1321,269,2643,1406,2518

test suite315
bestAPFD:0.941333
bestSuite:1258,2467,1866,1683,2502,2453,282,1563,2413,2589

test suite316
bestAPFD:0.950000
bestSuite:2629,2416,1582,2369,2540,2503,2458,469,1175,422,2216,2404

test suite317
bestAPFD:0.929630
bestSuite:1689,1643,2393,1568,2498,2454,216,2626,2481

test suite318
bestAPFD:0.946667
bestSuite:2617,2498,2517,1568,1401,2471,2549,637,1127,2609,2507

test suite319
bestAPFD:0.934815
bestSuite:1242,2460,1842,2396,1661,2453,2640,2409,2475

test suite320
bestAPFD:0.942424
bestSuite:1699,1536,1832,2540,2513,2458,57,759,2474,2589,2518

test suite321
bestAPFD:0.946667
bestSuite:949,1570,1798,1631,2486,2552,172,934,1251,2468,2509

test suite322
bestAPFD:0.946667
bestSuite:2555,2464,2431,1661,1569,2549,190,714,1082,2445,2518

test suite323
bestAPFD:0.942424
bestSuite:1934,1660,1806,2513,2537,2549,64,2119,767,854,2509

test suite324
bestAPFD:0.941333
bestSuite:2360,1557,1663,2501,2486,2526,263,1563,1656,1545

test suite325
bestAPFD:0.935556
bestSuite:126,2540,2477,2450,1569,2548,2356,2445,2507

test suite326
bestAPFD:0.935556
bestSuite:8,1803,1568,1661,2513,2452,1330,2510,2441

test suite327
bestAPFD:0.953846
bestSuite:2596,1851,2451,2502,2503,2473,2453,2037,1024,1256,1453,2642,1563

test suite328
bestAPFD:0.946061
bestSuite:78,2436,2407,2465,2478,2522,1960,1021,2582,2388,2510

test suite329
bestAPFD:0.948333
bestSuite:1350,1834,2540,1569,1522,2552,53,322,1627,650,2618,2492

test suite330
bestAPFD:0.945128
bestSuite:1579,1574,2384,2369,2489,457,2524,227,2584,1795,1527,754,2475

test suite331
bestAPFD:0.936667
bestSuite:945,2393,1574,2478,2462,2550,211,1184,2480,2581

test suite332
bestAPFD:0.946061
bestSuite:1245,1564,1807,2482,2500,2498,2551,174,826,2388,2445

test suite333
bestAPFD:0.940667
bestSuite:105,1660,2368,2486,1570,2548,2121,937,2095,2492

test suite334
bestAPFD:0.940667
bestSuite:126,2504,1581,2473,2513,2452,893,2588,2200,2518

test suite335
bestAPFD:0.950000
bestSuite:2309,2464,2461,2503,1558,2547,10,1410,1556,1517,2447,2404

test suite336
bestAPFD:0.934815
bestSuite:844,2464,1825,2502,1578,2524,212,2643,2481

test suite337
bestAPFD:0.931111
bestSuite:2178,2486,1583,2487,2369,2525,129,367,2475

test suite338
bestAPFD:0.941333
bestSuite:677,2461,1808,1578,2463,1403,13,1326,2509,2586

test suite339
bestAPFD:0.946667
bestSuite:823,1570,1530,2375,2540,2522,2601,170,2388,2480,2535

test suite340
bestAPFD:0.930909
bestSuite:2636,1195,2626,2479,2408,2471,2466,1531,1569,2523,2429

test suite341
bestAPFD:0.942000
bestSuite:293,2497,2513,1406,1568,2546,1182,2118,2579,2388

test suite342
bestAPFD:0.939333
bestSuite:1570,204,2374,2488,2503,2548,2389,203,2632,2480

test suite343
bestAPFD:0.938000
bestSuite:2468,1849,2489,1660,1569,2454,193,817,1833,2496

test suite344
bestAPFD:0.935333
bestSuite:1991,1569,2489,2415,2385,2503,2458,2541,2578,2388

test suite345
bestAPFD:0.932667
bestSuite:2579,2465,1726,1769,2473,1522,2636,2551,2404,2518

test suite346
bestAPFD:0.940667
bestSuite:105,2493,1582,1568,1557,1404,770,221,2510,2444

test suite347
bestAPFD:0.935333
bestSuite:2145,1820,1581,2389,2476,1569,2520,21,43,2481

test suite348
bestAPFD:0.944848
bestSuite:1699,1570,2537,1840,2471,1660,2457,2641,755,2440,2479

test suite349
bestAPFD:0.936667
bestSuite:2442,1670,1780,1569,2478,1403,274,2130,2054,2492

test suite350
bestAPFD:0.942424
bestSuite:604,2514,1663,1832,2462,2486,2457,197,1563,1091,2481

test suite351
bestAPFD:0.955385
bestSuite:88,2397,2580,2488,1568,2547,307,1541,1376,938,1563,2518,2411

test suite352
bestAPFD:0.935556
bestSuite:58,2460,2516,1581,2473,2527,2272,2649,2480

test suite353
bestAPFD:0.946667
bestSuite:848,377,2649,1778,2482,2451,2537,2369,2546,225,2606,367,1684,2388

test suite354
bestAPFD:0.951667
bestSuite:91,2463,1402,2495,2369,2548,1517,1279,92,895,2586,2509

test suite355
bestAPFD:0.942000
bestSuite:180,2497,2465,1402,2540,2456,1805,872,2644,2409

test suite356
bestAPFD:0.946667
bestSuite:878,2461,2395,1574,2406,2526,76,1562,2427,2581,2507

test suite357
bestAPFD:0.942000
bestSuite:2622,2467,2434,1616,1569,1404,1077,1343,970,2518

test suite358
bestAPFD:0.940667
bestSuite:66,2435,1611,2461,1564,2545,164,2622,2483,2475

test suite359
bestAPFD:0.948889
bestSuite:34,2448,1794,2503,2531,2397,2456,465,1671,1012,2413,2518

test suite360
bestAPFD:0.943636
bestSuite:1999,2540,1683,2410,2502,1403,250,1471,1343,2584,2518

test suite361
bestAPFD:0.950000
bestSuite:1945,2461,2467,2477,1585,1403,2635,2233,1482,2535,2404,2492

test suite362
bestAPFD:0.946061
bestSuite:84,1566,1794,2476,2369,2547,1155,1297,1434,2446,2377

test suite363
bestAPFD:0.948889
bestSuite:84,1530,2391,2497,1568,2498,2453,441,99,1185,2445,2409

test suite364
bestAPFD:0.951111
bestSuite:1891,2465,2493,1577,2463,2524,251,1728,1593,2643,2377,2492

test suite365
bestAPFD:0.940667
bestSuite:58,2488,2495,2463,2513,2459,518,1748,2496,2443

test suite366
bestAPFD:0.945455
bestSuite:79,2385,2432,2406,2498,2482,2452,901,622,2399,1584

test suite367
bestAPFD:0.940667
bestSuite:56,1663,2501,1570,2396,2453,217,2585,2589,1562

test suite368
bestAPFD:0.934074
bestSuite:239,1825,1401,2465,1564,2452,1520,2650,2481

test suite369
bestAPFD:0.934074
bestSuite:180,1571,1810,2463,2498,2528,2474,2632,1563

test suite370
bestAPFD:0.951667
bestSuite:2647,2431,2406,2513,1661,2553,531,992,1886,1584,2492,2632

test suite371
bestAPFD:0.946061
bestSuite:31,1824,2385,2466,1570,2546,2583,1280,2314,2409,2509

test suite372
bestAPFD:0.925833
bestSuite:104,1772,2450,2476,2502,1403,900,2409

test suite373
bestAPFD:0.938667
bestSuite:2622,2501,1682,2482,2537,2502,2553,71,1999,2409

test suite374
bestAPFD:0.949444
bestSuite:986,2467,2462,2379,2471,2488,2525,146,1036,1437,2518,2578

test suite375
bestAPFD:0.951282
bestSuite:1341,1536,2369,1778,2497,2537,2546,24,1664,480,860,2388,2443

test suite376
bestAPFD:0.936667
bestSuite:962,2575,1660,2396,2397,2452,150,2446,2388,2589

test suite377
bestAPFD:0.955385
bestSuite:86,2515,2462,2449,2514,2547,1423,1856,2085,2252,2622,2409,2589

test suite378
bestAPFD:0.940000
bestSuite:791,2464,2465,2430,1514,2544,248,2535,2483,2496

test suite379
bestAPFD:0.941333
bestSuite:1011,2460,1663,2368,1568,2524,37,217,2481,2446

test suite380
bestAPFD:0.940000
bestSuite:1190,1816,1631,181,2513,2531,2068,1740,1405,2535,2510

test suite381
bestAPFD:0.922500
bestSuite:880,1809,2476,1670,2502,2545,144,1563

test suite382
bestAPFD:0.951111
bestSuite:2468,1557,1825,1571,2406,2546,273,939,2268,1027,2474,2509

test suite383
bestAPFD:0.947222
bestSuite:1254,1806,2463,2385,2482,2369,2551,277,1881,1988,2404,1985

test suite384
bestAPFD:0.946111
bestSuite:2445,1536,2412,2389,2471,2462,2552,273,208,776,1898,2377

test suite385
bestAPFD:0.940667
bestSuite:2128,1586,1570,2489,2482,1585,2453,175,2644,2479

test suite386
bestAPFD:0.943636
bestSuite:1242,2466,2512,1536,2369,2552,129,1562,929,2411,2589

test suite387
bestAPFD:0.945455
bestSuite:2622,1840,2503,2502,2478,1522,1404,2092,2095,46,2480

test suite388
bestAPFD:0.934000
bestSuite:955,1682,1827,2503,2514,2502,2453,1563,754,2445

test suite389
bestAPFD:0.946667
bestSuite:2446,2464,2494,1546,2502,2456,173,14,1029,2429,2507

test suite390
bestAPFD:0.930000
bestSuite:2090,2369,1798,2450,2489,1325,2546,1563,2535,2481

test suite391
bestAPFD:0.940667
bestSuite:2230,1570,1843,2540,2471,1566,2550,169,2626,2479

test suite392
bestAPFD:0.954872
bestSuite:1223,1564,2410,1595,2397,1403,294,535,1116,511,730,2481,1985

test suite393
bestAPFD:0.951667
bestSuite:88,2490,2498,1577,2396,1405,1227,1389,1106,1108,2642,2496

test suite394
bestAPFD:0.946061
bestSuite:121,2374,2407,2513,2537,2544,1679,1371,2275,2411,2518

test suite395
bestAPFD:0.941333
bestSuite:947,2460,1683,2392,2478,2547,6,2642,2270,2518

test suite396
bestAPFD:0.945455
bestSuite:252,2451,2487,2396,2482,2498,1404,1005,626,1985,2507

test suite397
bestAPFD:0.946667
bestSuite:1572,2466,2498,2520,652,2188,1579,2587,1406,2481

test suite398
bestAPFD:0.946061
bestSuite:17,1810,1643,2537,2461,2452,832,735,2642,2479,2475

test suite399
bestAPFD:0.955385
bestSuite:2617,2498,2432,1683,2389,2523,991,2025,2273,872,162,2377,2509

test suite400
bestAPFD:0.925926
bestSuite:209,2513,1181,2476,2494,1583,1403,2024,2492

test suite401
bestAPFD:0.950556
bestSuite:2444,2461,2393,1565,2463,2482,2550,225,1955,1901,912,2404

test suite402
bestAPFD:0.942424
bestSuite:1280,1651,2478,1810,2482,2397,1403,2639,2046,2618,2404

test suite403
bestAPFD:0.943636
bestSuite:2440,1530,2537,2408,1569,2553,82,301,94,2479,2481

test suite404
bestAPFD:0.940667
bestSuite:11,2500,2380,1557,2396,2525,2272,2440,1584,2509

test suite405
bestAPFD:0.951667
bestSuite:1,2489,2410,1651,2462,2453,2350,2267,2005,2445,1584,2492

test suite406
bestAPFD:0.942000
bestSuite:296,2471,2465,1585,2467,2526,1973,1491,1563,2620

test suite407
bestAPFD:0.943636
bestSuite:2214,2393,2463,1401,2462,2521,130,798,2178,1934,2509

test suite408
bestAPFD:0.940667
bestSuite:1976,2461,2500,2505,2463,2486,1404,85,1562,1881

test suite409
bestAPFD:0.950000
bestSuite:2343,1570,2478,2575,1542,2550,2631,1293,1196,600,2518,2442

test suite410
bestAPFD:0.936667
bestSuite:1201,2430,1581,2540,2462,2544,2636,1922,2440,2480

test suite411
bestAPFD:0.947273
bestSuite:1,1800,2531,1595,1557,2521,1747,2028,2577,2510,2440

test suite412
bestAPFD:0.935758
bestSuite:668,2461,112,2368,2579,1616,2396,1049,2547,2479,2509

test suite413
bestAPFD:0.941333
bestSuite:104,1810,1557,2482,1568,1651,2528,1222,2444,1579

test suite414
bestAPFD:0.941333
bestSuite:70,2488,2531,2382,1569,2476,2552,36,2650,2404

test suite415
bestAPFD:0.946061
bestSuite:2007,2467,1806,2403,2471,2397,2458,207,1951,2479,2586

test suite416
bestAPFD:0.951667
bestSuite:171,1824,2396,1522,2369,2520,1652,2112,2122,2388,1985,2475

test suite417
bestAPFD:0.950556
bestSuite:180,1800,1531,2473,2513,2521,505,1107,796,1348,2589,1562

test suite418
bestAPFD:0.946667
bestSuite:66,2505,2513,2489,2449,2482,2459,428,1627,2442,1562

test suite419
bestAPFD:0.941333
bestSuite:1172,2461,1558,1801,2514,2526,2613,1985,2479,2518

test suite420
bestAPFD:0.940667
bestSuite:124,2504,1530,1568,2397,2545,1064,1081,2480,2441

test suite421
bestAPFD:0.950556
bestSuite:2620,2513,1841,1564,2488,2476,2456,1078,2628,60,2166,2377

test suite422
bestAPFD:0.954444
bestSuite:1559,1570,2406,144,1404,421,1607,1310,1801,2643,2503,1584

test suite423
bestAPFD:0.946061
bestSuite:1971,1570,2495,1683,2463,2497,2553,117,1175,2411,2377

test suite424
bestAPFD:0.940667
bestSuite:16,1824,1536,2498,2406,2553,1926,1292,2413,2510

test suite425
bestAPFD:0.943636
bestSuite:2444,1803,1568,1682,2462,2523,2530,987,1901,1567,2492

test suite426
bestAPFD:0.930000
bestSuite:2578,2498,1108,548,2574,1406,2486,140,2525,2481

test suite427
bestAPFD:0.942424
bestSuite:2227,2433,2407,2397,2514,2453,282,1415,515,2618,2507

test suite428
bestAPFD:0.940667
bestSuite:2617,1800,1666,1564,1569,2523,819,205,2589,2496

test suite429
bestAPFD:0.941333
bestSuite:2157,2465,2504,2488,1568,2455,200,2646,2509,2399

test suite430
bestAPFD:0.946061
bestSuite:2442,1557,1852,2473,1577,2503,2458,193,837,995,2510

test suite431
bestAPFD:0.938000
bestSuite:2343,2505,2531,2498,1578,2544,97,2626,779,2507

test suite432
bestAPFD:0.942424
bestSuite:2586,1631,1862,2489,1569,2522,106,1289,1890,890,2475

test suite433
bestAPFD:0.946667
bestSuite:1763,1557,1798,2488,2476,2526,57,2261,542,2583,2507

test suite434
bestAPFD:0.943636
bestSuite:1934,1406,2369,2415,2540,2544,147,199,1426,943,2509

test suite435
bestAPFD:0.950556
bestSuite:86,1565,2412,2537,2461,1405,1454,1318,2301,2377,2443,2507

test suite436
bestAPFD:0.941212
bestSuite:1226,2433,1571,2396,2462,2503,2457,238,1270,2413,2481

test suite437
bestAPFD:0.948333
bestSuite:2442,1683,2513,2372,2476,2550,62,2093,826,1290,2474,2518

test suite438
bestAPFD:0.950000
bestSuite:1013,2498,2486,1808,1566,2531,2215,363,2340,2521,2633,2535,1900,2409

test suite439
bestAPFD:0.938000
bestSuite:2589,2487,2502,2451,2537,2545,223,1165,379,2492

test suite440
bestAPFD:0.942424
bestSuite:2225,1611,2504,2462,2537,2546,2604,1534,1433,2535,2475

test suite441
bestAPFD:0.951282
bestSuite:1748,1586,1570,1574,1564,1563,307,2181,1903,2584,2520,1336,2481

test suite442
bestAPFD:0.931111
bestSuite:655,2519,2463,1574,2369,2526,200,2445,2496

test suite443
bestAPFD:0.934815
bestSuite:1254,1564,2431,1680,2397,2521,1224,2443,2480

test suite444
bestAPFD:0.946061
bestSuite:224,2373,1558,2461,1568,2453,1318,1267,862,2442,2481

test suite445
bestAPFD:0.940000
bestSuite:257,2495,1573,2502,2471,2531,2455,1986,2441,2404

test suite446
bestAPFD:0.934815
bestSuite:2586,1557,2503,1660,2476,2521,755,1420,2483

test suite447
bestAPFD:0.935556
bestSuite:8,2508,2466,2477,2461,2458,2015,2496,1934

test suite448
bestAPFD:0.949444
bestSuite:1964,1570,2406,2381,1574,2471,2459,85,408,291,2447,1567

test suite449
bestAPFD:0.938000
bestSuite:692,1816,2498,1663,1568,2457,207,2618,745,2509

test suite450
bestAPFD:0.934815
bestSuite:880,2464,1585,2434,2462,2546,35,2649,2510

test suite451
bestAPFD:0.946667
bestSuite:2444,1582,2396,2384,2369,2455,131,528,648,1286,2475

test suite452
bestAPFD:0.940667
bestSuite:101,2382,1402,2460,2464,2549,1176,1563,2618,2510

test suite453
bestAPFD:0.934815
bestSuite:1321,1570,2416,1583,2476,2453,294,2642,2496

test suite454
bestAPFD:0.934815
bestSuite:237,2465,1850,2476,1554,2553,251,2082,2475

test suite455
bestAPFD:0.948889
bestSuite:293,2403,2414,2497,2406,2460,2552,1947,1997,2328,1584,2442

test suite456
bestAPFD:0.945000
bestSuite:903,2410,1546,2503,2498,2540,2456,20,1899,2071,2443,2510

test suite457
bestAPFD:0.936667
bestSuite:2335,1663,2472,2406,2498,2524,289,885,2650,2475

test suite458
bestAPFD:0.941333
bestSuite:2445,1564,2512,1402,2502,2525,277,2419,2417,2509

test suite459
bestAPFD:0.942000
bestSuite:8,2371,1569,1663,2486,2458,898,2286,2479,2413

test suite460
bestAPFD:0.940000
bestSuite:2647,2461,2467,1776,1536,2482,2458,2285,1985,1567

test suite461
bestAPFD:0.951111
bestSuite:1570,1800,1666,2487,2457,157,29,273,2479,2644,2489,2507

test suite462
bestAPFD:0.945455
bestSuite:2629,2408,1651,1557,2503,1568,2522,392,1367,2534,2404

test suite463
bestAPFD:0.934074
bestSuite:58,2414,1401,2396,2465,2545,1367,2481,2589

test suite464
bestAPFD:0.929630
bestSuite:2023,2381,1661,2476,2502,2526,2620,2269,2404

test suite465
bestAPFD:0.935556
bestSuite:101,2473,2374,2385,2461,2544,2142,2442,2509

test suite466
bestAPFD:0.934815
bestSuite:2084,2465,2482,2389,1666,2551,1271,2388,2445

test suite467
bestAPFD:0.934074
bestSuite:171,1663,1861,2489,2513,2455,2642,2474,2518

test suite468
bestAPFD:0.929630
bestSuite:1114,2403,2575,2531,2369,2545,6,2441,2475

test suite469
bestAPFD:0.933333
bestSuite:2263,2467,1570,1832,1401,2552,1931,2496,2581

test suite470
bestAPFD:0.936667
bestSuite:980,1781,2403,2540,2513,2547,146,2583,2388,2518

test suite471
bestAPFD:0.951111
bestSuite:619,2461,2392,2451,2389,2520,19,2626,481,189,2246,2496

test suite472
bestAPFD:0.942424
bestSuite:2190,2472,1611,2513,2478,2520,140,2377,1095,2399,2475

test suite473
bestAPFD:0.940000
bestSuite:1341,1800,2503,1666,2478,2369,2524,284,1533,2581,2510

test suite474
bestAPFD:0.946061
bestSuite:928,2464,1844,2498,1670,2471,2522,148,1493,1985,1584

test suite475
bestAPFD:0.940000
bestSuite:783,1582,2431,2502,2537,2523,2641,1480,2581,2481

test suite476
bestAPFD:0.938000
bestSuite:900,2396,1798,1683,2502,2552,19,1879,2411,2492

test suite477
bestAPFD:0.948889
bestSuite:70,1663,1818,2497,2460,2478,2553,1108,741,966,2617,2492

test suite478
bestAPFD:0.946667
bestSuite:2062,2461,2382,2540,2400,2526,14,2223,2445,2479,2589

test suite479
bestAPFD:0.946667
bestSuite:1572,2462,2537,1403,169,1363,2508,2579,2483,2497

test suite480
bestAPFD:0.938667
bestSuite:215,2378,1585,2503,2462,2396,2528,821,2640,2377

test suite481
bestAPFD:0.934074
bestSuite:252,1778,1582,2467,2502,2550,2586,2388,2509

test suite482
bestAPFD:0.946667
bestSuite:1395,2460,2467,227,2410,1663,1040,2524,2579,1724,2483,2507

test suite483
bestAPFD:0.941333
bestSuite:2597,2493,2397,1631,2471,2467,2453,840,2588,1584

test suite484
bestAPFD:0.950000
bestSuite:1932,2464,1557,1843,2508,2454,96,1050,109,2258,2582,2509

test suite485
bestAPFD:0.934000
bestSuite:1309,2380,1406,2482,2513,2540,2544,236,2377,2413

test suite486
bestAPFD:0.946667
bestSuite:2355,1564,2402,2500,2369,2548,164,1289,2588,1567,2518

test suite487
bestAPFD:0.938000
bestSuite:2589,2402,2397,2389,1577,2544,209,2366,1264,2483

test suite488
bestAPFD:0.945455
bestSuite:2622,2394,2471,2513,2451,1564,2549,197,1492,890,2481

test suite489
bestAPFD:0.946061
bestSuite:1358,2465,1522,2435,2406,2497,2553,7,1478,1985,2377

test suite490
bestAPFD:0.940667
bestSuite:1102,1570,2506,2473,2503,1663,2522,193,2649,2409

test suite491
bestAPFD:0.944848
bestSuite:836,1557,2478,1793,1531,2471,2453,120,1382,2443,2409

test suite492
bestAPFD:0.935333
bestSuite:1135,1817,2606,1595,2540,2498,1043,2523,2510,2643

test suite493
bestAPFD:0.946667
bestSuite:1934,2465,1542,2371,2396,2525,131,1010,780,594,2510

test suite494
bestAPFD:0.950000
bestSuite:2589,2465,2537,1864,1616,2544,65,2605,1951,770,2578,1579

test suite495
bestAPFD:0.933333
bestSuite:2441,2464,2461,2372,2449,2552,2613,601,2510

test suite496
bestAPFD:0.950556
bestSuite:56,2508,2505,2369,2514,2550,1418,591,882,2366,2626,2518

test suite497
bestAPFD:0.946667
bestSuite:2622,2369,1536,2415,1564,2482,2548,1906,1220,164,2404

test suite498
bestAPFD:0.948333
bestSuite:197,2513,2486,1585,1865,2489,2001,2520,2582,1600,1992,2404

test suite499
bestAPFD:0.947222
bestSuite:850,2407,2466,274,1841,2369,1563,1492,2524,2413,2492,1259

test suite500
bestAPFD:0.947222
bestSuite:1918,1850,2385,2537,2502,2521,87,395,1679,1729,2644,2496

