test suite1
bestAPFD:0.948485
bestSuite:86,2467,1820,2523,2388,1178,2476,1546,151,2475,2460

test suite2
bestAPFD:0.942667
bestSuite:2589,2467,2371,2550,163,2509,2502,2511,488,101

test suite3
bestAPFD:0.952222
bestSuite:2585,2464,2410,2546,2481,1567,2132,1224,287,1643,1569,1324

test suite4
bestAPFD:0.959048
bestSuite:1913,2460,2407,2454,1851,1564,271,2330,1562,1708,1779,2497,2581,37

test suite5
bestAPFD:0.946061
bestSuite:2444,1772,2389,2524,97,2403,2492,728,489,2462,2182

test suite6
bestAPFD:0.942000
bestSuite:1562,2461,1536,2527,203,2574,2464,263,2510,2399

test suite7
bestAPFD:0.943333
bestSuite:2600,1825,2478,2453,1099,2403,2650,2480,1570,1122

test suite8
bestAPFD:0.947879
bestSuite:980,1564,2434,1404,1565,2388,2582,2513,2497,2604,1162

test suite9
bestAPFD:0.950556
bestSuite:2218,2396,2488,25,2526,2505,1002,2593,2409,2411,2471,1569

test suite10
bestAPFD:0.950000
bestSuite:1712,2489,258,2471,2548,2502,2077,2444,1852,1567,1662,1660

test suite11
bestAPFD:0.937037
bestSuite:2617,2467,1866,2457,2481,2301,1120,2449,2462

test suite12
bestAPFD:0.948485
bestSuite:296,2503,2531,2551,187,1857,1578,2513,2377,1495,2413

test suite13
bestAPFD:0.954762
bestSuite:2569,1798,2486,112,2526,2481,1661,2535,2513,1567,1947,467,804,2035

test suite14
bestAPFD:0.946061
bestSuite:1242,2513,1574,297,2551,2473,876,2480,2435,2643,1043

test suite15
bestAPFD:0.954359
bestSuite:1917,2502,2430,2545,148,670,416,1437,1631,2411,1564,1567,2475

test suite16
bestAPFD:0.942667
bestSuite:945,2465,1861,2544,2399,2388,1573,2476,288,1066

test suite17
bestAPFD:0.945455
bestSuite:2238,1581,53,2498,2455,1543,2496,1208,2382,2476,2468

test suite18
bestAPFD:0.956190
bestSuite:1320,2407,2502,37,1849,2527,1567,857,2579,2540,1723,423,2497,2437

test suite19
bestAPFD:0.934000
bestSuite:23,2381,2462,2447,2550,37,2001,2481,2540,1406

test suite20
bestAPFD:0.944242
bestSuite:97,2465,1038,2497,2458,2489,1565,1288,2373,2509,2644

test suite21
bestAPFD:0.948485
bestSuite:56,2460,1402,2528,2586,2475,1830,1188,2540,689,816

test suite22
bestAPFD:0.959524
bestSuite:2629,1570,1514,2526,2010,2478,2053,505,2574,1345,2401,2475,98,2156

test suite23
bestAPFD:0.948485
bestSuite:186,1772,2514,2547,2468,1073,2507,766,1611,2404,1569

test suite24
bestAPFD:0.947879
bestSuite:2144,2461,1585,2547,2518,2476,1640,1901,453,2501,282

test suite25
bestAPFD:0.955238
bestSuite:46,2397,1406,527,2409,2579,2466,1924,2525,2510,507,1817,2288,1175

test suite26
bestAPFD:0.948485
bestSuite:2617,1557,1560,2526,2481,2474,2613,1651,208,2489,702

test suite27
bestAPFD:0.937037
bestSuite:100,2431,2498,2454,1914,2489,2518,1574,2588

test suite28
bestAPFD:0.947879
bestSuite:2468,2460,2382,1403,1579,2476,1565,100,2497,2250,1345

test suite29
bestAPFD:0.947879
bestSuite:2585,2464,2512,2548,2475,1274,2513,250,1660,2202,2056

test suite30
bestAPFD:0.952778
bestSuite:107,1683,2531,2457,2474,2337,2462,2242,1567,1834,2618,1414

test suite31
bestAPFD:0.948485
bestSuite:2622,1564,2435,2527,2496,1749,688,2462,1124,1585,224

test suite32
bestAPFD:0.937037
bestSuite:180,2486,2376,2459,1536,1963,2507,2498,2629

test suite33
bestAPFD:0.945333
bestSuite:1559,2462,44,2520,2101,2579,2475,2389,1807,2275

test suite34
bestAPFD:0.943333
bestSuite:56,2485,2537,1403,1571,946,2440,897,2481,2369

test suite35
bestAPFD:0.957619
bestSuite:2444,1569,2448,2545,182,1567,424,2126,649,600,1844,2475,1027,2514

test suite36
bestAPFD:0.945455
bestSuite:620,1683,2548,2369,2628,833,2492,2483,2535,1782,2514

test suite37
bestAPFD:0.952778
bestSuite:2617,1564,1582,2528,2460,2064,27,1494,1841,2507,2325,2483

test suite38
bestAPFD:0.952778
bestSuite:77,2461,2383,2551,2450,2585,1069,2503,1524,1584,2326,2406

test suite39
bestAPFD:0.948889
bestSuite:2037,2460,2580,2524,1997,2480,2628,1963,1661,2396,2503,2413

test suite40
bestAPFD:0.959524
bestSuite:2616,2515,2463,2553,189,2388,901,1402,1298,2584,1145,1715,2461,2471

test suite41
bestAPFD:0.952778
bestSuite:2617,1514,2473,2456,2462,2507,1544,1281,2477,1065,408,119

test suite42
bestAPFD:0.947879
bestSuite:2138,2461,2433,2455,2497,2473,1929,82,1631,2377,2642

test suite43
bestAPFD:0.943333
bestSuite:2616,1565,2489,2553,2586,2425,2461,2481,1387,1806

test suite44
bestAPFD:0.947879
bestSuite:2002,1557,1666,2453,1422,2514,2606,2399,2481,2497,2384

test suite45
bestAPFD:0.942000
bestSuite:1944,1666,1557,2525,102,2475,2463,1843,2447,2164

test suite46
bestAPFD:0.950556
bestSuite:2585,1843,2537,2522,1562,1754,1546,2510,1569,291,2306,2534

test suite47
bestAPFD:0.947879
bestSuite:645,2460,2450,1405,1810,26,2578,1568,1579,2366,2482

test suite48
bestAPFD:0.952778
bestSuite:215,2450,2486,2459,1934,2236,2514,2388,2397,1111,1487,2477

test suite49
bestAPFD:0.942667
bestSuite:2589,2467,1797,2553,1569,2377,1286,118,1530,246

test suite50
bestAPFD:0.943333
bestSuite:2616,2471,2463,2550,2324,1569,2589,1584,1817,1565

test suite51
bestAPFD:0.951667
bestSuite:52,2478,2385,2551,1579,2375,1248,2594,2486,1935,1569,5

test suite52
bestAPFD:0.948333
bestSuite:1971,1536,2584,2502,2545,287,1991,1678,596,1843,2514,2510

test suite53
bestAPFD:0.952222
bestSuite:1352,2460,1800,2544,2464,761,261,1566,2251,2409,2582,2507

test suite54
bestAPFD:0.946061
bestSuite:2589,1569,1769,206,2455,1367,2466,2479,1565,2581,2012

test suite55
bestAPFD:0.947879
bestSuite:2618,2461,1806,2453,2496,2500,2473,1584,111,859,1376

test suite56
bestAPFD:0.950000
bestSuite:711,2385,2502,2457,2489,278,2570,2404,1797,2474,2649,1243

test suite57
bestAPFD:0.943333
bestSuite:126,2497,2476,2549,1582,2236,2377,2513,2516,1985

test suite58
bestAPFD:0.952778
bestSuite:1,1611,1569,1404,1944,1819,2194,2482,1579,2535,1568,2096

test suite59
bestAPFD:0.947273
bestSuite:1689,2460,1403,1661,2399,1797,2478,972,1563,1586,2475

test suite60
bestAPFD:0.946061
bestSuite:1130,2500,2463,2452,37,2399,732,2384,2507,2498,708

test suite61
bestAPFD:0.948485
bestSuite:126,2478,1546,2523,1563,2471,2397,1852,2468,1508,814

test suite62
bestAPFD:0.946061
bestSuite:2442,2434,1568,2455,25,2497,1558,2510,1766,2397,720

test suite63
bestAPFD:0.936296
bestSuite:871,2465,1797,2550,617,1934,1573,2480,2473

test suite64
bestAPFD:0.947879
bestSuite:677,1564,2511,2548,1853,1569,236,2437,2583,2480,268

test suite65
bestAPFD:0.946061
bestSuite:986,2498,1616,2458,269,1851,1814,2476,1584,1959,934

test suite66
bestAPFD:0.946061
bestSuite:2468,1616,2462,2459,134,2474,969,2531,2504,2190,2388

test suite67
bestAPFD:0.942667
bestSuite:1185,1586,2537,2549,2626,2471,2498,96,1651,2377

test suite68
bestAPFD:0.942000
bestSuite:923,2531,1576,2548,2113,1522,1769,2502,2444,2518

test suite69
bestAPFD:0.958974
bestSuite:1559,1557,2552,2252,2605,2540,492,2644,2000,502,2388,2503,1803

test suite70
bestAPFD:0.940667
bestSuite:2589,2397,2392,2452,110,932,2411,1571,1579,2466

test suite71
bestAPFD:0.947879
bestSuite:2620,2498,2431,2521,2426,2464,2257,1562,2482,1616,44

test suite72
bestAPFD:0.943333
bestSuite:2622,2461,1571,1403,2509,979,2389,2487,279,1004

test suite73
bestAPFD:0.948889
bestSuite:159,2465,1680,2524,2463,211,2483,1947,1957,2480,2579,2402

test suite74
bestAPFD:0.950556
bestSuite:933,2574,1564,2523,2640,2498,649,1562,1577,2589,133,651

test suite75
bestAPFD:0.940000
bestSuite:2157,2511,2628,2498,2527,2649,2160,2433,2389,2496

test suite76
bestAPFD:0.943333
bestSuite:2617,2513,1581,2453,1568,160,2475,2380,1112,469

test suite77
bestAPFD:0.939333
bestSuite:1375,2498,1401,2552,2633,2496,1579,2463,2432,2447

test suite78
bestAPFD:0.952222
bestSuite:1109,1582,2389,2522,25,773,2399,628,2589,2462,2434,1579

test suite79
bestAPFD:0.937037
bestSuite:58,2486,1580,2455,1574,1926,443,2475,2462

test suite80
bestAPFD:0.942667
bestSuite:1091,2460,1536,2544,2636,2486,1360,1293,1584,2376

test suite81
bestAPFD:0.946061
bestSuite:2328,2396,1682,173,2550,2446,902,2475,2476,2460,2412

test suite82
bestAPFD:0.942000
bestSuite:14,1816,2498,2527,1380,2514,860,2644,1581,2481

test suite83
bestAPFD:0.954444
bestSuite:1559,2498,2458,17,2404,2476,1716,2159,633,2430,2406,115

test suite84
bestAPFD:0.933333
bestSuite:2328,2380,123,2540,2459,2581,2496,1569,1631

test suite85
bestAPFD:0.953846
bestSuite:1385,1554,2638,2397,2553,2503,2643,1506,2389,2509,1962,1444,2435

test suite86
bestAPFD:0.952778
bestSuite:68,1660,2461,2524,2379,2518,2537,2447,2409,735,1702,2499

test suite87
bestAPFD:0.951667
bestSuite:2426,1570,2524,2503,2099,2578,1530,144,2389,32,2506,2480

test suite88
bestAPFD:0.945455
bestSuite:2128,1794,98,2514,2458,1201,2582,1542,2509,1563,2498

test suite89
bestAPFD:0.942667
bestSuite:635,2460,1666,2455,2492,2586,1778,2467,2606,1032

test suite90
bestAPFD:0.943333
bestSuite:11,2489,1530,2453,1569,1567,880,1769,2589,1907

test suite91
bestAPFD:0.942667
bestSuite:124,1851,2548,2463,2626,2474,1567,2461,1661,2009

test suite92
bestAPFD:0.947879
bestSuite:1908,2461,1862,1403,2296,2507,38,2583,2488,183,2478

test suite93
bestAPFD:0.952778
bestSuite:260,1569,2392,2550,2492,2478,2640,1190,1267,2500,342,338

test suite94
bestAPFD:0.946061
bestSuite:788,2397,1560,1563,2553,2500,2543,2476,2582,346,2496

test suite95
bestAPFD:0.950000
bestSuite:1305,2381,2545,2502,2649,1940,1906,2473,1574,261,2475,1668

test suite96
bestAPFD:0.948485
bestSuite:2616,2465,1558,2526,2582,2518,2473,1943,1757,2433,2589

test suite97
bestAPFD:0.936296
bestSuite:2620,1557,2400,2549,2463,1567,79,2373,2503

test suite98
bestAPFD:0.942667
bestSuite:2444,2460,1680,2547,2480,165,2404,2380,1568,1153

test suite99
bestAPFD:0.955556
bestSuite:1559,2465,2546,2483,2471,1865,2466,1934,75,2599,1153,1085

test suite100
bestAPFD:0.936296
bestSuite:1570,1832,2458,2263,2481,2468,1682,160,2464

test suite101
bestAPFD:0.942667
bestSuite:139,2461,1531,1403,2497,2241,2642,243,2476,2409

test suite102
bestAPFD:0.952778
bestSuite:186,1780,2502,2546,1476,1567,2181,2586,2474,2385,2389,910

test suite103
bestAPFD:0.942667
bestSuite:1979,1570,1680,1405,1582,2381,2489,2620,2503,2409

test suite104
bestAPFD:0.943333
bestSuite:86,2537,1573,2522,2518,2513,2442,2159,2435,2404

test suite105
bestAPFD:0.949697
bestSuite:1559,238,2406,2547,2398,2503,928,2513,2031,2443,2377

test suite106
bestAPFD:0.956410
bestSuite:18,1575,2540,2455,2154,1557,1584,1819,1164,1858,2582,2474,1447

test suite107
bestAPFD:0.934074
bestSuite:240,1843,2498,1403,2473,2475,2442,2003,1611

test suite108
bestAPFD:0.937037
bestSuite:224,2501,2406,2521,2399,2460,1661,2518,2227

test suite109
bestAPFD:0.952778
bestSuite:2617,2369,1583,2545,788,2406,286,2388,1841,1835,1337,2589

test suite110
bestAPFD:0.941333
bestSuite:972,1557,1571,2528,2540,2510,2503,42,2399,1560

test suite111
bestAPFD:0.942667
bestSuite:2468,2464,1531,2544,232,2138,2498,2589,2492,1841

test suite112
bestAPFD:0.933333
bestSuite:2291,2466,208,1536,2524,2513,2485,2411,2510

test suite113
bestAPFD:0.955897
bestSuite:2440,2460,2416,2520,2537,2340,1584,2216,2635,2451,2475,1939,2170

test suite114
bestAPFD:0.952222
bestSuite:2620,1570,2506,1404,2400,2497,1058,196,2540,649,1584,37

test suite115
bestAPFD:0.940667
bestSuite:2275,2396,2511,2458,206,2471,2479,2502,672,2446

test suite116
bestAPFD:0.943333
bestSuite:2629,1568,1841,2522,2639,2369,2507,1584,1610,1661

test suite117
bestAPFD:0.955385
bestSuite:2615,2537,2506,2553,1451,2299,1666,2470,1290,2476,1562,2445,2465

test suite118
bestAPFD:0.956410
bestSuite:171,2513,1581,2452,2503,1834,2578,1564,2388,1266,1346,2387,573

test suite119
bestAPFD:0.940667
bestSuite:1384,2488,2486,2452,160,1579,1808,2443,962,1569

test suite120
bestAPFD:0.934667
bestSuite:53,2649,2471,2502,2528,2516,1554,4,2496,1568

test suite121
bestAPFD:0.943333
bestSuite:218,2486,1857,2551,1557,1584,2586,2400,2537,2240

test suite122
bestAPFD:0.948485
bestSuite:58,1565,2473,2547,2377,2480,1934,1873,1841,2461,1108

test suite123
bestAPFD:0.948485
bestSuite:91,1536,2369,2453,1159,1781,2649,743,2514,2481,2046

test suite124
bestAPFD:0.948485
bestSuite:31,2369,1651,2456,2466,2509,2477,1435,518,2482,2440

test suite125
bestAPFD:0.940667
bestSuite:2040,2513,1616,80,2527,2493,2446,2589,2466,2480

test suite126
bestAPFD:0.946061
bestSuite:701,1851,2513,203,2544,1720,2508,1135,2481,2644,2537

test suite127
bestAPFD:0.951667
bestSuite:1226,2462,1561,2456,2473,2518,1980,1529,2404,1531,2579,680

test suite128
bestAPFD:0.943333
bestSuite:126,2463,1546,2550,2445,2513,2174,2252,2376,2496

test suite129
bestAPFD:0.953846
bestSuite:2587,2462,1562,1583,2528,173,1690,2540,1830,1277,147,1437,2486

test suite130
bestAPFD:0.948485
bestSuite:201,2476,1817,2521,1985,1402,2388,1162,2482,2269,2498

test suite131
bestAPFD:0.936296
bestSuite:1304,1557,1660,2452,2496,2372,2540,2413,2624

test suite132
bestAPFD:0.947879
bestSuite:2588,1570,1651,2525,1724,2282,2534,2540,2509,1584,2494

test suite133
bestAPFD:0.940667
bestSuite:2642,2495,2514,80,1403,2509,2403,2461,2404,1878

test suite134
bestAPFD:0.952222
bestSuite:2442,2460,2511,2523,1453,2480,957,202,662,2473,1820,2387

test suite135
bestAPFD:0.953333
bestSuite:2446,2524,2463,2485,274,1651,1238,436,2483,2513,213,2480,954

test suite136
bestAPFD:0.947273
bestSuite:2642,2497,2498,2458,1574,1199,1366,2377,2412,2467,72

test suite137
bestAPFD:0.928333
bestSuite:2283,2465,2511,2545,2486,2436,164,1563

test suite138
bestAPFD:0.942667
bestSuite:1386,1564,2384,2526,253,2460,2511,2475,1562,2650

test suite139
bestAPFD:0.951667
bestSuite:24,1557,2400,2452,1564,674,2581,569,2100,2519,2475,2189

test suite140
bestAPFD:0.952778
bestSuite:107,2416,2467,2521,464,1557,2492,1023,2650,952,1575,2336

test suite141
bestAPFD:0.948485
bestSuite:239,1554,1564,2553,2589,2359,2496,2632,2460,684,1810

test suite142
bestAPFD:0.945333
bestSuite:1559,2478,1405,2607,1012,2589,1834,1569,2509,2621

test suite143
bestAPFD:0.952778
bestSuite:36,2482,1564,2520,1569,2586,1584,2159,2212,2330,1325,2385

test suite144
bestAPFD:0.947879
bestSuite:1301,2467,2400,2546,2388,2581,2503,1570,2133,2376,133

test suite145
bestAPFD:0.943333
bestSuite:239,2397,2380,2551,2518,1530,1934,1564,2325,2409

test suite146
bestAPFD:0.942667
bestSuite:635,1586,2513,2456,1753,1564,1663,1563,2509,1934

test suite147
bestAPFD:0.947879
bestSuite:2589,2460,1573,2546,2395,1370,2483,2643,130,923,2537

test suite148
bestAPFD:0.955897
bestSuite:2441,2461,1832,1403,2385,1563,2476,240,1176,1209,39,321,572

test suite149
bestAPFD:0.937037
bestSuite:2617,1682,1570,2457,2510,2406,861,1820,36

test suite150
bestAPFD:0.945455
bestSuite:2583,2478,2403,129,2527,2383,2507,272,1365,2471,2397

test suite151
bestAPFD:0.956410
bestSuite:179,1569,2503,2523,2212,2496,2540,1413,2579,1140,2382,2448,1049

test suite152
bestAPFD:0.942424
bestSuite:1036,755,2467,1840,1404,1569,2581,2377,175,2480,1651

test suite153
bestAPFD:0.952222
bestSuite:2440,2465,2403,2522,2480,2466,1576,1200,1283,72,2483,961

test suite154
bestAPFD:0.933333
bestSuite:2441,2516,2389,2547,2474,1557,2483,1514,283

test suite155
bestAPFD:0.952222
bestSuite:923,2460,1573,2457,1710,172,2617,1769,808,2518,1567,2466

test suite156
bestAPFD:0.945455
bestSuite:2298,1577,2489,2550,2581,202,889,1569,930,2492,1830

test suite157
bestAPFD:0.947273
bestSuite:287,2498,1862,2548,2473,2626,2518,2333,1577,793,391

test suite158
bestAPFD:0.936296
bestSuite:2586,2464,1542,2521,211,2509,2502,2487,203

test suite159
bestAPFD:0.952222
bestSuite:724,2461,1818,2551,2507,2466,147,2474,1578,2247,2411,2206

test suite160
bestAPFD:0.948485
bestSuite:296,1560,2540,2526,2513,2620,2480,777,1071,1581,2151

test suite161
bestAPFD:0.950000
bestSuite:711,1573,2624,2473,2457,1657,2394,2397,983,2582,2302,2481

test suite162
bestAPFD:0.939333
bestSuite:2603,2502,2500,2452,2447,1806,335,1717,2540,2481

test suite163
bestAPFD:0.948485
bestSuite:116,2410,2467,2545,1661,445,2498,989,1191,2632,2507

test suite164
bestAPFD:0.940667
bestSuite:944,2403,2513,195,1404,2406,2587,2518,2483,1824

test suite165
bestAPFD:0.936296
bestSuite:2587,1576,2462,2524,932,2511,2475,2389,1013

test suite166
bestAPFD:0.934815
bestSuite:2583,1557,2375,284,2455,2463,53,2510,1682

test suite167
bestAPFD:0.937037
bestSuite:253,1793,2486,2457,2449,885,1868,2507,1569

test suite168
bestAPFD:0.954359
bestSuite:771,1666,1569,2453,275,2582,2540,1890,2510,1865,83,1493,381

test suite169
bestAPFD:0.943333
bestSuite:84,2461,1680,2459,2512,1584,2413,1892,2589,2489

test suite170
bestAPFD:0.947879
bestSuite:2444,2460,1595,2548,924,205,1778,1562,2482,2406,972

test suite171
bestAPFD:0.929167
bestSuite:296,1402,1568,2525,2397,2441,1782,2475

test suite172
bestAPFD:0.947879
bestSuite:77,2463,2456,2477,1663,1727,2369,2481,2444,1520,601

test suite173
bestAPFD:0.940667
bestSuite:2618,2448,1568,2552,275,2462,1832,2481,2404,856

test suite174
bestAPFD:0.951667
bestSuite:177,2478,2482,2546,1940,2377,2411,1721,1406,2516,2462,979

test suite175
bestAPFD:0.937037
bestSuite:2617,2414,2467,2522,1122,2397,2509,181,1663

test suite176
bestAPFD:0.931333
bestSuite:172,2465,1660,576,2530,217,2486,1803,2475,2458

test suite177
bestAPFD:0.947879
bestSuite:2440,1570,2519,2457,2557,347,2500,2406,148,2482,2483

test suite178
bestAPFD:0.947273
bestSuite:1562,1568,1644,2457,2411,2106,2375,227,2513,2492,2343

test suite179
bestAPFD:0.940000
bestSuite:783,2502,1800,2521,2411,250,2518,2486,1455,1401

test suite180
bestAPFD:0.945455
bestSuite:2588,2497,2397,2553,2396,156,2400,244,2408,1699,2510

test suite181
bestAPFD:0.944848
bestSuite:729,2482,2465,2546,279,2478,2200,2507,1406,2640,2401

test suite182
bestAPFD:0.947879
bestSuite:1306,2465,1644,2544,2581,1562,2480,1568,2393,243,898

test suite183
bestAPFD:0.946061
bestSuite:2443,2463,1849,35,2527,1401,2513,683,2481,2646,2222

test suite184
bestAPFD:0.943333
bestSuite:2600,1825,1568,2528,2632,1563,2465,1573,2509,867

test suite185
bestAPFD:0.943333
bestSuite:137,2462,1862,2458,2481,2489,2377,2642,2171,1578

test suite186
bestAPFD:0.942667
bestSuite:1570,1565,2528,2475,2537,2073,2395,1934,148,2235

test suite187
bestAPFD:0.940667
bestSuite:2445,1850,2389,2526,89,2502,666,913,2475,1536

test suite188
bestAPFD:0.943333
bestSuite:121,2482,2462,2455,1670,814,2447,2510,383,2531

test suite189
bestAPFD:0.946061
bestSuite:702,2501,2396,13,2547,2513,1579,2474,2584,2500,1768

test suite190
bestAPFD:0.946061
bestSuite:1182,2531,2574,274,1404,2409,2413,2476,2498,1578,1335

test suite191
bestAPFD:0.947879
bestSuite:925,2460,1666,2546,295,2486,2485,2603,1173,2583,2496

test suite192
bestAPFD:0.952778
bestSuite:253,1514,2462,2520,2236,2391,2483,2389,2471,346,1120,2535

test suite193
bestAPFD:0.942667
bestSuite:2588,2465,2503,2552,860,2534,1579,2495,1571,2463

test suite194
bestAPFD:0.942667
bestSuite:1303,2460,1575,2521,1832,2404,2611,2463,2626,2503

test suite195
bestAPFD:0.952778
bestSuite:18,1401,2514,2454,1416,2513,563,953,2172,2496,2588,1857

test suite196
bestAPFD:0.937037
bestSuite:100,1661,1564,2452,1567,2376,2461,2507,2650

test suite197
bestAPFD:0.935556
bestSuite:2577,2464,1405,1406,2643,183,2375,2475,1557

test suite198
bestAPFD:0.947273
bestSuite:1562,1568,1663,2553,1569,1824,2471,2643,2124,268,238

test suite199
bestAPFD:0.937037
bestSuite:2617,2410,2531,2459,1578,2397,2348,2483,2474

test suite200
bestAPFD:0.947273
bestSuite:1382,1564,1530,2510,2520,432,2498,2606,1843,2629,624

test suite201
bestAPFD:0.931111
bestSuite:2579,2502,2580,2639,2545,2377,2488,2486,839

test suite202
bestAPFD:0.952778
bestSuite:2616,1809,2476,2553,2313,1682,2582,2025,2462,1567,513,1564

test suite203
bestAPFD:0.952222
bestSuite:1249,1561,1569,2528,2471,2048,2514,457,1514,2447,85,2483

test suite204
bestAPFD:0.948889
bestSuite:842,2436,2396,294,2447,2524,1571,901,2498,242,2377,2510

test suite205
bestAPFD:0.940000
bestSuite:2051,2505,2455,2369,25,1014,2478,2481,2411,1585

test suite206
bestAPFD:0.942000
bestSuite:2615,1851,2389,2524,2480,2397,2385,1252,1934,691

test suite207
bestAPFD:0.943030
bestSuite:172,2513,2471,2644,2549,726,1666,1077,1726,2396,1563

test suite208
bestAPFD:0.948485
bestSuite:58,2461,2497,2522,2414,2492,2447,1402,2389,1167,517

test suite209
bestAPFD:0.947879
bestSuite:2444,2464,1666,2553,2589,2481,2462,1079,2624,2408,950

test suite210
bestAPFD:0.936296
bestSuite:1897,1570,2410,2524,1554,2048,2475,2535,2473

test suite211
bestAPFD:0.948485
bestSuite:201,2476,1574,2459,2640,2479,1781,2465,1564,969,1201

test suite212
bestAPFD:0.940667
bestSuite:2285,2407,2478,2455,149,2640,2509,2513,2479,1864

test suite213
bestAPFD:0.948485
bestSuite:68,2369,1401,1404,2554,2430,2467,1885,2496,554,2399

test suite214
bestAPFD:0.942000
bestSuite:103,2513,2485,2550,1708,1584,2514,1451,2589,1670

test suite215
bestAPFD:0.943333
bestSuite:2622,1578,1557,2522,2380,919,2476,1847,2481,123

test suite216
bestAPFD:0.947273
bestSuite:178,2502,1827,2553,152,2507,1670,1960,1498,2540,2443

test suite217
bestAPFD:0.946061
bestSuite:1934,2513,1522,2606,2544,1164,1864,2281,2489,1914,2475

test suite218
bestAPFD:0.944848
bestSuite:2047,2459,2502,1782,73,2450,1671,2514,2468,2507,2483

test suite219
bestAPFD:0.948485
bestSuite:88,2430,1570,2452,2579,2474,1643,2478,902,949,2409

test suite220
bestAPFD:0.950556
bestSuite:953,2502,1661,2521,198,2507,1464,2131,2486,2640,2103,1862

test suite221
bestAPFD:0.942667
bestSuite:871,1576,2397,2458,2531,2510,2413,1644,2482,14

test suite222
bestAPFD:0.940667
bestSuite:2179,1818,2397,2626,1403,1522,2474,1584,555,2464

test suite223
bestAPFD:0.950556
bestSuite:2144,1853,2397,2526,57,2584,2475,2486,1565,1826,758,583

test suite224
bestAPFD:0.952778
bestSuite:155,1576,2466,2452,2480,2447,174,1474,1557,1595,89,2497

test suite225
bestAPFD:0.945455
bestSuite:2444,1558,2540,2452,1811,256,327,2388,2498,2482,1704

test suite226
bestAPFD:0.947879
bestSuite:2588,2461,1565,2525,942,2589,765,1576,1562,1564,2641

test suite227
bestAPFD:0.938667
bestSuite:1562,2393,1557,2413,2459,37,1960,1578,2480,2464

test suite228
bestAPFD:0.941481
bestSuite:1572,2486,2544,1794,2498,2377,2234,2473,2511

test suite229
bestAPFD:0.937333
bestSuite:1395,27,2462,2378,2458,1616,1411,1567,2476,1131

test suite230
bestAPFD:0.946061
bestSuite:2007,1578,2476,2603,2525,2485,2474,2082,2397,1579,2620

test suite231
bestAPFD:0.947273
bestSuite:2051,2432,1557,2553,2492,2219,2409,2534,1571,2626,2467

test suite232
bestAPFD:0.952778
bestSuite:107,2433,1569,2549,2448,553,2443,2503,2409,1590,2489,1037

test suite233
bestAPFD:0.947879
bestSuite:1151,2464,1866,2550,2510,2369,1647,208,2643,1631,2471

test suite234
bestAPFD:0.946667
bestSuite:1562,2369,2552,2482,2531,89,727,2516,2586,1402,1310

test suite235
bestAPFD:0.942424
bestSuite:997,2478,1651,2601,2520,2481,2644,2516,2388,2153,2513

test suite236
bestAPFD:0.942667
bestSuite:896,2460,2576,2454,2507,2346,2511,2537,2581,156

test suite237
bestAPFD:0.935556
bestSuite:1292,2408,2461,2453,2478,2640,2509,1574,2613

test suite238
bestAPFD:0.947273
bestSuite:1316,2464,2503,85,1403,2409,2500,2412,2447,2559,1569

test suite239
bestAPFD:0.948485
bestSuite:2622,2397,2472,2524,2388,147,2129,2156,2537,1522,2497

test suite240
bestAPFD:0.962222
bestSuite:70,1844,2486,2549,2268,511,1165,325,850,2409,2460,353,1522,2618,2389

test suite241
bestAPFD:0.950556
bestSuite:2445,1644,2369,2520,54,1974,1035,2412,2473,1241,2030,2475

test suite242
bestAPFD:0.948485
bestSuite:179,2463,2414,2553,1450,341,2509,1616,1569,1344,2644

test suite243
bestAPFD:0.945455
bestSuite:2217,2369,1573,256,2481,1404,2406,1125,2640,937,1817

test suite244
bestAPFD:0.942667
bestSuite:2444,2465,2511,2526,21,706,2510,1827,1196,2489

test suite245
bestAPFD:0.952222
bestSuite:2444,1570,2503,2527,2537,19,713,977,1769,1643,1231,2481

test suite246
bestAPFD:0.942667
bestSuite:1934,1570,1842,1404,2473,2511,150,2409,1342,2507

test suite247
bestAPFD:0.942667
bestSuite:2273,1557,1571,2521,849,123,2440,2489,2480,2505

test suite248
bestAPFD:0.941333
bestSuite:1153,2460,2407,2527,2411,1861,225,64,2478,2518

test suite249
bestAPFD:0.950556
bestSuite:2306,1569,2371,2606,2526,2088,916,2492,2449,2503,2443,2473

test suite250
bestAPFD:0.947273
bestSuite:1562,2369,1782,2527,2025,2632,181,959,1583,2474,2531

test suite251
bestAPFD:0.943333
bestSuite:58,1406,2540,1404,2447,2509,2460,2392,1257,932

test suite252
bestAPFD:0.943333
bestSuite:2028,486,2369,1586,2528,2482,2406,2451,807,71,1563,2411

test suite253
bestAPFD:0.952778
bestSuite:116,2385,2461,2528,2234,1830,2480,767,1089,2486,2632,1548

test suite254
bestAPFD:0.955897
bestSuite:2036,2460,2398,2550,2473,48,2471,2500,425,182,2131,1579,2582

test suite255
bestAPFD:0.956410
bestSuite:226,2473,1864,2520,1584,2498,2210,1219,1401,2579,2474,1833,1026

test suite256
bestAPFD:0.950556
bestSuite:1985,2540,1643,2544,2536,2479,1569,2398,1228,2492,1483,809

test suite257
bestAPFD:0.953846
bestSuite:1287,2460,2515,2142,1401,2545,1331,1564,2497,2644,2480,111,503

test suite258
bestAPFD:0.934074
bestSuite:1950,1651,2513,1563,2454,2537,1778,2578,2482

test suite259
bestAPFD:0.950556
bestSuite:1130,2473,1776,2457,114,2404,1643,1569,2579,2475,1079,2356

test suite260
bestAPFD:0.942667
bestSuite:2585,1557,2403,1403,558,726,2472,2475,1362,2464

test suite261
bestAPFD:0.952778
bestSuite:137,2396,1536,2528,1557,2128,1398,2486,1499,1824,2483,2632

test suite262
bestAPFD:0.948485
bestSuite:179,1660,1568,1403,2397,1707,1584,1824,546,2589,1985

test suite263
bestAPFD:0.943030
bestSuite:1218,106,1530,2537,2452,2099,2369,2535,2518,2045,2415

test suite264
bestAPFD:0.950556
bestSuite:2441,1569,2394,2550,225,1514,931,2514,2205,250,2482,2496

test suite265
bestAPFD:0.947879
bestSuite:1570,1832,2457,44,2117,2480,568,1581,1564,483,2643

test suite266
bestAPFD:0.952778
bestSuite:2608,1571,2389,2456,2245,1093,2513,1934,2501,2404,1032,2496

test suite267
bestAPFD:0.946061
bestSuite:1133,2513,1531,2523,2605,2393,2510,2413,760,908,2537

test suite268
bestAPFD:0.952778
bestSuite:154,2403,2397,1405,1381,1031,2492,1866,1232,2445,341,2540

test suite269
bestAPFD:0.951667
bestSuite:1891,1683,1557,2453,2388,1838,2540,2586,2378,2475,225,2074

test suite270
bestAPFD:0.937037
bestSuite:296,2498,2471,2458,2409,1561,2620,2478,1558

test suite271
bestAPFD:0.947273
bestSuite:2588,1631,2460,2549,144,2514,1052,2062,2483,2503,2435

test suite272
bestAPFD:0.943333
bestSuite:293,2502,1616,1404,2475,2436,680,2514,1305,2441

test suite273
bestAPFD:0.951667
bestSuite:46,2513,1865,2454,337,2389,1539,1563,1985,2518,2363,1578

test suite274
bestAPFD:0.952222
bestSuite:2587,2461,2376,2547,1661,2510,1917,1904,203,1599,2121,2514

test suite275
bestAPFD:0.946061
bestSuite:1892,2514,1566,2459,198,1807,2377,2498,984,2510,2640

test suite276
bestAPFD:0.943333
bestSuite:107,2503,2498,2525,1567,2389,1406,2620,1077,2576

test suite277
bestAPFD:0.942000
bestSuite:2444,2467,2503,2518,1404,1631,2397,243,660,1857

test suite278
bestAPFD:0.947778
bestSuite:1343,26,2369,1801,1405,1670,2404,2486,2421,2396,1067,1953

test suite279
bestAPFD:0.945455
bestSuite:2440,2466,1571,2527,2518,62,1569,2261,485,2230,2384

test suite280
bestAPFD:0.946061
bestSuite:1570,854,1401,2527,65,2494,2478,1701,2518,1968,2632

test suite281
bestAPFD:0.943333
bestSuite:215,2514,1560,2546,1397,2397,2511,1225,2507,2632

test suite282
bestAPFD:0.948485
bestSuite:16,1570,1807,2525,2396,1584,2581,1666,2486,1615,1067

test suite283
bestAPFD:0.940667
bestSuite:1127,2397,2485,289,2523,2540,2642,1530,1562,2503

test suite284
bestAPFD:0.948485
bestSuite:124,1853,2461,2523,1643,1209,1254,1475,2442,2492,2389

test suite285
bestAPFD:0.952222
bestSuite:2443,1564,2430,2526,1536,1567,2176,2633,2502,2589,454,1442

test suite286
bestAPFD:0.934074
bestSuite:2589,2396,1780,2523,151,2369,1319,1565,2483

test suite287
bestAPFD:0.951667
bestSuite:131,2498,1811,2454,888,1402,2583,2486,2509,457,1551,801

test suite288
bestAPFD:0.942667
bestSuite:2586,2467,2503,2522,53,1299,2510,1569,1536,2394

test suite289
bestAPFD:0.947879
bestSuite:2440,1582,1569,2550,2479,2396,1872,2534,2120,2507,2575

test suite290
bestAPFD:0.957619
bestSuite:1074,2466,1531,2548,2628,2579,852,1673,2471,1501,1857,2388,2462,2627

test suite291
bestAPFD:0.959524
bestSuite:1,1581,1557,2457,2487,2388,2564,2478,2481,2413,1716,2010,1191,1170

test suite292
bestAPFD:0.948485
bestSuite:105,2369,2381,2458,1566,2467,1988,2640,1567,2503,1950

test suite293
bestAPFD:0.947273
bestSuite:1149,1401,1557,2551,2406,1934,2492,2336,1792,869,1825

test suite294
bestAPFD:0.950556
bestSuite:1074,2494,1568,2552,207,1298,2479,2650,2471,1705,1531,2498

test suite295
bestAPFD:0.947273
bestSuite:764,1682,1570,2544,2618,2478,1764,2404,2507,2626,2575

test suite296
bestAPFD:0.942667
bestSuite:113,2467,1571,2457,2621,1569,274,2415,2507,2583

test suite297
bestAPFD:0.943333
bestSuite:79,2432,2502,1403,2396,2440,1554,1081,2518,2190

test suite298
bestAPFD:0.951667
bestSuite:674,1531,2460,2546,1931,19,2489,2582,2474,839,2404,2375

test suite299
bestAPFD:0.954359
bestSuite:2443,2513,2501,2527,114,1565,2496,2589,530,2330,917,2463,1303

test suite300
bestAPFD:0.947879
bestSuite:2586,1570,1571,2522,822,2475,2485,2473,2064,392,1741

test suite301
bestAPFD:0.933333
bestSuite:1105,2486,2613,1542,2550,1772,2498,2168,2475

test suite302
bestAPFD:0.952778
bestSuite:2608,2371,1569,2524,2649,2471,1579,1651,622,2539,2478,609

test suite303
bestAPFD:0.947879
bestSuite:1761,2460,1554,2452,1769,1493,2475,2649,2388,2478,1562

test suite304
bestAPFD:0.943333
bestSuite:257,2486,1558,1404,908,2493,1569,2170,2629,2483

test suite305
bestAPFD:0.946061
bestSuite:2618,2514,1830,236,2552,940,1563,2492,2508,1007,2397

test suite306
bestAPFD:0.944848
bestSuite:54,2476,2458,2450,1282,33,2369,851,1563,2471,2640

test suite307
bestAPFD:0.948485
bestSuite:253,1570,2434,2521,2518,959,2620,1497,2486,2400,2467

test suite308
bestAPFD:0.940667
bestSuite:2618,1581,2502,1404,208,2404,1964,2477,2489,2509

test suite309
bestAPFD:0.943333
bestSuite:119,1602,1568,2525,2460,2285,1798,2481,2446,2238

test suite310
bestAPFD:0.947273
bestSuite:2442,2497,2461,2549,2478,2483,1798,1020,1889,2407,200

test suite311
bestAPFD:0.935556
bestSuite:2589,1564,2547,1581,2479,2485,289,2369,2557

test suite312
bestAPFD:0.940606
bestSuite:1232,1616,102,2462,2526,2434,2643,2406,1246,2474,1584

test suite313
bestAPFD:0.947273
bestSuite:2182,2403,1570,2545,10,2517,2473,822,2404,2649,2518

test suite314
bestAPFD:0.941481
bestSuite:1572,2486,2525,2513,2518,2643,1406,1321,269

test suite315
bestAPFD:0.942667
bestSuite:2589,2467,1683,2453,2502,2413,1563,282,1866,1258

test suite316
bestAPFD:0.952778
bestSuite:2629,1582,2369,2458,2503,469,422,2404,2416,2216,1175,2540

test suite317
bestAPFD:0.934074
bestSuite:1689,2393,1568,2626,2454,2498,216,1643,2481

test suite318
bestAPFD:0.948485
bestSuite:2617,2517,1568,2549,2507,637,1401,1127,2609,2498,2471

test suite319
bestAPFD:0.936296
bestSuite:1242,2460,1842,2453,2396,2640,1661,2409,2475

test suite320
bestAPFD:0.947273
bestSuite:57,2513,1536,2458,2518,2589,759,2474,1699,1832,2540

test suite321
bestAPFD:0.947879
bestSuite:1570,1631,2552,2468,172,2486,934,1251,1798,2509,949

test suite322
bestAPFD:0.947879
bestSuite:2445,2464,2431,2549,2518,1661,1569,190,2555,1082,714

test suite323
bestAPFD:0.946061
bestSuite:1934,1660,2513,2549,64,2119,854,2509,1806,2537,767

test suite324
bestAPFD:0.942000
bestSuite:2360,1663,1557,2526,1545,2501,263,1656,1563,2486

test suite325
bestAPFD:0.937037
bestSuite:126,2450,2540,2548,1569,2356,2507,2477,2445

test suite326
bestAPFD:0.937037
bestSuite:8,1661,2513,2452,2510,1330,2441,1568,1803

test suite327
bestAPFD:0.956410
bestSuite:2596,2451,2502,2453,2503,2473,1563,1453,2642,1851,1256,1024,2037

test suite328
bestAPFD:0.948485
bestSuite:78,2465,2436,2522,1021,2510,2388,2582,2407,1960,2478

test suite329
bestAPFD:0.950556
bestSuite:2618,1522,1569,2552,53,1834,2540,1350,650,322,1627,2492

test suite330
bestAPFD:0.950256
bestSuite:1579,2489,2384,457,227,2524,2369,2584,754,1527,1795,2475,1574

test suite331
bestAPFD:0.940000
bestSuite:945,2478,2393,2550,2462,211,2480,1574,2581,1184

test suite332
bestAPFD:0.947273
bestSuite:1245,1807,1564,2551,2482,2500,174,2498,826,2388,2445

test suite333
bestAPFD:0.943333
bestSuite:105,2368,1570,2548,2486,2095,2492,2121,937,1660

test suite334
bestAPFD:0.943333
bestSuite:126,2504,2473,2452,2518,2513,893,2200,2588,1581

test suite335
bestAPFD:0.951667
bestSuite:2309,2464,2503,1410,2547,2404,2461,10,1517,2447,1556,1558

test suite336
bestAPFD:0.935556
bestSuite:844,1578,2464,2524,2643,2481,2502,1825,212

test suite337
bestAPFD:0.934074
bestSuite:2178,1583,2486,129,2525,2369,2487,367,2475

test suite338
bestAPFD:0.942667
bestSuite:2586,2461,1578,1403,1326,2463,13,1808,2509,677

test suite339
bestAPFD:0.947879
bestSuite:823,1570,1530,2522,2388,170,2540,2480,2375,2535,2601

test suite340
bestAPFD:0.941212
bestSuite:2636,2479,2466,1531,2523,1195,1569,2626,2471,2408,2429

test suite341
bestAPFD:0.943333
bestSuite:293,1406,2513,2546,1568,2579,2497,2388,1182,2118

test suite342
bestAPFD:0.940667
bestSuite:1570,204,2488,2548,2632,2374,2480,203,2389,2503

test suite343
bestAPFD:0.940667
bestSuite:2468,1569,1849,193,2454,2489,1833,1660,2496,817

test suite344
bestAPFD:0.940667
bestSuite:1991,2489,2385,2541,2458,2503,2388,2415,1569,2578

test suite345
bestAPFD:0.937333
bestSuite:2579,2465,2636,1769,2551,1522,2473,2404,2518,1726

test suite346
bestAPFD:0.943333
bestSuite:105,1568,1582,1404,770,1557,2493,221,2444,2510

test suite347
bestAPFD:0.940667
bestSuite:2145,1581,1569,2520,21,2389,2476,43,2481,1820

test suite348
bestAPFD:0.947879
bestSuite:1699,1570,1660,2457,2479,755,2537,2440,2471,2641,1840

test suite349
bestAPFD:0.940000
bestSuite:2442,1569,274,1670,1403,2130,2478,1780,2492,2054

test suite350
bestAPFD:0.944848
bestSuite:197,2486,1091,1663,2457,1563,1832,2462,2481,2514,604

test suite351
bestAPFD:0.956410
bestSuite:88,2580,2397,2547,938,1563,2518,2488,1568,2411,1376,307,1541

test suite352
bestAPFD:0.937037
bestSuite:58,2473,2516,2527,2460,2649,2480,2272,1581

test suite353
bestAPFD:0.951429
bestSuite:848,377,1778,2537,2546,2606,367,2369,2482,2451,2649,2388,225,1684

test suite354
bestAPFD:0.952778
bestSuite:91,1402,2369,2548,2509,2586,2463,2495,92,1517,1279,895

test suite355
bestAPFD:0.943333
bestSuite:180,2497,2465,2456,2540,872,1402,2644,2409,1805

test suite356
bestAPFD:0.947879
bestSuite:878,2461,2395,2526,1574,1562,2427,76,2406,2581,2507

test suite357
bestAPFD:0.943333
bestSuite:2622,2434,1569,1404,970,2467,1343,1077,1616,2518

test suite358
bestAPFD:0.943333
bestSuite:2622,1611,1564,2545,2461,66,2483,2435,164,2475

test suite359
bestAPFD:0.952778
bestSuite:34,2397,2503,2456,1794,1012,1671,465,2531,2518,2448,2413

test suite360
bestAPFD:0.945455
bestSuite:1999,1683,2502,1403,2540,250,1471,2410,2518,1343,2584

test suite361
bestAPFD:0.951667
bestSuite:1945,1585,2467,1403,2404,2477,2461,2535,2635,2492,2233,1482

test suite362
bestAPFD:0.948485
bestSuite:84,2369,1566,2547,2377,1794,2476,1297,1434,1155,2446

test suite363
bestAPFD:0.952778
bestSuite:84,2498,2391,2453,1185,2497,2445,1530,99,1568,441,2409

test suite364
bestAPFD:0.949444
bestSuite:1891,2524,1577,2463,251,2492,1728,2465,2643,2377,2493,1593

test suite365
bestAPFD:0.943333
bestSuite:58,2513,2488,2459,1748,518,2496,2495,2463,2443

test suite366
bestAPFD:0.948485
bestSuite:79,2406,2385,2452,2399,2432,1584,901,622,2498,2482

test suite367
bestAPFD:0.942667
bestSuite:2585,1570,2501,2453,1663,2589,56,1562,217,2396

test suite368
bestAPFD:0.937037
bestSuite:239,2465,1825,2452,1401,1520,2650,2481,1564

test suite369
bestAPFD:0.937037
bestSuite:180,1810,2463,2528,2474,2498,1563,1571,2632

test suite370
bestAPFD:0.952778
bestSuite:2647,2406,1661,2553,1584,1886,531,2431,2632,2492,2513,992

test suite371
bestAPFD:0.948485
bestSuite:31,2385,2466,2546,2509,1824,2583,1570,2409,2314,1280

test suite372
bestAPFD:0.929167
bestSuite:104,2450,2476,1403,2502,2409,1772,900

test suite373
bestAPFD:0.943333
bestSuite:2622,2501,2537,2553,2502,71,1682,1999,2409,2482

test suite374
bestAPFD:0.952222
bestSuite:986,2467,2379,2525,1437,2518,1036,2578,2488,146,2471,2462

test suite375
bestAPFD:0.954359
bestSuite:1341,2369,1536,2546,24,1664,2443,2388,2537,1778,480,2497,860

test suite376
bestAPFD:0.940000
bestSuite:962,1660,150,2397,2452,2589,2388,2446,2575,2396

test suite377
bestAPFD:0.956410
bestSuite:2622,2449,2514,2547,2515,2589,2462,86,2409,1856,2085,1423,2252

test suite378
bestAPFD:0.942000
bestSuite:791,1514,2465,2544,248,2483,2430,2535,2464,2496

test suite379
bestAPFD:0.942667
bestSuite:2446,2460,1663,2524,1568,2481,37,2368,1011,217

test suite380
bestAPFD:0.944242
bestSuite:1190,1816,181,2531,1405,1740,2513,1631,2510,2068,2535

test suite381
bestAPFD:0.926667
bestSuite:144,2502,2545,1670,2476,1563,880,1809

test suite382
bestAPFD:0.951667
bestSuite:2468,1571,1557,2546,2509,2474,1825,273,1027,2268,939,2406

test suite383
bestAPFD:0.950556
bestSuite:1254,2369,1806,2551,277,1881,1988,2385,1985,2404,2482,2463

test suite384
bestAPFD:0.950556
bestSuite:2445,2389,2412,273,2552,1898,2462,2377,776,208,1536,2471

test suite385
bestAPFD:0.942667
bestSuite:2128,1570,1585,2453,175,1586,2644,2482,2479,2489

test suite386
bestAPFD:0.947273
bestSuite:1562,2369,1536,2552,2589,2512,1242,129,2411,929,2466

test suite387
bestAPFD:0.948485
bestSuite:2622,2502,1522,1404,2092,1840,46,2095,2478,2480,2503

test suite388
bestAPFD:0.940667
bestSuite:955,2514,1827,1563,2453,2503,1682,2502,2445,754

test suite389
bestAPFD:0.947273
bestSuite:2446,1546,2464,2456,1029,14,2429,2502,2507,2494,173

test suite390
bestAPFD:0.934667
bestSuite:2090,1798,1325,1563,2369,2546,2481,2450,2489,2535

test suite391
bestAPFD:0.942667
bestSuite:2230,1570,1843,2550,169,2626,2540,1566,2479,2471

test suite392
bestAPFD:0.954359
bestSuite:1223,2410,2397,294,1403,511,2481,730,1595,1985,535,1116,1564

test suite393
bestAPFD:0.952778
bestSuite:88,2498,1577,1405,2642,2496,2490,1108,1106,1389,2396,1227

test suite394
bestAPFD:0.948485
bestSuite:121,2513,2374,2544,2518,1679,2407,2275,2537,1371,2411

test suite395
bestAPFD:0.942667
bestSuite:2270,2460,2392,2547,947,2642,2478,2518,6,1683

test suite396
bestAPFD:0.947879
bestSuite:252,2482,2396,1985,1404,1005,626,2487,2451,2498,2507

test suite397
bestAPFD:0.947333
bestSuite:1572,2466,2520,2587,1579,652,2498,2481,2188,1406

test suite398
bestAPFD:0.948485
bestSuite:17,1643,2537,2452,832,735,2461,2642,1810,2475,2479

test suite399
bestAPFD:0.955897
bestSuite:2617,2389,2432,2377,2523,162,1683,2509,872,2025,991,2498,2273

test suite400
bestAPFD:0.928889
bestSuite:1181,1583,2513,1403,209,2492,2476,2024,2494

test suite401
bestAPFD:0.951667
bestSuite:2444,2461,1565,2463,2550,1955,2482,2393,912,225,2404,1901

test suite402
bestAPFD:0.945455
bestSuite:1280,2397,2482,2639,2404,1403,2618,1651,2478,2046,1810

test suite403
bestAPFD:0.946061
bestSuite:2440,1530,2537,82,2553,1569,301,2408,2481,94,2479

test suite404
bestAPFD:0.943333
bestSuite:11,2500,1557,2525,2380,2396,2272,1584,2509,2440

test suite405
bestAPFD:0.952778
bestSuite:1,2462,1651,2453,2350,2267,1584,2492,2410,2005,2445,2489

test suite406
bestAPFD:0.943333
bestSuite:296,2465,1585,2526,2620,2467,1973,2471,1563,1491

test suite407
bestAPFD:0.946061
bestSuite:2214,2393,2462,2521,130,2509,2463,1401,1934,798,2178

test suite408
bestAPFD:0.942000
bestSuite:1562,2463,2505,1404,85,2461,2486,1976,2500,1881

test suite409
bestAPFD:0.952222
bestSuite:2343,1570,1542,2550,2518,2442,2575,2478,2631,1196,600,1293

test suite410
bestAPFD:0.940667
bestSuite:1201,2540,2430,2544,2636,1581,2480,2440,2462,1922

test suite411
bestAPFD:0.948485
bestSuite:1,1595,1557,2521,2440,1747,1800,2028,2510,2531,2577

test suite412
bestAPFD:0.944848
bestSuite:2461,1049,1616,2547,2396,2479,668,2509,2368,2579,112

test suite413
bestAPFD:0.943333
bestSuite:104,1557,1651,2528,2482,1222,1568,1579,2444,1810

test suite414
bestAPFD:0.943333
bestSuite:70,2382,2476,2552,2404,2531,2488,2650,1569,36

test suite415
bestAPFD:0.947879
bestSuite:2007,2467,2403,2458,2397,2479,1951,207,2471,1806,2586

test suite416
bestAPFD:0.952778
bestSuite:171,2369,1824,2520,2396,2112,1522,2475,2388,1985,2122,1652

test suite417
bestAPFD:0.952778
bestSuite:180,2473,1800,2521,1531,2589,2513,1348,796,1562,505,1107

test suite418
bestAPFD:0.948485
bestSuite:66,2482,2489,2459,1562,2449,2513,1627,428,2505,2442

test suite419
bestAPFD:0.942000
bestSuite:1985,2461,1801,1558,2526,2514,2613,2518,2479,1172

test suite420
bestAPFD:0.943333
bestSuite:124,2504,1568,2545,1064,1081,1530,2480,2441,2397

test suite421
bestAPFD:0.952222
bestSuite:2620,2513,1841,2456,1078,2488,2476,1564,2628,2377,2166,60

test suite422
bestAPFD:0.955556
bestSuite:1559,1570,1404,1584,1310,1607,2406,144,1801,2643,421,2503

test suite423
bestAPFD:0.947879
bestSuite:1971,1570,2495,2553,2377,2497,2463,1683,1175,117,2411

test suite424
bestAPFD:0.943333
bestSuite:16,1536,2406,2553,1824,1926,2510,2498,1292,2413

test suite425
bestAPFD:0.945455
bestSuite:2444,2462,2523,1682,2530,2492,1567,987,1901,1803,1568

test suite426
bestAPFD:0.939333
bestSuite:140,2498,1406,2525,2574,2481,548,2578,1108,2486

test suite427
bestAPFD:0.946061
bestSuite:2618,2407,2514,282,2453,2507,515,2227,2433,1415,2397

test suite428
bestAPFD:0.943333
bestSuite:2617,1666,1564,2523,205,1800,2589,819,2496,1569

test suite429
bestAPFD:0.942667
bestSuite:2157,2465,2488,2455,200,2504,1568,2509,2646,2399

test suite430
bestAPFD:0.946667
bestSuite:837,1557,1577,2458,2503,2442,2473,1852,193,995,2510

test suite431
bestAPFD:0.942000
bestSuite:97,2498,2505,2544,2531,2343,2507,2626,779,1578

test suite432
bestAPFD:0.945455
bestSuite:2586,1631,106,1569,2522,2475,890,1862,1890,1289,2489

test suite433
bestAPFD:0.947273
bestSuite:2583,1557,2488,2526,2507,1798,57,1763,542,2476,2261

test suite434
bestAPFD:0.946061
bestSuite:1934,1406,2369,2544,147,2540,2509,2415,943,1426,199

test suite435
bestAPFD:0.952778
bestSuite:86,2537,2412,1405,2301,1565,1454,2461,1318,2507,2443,2377

test suite436
bestAPFD:0.945455
bestSuite:1226,2503,2462,2457,2481,238,2396,1270,2433,1571,2413

test suite437
bestAPFD:0.950556
bestSuite:2442,2476,2372,2550,62,2474,2513,1683,826,1290,2093,2518

test suite438
bestAPFD:0.956190
bestSuite:1013,2498,2633,1808,2521,2215,2486,1566,2531,363,2535,2409,2340,1900

test suite439
bestAPFD:0.940667
bestSuite:2589,2451,2502,2545,223,2487,2492,379,1165,2537

test suite440
bestAPFD:0.946061
bestSuite:2225,1611,2462,2604,2546,2537,1433,2504,2475,1534,2535

test suite441
bestAPFD:0.953846
bestSuite:1748,1564,1586,2520,2481,2181,1570,307,1563,1574,1336,2584,1903

test suite442
bestAPFD:0.934074
bestSuite:2445,1574,2463,200,2526,2519,655,2496,2369

test suite443
bestAPFD:0.936296
bestSuite:1254,1564,2431,2521,2480,2397,2443,1680,1224

test suite444
bestAPFD:0.948485
bestSuite:224,1558,2461,2453,1318,1267,2442,1568,862,2373,2481

test suite445
bestAPFD:0.943333
bestSuite:257,2531,1573,2455,2441,2502,2471,2495,2404,1986

test suite446
bestAPFD:0.936296
bestSuite:2586,1557,2503,2521,2483,2476,1660,1420,755

test suite447
bestAPFD:0.937037
bestSuite:8,2508,2461,2458,2496,2015,2466,1934,2477

test suite448
bestAPFD:0.951667
bestSuite:85,1570,2381,2459,1964,291,1574,2447,2406,2471,408,1567

test suite449
bestAPFD:0.940667
bestSuite:2618,2498,1816,207,2457,1663,745,2509,692,1568

test suite450
bestAPFD:0.936296
bestSuite:880,2464,2434,2546,1585,2510,2462,35,2649

test suite451
bestAPFD:0.947273
bestSuite:2444,2396,1582,2455,528,648,2475,2384,2369,131,1286

test suite452
bestAPFD:0.942667
bestSuite:2618,2460,1402,2549,2382,101,1176,1563,2510,2464

test suite453
bestAPFD:0.936296
bestSuite:2642,1570,1583,2453,2476,294,2496,1321,2416

test suite454
bestAPFD:0.936296
bestSuite:237,2465,1850,2553,2476,2082,2475,251,1554

test suite455
bestAPFD:0.952778
bestSuite:293,2460,2403,2552,1947,2497,2442,2414,1584,2328,1997,2406

test suite456
bestAPFD:0.950556
bestSuite:903,2540,2503,20,2456,2443,1546,2498,2410,2510,2071,1899

test suite457
bestAPFD:0.940000
bestSuite:2335,2472,289,2406,2524,885,2650,2475,1663,2498

test suite458
bestAPFD:0.942667
bestSuite:2445,1564,2512,2525,2509,2417,1402,277,2502,2419

test suite459
bestAPFD:0.943333
bestSuite:8,1569,1663,2458,898,2286,2371,2486,2413,2479

test suite460
bestAPFD:0.943333
bestSuite:2647,1776,2467,2458,2482,1567,1536,2285,2461,1985

test suite461
bestAPFD:0.952222
bestSuite:1570,1666,2457,2507,1800,273,2479,2489,2487,157,29,2644

test suite462
bestAPFD:0.948485
bestSuite:2629,1568,2503,2522,2404,1557,2408,2534,1651,1367,392

test suite463
bestAPFD:0.937037
bestSuite:58,2465,1401,2545,2589,2414,1367,2396,2481

test suite464
bestAPFD:0.936296
bestSuite:2620,2502,2381,2526,2404,1661,2269,2476,2023

test suite465
bestAPFD:0.937037
bestSuite:101,2385,2473,2544,2374,2461,2442,2142,2509

test suite466
bestAPFD:0.936296
bestSuite:2084,2465,2482,2551,2388,1271,2389,2445,1666

test suite467
bestAPFD:0.937037
bestSuite:171,2513,1663,2455,2474,2489,1861,2518,2642

test suite468
bestAPFD:0.933333
bestSuite:1114,2403,2545,2531,6,2441,2475,2369,2575

test suite469
bestAPFD:0.936296
bestSuite:1570,1832,2552,1931,2263,2496,2467,1401,2581

test suite470
bestAPFD:0.940000
bestSuite:2583,2513,1781,2547,146,2388,2518,980,2540,2403

test suite471
bestAPFD:0.952222
bestSuite:619,2461,2392,2520,19,2496,2389,189,2626,2451,2246,481

test suite472
bestAPFD:0.946061
bestSuite:2190,2478,2472,140,2520,2475,2399,2513,2377,1611,1095

test suite473
bestAPFD:0.946061
bestSuite:1341,1800,2478,2524,284,2581,1666,2510,1533,2503,2369

test suite474
bestAPFD:0.947879
bestSuite:928,2464,1670,2522,1985,1844,2498,148,1584,2471,1493

test suite475
bestAPFD:0.942000
bestSuite:783,2537,1582,2523,2581,2431,2641,2502,1480,2481

test suite476
bestAPFD:0.940667
bestSuite:900,2396,1683,19,2552,2502,2411,2492,1798,1879

test suite477
bestAPFD:0.952778
bestSuite:70,1663,2478,2553,966,2492,2497,2617,1108,741,1818,2460

test suite478
bestAPFD:0.947879
bestSuite:2589,2461,2382,2526,2479,2223,14,2062,2540,2445,2400

test suite479
bestAPFD:0.947333
bestSuite:1572,2462,1403,2483,2508,2579,2537,169,1363,2497

test suite480
bestAPFD:0.943333
bestSuite:215,2396,2503,2528,2462,2378,2377,1585,2640,821

test suite481
bestAPFD:0.937037
bestSuite:252,2467,1582,2550,2509,1778,2586,2388,2502

test suite482
bestAPFD:0.951111
bestSuite:1395,2460,1663,2524,2467,1040,2579,2507,2483,1724,227,2410

test suite483
bestAPFD:0.943333
bestSuite:2597,2467,1631,2453,840,2588,2471,2397,2493,1584

test suite484
bestAPFD:0.951667
bestSuite:1932,1557,2508,2582,2454,2258,1050,109,2509,2464,1843,96

test suite485
bestAPFD:0.940667
bestSuite:1309,2540,2380,236,2544,2513,2482,2377,2413,1406

test suite486
bestAPFD:0.947879
bestSuite:2355,1564,2402,2548,164,1567,2500,1289,2369,2588,2518

test suite487
bestAPFD:0.940667
bestSuite:2589,2389,1577,209,2544,2483,2366,1264,2402,2397

test suite488
bestAPFD:0.948485
bestSuite:2622,1564,2451,2549,2513,2394,890,2481,2471,197,1492

test suite489
bestAPFD:0.947879
bestSuite:1358,2465,2435,2553,1522,2377,7,1478,2497,2406,1985

test suite490
bestAPFD:0.942000
bestSuite:1102,1570,2522,1663,2649,2473,2409,2506,193,2503

test suite491
bestAPFD:0.947879
bestSuite:2443,1557,1793,2453,1531,1382,120,2471,836,2478,2409

test suite492
bestAPFD:0.938667
bestSuite:1135,1817,2498,2523,1043,2606,1595,2510,2540,2643

test suite493
bestAPFD:0.947273
bestSuite:1934,1542,2465,2525,2371,2396,131,2510,780,594,1010

test suite494
bestAPFD:0.951667
bestSuite:2589,1616,2465,2544,1579,1864,2537,65,770,2605,1951,2578

test suite495
bestAPFD:0.935556
bestSuite:2441,2461,2552,2449,2372,2464,2510,2613,601

test suite496
bestAPFD:0.952778
bestSuite:56,2369,2505,2550,591,2626,2508,882,2366,2518,1418,2514

test suite497
bestAPFD:0.948485
bestSuite:2622,2482,1564,2548,2415,164,1906,2404,1536,1220,2369

test suite498
bestAPFD:0.951667
bestSuite:197,2513,1865,2520,2486,1585,2582,2001,1600,2404,1992,2489

test suite499
bestAPFD:0.949444
bestSuite:850,2466,2407,2524,274,1563,2369,2413,2492,1259,1841,1492

test suite500
bestAPFD:0.950000
bestSuite:1918,2502,2521,2385,87,2537,1850,1729,2644,2496,395,1679

