test suite1
bestAPFD:0.935163
bestSuite:86,1820,2460,2523,1178,2467,151,1546,2476,2475,2388

test suite2
bestAPFD:0.930600
bestSuite:2589,2467,2371,2550,163,488,101,2502,2511,2509

test suite3
bestAPFD:0.935145
bestSuite:2585,2410,2464,2546,1567,1643,287,1569,2132,1324,2481,1224

test suite4
bestAPFD:0.938256
bestSuite:1562,2460,1851,2454,37,1708,1913,1564,271,2581,2330,2407,2497,1779

test suite5
bestAPFD:0.931723
bestSuite:2444,2389,2403,97,728,2524,489,2182,1772,2462,2492

test suite6
bestAPFD:0.928337
bestSuite:1562,2461,1536,2527,2464,203,2574,2399,2510,263

test suite7
bestAPFD:0.929960
bestSuite:2600,2403,2478,2453,1570,1122,2650,1825,2480,1099

test suite8
bestAPFD:0.932927
bestSuite:980,2497,1564,1404,1162,2604,2434,2582,2513,2388,1565

test suite9
bestAPFD:0.935822
bestSuite:2218,2396,2488,2526,1002,25,2411,2593,2409,1569,2505,2471

test suite10
bestAPFD:0.935912
bestSuite:2444,1852,2489,2548,258,1712,2077,1662,2502,1567,2471,1660

test suite11
bestAPFD:0.926799
bestSuite:2617,2449,2467,2457,2301,1866,2462,1120,2481

test suite12
bestAPFD:0.934433
bestSuite:296,2531,1857,2551,187,2377,1495,2413,2503,2513,1578

test suite13
bestAPFD:0.938348
bestSuite:2569,1661,2513,112,2526,2486,1947,804,1798,1567,2535,467,2481,2035

test suite14
bestAPFD:0.931411
bestSuite:1242,2435,2513,297,876,1574,2551,2643,2473,2480,1043

test suite15
bestAPFD:0.937487
bestSuite:670,1564,1631,2475,2545,2411,1437,148,2430,2502,1567,416,1917

test suite16
bestAPFD:0.928009
bestSuite:1066,2465,1573,2544,2399,2476,1861,288,2388,945

test suite17
bestAPFD:0.931933
bestSuite:2238,2476,1581,53,2455,1208,2498,2468,2382,2496,1543

test suite18
bestAPFD:0.935474
bestSuite:37,2502,2527,1849,1723,857,1320,2437,423,2407,1567,2540,2497,2579

test suite19
bestAPFD:0.922969
bestSuite:2447,2001,2381,2540,37,23,2550,2481,2462,1406

test suite20
bestAPFD:0.931938
bestSuite:97,1565,1038,2465,1288,2458,2373,2489,2644,2497,2509

test suite21
bestAPFD:0.933213
bestSuite:56,2540,1402,2528,1830,2586,816,1188,689,2460,2475

test suite22
bestAPFD:0.939994
bestSuite:2629,1570,2526,2574,98,2156,1345,2053,2401,2010,2478,2475,505,1514

test suite23
bestAPFD:0.934800
bestSuite:186,2514,1772,2547,2468,2404,1073,2507,1569,1611,766

test suite24
bestAPFD:0.934714
bestSuite:2144,2461,1585,2547,282,2501,1901,2476,2518,1640,453

test suite25
bestAPFD:0.937000
bestSuite:46,1817,2397,2288,2579,507,1924,527,1175,2466,2409,2510,1406,2525

test suite26
bestAPFD:0.934977
bestSuite:2617,1557,1560,2526,702,2474,2613,2481,208,1651,2489

test suite27
bestAPFD:0.926705
bestSuite:100,2431,2489,2454,1914,1574,2588,2498,2518

test suite28
bestAPFD:0.933559
bestSuite:100,2476,1565,1403,2468,1579,2250,1345,2460,2497,2382

test suite29
bestAPFD:0.933381
bestSuite:2585,1660,2464,2548,2202,1274,250,2056,2512,2475,2513

test suite30
bestAPFD:0.937760
bestSuite:107,1834,2531,2457,2242,1414,2337,1567,2618,2474,1683,2462

test suite31
bestAPFD:0.933796
bestSuite:224,2435,1564,2527,2622,688,1749,1585,2496,2462,1124

test suite32
bestAPFD:0.926361
bestSuite:2629,2486,2376,2459,180,2507,2498,1963,1536

test suite33
bestAPFD:0.932848
bestSuite:1559,2462,44,2520,2579,2101,2275,1807,2475,2389

test suite34
bestAPFD:0.930806
bestSuite:56,2485,2537,1403,946,2440,897,1571,2481,2369

test suite35
bestAPFD:0.939411
bestSuite:2444,2448,2514,182,2545,1027,424,600,1567,2126,1844,2475,649,1569

test suite36
bestAPFD:0.932639
bestSuite:620,1683,2369,2628,2548,833,2514,1782,2535,2483,2492

test suite37
bestAPFD:0.936675
bestSuite:2064,1564,1582,2528,2617,2460,27,2325,2507,1494,1841,2483

test suite38
bestAPFD:0.937163
bestSuite:77,2406,2450,2551,1069,2585,2326,2461,1584,1524,2383,2503

test suite39
bestAPFD:0.932182
bestSuite:1997,2460,2524,2580,1661,2037,2628,2396,1963,2503,2480,2413

test suite40
bestAPFD:0.940129
bestSuite:2616,2461,2471,2553,1145,189,1298,2584,2515,901,1402,1715,2463,2388

test suite41
bestAPFD:0.937896
bestSuite:2617,1514,2473,2456,1281,2477,119,1065,1544,408,2462,2507

test suite42
bestAPFD:0.933468
bestSuite:2138,1631,2461,2455,82,2642,1929,2433,2377,2497,2473

test suite43
bestAPFD:0.930446
bestSuite:2616,2489,1565,2553,2586,2461,2425,1387,2481,1806

test suite44
bestAPFD:0.934441
bestSuite:2002,1557,1666,1422,2453,2606,2384,2514,2481,2497,2399

test suite45
bestAPFD:0.928722
bestSuite:1944,1843,1557,2525,2164,102,2447,1666,2475,2463

test suite46
bestAPFD:0.935010
bestSuite:2585,1546,2537,1562,2522,2534,291,2306,1843,1569,2510,1754

test suite47
bestAPFD:0.933340
bestSuite:645,2460,1810,1405,2366,2578,26,2450,1568,2482,1579

test suite48
bestAPFD:0.937894
bestSuite:215,2450,2486,2459,1111,2236,1487,1934,2397,2514,2388,2477

test suite49
bestAPFD:0.930145
bestSuite:118,2467,1530,2553,1286,2589,2377,246,1797,1569

test suite50
bestAPFD:0.930474
bestSuite:2616,2463,1817,2550,2589,1565,2471,2324,1569,1584

test suite51
bestAPFD:0.936494
bestSuite:52,2478,2385,1579,2551,2594,5,1248,2375,2486,1935,1569

test suite52
bestAPFD:0.935865
bestSuite:1971,1536,2514,287,2545,1843,1991,1678,2584,596,2502,2510

test suite53
bestAPFD:0.935890
bestSuite:1352,2460,1800,2544,761,261,2409,2582,2507,2464,1566,2251

test suite54
bestAPFD:0.932056
bestSuite:1367,2466,1565,206,2455,2589,2012,2479,2581,1769,1569

test suite55
bestAPFD:0.932517
bestSuite:859,2461,2500,2453,1376,2618,1584,1806,2473,2496,111

test suite56
bestAPFD:0.934624
bestSuite:711,2489,1797,2649,2457,278,2570,2474,2385,2404,2502,1243

test suite57
bestAPFD:0.930973
bestSuite:126,2513,2497,2549,1985,1582,2236,2377,2516,2476

test suite58
bestAPFD:0.937404
bestSuite:1,1569,1819,1404,1579,2096,1944,1568,2535,1611,2194,2482

test suite59
bestAPFD:0.933447
bestSuite:1689,2460,1661,1403,972,1586,1797,1563,2478,2475,2399

test suite60
bestAPFD:0.932522
bestSuite:1130,2384,2463,37,2452,2399,708,732,2500,2498,2507

test suite61
bestAPFD:0.934946
bestSuite:126,2397,1852,2523,2468,1563,814,1546,2478,1508,2471

test suite62
bestAPFD:0.933343
bestSuite:25,2434,2397,2455,2442,1568,1766,2497,720,1558,2510

test suite63
bestAPFD:0.925944
bestSuite:1934,2465,1797,2550,617,871,2473,1573,2480

test suite64
bestAPFD:0.933616
bestSuite:677,1564,2511,2548,268,236,2583,1569,1853,2480,2437

test suite65
bestAPFD:0.932089
bestSuite:986,2498,1616,269,2458,934,1959,1584,2476,1851,1814

test suite66
bestAPFD:0.932555
bestSuite:2468,2504,2531,134,2459,2190,2388,969,2462,1616,2474

test suite67
bestAPFD:0.928358
bestSuite:1185,1586,2537,2626,1651,96,2377,2498,2471,2549

test suite68
bestAPFD:0.931581
bestSuite:2444,1576,2502,2548,2113,1769,923,2518,2531,1522

test suite69
bestAPFD:0.941883
bestSuite:1559,1557,2000,492,2552,2540,2605,2252,2644,1803,502,2503,2388

test suite70
bestAPFD:0.926738
bestSuite:2589,2392,2466,110,2452,1579,932,1571,2411,2397

test suite71
bestAPFD:0.932313
bestSuite:2620,2498,1616,2521,44,2257,2464,2426,2482,1562,2431

test suite72
bestAPFD:0.930640
bestSuite:2622,2461,2487,1403,1004,979,279,1571,2389,2509

test suite73
bestAPFD:0.931947
bestSuite:159,2465,2524,2402,1947,1957,2463,2579,2480,2483,1680,211

test suite74
bestAPFD:0.933838
bestSuite:651,1564,2574,2523,133,933,2589,649,1562,1577,2498,2640

test suite75
bestAPFD:0.927885
bestSuite:2157,2498,2511,2527,2649,2433,2628,2389,2496,2160

test suite76
bestAPFD:0.931003
bestSuite:2617,1568,1581,2453,1112,2475,160,2380,2513,469

test suite77
bestAPFD:0.926189
bestSuite:1579,2498,1401,2633,2552,1375,2496,2447,2432,2463

test suite78
bestAPFD:0.934247
bestSuite:2589,1582,2462,2522,1109,773,2434,1579,2399,628,2389,25

test suite79
bestAPFD:0.926679
bestSuite:58,2486,1574,2455,1926,1580,2462,2475,443

test suite80
bestAPFD:0.929025
bestSuite:1091,2460,2376,2544,1360,2636,1584,1293,2486,1536

test suite81
bestAPFD:0.934333
bestSuite:902,2460,1682,2550,2328,2446,2396,2476,2412,173,2475

test suite82
bestAPFD:0.929929
bestSuite:14,1816,2498,2527,1581,1380,2644,2514,2481,860

test suite83
bestAPFD:0.937748
bestSuite:1559,2498,17,2458,633,115,2476,1716,2430,2404,2406,2159

test suite84
bestAPFD:0.924129
bestSuite:2328,1569,1631,123,2459,2540,2581,2496,2380

test suite85
bestAPFD:0.936294
bestSuite:1385,2389,1554,2638,2553,2503,2397,1962,1506,1444,2509,2435,2643

test suite86
bestAPFD:0.938730
bestSuite:68,2379,2461,2524,735,2447,2499,1702,2409,1660,2537,2518

test suite87
bestAPFD:0.937250
bestSuite:2426,1570,1530,2389,2524,2099,2578,2506,32,144,2503,2480

test suite88
bestAPFD:0.932046
bestSuite:1201,2498,1794,98,2458,1542,2128,1563,2509,2514,2582

test suite89
bestAPFD:0.928807
bestSuite:2586,2467,1666,2455,2460,2606,635,1778,1032,2492

test suite90
bestAPFD:0.931456
bestSuite:11,1769,1569,2453,880,1907,2589,1567,2489,1530

test suite91
bestAPFD:0.929815
bestSuite:124,1661,2463,2548,2461,2626,2009,1567,1851,2474

test suite92
bestAPFD:0.932849
bestSuite:2296,2488,2461,1403,183,2583,38,1908,1862,2478,2507

test suite93
bestAPFD:0.936522
bestSuite:260,2392,1569,2550,342,338,2640,1190,2478,1267,2500,2492

test suite94
bestAPFD:0.932825
bestSuite:788,2500,2476,2553,1563,2496,2582,2543,1560,2397,346

test suite95
bestAPFD:0.935122
bestSuite:1305,2473,2381,2649,2545,1906,1668,261,2502,1574,2475,1940

test suite96
bestAPFD:0.933235
bestSuite:1757,2465,1558,2589,2526,2616,1943,2433,2582,2518,2473

test suite97
bestAPFD:0.927014
bestSuite:79,2463,2373,2549,2620,1557,1567,2503,2400

test suite98
bestAPFD:0.931358
bestSuite:165,1680,1568,2547,1153,2460,2444,2380,2404,2480

test suite99
bestAPFD:0.940026
bestSuite:1559,2465,2546,1153,1085,75,1934,2599,2471,2466,2483,1865

test suite100
bestAPFD:0.925267
bestSuite:1570,1832,2458,2468,160,2263,2464,1682,2481

test suite101
bestAPFD:0.930225
bestSuite:139,2461,1531,1403,2642,2241,2476,2409,2497,243

test suite102
bestAPFD:0.937325
bestSuite:186,1780,2502,2546,2181,2586,910,1567,2474,1476,2389,2385

test suite103
bestAPFD:0.931000
bestSuite:2620,1570,2503,1405,1979,2381,2489,1582,1680,2409

test suite104
bestAPFD:0.931046
bestSuite:86,1573,2513,2522,2442,2435,2159,2404,2518,2537

test suite105
bestAPFD:0.937141
bestSuite:1559,2513,238,2547,2443,2031,928,2377,2398,2406,2503

test suite106
bestAPFD:0.937812
bestSuite:18,2540,1819,2455,2582,1447,1557,1164,1584,2474,2154,1858,1575

test suite107
bestAPFD:0.924803
bestSuite:240,2498,1611,1403,2003,2475,1843,2473,2442

test suite108
bestAPFD:0.926329
bestSuite:224,2501,2460,2521,1661,2227,2518,2406,2399

test suite109
bestAPFD:0.937485
bestSuite:2617,1583,2406,2545,286,1337,788,1835,1841,2589,2388,2369

test suite110
bestAPFD:0.929549
bestSuite:972,1557,1560,2528,1571,42,2399,2503,2540,2510

test suite111
bestAPFD:0.929869
bestSuite:2468,2464,1531,2138,2544,2492,232,2589,1841,2498

test suite112
bestAPFD:0.923474
bestSuite:2291,2513,2485,2524,208,2411,2466,2510,1536

test suite113
bestAPFD:0.939261
bestSuite:2440,2451,2460,2520,2216,2340,1939,1584,2537,2635,2475,2416,2170

test suite114
bestAPFD:0.936496
bestSuite:2620,1570,2506,1404,649,37,2540,1584,196,2400,2497,1058

test suite115
bestAPFD:0.928129
bestSuite:2446,2511,2502,206,2458,2275,2471,2396,2479,672

test suite116
bestAPFD:0.932137
bestSuite:2629,1661,2369,2522,2639,1584,1568,2507,1841,1610

test suite117
bestAPFD:0.938703
bestSuite:2445,2465,1666,2553,2615,1562,1451,1290,2299,2506,2476,2537,2470

test suite118
bestAPFD:0.939911
bestSuite:171,1564,1834,2578,2452,1266,1346,2387,2513,1581,2388,2503,573

test suite119
bestAPFD:0.927372
bestSuite:2443,2488,2486,160,2452,962,1808,1384,1569,1579

test suite120
bestAPFD:0.922270
bestSuite:53,4,2502,2528,1554,2496,2649,2471,2516,1568

test suite121
bestAPFD:0.930227
bestSuite:2586,1557,1857,2551,2240,218,1584,2486,2537,2400

test suite122
bestAPFD:0.935602
bestSuite:58,2461,1565,2547,1108,1934,2377,1873,1841,2473,2480

test suite123
bestAPFD:0.934131
bestSuite:91,2369,1536,2453,2649,1781,2046,2514,1159,2481,743

test suite124
bestAPFD:0.934514
bestSuite:31,2482,2466,2456,2440,1435,2477,1651,2369,2509,518

test suite125
bestAPFD:0.928656
bestSuite:2446,2466,1616,80,2527,2589,2040,2493,2480,2513

test suite126
bestAPFD:0.932867
bestSuite:701,2513,2508,203,2544,1720,1135,2644,2537,1851,2481

test suite127
bestAPFD:0.937033
bestSuite:1226,1561,2462,680,2456,2579,2473,1980,2404,2518,1531,1529

test suite128
bestAPFD:0.930814
bestSuite:126,2376,2513,2174,2550,2252,2445,2463,2496,1546

test suite129
bestAPFD:0.936175
bestSuite:2587,2540,1583,2528,1562,1690,147,1830,1277,173,1437,2462,2486

test suite130
bestAPFD:0.934372
bestSuite:201,2476,1817,2521,1402,2269,1162,2498,2482,2388,1985

test suite131
bestAPFD:0.925654
bestSuite:1304,1557,1660,2452,2624,2540,2413,2372,2496

test suite132
bestAPFD:0.931889
bestSuite:1570,1584,2494,2525,2282,2540,2588,1724,2534,1651,2509

test suite133
bestAPFD:0.928253
bestSuite:2642,2403,2461,80,2404,1403,2495,2509,2514,1878

test suite134
bestAPFD:0.936835
bestSuite:2442,2460,2511,2523,202,957,1453,662,2387,2473,1820,2480

test suite135
bestAPFD:0.937358
bestSuite:1238,2485,2513,274,2524,954,213,2446,2483,436,1651,2480,2463

test suite136
bestAPFD:0.934252
bestSuite:2642,2498,1574,2458,1199,72,1366,2467,2412,2497,2377

test suite137
bestAPFD:0.917867
bestSuite:2283,2465,2511,2545,164,2486,2436,1563

test suite138
bestAPFD:0.929944
bestSuite:1386,2460,2511,2526,1564,1562,2650,2384,2475,253

test suite139
bestAPFD:0.936391
bestSuite:24,1557,2519,2452,2100,2581,2400,674,2189,2475,1564,569

test suite140
bestAPFD:0.935284
bestSuite:107,2416,2467,2521,1575,2650,1557,952,2336,2492,464,1023

test suite141
bestAPFD:0.933649
bestSuite:239,1810,1564,2553,2589,2359,1554,2460,2496,2632,684

test suite142
bestAPFD:0.932351
bestSuite:1559,1569,2607,1405,2621,2478,2589,1834,2509,1012

test suite143
bestAPFD:0.936852
bestSuite:36,2385,1564,2520,2159,2212,2586,1325,2330,1569,2482,1584

test suite144
bestAPFD:0.934734
bestSuite:1301,1570,2376,2546,2133,2467,2581,133,2400,2503,2388

test suite145
bestAPFD:0.931173
bestSuite:239,1564,2380,2551,1934,2518,2397,2409,1530,2325

test suite146
bestAPFD:0.929503
bestSuite:1934,1564,1663,1563,2456,1753,635,1586,2509,2513

test suite147
bestAPFD:0.932698
bestSuite:923,1573,2460,2546,1370,130,2589,2643,2483,2537,2395

test suite148
bestAPFD:0.937407
bestSuite:2441,2461,1832,39,1403,240,1176,1209,1563,321,2385,2476,572

test suite149
bestAPFD:0.926867
bestSuite:2617,1682,1570,2457,36,861,2510,1820,2406

test suite150
bestAPFD:0.932088
bestSuite:2583,2478,2403,129,2527,272,2507,1365,2397,2471,2383

test suite151
bestAPFD:0.938982
bestSuite:179,2540,2523,2382,1140,2212,2579,1569,1049,2503,2448,2496,1413

test suite152
bestAPFD:0.928702
bestSuite:1036,175,1840,1569,1404,2377,2581,1651,755,2480,2467

test suite153
bestAPFD:0.936248
bestSuite:2440,1576,2465,2522,961,1283,1200,72,2466,2403,2480,2483

test suite154
bestAPFD:0.925214
bestSuite:2441,1557,2516,2547,283,2474,2483,2389,1514

test suite155
bestAPFD:0.936601
bestSuite:2617,2466,1573,2457,172,1710,808,923,2460,1567,2518,1769

test suite156
bestAPFD:0.930986
bestSuite:2298,1830,1569,202,2550,2492,889,930,1577,2489,2581

test suite157
bestAPFD:0.933162
bestSuite:287,2498,1577,2548,2626,793,391,2518,2473,1862,2333

test suite158
bestAPFD:0.925040
bestSuite:2586,2464,2487,2521,1542,211,2509,2502,203

test suite159
bestAPFD:0.933288
bestSuite:724,2461,1578,147,1818,2206,2411,2466,2247,2507,2474,2551

test suite160
bestAPFD:0.933662
bestSuite:296,1560,2540,2526,1071,1581,2620,2513,2151,2480,777

test suite161
bestAPFD:0.934134
bestSuite:711,2473,2394,2624,2457,2582,2481,2302,2397,1657,1573,983

test suite162
bestAPFD:0.926731
bestSuite:2447,2502,2500,2603,2452,2540,335,1717,1806,2481

test suite163
bestAPFD:0.935109
bestSuite:116,2467,1661,2545,989,445,1191,2498,2632,2410,2507

test suite164
bestAPFD:0.928729
bestSuite:944,2513,1824,195,1404,2406,2483,2403,2587,2518

test suite165
bestAPFD:0.925577
bestSuite:2587,1576,2389,2524,2511,1013,2462,2475,932

test suite166
bestAPFD:0.924505
bestSuite:2583,1557,1682,2455,53,2375,284,2510,2463

test suite167
bestAPFD:0.926064
bestSuite:253,1569,1793,2457,885,2486,1868,2449,2507

test suite168
bestAPFD:0.937303
bestSuite:771,1569,1666,275,2453,1890,2582,1493,2540,83,1865,2510,381

test suite169
bestAPFD:0.929159
bestSuite:84,1680,2489,2459,1584,2461,2413,1892,2512,2589

test suite170
bestAPFD:0.933405
bestSuite:2444,2460,2482,2548,1562,205,972,924,1595,1778,2406

test suite171
bestAPFD:0.919786
bestSuite:296,1568,1402,2525,1782,2397,2475,2441

test suite172
bestAPFD:0.934260
bestSuite:77,2477,2369,2456,601,1520,2444,1727,2463,2481,1663

test suite173
bestAPFD:0.928073
bestSuite:2618,2448,2462,275,2552,1832,2404,856,2481,1568

test suite174
bestAPFD:0.935845
bestSuite:177,2516,2478,2546,1940,1721,979,2377,2462,2411,2482,1406

test suite175
bestAPFD:0.926355
bestSuite:2617,2467,2414,2522,181,1122,2397,1663,2509

test suite176
bestAPFD:0.923063
bestSuite:172,2465,576,1803,2458,217,1660,2486,2530,2475

test suite177
bestAPFD:0.934574
bestSuite:2440,1570,2519,2457,347,2557,2500,148,2482,2406,2483

test suite178
bestAPFD:0.930860
bestSuite:2106,2375,2513,227,2457,2343,2411,1644,1562,1568,2492

test suite179
bestAPFD:0.928310
bestSuite:783,1401,2502,250,2521,1455,1800,2411,2486,2518

test suite180
bestAPFD:0.932586
bestSuite:2588,2397,2400,2553,156,2408,1699,2396,2510,244,2497

test suite181
bestAPFD:0.930740
bestSuite:2640,2465,2482,2200,2546,279,729,2478,2401,2507,1406

test suite182
bestAPFD:0.931961
bestSuite:1562,1568,1644,2544,2465,898,2393,1306,2581,2480,243

test suite183
bestAPFD:0.931257
bestSuite:2222,2513,35,1849,2527,683,2443,1401,2646,2481,2463

test suite184
bestAPFD:0.930918
bestSuite:2600,1568,1825,2528,1563,867,2632,2465,2509,1573

test suite185
bestAPFD:0.931136
bestSuite:137,2489,1578,2458,2377,2171,2642,2462,2481,1862

test suite186
bestAPFD:0.929913
bestSuite:2073,1570,1565,2528,2395,2235,148,1934,2475,2537

test suite187
bestAPFD:0.927907
bestSuite:913,1536,2389,89,2526,1850,2475,666,2502,2445

test suite188
bestAPFD:0.931504
bestSuite:121,2531,2482,2455,2447,2510,1670,383,814,2462

test suite189
bestAPFD:0.931694
bestSuite:702,2501,2396,13,2547,2584,2474,1579,2500,2513,1768

test suite190
bestAPFD:0.932318
bestSuite:1182,2476,2574,274,1404,2409,1335,2498,1578,2413,2531

test suite191
bestAPFD:0.933177
bestSuite:925,2460,1666,2583,2546,2603,1173,2486,295,2485,2496

test suite192
bestAPFD:0.938173
bestSuite:253,2462,1514,2520,2389,1120,2483,2236,2391,2471,346,2535

test suite193
bestAPFD:0.928707
bestSuite:2588,2495,2465,2552,2534,1571,2463,1579,2503,860

test suite194
bestAPFD:0.929779
bestSuite:1303,2460,1575,2521,2626,2611,2463,1832,2503,2404

test suite195
bestAPFD:0.938012
bestSuite:18,2514,1857,2454,2172,953,1416,2588,2513,2496,563,1401

test suite196
bestAPFD:0.925919
bestSuite:100,1564,1661,2452,2376,2461,2650,2507,1567

test suite197
bestAPFD:0.925778
bestSuite:2577,2464,1406,1405,1557,2643,183,2375,2475

test suite198
bestAPFD:0.933034
bestSuite:1562,1568,1824,2553,1569,238,268,2124,2471,2643,1663

test suite199
bestAPFD:0.926016
bestSuite:2617,1578,2531,2459,2397,2474,2348,2410,2483

test suite200
bestAPFD:0.934641
bestSuite:2629,1530,1564,2520,624,1382,1843,2606,2498,2510,432

test suite201
bestAPFD:0.918278
bestSuite:839,2639,2488,2502,2486,2545,2377,2579,2580

test suite202
bestAPFD:0.936471
bestSuite:2616,1809,2476,2553,2582,1564,2313,2025,1682,513,1567,2462

test suite203
bestAPFD:0.936665
bestSuite:2048,1569,1561,2528,457,2447,85,1249,2483,1514,2471,2514

test suite204
bestAPFD:0.933963
bestSuite:842,2436,2396,294,2524,901,242,2447,1571,2498,2510,2377

test suite205
bestAPFD:0.929897
bestSuite:25,1585,2369,2455,2051,1014,2478,2505,2481,2411

test suite206
bestAPFD:0.928956
bestSuite:1934,1851,2397,2615,2524,691,2389,1252,2480,2385

test suite207
bestAPFD:0.927689
bestSuite:172,2513,1666,726,1726,1077,2396,2644,1563,2471,2549

test suite208
bestAPFD:0.933625
bestSuite:58,2497,2389,2522,1167,2447,2414,2461,1402,517,2492

test suite209
bestAPFD:0.934366
bestSuite:2444,2464,1666,2553,2624,2589,950,2408,1079,2481,2462

test suite210
bestAPFD:0.925779
bestSuite:2048,1570,2410,2524,1554,2473,2535,2475,1897

test suite211
bestAPFD:0.932169
bestSuite:1201,1564,1781,2459,2465,2640,201,2476,1574,2479,969

test suite212
bestAPFD:0.929037
bestSuite:2285,2513,1864,149,2455,2640,2478,2407,2479,2509

test suite213
bestAPFD:0.934047
bestSuite:68,2467,2430,1404,1401,2399,1885,2369,2554,2496,554

test suite214
bestAPFD:0.929857
bestSuite:103,2513,2485,2550,1451,1708,1584,2589,1670,2514

test suite215
bestAPFD:0.931245
bestSuite:2622,1578,2476,2522,1847,919,1557,123,2380,2481

test suite216
bestAPFD:0.932748
bestSuite:178,2502,1670,2553,2443,2540,152,1960,2507,1827,1498

test suite217
bestAPFD:0.932427
bestSuite:1934,2513,2544,1864,2606,1164,1914,2281,1522,2489,2475

test suite218
bestAPFD:0.933244
bestSuite:2468,2514,1782,73,2459,2047,2502,1671,2450,2483,2507

test suite219
bestAPFD:0.933545
bestSuite:1570,1643,2452,949,2579,88,2430,902,2474,2478,2409

test suite220
bestAPFD:0.933383
bestSuite:953,1661,198,2486,2521,2131,2640,2507,1862,2502,2103,1464

test suite221
bestAPFD:0.930082
bestSuite:871,2397,1576,1644,2458,14,2510,2413,2482,2531

test suite222
bestAPFD:0.929921
bestSuite:2179,2464,1818,1403,2626,2397,555,1584,1522,2474

test suite223
bestAPFD:0.934477
bestSuite:57,2486,1565,2144,2526,1826,758,2584,1853,583,2475,2397

test suite224
bestAPFD:0.936833
bestSuite:155,1576,1557,2452,89,1595,2447,2466,2480,2497,174,1474

test suite225
bestAPFD:0.931521
bestSuite:2444,2482,2540,256,2452,327,2388,1811,1558,2498,1704

test suite226
bestAPFD:0.930117
bestSuite:2589,1576,2461,1564,2525,1562,765,2588,2641,942,1565

test suite227
bestAPFD:0.925595
bestSuite:1562,2464,2413,1578,2459,2393,37,1960,2480,1557

test suite228
bestAPFD:0.930454
bestSuite:1572,2473,2544,2234,1794,2377,2486,2511,2498

test suite229
bestAPFD:0.924867
bestSuite:1395,2378,27,2476,2458,2462,1131,1411,1616,1567

test suite230
bestAPFD:0.931205
bestSuite:2620,1578,2476,2007,2525,2603,2082,1579,2397,2474,2485

test suite231
bestAPFD:0.933577
bestSuite:2051,1557,1571,2553,2219,2432,2534,2467,2626,2492,2409

test suite232
bestAPFD:0.937643
bestSuite:107,2503,2489,2549,1037,2443,2433,1590,553,1569,2409,2448

test suite233
bestAPFD:0.933533
bestSuite:1151,1866,2464,2550,208,2643,1631,2471,2510,2369,1647

test suite234
bestAPFD:0.933519
bestSuite:1562,2369,1402,2552,2586,1310,89,2482,2516,2531,727

test suite235
bestAPFD:0.931941
bestSuite:2153,2513,1651,2601,997,2520,2478,2388,2481,2516,2644

test suite236
bestAPFD:0.927481
bestSuite:896,2537,2511,156,2454,2581,2346,2576,2507,2460

test suite237
bestAPFD:0.925394
bestSuite:1292,2461,2408,2453,2478,2640,2613,2509,1574

test suite238
bestAPFD:0.935358
bestSuite:1316,2464,2500,1403,85,2447,2559,2409,2412,1569,2503

test suite239
bestAPFD:0.934828
bestSuite:2622,2472,2397,2524,2156,2129,2537,1522,2388,2497,147

test suite240
bestAPFD:0.943541
bestSuite:70,1844,2486,2549,2618,2268,1165,850,2460,353,2409,325,511,1522,2389

test suite241
bestAPFD:0.935968
bestSuite:2445,1644,2369,54,2520,1974,1241,1035,2030,2475,2412,2473

test suite242
bestAPFD:0.935417
bestSuite:179,1616,2463,2553,341,1344,1450,2644,2414,1569,2509

test suite243
bestAPFD:0.931875
bestSuite:2217,1817,2406,1404,256,2640,937,1573,1125,2369,2481

test suite244
bestAPFD:0.929964
bestSuite:2444,2465,2511,2526,1196,706,2510,2489,1827,21

test suite245
bestAPFD:0.936529
bestSuite:2444,1570,1643,2527,977,19,1769,713,2537,2503,2481,1231

test suite246
bestAPFD:0.930665
bestSuite:1934,1570,2511,1404,1842,1342,2473,2409,2507,150

test suite247
bestAPFD:0.931014
bestSuite:2273,1557,1571,123,2521,2440,849,2505,2489,2480

test suite248
bestAPFD:0.929261
bestSuite:1153,2460,2407,2527,64,2411,225,1861,2518,2478

test suite249
bestAPFD:0.934385
bestSuite:2443,2503,2526,1569,2606,2088,2306,2449,916,2371,2492,2473

test suite250
bestAPFD:0.932864
bestSuite:1562,2369,1782,2527,2474,2025,1583,2632,181,2531,959

test suite251
bestAPFD:0.930129
bestSuite:58,1406,2540,1404,2447,2460,932,2392,2509,1257

test suite252
bestAPFD:0.927021
bestSuite:2028,486,2369,2451,1586,2528,71,807,2411,2406,2482,1563

test suite253
bestAPFD:0.938114
bestSuite:116,2461,1830,2528,2486,2234,1089,767,1548,2480,2632,2385

test suite254
bestAPFD:0.937700
bestSuite:2036,2460,2398,2550,2473,2582,182,2131,425,48,2500,2471,1579

test suite255
bestAPFD:0.937958
bestSuite:226,1401,2498,2520,1584,1026,2210,2579,1219,2474,1864,2473,1833

test suite256
bestAPFD:0.933035
bestSuite:1985,2536,2540,1643,1228,2544,809,2398,1569,2479,2492,1483

test suite257
bestAPFD:0.938636
bestSuite:1287,2460,2515,2545,111,2142,1331,1564,1401,2497,2644,2480,503

test suite258
bestAPFD:0.923153
bestSuite:1950,1651,1563,2513,2454,2578,2537,1778,2482

test suite259
bestAPFD:0.935447
bestSuite:1130,1569,1776,114,2457,1079,2579,2356,2404,1643,2473,2475

test suite260
bestAPFD:0.929624
bestSuite:2585,1557,2403,1403,1362,2464,2472,558,2475,726

test suite261
bestAPFD:0.936502
bestSuite:137,2396,1536,2528,2128,1557,1499,1398,2632,2486,2483,1824

test suite262
bestAPFD:0.933190
bestSuite:179,1824,2397,1403,2589,1584,1707,546,1568,1660,1985

test suite263
bestAPFD:0.928983
bestSuite:1218,106,1530,2452,2537,2369,2099,2535,2415,2518,2045

test suite264
bestAPFD:0.935231
bestSuite:2441,2482,1569,250,2550,225,931,2205,2496,2514,2394,1514

test suite265
bestAPFD:0.932874
bestSuite:1570,1832,2643,2457,1564,44,2117,1581,483,2480,568

test suite266
bestAPFD:0.937247
bestSuite:2608,2513,1571,2456,2245,1093,1934,1032,2404,2389,2501,2496

test suite267
bestAPFD:0.931260
bestSuite:908,2513,1531,2605,2523,2413,1133,760,2537,2510,2393

test suite268
bestAPFD:0.935076
bestSuite:154,1866,2540,1405,2445,2492,2397,1232,2403,1381,1031,341

test suite269
bestAPFD:0.937639
bestSuite:1891,1557,1683,2453,2378,2540,225,2074,2586,2475,1838,2388

test suite270
bestAPFD:0.926912
bestSuite:296,1561,2498,2458,2620,2471,2478,2409,1558

test suite271
bestAPFD:0.932428
bestSuite:2062,2503,2460,2549,144,2435,1052,2483,2588,2514,1631

test suite272
bestAPFD:0.930531
bestSuite:293,2514,1616,680,1404,1305,2436,2441,2502,2475

test suite273
bestAPFD:0.935746
bestSuite:46,2513,1865,2454,1563,2363,1539,337,1578,2389,2518,1985

test suite274
bestAPFD:0.936077
bestSuite:1917,2376,2461,2547,1904,1661,203,2121,2587,2514,1599,2510

test suite275
bestAPFD:0.932835
bestSuite:1892,1566,2514,198,2459,984,2640,1807,2377,2498,2510

test suite276
bestAPFD:0.931378
bestSuite:107,2498,2576,2525,2620,1077,2503,2389,1406,1567

test suite277
bestAPFD:0.930357
bestSuite:660,1631,2467,1404,2444,2397,243,1857,2503,2518

test suite278
bestAPFD:0.932185
bestSuite:1343,1670,26,2369,1405,2404,2421,1953,2486,1067,2396,1801

test suite279
bestAPFD:0.933334
bestSuite:2440,2466,1571,62,2527,2261,485,2230,2518,1569,2384

test suite280
bestAPFD:0.933364
bestSuite:854,1570,1401,2527,1701,2478,1968,65,2494,2518,2632

test suite281
bestAPFD:0.931902
bestSuite:215,2397,1560,2546,1225,1397,2632,2514,2511,2507

test suite282
bestAPFD:0.933147
bestSuite:16,2396,1666,2525,1067,2581,1570,1584,1807,1615,2486

test suite283
bestAPFD:0.928558
bestSuite:2642,2397,2485,2523,1127,289,1562,2540,1530,2503

test suite284
bestAPFD:0.932389
bestSuite:124,1643,2461,2523,1254,2492,2442,1853,2389,1475,1209

test suite285
bestAPFD:0.935225
bestSuite:2589,1564,2526,2430,2502,2443,2633,1442,2176,1567,1536,454

test suite286
bestAPFD:0.923214
bestSuite:2589,1780,2369,151,2523,1319,1565,2483,2396

test suite287
bestAPFD:0.934916
bestSuite:131,2498,1811,2454,801,457,2486,888,1402,2583,2509,1551

test suite288
bestAPFD:0.930969
bestSuite:2586,2467,2503,2522,1536,1299,2394,53,2510,1569

test suite289
bestAPFD:0.933527
bestSuite:2440,1582,1569,2575,2550,2120,1872,2507,2479,2396,2534

test suite290
bestAPFD:0.940710
bestSuite:1074,2466,1857,2628,2579,2548,2627,852,1531,2471,1501,2462,2388,1673

test suite291
bestAPFD:0.940316
bestSuite:1,1581,2478,2457,1191,1170,2413,2564,2010,2487,2388,1716,2481,1557

test suite292
bestAPFD:0.934700
bestSuite:105,2467,1566,2458,2640,1950,1988,2503,1567,2381,2369

test suite293
bestAPFD:0.934519
bestSuite:1934,1825,1557,2551,2336,1149,2492,869,1401,2406,1792

test suite294
bestAPFD:0.934575
bestSuite:1705,2471,2498,207,2552,2479,1298,2650,1568,2494,1531,1074

test suite295
bestAPFD:0.932229
bestSuite:2618,1570,2575,1682,764,2544,2478,2404,2626,2507,1764

test suite296
bestAPFD:0.929327
bestSuite:113,2467,2415,1571,2457,2583,2507,2621,1569,274

test suite297
bestAPFD:0.930860
bestSuite:79,2432,2502,1403,2440,1081,1554,2190,2396,2518

test suite298
bestAPFD:0.935472
bestSuite:839,2460,1531,2546,1931,19,2582,674,2404,2474,2489,2375

test suite299
bestAPFD:0.936242
bestSuite:2589,2513,2501,114,2527,1303,2463,2443,917,1565,530,2496,2330

test suite300
bestAPFD:0.935003
bestSuite:2064,1570,1571,2522,1741,822,2586,2475,2485,392,2473

test suite301
bestAPFD:0.923175
bestSuite:1105,1772,2498,2613,2550,1542,2168,2475,2486

test suite302
bestAPFD:0.937245
bestSuite:2608,2478,2471,2524,1579,622,609,2539,2649,1569,2371,1651

test suite303
bestAPFD:0.934315
bestSuite:1761,2460,1554,2452,1562,1769,1493,2478,2388,2475,2649

test suite304
bestAPFD:0.930848
bestSuite:2629,2493,2486,1404,257,908,1558,2483,2170,1569

test suite305
bestAPFD:0.930837
bestSuite:2618,2514,2508,1563,2552,940,236,2397,2492,1830,1007

test suite306
bestAPFD:0.930029
bestSuite:54,2476,2450,2458,33,1282,2471,2640,851,1563,2369

test suite307
bestAPFD:0.934229
bestSuite:253,2486,2434,2521,2620,1570,1497,2467,2518,2400,959

test suite308
bestAPFD:0.928428
bestSuite:2618,1581,1404,2502,208,1964,2404,2509,2477,2489

test suite309
bestAPFD:0.930668
bestSuite:119,1568,1602,2525,2446,2238,2285,2460,1798,2481

test suite310
bestAPFD:0.933484
bestSuite:2442,2461,1798,2549,2483,200,1020,2478,2497,1889,2407

test suite311
bestAPFD:0.925254
bestSuite:2589,1564,1581,2547,2557,289,2369,2479,2485

test suite312
bestAPFD:0.925631
bestSuite:102,1232,2434,2526,2462,1584,2643,1616,2474,2406,1246

test suite313
bestAPFD:0.934087
bestSuite:2182,1570,2517,2545,822,2649,2473,2403,2404,2518,10

test suite314
bestAPFD:0.931097
bestSuite:1572,2513,2525,2486,269,1321,2643,2518,1406

test suite315
bestAPFD:0.929879
bestSuite:2589,2467,1866,2453,282,1563,1258,1683,2413,2502

test suite316
bestAPFD:0.937941
bestSuite:2629,1582,2540,2458,469,1175,422,2216,2369,2404,2503,2416

test suite317
bestAPFD:0.923976
bestSuite:1689,1568,1643,2626,2454,2393,216,2481,2498

test suite318
bestAPFD:0.934661
bestSuite:2617,1568,1401,2549,2609,2471,2498,1127,2517,637,2507

test suite319
bestAPFD:0.925741
bestSuite:1242,2460,1661,2453,1842,2396,2475,2409,2640

test suite320
bestAPFD:0.932253
bestSuite:1699,1536,2540,57,2458,1832,759,2589,2474,2518,2513

test suite321
bestAPFD:0.932714
bestSuite:2468,1570,1798,2552,172,934,949,1631,1251,2486,2509

test suite322
bestAPFD:0.933794
bestSuite:2555,2464,1661,2549,714,2431,1082,190,2445,2518,1569

test suite323
bestAPFD:0.932173
bestSuite:1934,2513,1806,64,2549,767,2119,2537,1660,2509,854

test suite324
bestAPFD:0.930270
bestSuite:2360,1557,1663,2526,263,1563,2486,2501,1656,1545

test suite325
bestAPFD:0.926286
bestSuite:126,1569,2450,2548,2507,2445,2540,2477,2356

test suite326
bestAPFD:0.926575
bestSuite:8,1661,1568,2452,2441,2513,1330,1803,2510

test suite327
bestAPFD:0.939028
bestSuite:2642,2502,2451,2453,1453,1256,2596,2037,1024,1563,2503,2473,1851

test suite328
bestAPFD:0.934145
bestSuite:78,2407,2478,2522,1960,1021,2465,2436,2388,2510,2582

test suite329
bestAPFD:0.935536
bestSuite:2618,2540,1834,53,2552,650,2492,322,1350,1569,1522,1627

test suite330
bestAPFD:0.932795
bestSuite:1579,2384,2489,457,227,2524,2584,1574,1527,1795,2369,2475,754

test suite331
bestAPFD:0.928459
bestSuite:945,2462,1574,211,2550,2393,2478,1184,2581,2480

test suite332
bestAPFD:0.933410
bestSuite:2445,2482,1564,2551,1245,826,174,2498,2388,1807,2500

test suite333
bestAPFD:0.930076
bestSuite:105,1570,2368,2548,937,2486,2492,2121,1660,2095

test suite334
bestAPFD:0.930039
bestSuite:126,1581,2513,2452,2473,2518,2200,2504,2588,893

test suite335
bestAPFD:0.935937
bestSuite:2309,2464,1558,2447,2547,2461,10,1556,2404,1517,2503,1410

test suite336
bestAPFD:0.926019
bestSuite:844,2464,1578,2524,212,1825,2643,2502,2481

test suite337
bestAPFD:0.923497
bestSuite:2178,2369,129,2487,2525,2486,367,1583,2475

test suite338
bestAPFD:0.929191
bestSuite:677,2461,1578,1403,2586,2463,1808,13,2509,1326

test suite339
bestAPFD:0.933550
bestSuite:823,2375,1570,2522,2601,2480,2540,2388,1530,2535,170

test suite340
bestAPFD:0.927503
bestSuite:2636,1195,2471,1569,2523,2626,1531,2429,2479,2408,2466

test suite341
bestAPFD:0.930933
bestSuite:293,1406,1568,2546,2579,2513,1182,2388,2497,2118

test suite342
bestAPFD:0.929124
bestSuite:1570,204,2374,2548,203,2480,2632,2389,2503,2488

test suite343
bestAPFD:0.928568
bestSuite:2468,2489,1849,2454,193,1660,2496,817,1833,1569

test suite344
bestAPFD:0.927629
bestSuite:1991,2489,2503,2541,2578,2385,2388,2415,1569,2458

test suite345
bestAPFD:0.926922
bestSuite:2636,2465,1522,1726,2551,2473,2404,1769,2579,2518

test suite346
bestAPFD:0.930267
bestSuite:105,2493,1557,1404,2444,1582,221,1568,2510,770

test suite347
bestAPFD:0.928803
bestSuite:2145,2476,1581,2520,21,43,2389,1569,2481,1820

test suite348
bestAPFD:0.933517
bestSuite:2440,1570,2471,1840,2457,2641,1699,755,2537,1660,2479

test suite349
bestAPFD:0.929117
bestSuite:2442,1780,2478,274,1403,2130,1670,2492,1569,2054

test suite350
bestAPFD:0.932555
bestSuite:1091,2486,1663,1563,2457,1832,197,2514,2481,2462,604

test suite351
bestAPFD:0.938446
bestSuite:88,2580,1568,2547,1376,2411,307,1563,1541,2488,2397,2518,938

test suite352
bestAPFD:0.926711
bestSuite:2272,2460,1581,2527,2649,58,2473,2516,2480

test suite353
bestAPFD:0.934631
bestSuite:848,377,1778,2546,2537,2606,2649,225,367,1684,2388,2482,2451,2369

test suite354
bestAPFD:0.936526
bestSuite:91,2463,2495,2548,2586,92,895,1402,1279,2509,2369,1517

test suite355
bestAPFD:0.931386
bestSuite:180,2540,2497,2456,1805,2465,872,1402,2644,2409

test suite356
bestAPFD:0.933527
bestSuite:878,2461,2526,2395,1562,2581,76,2427,1574,2406,2507

test suite357
bestAPFD:0.930197
bestSuite:2622,1569,2434,1404,1343,2467,1616,970,2518,1077

test suite358
bestAPFD:0.930697
bestSuite:66,1564,2435,2545,164,2622,2475,1611,2483,2461

test suite359
bestAPFD:0.938073
bestSuite:34,2397,1794,2456,2413,2448,1012,465,2518,1671,2531,2503

test suite360
bestAPFD:0.932896
bestSuite:1999,2540,2410,250,1403,1343,2584,1683,2502,2518,1471

test suite361
bestAPFD:0.936831
bestSuite:1945,2461,1585,1403,2492,2233,2467,1482,2535,2477,2404,2635

test suite362
bestAPFD:0.933507
bestSuite:84,1566,2476,2547,1155,2446,1297,2377,1794,2369,1434

test suite363
bestAPFD:0.937290
bestSuite:84,1568,2497,2453,2445,99,441,2498,2409,2391,1530,1185

test suite364
bestAPFD:0.935087
bestSuite:1891,1577,2463,251,2524,2465,1728,2492,2493,1593,2377,2643

test suite365
bestAPFD:0.930750
bestSuite:58,2513,2495,2459,2488,2443,1748,2496,518,2463

test suite366
bestAPFD:0.933684
bestSuite:79,2482,2406,2452,1584,2498,622,2432,2399,2385,901

test suite367
bestAPFD:0.929779
bestSuite:56,1570,1663,2453,1562,2589,2585,217,2396,2501

test suite368
bestAPFD:0.926839
bestSuite:239,1564,1825,2452,2650,1520,2465,1401,2481

test suite369
bestAPFD:0.926613
bestSuite:180,2463,1810,2528,1563,1571,2474,2632,2498

test suite370
bestAPFD:0.936258
bestSuite:2647,1661,2553,2406,992,1886,2431,1584,2492,2513,2632,531

test suite371
bestAPFD:0.935301
bestSuite:31,1570,1824,2546,2314,1280,2583,2466,2409,2509,2385

test suite372
bestAPFD:0.920412
bestSuite:104,2502,1772,1403,2476,2409,900,2450

test suite373
bestAPFD:0.931634
bestSuite:2622,2501,2502,2553,1999,71,2537,1682,2482,2409

test suite374
bestAPFD:0.934425
bestSuite:986,2471,2467,146,1036,2578,2488,1437,2379,2518,2462,2525

test suite375
bestAPFD:0.937522
bestSuite:2443,2369,2497,24,2546,1341,860,480,1664,1536,2388,1778,2537

test suite376
bestAPFD:0.928936
bestSuite:2589,2396,2575,150,2452,2446,962,2397,1660,2388

test suite377
bestAPFD:0.939328
bestSuite:86,2449,2514,2547,2622,2252,2589,2085,1856,2515,2462,2409,1423

test suite378
bestAPFD:0.930055
bestSuite:791,2465,1514,2464,2544,2430,248,2483,2535,2496

test suite379
bestAPFD:0.928800
bestSuite:1011,2460,2368,1568,2524,217,1663,37,2481,2446

test suite380
bestAPFD:0.931804
bestSuite:1190,1631,2513,181,1405,1816,1740,2535,2068,2510,2531

test suite381
bestAPFD:0.917495
bestSuite:144,2502,1670,2545,2476,1563,1809,880

test suite382
bestAPFD:0.936982
bestSuite:2468,1557,1825,2546,939,1027,2268,2474,1571,273,2406,2509

test suite383
bestAPFD:0.934417
bestSuite:1254,2369,2482,2551,277,1985,1881,1806,2463,1988,2404,2385

test suite384
bestAPFD:0.934781
bestSuite:2445,1536,273,2462,2552,208,2377,776,2389,1898,2471,2412

test suite385
bestAPFD:0.930254
bestSuite:2128,1585,1570,2453,2482,175,2479,1586,2644,2489

test suite386
bestAPFD:0.931873
bestSuite:1562,2369,1536,2552,2589,1242,129,2411,929,2512,2466

test suite387
bestAPFD:0.935299
bestSuite:2622,2502,2503,1404,2095,2092,1840,46,2478,2480,1522

test suite388
bestAPFD:0.928244
bestSuite:2445,2502,1682,1563,2453,1827,2503,955,2514,754

test suite389
bestAPFD:0.932028
bestSuite:2446,2502,1546,14,2456,1029,2464,173,2429,2507,2494

test suite390
bestAPFD:0.922537
bestSuite:2090,2489,1325,2450,1563,2535,2481,1798,2369,2546

test suite391
bestAPFD:0.931006
bestSuite:2230,1570,1843,2550,2626,2540,169,2479,1566,2471

test suite392
bestAPFD:0.937475
bestSuite:1223,1564,1595,1116,730,1985,2410,294,535,2397,2481,511,1403

test suite393
bestAPFD:0.936654
bestSuite:88,2396,1577,1405,1389,2642,1106,1227,2490,1108,2496,2498

test suite394
bestAPFD:0.935366
bestSuite:121,2407,2513,2544,2411,2275,2374,1371,2537,2518,1679

test suite395
bestAPFD:0.930172
bestSuite:2642,2478,1683,2547,2270,2460,6,947,2518,2392

test suite396
bestAPFD:0.935724
bestSuite:252,2396,2451,1404,1985,1005,626,2487,2482,2507,2498

test suite397
bestAPFD:0.934327
bestSuite:1572,2498,2520,652,2188,2466,2587,2481,1406,1579

test suite398
bestAPFD:0.933625
bestSuite:17,2537,1810,2452,2642,735,832,2461,2479,2475,1643

test suite399
bestAPFD:0.938754
bestSuite:2617,2498,1683,2523,162,2273,872,2432,991,2389,2025,2377,2509

test suite400
bestAPFD:0.919914
bestSuite:209,2513,2494,1403,1583,2476,2492,1181,2024

test suite401
bestAPFD:0.935230
bestSuite:2444,2461,1565,2550,2393,225,2463,1901,912,2482,1955,2404

test suite402
bestAPFD:0.932453
bestSuite:2618,1810,2397,2639,1403,1280,2404,1651,2046,2478,2482

test suite403
bestAPFD:0.932249
bestSuite:2440,1569,1530,82,2553,2479,2481,301,94,2537,2408

test suite404
bestAPFD:0.930589
bestSuite:11,2380,1557,2525,2440,1584,2500,2396,2509,2272

test suite405
bestAPFD:0.936613
bestSuite:1,2489,1651,2453,2267,2445,2005,2350,2410,2492,2462,1584

test suite406
bestAPFD:0.930062
bestSuite:296,2467,1585,2526,2465,1563,2620,1491,2471,1973

test suite407
bestAPFD:0.932402
bestSuite:2214,1401,2463,130,2521,798,2178,2509,2393,1934,2462

test suite408
bestAPFD:0.928940
bestSuite:1976,2461,2505,1404,85,2463,1881,2486,2500,1562

test suite409
bestAPFD:0.935366
bestSuite:2442,1570,2575,2550,2343,600,1542,2478,2631,1196,2518,1293

test suite410
bestAPFD:0.927670
bestSuite:1201,2540,2636,2430,2544,1581,2440,2462,1922,2480

test suite411
bestAPFD:0.933621
bestSuite:2440,1557,1800,2521,2577,1595,1747,2028,1,2531,2510

test suite412
bestAPFD:0.929332
bestSuite:2579,2461,1616,1049,2547,2479,112,2396,2368,2509,668

test suite413
bestAPFD:0.929714
bestSuite:104,1810,1557,2528,1651,2444,1222,2482,1568,1579

test suite414
bestAPFD:0.930843
bestSuite:36,1569,2382,2552,2404,2476,70,2650,2531,2488

test suite415
bestAPFD:0.933225
bestSuite:2586,2467,2403,2458,2397,2007,207,2471,1806,1951,2479

test suite416
bestAPFD:0.938783
bestSuite:171,1824,2369,2520,1985,2122,2112,1652,2396,1522,2388,2475

test suite417
bestAPFD:0.936031
bestSuite:180,2521,1800,2473,2589,1348,1562,796,1107,505,1531,2513

test suite418
bestAPFD:0.935018
bestSuite:66,2489,2505,2459,1562,2442,2449,428,2513,2482,1627

test suite419
bestAPFD:0.931403
bestSuite:1985,2461,1558,2526,2613,1801,1172,2479,2514,2518

test suite420
bestAPFD:0.930267
bestSuite:124,2397,1530,2545,1568,1081,1064,2480,2504,2441

test suite421
bestAPFD:0.935234
bestSuite:2620,2513,2488,2476,2456,2166,1078,2628,1564,2377,1841,60

test suite422
bestAPFD:0.940261
bestSuite:1559,1570,1404,144,1584,1607,421,2643,2503,1801,2406,1310

test suite423
bestAPFD:0.933828
bestSuite:1971,1570,2495,2553,1683,117,1175,2411,2463,2377,2497

test suite424
bestAPFD:0.931056
bestSuite:16,1536,2406,2553,1926,2413,2498,1292,1824,2510

test suite425
bestAPFD:0.929526
bestSuite:2444,2462,1682,2530,1567,1901,2492,987,1568,1803,2523

test suite426
bestAPFD:0.926594
bestSuite:140,2498,2574,2525,548,2486,1406,1108,2481,2578

test suite427
bestAPFD:0.932696
bestSuite:2618,2433,2453,2397,282,2227,515,2407,2507,2514,1415

test suite428
bestAPFD:0.930186
bestSuite:2617,1666,1564,2523,819,205,1569,2589,2496,1800

test suite429
bestAPFD:0.928619
bestSuite:2157,2504,2465,2455,2488,2399,1568,200,2509,2646

test suite430
bestAPFD:0.935360
bestSuite:2442,1557,1577,2458,193,995,837,1852,2503,2510,2473

test suite431
bestAPFD:0.930715
bestSuite:97,2498,1578,2544,2343,779,2626,2531,2507,2505

test suite432
bestAPFD:0.930849
bestSuite:2586,1631,1569,106,1289,1890,890,1862,2475,2489,2522

test suite433
bestAPFD:0.932874
bestSuite:57,1557,2488,2526,1763,2583,2261,542,2476,1798,2507

test suite434
bestAPFD:0.932428
bestSuite:1934,1406,2540,147,2544,2509,943,1426,2369,199,2415

test suite435
bestAPFD:0.936866
bestSuite:86,1565,2537,1405,2301,2461,2443,1454,2377,2412,2507,1318

test suite436
bestAPFD:0.933172
bestSuite:1226,2433,2462,238,2457,1270,2413,1571,2396,2503,2481

test suite437
bestAPFD:0.934980
bestSuite:2442,1683,2476,62,2550,2474,1290,826,2093,2518,2513,2372

test suite438
bestAPFD:0.938233
bestSuite:2633,2498,1808,2521,1900,363,2340,2486,1013,2215,2535,1566,2409,2531

test suite439
bestAPFD:0.928406
bestSuite:2589,2487,2502,223,2545,379,2451,2492,2537,1165

test suite440
bestAPFD:0.931950
bestSuite:2225,1611,2537,1433,2604,2546,2535,1534,2475,2462,2504

test suite441
bestAPFD:0.935470
bestSuite:1748,1574,1564,2520,2584,1570,1903,1563,307,1336,2181,2481,1586

test suite442
bestAPFD:0.923642
bestSuite:2445,2463,2519,200,2526,655,2369,1574,2496

test suite443
bestAPFD:0.924675
bestSuite:2443,1564,1680,2521,1254,2480,2431,2397,1224

test suite444
bestAPFD:0.933086
bestSuite:1318,1558,2461,2453,1568,1267,224,2442,862,2481,2373

test suite445
bestAPFD:0.930979
bestSuite:257,2502,2495,2455,1573,2441,2404,2471,2531,1986

test suite446
bestAPFD:0.925779
bestSuite:2586,1557,1660,2521,755,1420,2476,2503,2483

test suite447
bestAPFD:0.926149
bestSuite:8,2466,2477,2458,2461,2015,1934,2508,2496

test suite448
bestAPFD:0.935730
bestSuite:1570,85,1574,2459,2447,1567,1964,408,291,2471,2381,2406

test suite449
bestAPFD:0.927893
bestSuite:692,1663,1568,207,2457,1816,745,2498,2509,2618

test suite450
bestAPFD:0.924974
bestSuite:880,2464,2434,2546,1585,2510,2462,35,2649

test suite451
bestAPFD:0.933611
bestSuite:2444,1582,2396,648,2455,2475,1286,528,2369,2384,131

test suite452
bestAPFD:0.930259
bestSuite:101,1402,2464,2549,2460,1176,1563,2382,2618,2510

test suite453
bestAPFD:0.925127
bestSuite:1321,1570,2416,2453,294,1583,2476,2496,2642

test suite454
bestAPFD:0.924206
bestSuite:237,2465,1850,2553,2475,2082,2476,1554,251

test suite455
bestAPFD:0.936040
bestSuite:293,2497,2406,2552,2328,2442,1997,1584,2460,1947,2414,2403

test suite456
bestAPFD:0.935565
bestSuite:903,2410,20,2540,2456,1899,2498,2443,1546,2071,2510,2503

test suite457
bestAPFD:0.929330
bestSuite:2335,1663,2498,289,2524,885,2650,2472,2475,2406

test suite458
bestAPFD:0.930337
bestSuite:2445,1564,1402,2525,277,2419,2512,2417,2502,2509

test suite459
bestAPFD:0.930031
bestSuite:8,2486,1663,2458,2413,2371,2479,1569,2286,898

test suite460
bestAPFD:0.930817
bestSuite:2647,2467,1776,2458,1985,2285,2461,1567,2482,1536

test suite461
bestAPFD:0.937795
bestSuite:1570,1666,2457,1800,29,157,2479,2487,273,2507,2489,2644

test suite462
bestAPFD:0.934618
bestSuite:2629,1557,2408,2522,1568,1651,2534,2503,1367,392,2404

test suite463
bestAPFD:0.926677
bestSuite:58,2465,2414,2545,1367,2481,2589,1401,2396

test suite464
bestAPFD:0.924633
bestSuite:2620,2502,1661,2526,2404,2269,2023,2381,2476

test suite465
bestAPFD:0.926874
bestSuite:101,2461,2374,2544,2442,2509,2142,2385,2473

test suite466
bestAPFD:0.925505
bestSuite:2084,2465,1666,2551,2482,2445,2389,1271,2388

test suite467
bestAPFD:0.926886
bestSuite:171,1663,2489,2455,2642,1861,2474,2513,2518

test suite468
bestAPFD:0.922868
bestSuite:2441,2403,6,2369,2545,2575,2531,2475,1114

test suite469
bestAPFD:0.925618
bestSuite:2263,1570,1832,2552,2581,1931,1401,2467,2496

test suite470
bestAPFD:0.928597
bestSuite:980,2513,2403,146,2547,1781,2540,2388,2518,2583

test suite471
bestAPFD:0.936706
bestSuite:619,2392,2461,2520,19,2389,2246,2626,189,481,2496,2451

test suite472
bestAPFD:0.931561
bestSuite:2190,1611,140,2513,2520,2399,2472,2478,2475,2377,1095

test suite473
bestAPFD:0.932559
bestSuite:1341,1666,2478,2524,284,1800,1533,2510,2581,2503,2369

test suite474
bestAPFD:0.933320
bestSuite:928,2464,2471,148,2522,1584,1844,1985,1670,1493,2498

test suite475
bestAPFD:0.929691
bestSuite:783,1582,2502,2523,1480,2641,2537,2431,2481,2581

test suite476
bestAPFD:0.928420
bestSuite:900,1798,2502,19,2552,2396,2411,1879,1683,2492

test suite477
bestAPFD:0.936911
bestSuite:70,2460,1818,2553,2617,966,1108,2492,2478,1663,2497,741

test suite478
bestAPFD:0.932591
bestSuite:2589,2461,2400,2526,2445,2062,2540,14,2479,2382,2223

test suite479
bestAPFD:0.934845
bestSuite:1572,2537,1403,169,2579,2483,2497,2508,2462,1363

test suite480
bestAPFD:0.930911
bestSuite:215,2378,2396,2528,821,2640,2462,2503,2377,1585

test suite481
bestAPFD:0.926498
bestSuite:252,1778,2502,2550,2586,2388,2467,2509,1582

test suite482
bestAPFD:0.931190
bestSuite:1395,1663,2460,1040,227,1724,2579,2410,2467,2483,2507,2524

test suite483
bestAPFD:0.929586
bestSuite:2588,2467,1631,840,2453,2397,2597,1584,2493,2471

test suite484
bestAPFD:0.935338
bestSuite:1932,2464,1843,109,2454,1557,2582,2258,2508,2509,1050,96

test suite485
bestAPFD:0.929226
bestSuite:1309,2513,2482,236,2544,2413,2540,2377,2380,1406

test suite486
bestAPFD:0.932945
bestSuite:2355,2402,1564,2548,2588,164,1567,2500,2369,2518,1289

test suite487
bestAPFD:0.927123
bestSuite:2589,2397,1577,209,2544,2389,2402,2483,2366,1264

test suite488
bestAPFD:0.936012
bestSuite:2622,1564,2394,2549,890,1492,2471,197,2513,2451,2481

test suite489
bestAPFD:0.934989
bestSuite:1985,2465,2435,2553,1478,2377,7,1358,2406,1522,2497

test suite490
bestAPFD:0.931434
bestSuite:1102,1570,1663,2522,2649,193,2506,2503,2473,2409

test suite491
bestAPFD:0.934769
bestSuite:2443,1557,1793,2453,120,1531,1382,836,2478,2471,2409

test suite492
bestAPFD:0.924838
bestSuite:1135,1595,2606,2540,2523,1043,2498,2643,2510,1817

test suite493
bestAPFD:0.933106
bestSuite:1934,2465,2371,2525,2396,1010,1542,131,594,2510,780

test suite494
bestAPFD:0.934402
bestSuite:2589,2465,1864,2544,770,1951,2578,65,2605,2537,1616,1579

test suite495
bestAPFD:0.924972
bestSuite:2441,2464,2449,2552,2461,601,2372,2613,2510

test suite496
bestAPFD:0.937992
bestSuite:56,2508,2369,2550,2366,2626,1418,591,2505,2518,2514,882

test suite497
bestAPFD:0.934790
bestSuite:2622,2482,1564,2548,1220,1906,164,2404,2369,2415,1536

test suite498
bestAPFD:0.935673
bestSuite:197,2513,1585,2520,2582,1600,2489,2001,2486,1865,2404,1992

test suite499
bestAPFD:0.932740
bestSuite:850,2466,1841,1563,2524,274,2413,1492,2492,2407,2369,1259

test suite500
bestAPFD:0.936546
bestSuite:1918,2502,1850,87,2521,1729,2537,2496,2385,2644,1679,395

