test suite1
bestAPFD:0.944242
bestSuite:2460,86,2388,1546,1820,151,1178,2523,2476,2467,2475

test suite2
bestAPFD:0.940000
bestSuite:2467,488,2502,163,101,2371,2511,2589,2550,2509

test suite3
bestAPFD:0.947778
bestSuite:1324,1569,1224,1567,2410,1643,2464,2546,2132,2481,287,2585

test suite4
bestAPFD:0.951905
bestSuite:1913,1564,1708,271,2330,1562,1851,2581,2454,37,2407,2460,2497,1779

test suite5
bestAPFD:0.941818
bestSuite:489,2462,2444,97,2492,2524,1772,728,2182,2403,2389

test suite6
bestAPFD:0.936667
bestSuite:1562,2461,2399,2527,203,263,2574,2510,1536,2464

test suite7
bestAPFD:0.940000
bestSuite:1099,1570,2478,2650,2453,2600,1825,1122,2480,2403

test suite8
bestAPFD:0.942424
bestSuite:1565,2604,980,2388,2513,2582,1404,2497,2434,1564,1162

test suite9
bestAPFD:0.945556
bestSuite:2409,1002,2526,2505,2593,2411,1569,25,2396,2471,2218,2488

test suite10
bestAPFD:0.948333
bestSuite:2502,2489,1567,1712,2444,2471,258,1852,1662,1660,2548,2077

test suite11
bestAPFD:0.931852
bestSuite:1120,2301,2462,2449,2481,2467,2617,2457,1866

test suite12
bestAPFD:0.945455
bestSuite:2377,187,1495,2531,2551,2413,2503,2513,296,1578,1857

test suite13
bestAPFD:0.955714
bestSuite:804,112,1798,2486,2535,2569,467,2526,2481,2035,1567,1661,1947,2513

test suite14
bestAPFD:0.940000
bestSuite:2480,2643,876,1242,2513,2435,2473,1574,1043,2551,297

test suite15
bestAPFD:0.948718
bestSuite:148,670,1631,2475,1564,2430,2545,416,1567,2411,2502,1437,1917

test suite16
bestAPFD:0.936667
bestSuite:288,2476,2544,1066,2388,945,1573,2399,2465,1861

test suite17
bestAPFD:0.941818
bestSuite:53,2476,1543,2382,2238,2455,2496,2468,1581,1208,2498

test suite18
bestAPFD:0.949524
bestSuite:1849,2437,2502,2579,1567,1723,857,2497,37,1320,423,2540,2407,2527

test suite19
bestAPFD:0.931333
bestSuite:2001,2381,37,2481,23,2462,2550,2540,1406,2447

test suite20
bestAPFD:0.944242
bestSuite:2489,2458,1038,1288,2465,97,1565,2373,2644,2497,2509

test suite21
bestAPFD:0.944848
bestSuite:2460,2540,2586,2528,2475,1188,689,1830,56,816,1402

test suite22
bestAPFD:0.952857
bestSuite:1345,2053,505,1514,2478,2629,2401,1570,2574,2526,2010,2156,98,2475

test suite23
bestAPFD:0.941818
bestSuite:1569,766,2468,1772,1073,186,2514,2547,2507,1611,2404

test suite24
bestAPFD:0.941818
bestSuite:453,1640,282,2547,2476,1585,1901,2518,2144,2461,2501

test suite25
bestAPFD:0.950952
bestSuite:1406,2510,2466,2288,2409,1175,46,507,2525,2579,2397,1924,527,1817

test suite26
bestAPFD:0.945455
bestSuite:2617,2489,2613,702,1651,2474,2481,208,1560,1557,2526

test suite27
bestAPFD:0.933333
bestSuite:2518,2431,1914,100,2454,2489,1574,2588,2498

test suite28
bestAPFD:0.947273
bestSuite:100,2460,2250,2497,1579,2468,2382,1403,1565,1345,2476

test suite29
bestAPFD:0.942424
bestSuite:1274,2056,1660,250,2475,2548,2585,2512,2464,2513,2202

test suite30
bestAPFD:0.946111
bestSuite:2457,1683,1567,1834,2462,2242,2337,2474,2531,1414,2618,107

test suite31
bestAPFD:0.942424
bestSuite:2496,688,1564,1124,2622,1585,1749,2462,2435,2527,224

test suite32
bestAPFD:0.936296
bestSuite:1536,2376,1963,180,2459,2486,2498,2507,2629

test suite33
bestAPFD:0.940000
bestSuite:2462,2101,2579,2275,44,1559,2475,2520,2389,1807

test suite34
bestAPFD:0.939333
bestSuite:56,1403,897,2369,2440,1571,946,2485,2481,2537

test suite35
bestAPFD:0.951429
bestSuite:600,1844,2448,1569,2475,2126,2444,1567,2545,649,182,2514,1027,424

test suite36
bestAPFD:0.937576
bestSuite:2535,2369,833,2628,2548,2483,1683,620,2492,1782,2514

test suite37
bestAPFD:0.948333
bestSuite:2064,2617,2528,2507,1564,2325,2460,1841,1582,2483,1494,27

test suite38
bestAPFD:0.948889
bestSuite:1524,2383,2551,2450,2503,2461,1584,77,2406,2585,1069,2326

test suite39
bestAPFD:0.945556
bestSuite:2460,1997,2628,2480,2503,2396,1963,1661,2580,2413,2037,2524

test suite40
bestAPFD:0.957619
bestSuite:2616,2388,2553,1402,1145,1298,2471,2463,189,1715,2461,2515,901,2584

test suite41
bestAPFD:0.951667
bestSuite:408,1065,2462,2477,1544,2617,1514,1281,2456,119,2507,2473

test suite42
bestAPFD:0.947879
bestSuite:2433,2461,1929,2455,2642,82,2497,1631,2377,2138,2473

test suite43
bestAPFD:0.941333
bestSuite:2489,2616,2481,2425,1387,2553,1565,2461,1806,2586

test suite44
bestAPFD:0.946667
bestSuite:1557,2002,2399,2606,1666,2384,2514,2497,1422,2481,2453

test suite45
bestAPFD:0.938667
bestSuite:1557,102,2475,2164,2525,2447,1666,1843,1944,2463

test suite46
bestAPFD:0.945000
bestSuite:1754,2534,2510,291,2537,2522,2585,1546,1562,2306,1569,1843

test suite47
bestAPFD:0.944242
bestSuite:1405,2450,645,2578,2366,1568,26,1579,2482,1810,2460

test suite48
bestAPFD:0.950556
bestSuite:1487,2236,2514,2397,2486,2477,1111,215,1934,2459,2388,2450

test suite49
bestAPFD:0.939333
bestSuite:2467,1569,2589,2553,2377,246,1530,118,1286,1797

test suite50
bestAPFD:0.940667
bestSuite:2589,1565,1817,2616,1584,2324,2471,2550,2463,1569

test suite51
bestAPFD:0.947222
bestSuite:1935,2385,5,52,1248,2594,2478,2375,2486,1569,1579,2551

test suite52
bestAPFD:0.948333
bestSuite:2510,287,2502,1843,2584,2545,1536,1678,2514,596,1991,1971

test suite53
bestAPFD:0.943889
bestSuite:2460,1800,761,2544,2464,261,2251,2507,1352,1566,2409,2582

test suite54
bestAPFD:0.944848
bestSuite:2581,2479,1569,2455,2589,2466,1565,206,2012,1367,1769

test suite55
bestAPFD:0.946667
bestSuite:2461,1584,2618,2496,2473,2453,859,111,2500,1806,1376

test suite56
bestAPFD:0.947222
bestSuite:2649,278,711,2457,1243,1797,2474,2404,2385,2489,2570,2502

test suite57
bestAPFD:0.942000
bestSuite:2476,2513,126,1985,2497,2516,2377,2236,1582,2549

test suite58
bestAPFD:0.952778
bestSuite:1,1819,1568,2194,2096,1611,1404,2535,2482,1569,1579,1944

test suite59
bestAPFD:0.946061
bestSuite:1563,1403,2478,2399,1661,1586,2460,1689,1797,2475,972

test suite60
bestAPFD:0.943030
bestSuite:2463,732,708,2384,2399,2452,37,2507,2500,2498,1130

test suite61
bestAPFD:0.946667
bestSuite:1563,126,2471,2397,814,2523,2468,1852,1546,2478,1508

test suite62
bestAPFD:0.943030
bestSuite:2497,720,1766,2434,1558,25,2455,2510,2397,2442,1568

test suite63
bestAPFD:0.934074
bestSuite:1934,1797,1573,871,2550,2473,2465,617,2480

test suite64
bestAPFD:0.943030
bestSuite:2437,1564,2583,236,1853,677,2511,1569,2480,2548,268

test suite65
bestAPFD:0.941212
bestSuite:986,2476,269,1584,934,1959,1814,1851,2458,1616,2498

test suite66
bestAPFD:0.941818
bestSuite:134,2504,2468,2474,1616,2462,969,2459,2531,2388,2190

test suite67
bestAPFD:0.940667
bestSuite:1586,2498,2626,2537,2549,96,1185,2471,2377,1651

test suite68
bestAPFD:0.938667
bestSuite:2113,2548,1522,1576,2531,1769,2518,2502,2444,923

test suite69
bestAPFD:0.947692
bestSuite:2503,492,502,1557,2644,2252,2605,2552,2000,1803,1559,2540,2388

test suite70
bestAPFD:0.935333
bestSuite:1571,2466,1579,2392,2589,2452,2411,932,2397,110

test suite71
bestAPFD:0.946061
bestSuite:2426,2620,2431,2498,1562,2464,44,2257,2482,1616,2521

test suite72
bestAPFD:0.939333
bestSuite:2622,279,2487,2509,1571,979,2461,2389,1403,1004

test suite73
bestAPFD:0.934444
bestSuite:2465,2463,2480,211,159,1947,2483,2579,2402,1680,1957,2524

test suite74
bestAPFD:0.950000
bestSuite:2589,133,2640,1564,2574,2498,1562,2523,1577,933,651,649

test suite75
bestAPFD:0.936667
bestSuite:2511,2433,2649,2160,2496,2389,2527,2498,2157,2628

test suite76
bestAPFD:0.942000
bestSuite:2475,469,1112,1568,2513,160,2453,2380,2617,1581

test suite77
bestAPFD:0.935333
bestSuite:2496,2432,2447,1579,2498,2552,2463,2633,1375,1401

test suite78
bestAPFD:0.946667
bestSuite:773,2399,2434,1579,2389,25,2589,628,1109,2462,1582,2522

test suite79
bestAPFD:0.936296
bestSuite:1574,1926,2462,2455,58,1580,2475,2486,443

test suite80
bestAPFD:0.938000
bestSuite:1091,1360,2636,2544,1293,2376,1584,1536,2486,2460

test suite81
bestAPFD:0.943030
bestSuite:2460,2475,902,2476,1682,173,2412,2328,2396,2550,2446

test suite82
bestAPFD:0.938667
bestSuite:14,2481,2644,1380,2514,1816,1581,860,2498,2527

test suite83
bestAPFD:0.952778
bestSuite:17,2159,1716,115,2458,633,1559,2476,2430,2498,2406,2404

test suite84
bestAPFD:0.930370
bestSuite:123,2540,1631,1569,2328,2581,2496,2380,2459

test suite85
bestAPFD:0.923077
bestSuite:2553,2435,1506,1385,2503,2638,2509,1962,1444,1554,2643,2389,2397

test suite86
bestAPFD:0.947778
bestSuite:1702,2379,2499,735,1660,2461,2409,2537,68,2518,2447,2524

test suite87
bestAPFD:0.946667
bestSuite:1570,2480,32,2426,2578,144,1530,2099,2506,2524,2503,2389

test suite88
bestAPFD:0.943636
bestSuite:98,2509,2498,1794,2514,2128,1201,1542,2582,1563,2458

test suite89
bestAPFD:0.939333
bestSuite:635,1666,1032,2467,2492,2455,2460,2586,2606,1778

test suite90
bestAPFD:0.938000
bestSuite:880,1907,1769,2489,1569,2589,2453,1530,11,1567

test suite91
bestAPFD:0.942667
bestSuite:124,2461,1661,2009,2474,2548,2626,1567,2463,1851

test suite92
bestAPFD:0.946061
bestSuite:1908,2296,38,2461,2488,2507,1862,183,1403,2478,2583

test suite93
bestAPFD:0.951111
bestSuite:2492,1190,260,2640,2550,2500,338,2392,2478,342,1267,1569

test suite94
bestAPFD:0.942424
bestSuite:1563,2500,788,2496,2553,2543,2582,2397,2476,346,1560

test suite95
bestAPFD:0.948333
bestSuite:1574,261,2473,2381,2502,1906,2545,2649,1940,1305,1668,2475

test suite96
bestAPFD:0.944848
bestSuite:2582,1943,2526,2473,2518,2589,2465,1757,2433,1558,2616

test suite97
bestAPFD:0.936296
bestSuite:1557,79,2549,2463,2503,2373,1567,2620,2400

test suite98
bestAPFD:0.939333
bestSuite:2460,1568,2404,2480,2380,1153,2547,2444,165,1680

test suite99
bestAPFD:0.953333
bestSuite:2465,75,1934,1085,2466,1559,2471,1865,2599,2546,1153,2483

test suite100
bestAPFD:0.933333
bestSuite:2468,2464,1832,2481,1682,2263,2458,160,1570

test suite101
bestAPFD:0.938000
bestSuite:2476,243,2642,2461,2409,2241,2497,139,1531,1403

test suite102
bestAPFD:0.951111
bestSuite:910,2389,2474,2502,2546,186,1567,2181,1476,2385,2586,1780

test suite103
bestAPFD:0.940667
bestSuite:2620,2489,1570,1582,2503,2409,1680,1405,2381,1979

test suite104
bestAPFD:0.942667
bestSuite:86,1573,2404,2435,2537,2442,2522,2513,2518,2159

test suite105
bestAPFD:0.947273
bestSuite:2513,2503,2377,2443,2031,2398,2406,238,928,1559,2547

test suite106
bestAPFD:0.952821
bestSuite:18,2474,2582,2540,2154,1584,1447,1164,1557,1819,1575,2455,1858

test suite107
bestAPFD:0.928889
bestSuite:2003,1403,2475,240,2473,1843,2442,2498,1611

test suite108
bestAPFD:0.928148
bestSuite:1661,224,2501,2406,2518,2227,2460,2521,2399

test suite109
bestAPFD:0.948333
bestSuite:2369,788,1583,286,2589,2617,2406,1337,1841,2545,1835,2388

test suite110
bestAPFD:0.936000
bestSuite:972,2540,1560,2399,2528,1571,2503,42,2510,1557

test suite111
bestAPFD:0.938000
bestSuite:2138,2544,2492,2498,2468,2589,1841,232,2464,1531

test suite112
bestAPFD:0.932593
bestSuite:2291,2513,2485,2466,2510,2524,2411,208,1536

test suite113
bestAPFD:0.944103
bestSuite:2170,1584,2216,2520,2340,2460,2635,2440,2416,1939,2451,2537,2475

test suite114
bestAPFD:0.945000
bestSuite:37,2540,1570,2506,1058,649,2400,1404,1584,2620,196,2497

test suite115
bestAPFD:0.938667
bestSuite:2446,2471,2458,206,2479,2275,2511,2502,672,2396

test suite116
bestAPFD:0.923333
bestSuite:1610,2629,1568,2369,2522,1841,2639,2507,1584,1661

test suite117
bestAPFD:0.948718
bestSuite:2445,2615,2299,1290,2465,2476,1562,1666,2553,2537,2506,1451,2470

test suite118
bestAPFD:0.954359
bestSuite:1564,2578,2388,171,1346,1266,1834,1581,2452,2387,573,2503,2513

test suite119
bestAPFD:0.938667
bestSuite:2488,1384,962,160,2443,1579,1808,2486,1569,2452

test suite120
bestAPFD:0.932000
bestSuite:2496,2649,1568,53,2502,2516,2471,1554,2528,4

test suite121
bestAPFD:0.940667
bestSuite:1584,1857,2551,2537,2486,1557,2240,2400,2586,218

test suite122
bestAPFD:0.944242
bestSuite:1934,2377,2461,1108,1841,2480,1873,2547,2473,58,1565

test suite123
bestAPFD:0.944848
bestSuite:2369,1159,1781,2649,2046,2481,2514,743,91,1536,2453

test suite124
bestAPFD:0.938788
bestSuite:2477,2482,2440,2466,518,1651,2509,1435,31,2456,2369

test suite125
bestAPFD:0.939333
bestSuite:1616,80,2040,2589,2446,2527,2493,2480,2466,2513

test suite126
bestAPFD:0.936970
bestSuite:2481,1720,2513,2544,1135,2508,701,203,1851,2537,2644

test suite127
bestAPFD:0.946111
bestSuite:1561,1980,1529,2473,2404,2579,1226,2462,1531,2518,2456,680

test suite128
bestAPFD:0.942000
bestSuite:126,2174,2252,2550,2445,2376,1546,2463,2513,2496

test suite129
bestAPFD:0.951282
bestSuite:2587,2540,1690,147,1437,173,1583,2528,1277,2462,1830,1562,2486

test suite130
bestAPFD:0.944242
bestSuite:2269,1817,2498,2476,2521,1402,1985,201,2388,2482,1162

test suite131
bestAPFD:0.930370
bestSuite:2540,2413,2452,2624,1304,1557,1660,2496,2372

test suite132
bestAPFD:0.940606
bestSuite:1584,1724,1570,2534,2525,2588,2282,1651,2494,2540,2509

test suite133
bestAPFD:0.938000
bestSuite:2404,1878,1403,2514,80,2642,2461,2495,2403,2509

test suite134
bestAPFD:0.949444
bestSuite:2523,2442,2387,202,2511,662,2460,2473,1453,957,1820,2480

test suite135
bestAPFD:0.948718
bestSuite:213,2485,2524,2463,436,274,1238,954,2513,2480,2446,1651,2483

test suite136
bestAPFD:0.944848
bestSuite:1574,2498,2377,1199,2458,2497,2412,1366,2467,2642,72

test suite137
bestAPFD:0.924167
bestSuite:1563,2486,2436,2511,2283,2545,2465,164

test suite138
bestAPFD:0.942667
bestSuite:1386,2526,1562,2650,1564,2475,2384,2511,253,2460

test suite139
bestAPFD:0.945000
bestSuite:2452,2519,2189,24,674,1564,2475,2581,569,1557,2100,2400

test suite140
bestAPFD:0.952778
bestSuite:2650,2416,2492,1575,2336,107,1023,1557,952,2467,2521,464

test suite141
bestAPFD:0.946667
bestSuite:2589,2553,1810,239,1564,1554,2496,2359,2460,684,2632

test suite142
bestAPFD:0.944000
bestSuite:2621,1834,2607,1405,2589,1012,1569,2509,1559,2478

test suite143
bestAPFD:0.952222
bestSuite:1564,2385,2586,2159,2482,1325,1569,36,2212,2330,1584,2520

test suite144
bestAPFD:0.944848
bestSuite:1570,2376,2133,2400,2581,2388,133,2503,1301,2467,2546

test suite145
bestAPFD:0.942000
bestSuite:1564,239,2551,2380,2518,2397,2325,1530,1934,2409

test suite146
bestAPFD:0.934000
bestSuite:1753,1563,2513,1934,2509,1586,1663,635,1564,2456

test suite147
bestAPFD:0.946061
bestSuite:1573,2395,130,2460,2537,1370,2589,2546,2643,923,2483

test suite148
bestAPFD:0.954359
bestSuite:1563,2385,1209,321,572,2476,1403,240,1832,2461,39,2441,1176

test suite149
bestAPFD:0.937037
bestSuite:2617,2406,1682,1820,2510,36,1570,2457,861

test suite150
bestAPFD:0.942424
bestSuite:2583,1365,2527,129,272,2478,2507,2383,2403,2471,2397

test suite151
bestAPFD:0.948205
bestSuite:2212,2496,1569,2540,2523,2579,1140,2382,1413,1049,2448,2503,179

test suite152
bestAPFD:0.941818
bestSuite:1036,755,1569,1840,2467,2581,1404,2377,1651,175,2480

test suite153
bestAPFD:0.947222
bestSuite:2465,2480,2522,1576,2403,1200,2483,1283,72,2466,2440,961

test suite154
bestAPFD:0.928889
bestSuite:1557,283,2483,2389,2516,2547,2441,2474,1514

test suite155
bestAPFD:0.948889
bestSuite:923,2466,1573,1769,172,1567,2457,2617,808,2460,2518,1710

test suite156
bestAPFD:0.939394
bestSuite:2581,930,2489,2492,1830,2298,1577,889,202,1569,2550

test suite157
bestAPFD:0.937576
bestSuite:391,2473,2518,1862,1577,2333,2626,287,793,2548,2498

test suite158
bestAPFD:0.928889
bestSuite:2521,1542,211,2586,2509,2502,2487,2464,203

test suite159
bestAPFD:0.950556
bestSuite:2411,2474,2466,1818,2507,147,2206,724,2551,2247,2461,1578

test suite160
bestAPFD:0.946061
bestSuite:1071,2151,777,2480,2540,1581,2620,2526,1560,296,2513

test suite161
bestAPFD:0.944444
bestSuite:983,1573,711,1657,2397,2624,2473,2457,2302,2582,2481,2394

test suite162
bestAPFD:0.936000
bestSuite:1717,2447,1806,2500,2502,2603,2540,2481,335,2452

test suite163
bestAPFD:0.946667
bestSuite:445,989,1661,2410,2545,1191,2507,116,2498,2632,2467

test suite164
bestAPFD:0.937333
bestSuite:2513,2406,2587,2518,944,195,1824,2483,2403,1404

test suite165
bestAPFD:0.931111
bestSuite:932,2389,2475,2511,1576,2587,2462,1013,2524

test suite166
bestAPFD:0.929630
bestSuite:1557,2455,53,2463,1682,2375,284,2510,2583

test suite167
bestAPFD:0.935556
bestSuite:2486,2457,1569,253,2507,2449,885,1793,1868

test suite168
bestAPFD:0.947692
bestSuite:771,1666,1890,381,1569,2510,1865,83,2540,2582,1493,275,2453

test suite169
bestAPFD:0.940000
bestSuite:2461,84,1584,1680,2512,2489,2589,2413,2459,1892

test suite170
bestAPFD:0.943636
bestSuite:1595,2460,2406,972,1562,2482,2444,2548,1778,924,205

test suite171
bestAPFD:0.929167
bestSuite:1568,2397,1782,2441,296,1402,2475,2525

test suite172
bestAPFD:0.940000
bestSuite:1727,1520,601,1663,77,2463,2369,2477,2444,2481,2456

test suite173
bestAPFD:0.938667
bestSuite:2404,2448,1832,2462,2481,275,856,1568,2618,2552

test suite174
bestAPFD:0.944444
bestSuite:979,1940,2462,2546,2377,1721,1406,177,2516,2411,2478,2482

test suite175
bestAPFD:0.937037
bestSuite:2522,1122,2509,2617,2414,181,2397,2467,1663

test suite176
bestAPFD:0.927333
bestSuite:2530,576,2486,1803,217,1660,172,2475,2458,2465

test suite177
bestAPFD:0.946061
bestSuite:2482,2483,2557,347,148,2500,1570,2406,2440,2519,2457

test suite178
bestAPFD:0.942424
bestSuite:1644,2492,2457,227,1562,2411,2106,1568,2343,2513,2375

test suite179
bestAPFD:0.934000
bestSuite:1455,1401,783,2411,2486,250,1800,2518,2502,2521

test suite180
bestAPFD:0.946061
bestSuite:244,2408,1699,156,2396,2400,2588,2553,2397,2497,2510

test suite181
bestAPFD:0.943636
bestSuite:2200,729,2465,2478,2507,2482,1406,2640,2546,279,2401

test suite182
bestAPFD:0.943636
bestSuite:2581,1562,1644,898,1306,1568,2480,2544,2465,2393,243

test suite183
bestAPFD:0.943636
bestSuite:1401,2646,2481,2463,2513,2222,683,35,2443,2527,1849

test suite184
bestAPFD:0.923333
bestSuite:867,1825,2465,2632,2528,1563,1568,1573,2509,2600

test suite185
bestAPFD:0.942667
bestSuite:2462,137,2481,1862,2489,1578,2642,2377,2171,2458

test suite186
bestAPFD:0.940667
bestSuite:1934,1565,1570,2537,2073,148,2475,2395,2528,2235

test suite187
bestAPFD:0.939333
bestSuite:666,1850,913,2389,2526,2445,2502,2475,1536,89

test suite188
bestAPFD:0.942667
bestSuite:383,2447,2531,2455,1670,814,2462,121,2510,2482

test suite189
bestAPFD:0.941212
bestSuite:2513,2396,1579,2500,702,2501,1768,13,2474,2547,2584

test suite190
bestAPFD:0.945455
bestSuite:1335,274,2531,1182,1404,2413,2498,2574,2409,1578,2476

test suite191
bestAPFD:0.940606
bestSuite:2603,2496,2460,2486,1666,295,925,2583,2485,2546,1173

test suite192
bestAPFD:0.951667
bestSuite:2236,253,2391,2520,2471,2462,346,1120,2389,1514,2483,2535

test suite193
bestAPFD:0.942000
bestSuite:860,1579,2503,2534,2465,2588,2552,2495,2463,1571

test suite194
bestAPFD:0.940667
bestSuite:2460,2521,2611,1303,2404,1575,2463,1832,2503,2626

test suite195
bestAPFD:0.948889
bestSuite:2514,18,953,563,2588,1857,2496,1401,2454,1416,2513,2172

test suite196
bestAPFD:0.935556
bestSuite:1567,100,2452,1661,2650,2507,2461,1564,2376

test suite197
bestAPFD:0.929630
bestSuite:183,2577,1557,2475,2643,2464,1406,2375,1405

test suite198
bestAPFD:0.940000
bestSuite:1663,2471,268,2553,238,1568,1562,2643,2124,1569,1824

test suite199
bestAPFD:0.934815
bestSuite:2397,2531,2483,2617,1578,2348,2410,2474,2459

test suite200
bestAPFD:0.944242
bestSuite:1530,2629,2606,432,1564,624,1843,2520,2498,1382,2510

test suite201
bestAPFD:0.925185
bestSuite:2545,839,2580,2486,2377,2488,2502,2639,2579

test suite202
bestAPFD:0.951667
bestSuite:2476,2462,2025,2582,1564,1682,1567,2313,513,2553,2616,1809

test suite203
bestAPFD:0.947222
bestSuite:2483,2514,457,1249,2447,2048,2528,1569,85,1514,2471,1561

test suite204
bestAPFD:0.945556
bestSuite:2447,2436,2510,294,2498,2377,842,2396,2524,901,1571,242

test suite205
bestAPFD:0.939333
bestSuite:2051,2481,1585,2478,2411,2505,1014,25,2455,2369

test suite206
bestAPFD:0.937333
bestSuite:2385,1851,2389,1252,1934,2397,2524,691,2480,2615

test suite207
bestAPFD:0.935152
bestSuite:1077,1563,2471,1726,2396,2513,1666,2549,726,172,2644

test suite208
bestAPFD:0.946061
bestSuite:58,517,2497,1167,2389,2461,1402,2414,2447,2492,2522

test suite209
bestAPFD:0.939394
bestSuite:2408,1079,2444,2464,1666,2481,2624,950,2589,2553,2462

test suite210
bestAPFD:0.934074
bestSuite:2048,1554,1897,1570,2535,2473,2475,2410,2524

test suite211
bestAPFD:0.944848
bestSuite:2479,2465,2476,1574,1201,1781,201,2640,2459,969,1564

test suite212
bestAPFD:0.938000
bestSuite:1864,2478,2285,2640,149,2513,2509,2455,2479,2407

test suite213
bestAPFD:0.947273
bestSuite:2369,2496,2467,1885,1401,68,554,1404,2399,2430,2554

test suite214
bestAPFD:0.939333
bestSuite:2513,2589,1584,2514,103,1708,1451,1670,2485,2550

test suite215
bestAPFD:0.943333
bestSuite:919,1557,2380,2476,123,2522,1578,2622,2481,1847

test suite216
bestAPFD:0.943030
bestSuite:1960,2553,1670,2502,1827,1498,2443,152,2507,2540,178

test suite217
bestAPFD:0.946061
bestSuite:1864,2544,2489,2606,1934,2281,1164,1914,2475,1522,2513

test suite218
bestAPFD:0.941818
bestSuite:2468,1782,73,1671,2047,2507,2514,2483,2502,2459,2450

test suite219
bestAPFD:0.946061
bestSuite:2430,2478,88,2409,2579,2474,1570,949,902,1643,2452

test suite220
bestAPFD:0.944444
bestSuite:2103,953,2502,1464,198,2640,1661,2521,2131,2507,2486,1862

test suite221
bestAPFD:0.940000
bestSuite:2413,1576,14,2397,2531,1644,2510,2482,871,2458

test suite222
bestAPFD:0.942000
bestSuite:2397,2179,1584,1522,2626,2474,555,1403,2464,1818

test suite223
bestAPFD:0.943889
bestSuite:2526,2584,2486,758,2144,583,1826,1853,1565,57,2397,2475

test suite224
bestAPFD:0.948333
bestSuite:1474,89,1557,2452,174,2466,2480,2447,2497,1595,1576,155

test suite225
bestAPFD:0.943030
bestSuite:327,2482,1811,2498,2452,2540,2444,1704,2388,256,1558

test suite226
bestAPFD:0.947273
bestSuite:1562,1564,2461,2525,1576,2589,942,1565,765,2588,2641

test suite227
bestAPFD:0.934000
bestSuite:2464,1557,2480,37,1960,1578,2393,1562,2459,2413

test suite228
bestAPFD:0.940000
bestSuite:1572,2511,2377,2486,2498,2234,2473,1794,2544

test suite229
bestAPFD:0.932000
bestSuite:1131,2476,2462,1567,27,1411,1395,2458,1616,2378

test suite230
bestAPFD:0.943636
bestSuite:2082,1578,2603,2525,1579,2474,2007,2476,2485,2397,2620

test suite231
bestAPFD:0.945455
bestSuite:2409,2432,2534,2051,1571,2626,2467,1557,2553,2492,2219

test suite232
bestAPFD:0.944444
bestSuite:2433,553,107,2489,2503,2448,1569,2549,2443,1590,1037,2409

test suite233
bestAPFD:0.946061
bestSuite:1866,2369,2471,1151,2550,2464,1631,2510,2643,208,1647

test suite234
bestAPFD:0.944242
bestSuite:2369,2552,1402,89,2516,2586,1310,2482,2531,727,1562

test suite235
bestAPFD:0.941212
bestSuite:2601,997,2153,1651,2644,2481,2388,2516,2520,2513,2478

test suite236
bestAPFD:0.935333
bestSuite:2346,2460,156,2507,2576,2581,2454,896,2511,2537

test suite237
bestAPFD:0.933333
bestSuite:2453,2461,2478,2640,2509,2613,1292,2408,1574

test suite238
bestAPFD:0.943636
bestSuite:1403,85,1569,1316,2500,2409,2503,2464,2412,2559,2447

test suite239
bestAPFD:0.943030
bestSuite:147,2397,2537,2497,2472,2129,2156,1522,2622,2524,2388

test suite240
bestAPFD:0.951111
bestSuite:1165,2618,353,1522,1844,511,2549,70,2268,850,2389,325,2409,2460,2486

test suite241
bestAPFD:0.941111
bestSuite:2520,1974,2475,2473,54,2369,1644,2445,1035,2412,1241,2030

test suite242
bestAPFD:0.944848
bestSuite:1616,179,2463,341,2509,2414,1344,1569,2553,1450,2644

test suite243
bestAPFD:0.940606
bestSuite:2640,1573,2369,2481,1125,1817,937,256,2406,1404,2217

test suite244
bestAPFD:0.941333
bestSuite:2444,1196,706,2526,2465,2489,21,1827,2510,2511

test suite245
bestAPFD:0.949444
bestSuite:1769,713,19,1231,977,2527,2537,2503,2481,2444,1643,1570

test suite246
bestAPFD:0.937333
bestSuite:150,2473,1404,2409,1342,2507,1570,1934,2511,1842

test suite247
bestAPFD:0.938667
bestSuite:1571,2273,1557,123,2505,849,2521,2489,2440,2480

test suite248
bestAPFD:0.936000
bestSuite:1153,1861,2411,2527,2407,2518,64,225,2478,2460

test suite249
bestAPFD:0.943889
bestSuite:2492,916,2503,2473,2443,2088,2526,2449,2306,1569,2371,2606

test suite250
bestAPFD:0.938788
bestSuite:2531,181,1583,2369,959,2025,1782,1562,2632,2527,2474

test suite251
bestAPFD:0.943333
bestSuite:1406,58,2540,2392,1257,2447,2460,932,2509,1404

test suite252
bestAPFD:0.941667
bestSuite:486,1586,2411,1563,2451,2406,2369,2028,2528,71,2482,807

test suite253
bestAPFD:0.950556
bestSuite:1548,2234,1830,2461,2632,1089,116,2486,767,2528,2480,2385

test suite254
bestAPFD:0.949231
bestSuite:2471,2131,1579,2473,2500,2582,182,425,2460,2550,2398,2036,48

test suite255
bestAPFD:0.945128
bestSuite:2473,2474,2579,1026,1401,2210,1864,1833,1219,1584,2498,2520,226

test suite256
bestAPFD:0.946667
bestSuite:2492,1643,2398,1985,1569,2540,1228,1483,2479,2544,2536,809

test suite257
bestAPFD:0.937949
bestSuite:111,2644,1331,1287,1401,1564,2460,503,2545,2142,2480,2515,2497

test suite258
bestAPFD:0.929630
bestSuite:2537,2578,1651,1778,2513,2482,2454,1563,1950

test suite259
bestAPFD:0.942222
bestSuite:1130,1079,1569,1643,1776,2475,2404,2579,114,2457,2473,2356

test suite260
bestAPFD:0.940000
bestSuite:2585,2403,1557,2475,2464,1403,2472,1362,558,726

test suite261
bestAPFD:0.943889
bestSuite:1398,2528,2632,1557,137,2486,2128,1824,1499,2396,2483,1536

test suite262
bestAPFD:0.944242
bestSuite:1568,1584,2397,1660,1707,1403,179,1985,546,2589,1824

test suite263
bestAPFD:0.942424
bestSuite:106,2537,2535,2415,2369,1218,2045,2518,1530,2099,2452

test suite264
bestAPFD:0.948333
bestSuite:225,2482,2441,1514,2514,2205,931,1569,2550,250,2394,2496

test suite265
bestAPFD:0.935152
bestSuite:2643,1581,2480,1570,1832,568,2117,483,2457,1564,44

test suite266
bestAPFD:0.950556
bestSuite:2404,1571,2496,2513,1934,2501,2608,2456,1032,1093,2245,2389

test suite267
bestAPFD:0.944848
bestSuite:1133,2510,2413,908,2523,760,2513,1531,2537,2605,2393

test suite268
bestAPFD:0.950556
bestSuite:341,1031,2445,1381,2492,154,2397,1405,1866,2403,2540,1232

test suite269
bestAPFD:0.945556
bestSuite:2074,1683,225,2388,2586,1557,2453,2378,1891,2475,2540,1838

test suite270
bestAPFD:0.934074
bestSuite:2458,2471,2498,2409,2620,2478,1558,1561,296

test suite271
bestAPFD:0.944848
bestSuite:2483,1631,1052,2588,2503,2435,2549,2514,2062,144,2460

test suite272
bestAPFD:0.942000
bestSuite:293,2475,1305,2441,2502,2436,680,1616,1404,2514

test suite273
bestAPFD:0.945000
bestSuite:2389,2518,1539,2363,337,1985,1563,2513,46,2454,1578,1865

test suite274
bestAPFD:0.946111
bestSuite:1904,1661,1917,2510,2376,2461,2514,2587,2121,203,1599,2547

test suite275
bestAPFD:0.941212
bestSuite:1892,2640,984,1807,2514,2498,1566,2377,2459,2510,198

test suite276
bestAPFD:0.940667
bestSuite:2620,2576,107,2498,1077,2389,2503,2525,1567,1406

test suite277
bestAPFD:0.932000
bestSuite:2467,2518,1857,1631,1404,2444,660,2503,243,2397

test suite278
bestAPFD:0.946667
bestSuite:2486,26,1405,2369,1067,1801,1953,2421,1343,2396,2404,1670

test suite279
bestAPFD:0.946061
bestSuite:2230,2261,1569,2440,1571,485,2384,2527,2466,62,2518

test suite280
bestAPFD:0.944242
bestSuite:1570,1968,2494,1401,2518,65,2527,2632,854,1701,2478

test suite281
bestAPFD:0.943333
bestSuite:1397,215,2546,2514,2397,1225,2632,1560,2511,2507

test suite282
bestAPFD:0.944242
bestSuite:1615,1666,16,1067,2581,2396,1570,2525,1807,2486,1584

test suite283
bestAPFD:0.940000
bestSuite:289,1127,2642,2485,1562,2397,2523,2503,1530,2540

test suite284
bestAPFD:0.941212
bestSuite:1643,1209,2442,1853,124,2492,2523,1254,1475,2389,2461

test suite285
bestAPFD:0.951111
bestSuite:1564,2430,2589,2633,2526,2176,1536,1567,454,2502,1442,2443

test suite286
bestAPFD:0.931852
bestSuite:2396,2589,1319,2369,2483,151,1780,1565,2523

test suite287
bestAPFD:0.947222
bestSuite:2486,888,1402,2498,2583,1811,1551,801,131,2454,2509,457

test suite288
bestAPFD:0.942000
bestSuite:1299,2586,1569,2522,53,2467,2510,2503,2394,1536

test suite289
bestAPFD:0.946667
bestSuite:2550,1569,2534,1872,2120,2396,2440,2507,2575,2479,1582

test suite290
bestAPFD:0.953333
bestSuite:2471,2388,1673,2462,2627,1531,2628,1074,1857,2579,2548,2466,852,1501

test suite291
bestAPFD:0.957619
bestSuite:1191,1557,2413,2564,2388,1716,2010,1,2457,1581,2487,2478,1170,2481

test suite292
bestAPFD:0.944848
bestSuite:2467,1988,1567,2640,2381,1950,2503,105,1566,2369,2458

test suite293
bestAPFD:0.946061
bestSuite:1792,2492,1934,2336,1825,2551,1401,1557,869,2406,1149

test suite294
bestAPFD:0.945556
bestSuite:2650,1298,1074,1531,1568,1705,2552,2498,2471,2494,2479,207

test suite295
bestAPFD:0.947273
bestSuite:1682,2478,1570,2618,764,1764,2544,2626,2575,2507,2404

test suite296
bestAPFD:0.939333
bestSuite:2621,113,1571,274,2583,2457,2507,2467,2415,1569

test suite297
bestAPFD:0.940667
bestSuite:1403,2440,1081,79,2518,1554,2396,2432,2190,2502

test suite298
bestAPFD:0.948333
bestSuite:2546,2489,1931,839,2375,19,2460,2404,2582,2474,674,1531

test suite299
bestAPFD:0.952821
bestSuite:2589,114,1303,2496,917,2330,1565,2463,2443,2513,2527,530,2501

test suite300
bestAPFD:0.946061
bestSuite:1571,2522,1570,2473,2064,392,1741,822,2586,2475,2485

test suite301
bestAPFD:0.930370
bestSuite:2475,1772,2486,1105,2168,1542,2613,2550,2498

test suite302
bestAPFD:0.947222
bestSuite:2649,2471,2524,1579,2539,2608,2478,1569,2371,1651,609,622

test suite303
bestAPFD:0.947273
bestSuite:1761,2460,2475,2388,1562,1493,2649,2478,1554,1769,2452

test suite304
bestAPFD:0.938000
bestSuite:1558,908,2493,1569,2170,2629,2486,257,1404,2483

test suite305
bestAPFD:0.939394
bestSuite:236,940,2514,2552,2492,2508,2397,2618,1563,1007,1830

test suite306
bestAPFD:0.937576
bestSuite:1563,851,33,2369,2640,2458,54,1282,2450,2476,2471

test suite307
bestAPFD:0.947879
bestSuite:2434,1497,2620,1570,2486,959,253,2400,2467,2521,2518

test suite308
bestAPFD:0.938667
bestSuite:208,1581,2618,2477,2502,2404,1964,1404,2509,2489

test suite309
bestAPFD:0.942667
bestSuite:119,2460,2285,1602,1798,1568,2525,2446,2481,2238

test suite310
bestAPFD:0.946061
bestSuite:2483,1020,2478,200,2407,2442,1889,2549,2497,1798,2461

test suite311
bestAPFD:0.925185
bestSuite:2485,2589,1581,1564,2557,289,2479,2369,2547

test suite312
bestAPFD:0.939394
bestSuite:102,2462,1246,1232,2474,2406,1584,2434,2643,1616,2526

test suite313
bestAPFD:0.938182
bestSuite:2404,822,2473,2517,2545,2182,1570,10,2649,2518,2403

test suite314
bestAPFD:0.940741
bestSuite:2525,1572,1406,2643,2513,2518,269,1321,2486

test suite315
bestAPFD:0.941333
bestSuite:2413,1563,1258,1683,2467,1866,282,2589,2453,2502

test suite316
bestAPFD:0.938333
bestSuite:2216,2458,469,2503,1175,2416,1582,422,2404,2540,2369,2629

test suite317
bestAPFD:0.933333
bestSuite:1689,216,1643,2498,2393,2454,1568,2481,2626

test suite318
bestAPFD:0.948485
bestSuite:2617,2507,2498,2517,2549,637,2609,2471,1127,1401,1568

test suite319
bestAPFD:0.932593
bestSuite:2640,2460,1661,1242,2453,1842,2396,2475,2409

test suite320
bestAPFD:0.942424
bestSuite:57,2540,759,1536,2589,2474,2458,2513,2518,1699,1832

test suite321
bestAPFD:0.946061
bestSuite:1251,1631,949,2509,2552,934,1798,2486,172,1570,2468

test suite322
bestAPFD:0.946061
bestSuite:2431,1082,2555,2549,1569,190,714,2518,1661,2464,2445

test suite323
bestAPFD:0.940000
bestSuite:2549,2537,64,2119,2513,854,1934,767,1660,1806,2509

test suite324
bestAPFD:0.935333
bestSuite:1663,2526,1545,2486,263,2501,1656,1563,1557,2360

test suite325
bestAPFD:0.936296
bestSuite:1569,2450,2548,2356,2445,126,2540,2477,2507

test suite326
bestAPFD:0.936296
bestSuite:1661,8,1330,2513,2510,1803,2452,1568,2441

test suite327
bestAPFD:0.952821
bestSuite:1256,1563,2037,2453,2503,2642,2473,2596,2451,1024,2502,1851,1453

test suite328
bestAPFD:0.944242
bestSuite:1960,2436,1021,2465,2582,2522,78,2388,2407,2510,2478

test suite329
bestAPFD:0.948333
bestSuite:1569,2618,53,2552,1350,322,1627,2492,2540,1522,1834,650

test suite330
bestAPFD:0.943590
bestSuite:2384,457,227,754,2584,1795,2475,1574,2489,1579,2369,1527,2524

test suite331
bestAPFD:0.928000
bestSuite:2393,2478,211,2462,2550,1574,1184,2581,945,2480

test suite332
bestAPFD:0.943636
bestSuite:2445,174,2388,1245,2482,2498,1564,826,2500,1807,2551

test suite333
bestAPFD:0.942667
bestSuite:2486,2368,1660,1570,2492,2095,2548,2121,105,937

test suite334
bestAPFD:0.942000
bestSuite:1581,893,2473,2504,2513,2588,126,2200,2518,2452

test suite335
bestAPFD:0.950556
bestSuite:2447,1558,1410,2404,2464,1517,1556,2309,2461,10,2547,2503

test suite336
bestAPFD:0.931852
bestSuite:2464,2643,1578,844,2502,2481,212,1825,2524

test suite337
bestAPFD:0.931852
bestSuite:367,129,2178,2475,2369,1583,2525,2486,2487

test suite338
bestAPFD:0.937333
bestSuite:2461,2586,677,2509,13,1808,1326,1578,1403,2463

test suite339
bestAPFD:0.940000
bestSuite:2540,2388,2535,823,1530,170,2601,1570,2480,2375,2522

test suite340
bestAPFD:0.938788
bestSuite:2636,1569,2429,2408,2626,2479,2471,2523,2466,1195,1531

test suite341
bestAPFD:0.942667
bestSuite:2579,2388,1182,2118,293,2513,1568,1406,2497,2546

test suite342
bestAPFD:0.937333
bestSuite:203,2548,2632,2503,2480,1570,2488,204,2374,2389

test suite343
bestAPFD:0.934000
bestSuite:1833,1569,2489,193,2468,1849,1660,2496,817,2454

test suite344
bestAPFD:0.938667
bestSuite:2385,2578,2503,2489,1991,2458,2541,2388,2415,1569

test suite345
bestAPFD:0.934000
bestSuite:1769,2473,2465,1726,2518,1522,2579,2636,2404,2551

test suite346
bestAPFD:0.941333
bestSuite:2444,770,221,1582,2510,2493,1557,1568,105,1404

test suite347
bestAPFD:0.939333
bestSuite:2476,21,43,2520,2481,2145,1581,1569,2389,1820

test suite348
bestAPFD:0.946061
bestSuite:2440,755,1570,2641,1840,2479,1699,2457,2537,2471,1660

test suite349
bestAPFD:0.940667
bestSuite:2054,2130,1403,2492,2442,1780,1670,1569,274,2478

test suite350
bestAPFD:0.942424
bestSuite:604,1091,1832,1563,2457,197,2462,2514,2486,2481,1663

test suite351
bestAPFD:0.947692
bestSuite:1376,2411,1563,1541,88,1568,2488,2518,307,2397,938,2547,2580

test suite352
bestAPFD:0.937037
bestSuite:2649,1581,2272,2480,2527,58,2473,2516,2460

test suite353
bestAPFD:0.943810
bestSuite:2482,225,2369,2451,848,2546,2606,367,2537,1778,2388,2649,1684,377

test suite354
bestAPFD:0.946111
bestSuite:92,895,2548,2509,91,1517,2586,2369,1402,2463,2495,1279

test suite355
bestAPFD:0.942667
bestSuite:180,2644,1402,2456,1805,2409,2497,2465,2540,872

test suite356
bestAPFD:0.946061
bestSuite:2581,76,878,2461,2406,2427,2395,1574,1562,2526,2507

test suite357
bestAPFD:0.940667
bestSuite:2622,1569,2467,2434,1077,1616,1343,1404,970,2518

test suite358
bestAPFD:0.941333
bestSuite:2622,2475,2483,2461,2435,66,1611,1564,2545,164

test suite359
bestAPFD:0.951111
bestSuite:2397,34,2413,2503,1794,2448,1012,465,2456,2531,2518,1671

test suite360
bestAPFD:0.941818
bestSuite:1343,1403,2518,1683,1999,1471,2502,250,2584,2410,2540

test suite361
bestAPFD:0.950556
bestSuite:2467,2477,1585,1403,2404,2492,2233,1482,1945,2535,2461,2635

test suite362
bestAPFD:0.944242
bestSuite:2446,1794,84,1297,2476,1566,2547,1434,2369,1155,2377

test suite363
bestAPFD:0.946111
bestSuite:2409,2497,2391,1530,99,1568,1185,84,2453,2445,2498,441

test suite364
bestAPFD:0.946667
bestSuite:2643,1891,2465,1728,2463,2493,1593,2377,2524,1577,251,2492

test suite365
bestAPFD:0.942667
bestSuite:58,2488,2513,518,2443,2495,1748,2496,2463,2459

test suite366
bestAPFD:0.947879
bestSuite:2385,622,2452,2406,2498,2399,2432,79,2482,1584,901

test suite367
bestAPFD:0.938000
bestSuite:2589,2453,2396,1570,2585,56,217,1663,2501,1562

test suite368
bestAPFD:0.936296
bestSuite:1825,2465,1564,1520,239,2481,1401,2452,2650

test suite369
bestAPFD:0.933333
bestSuite:2474,1563,1810,2528,1571,2632,2498,180,2463

test suite370
bestAPFD:0.952222
bestSuite:2431,2406,531,2513,1584,2647,2553,992,2632,1661,1886,2492

test suite371
bestAPFD:0.947879
bestSuite:2583,2466,1570,31,1280,2509,1824,2409,2314,2546,2385

test suite372
bestAPFD:0.923333
bestSuite:2409,2502,2476,104,2450,900,1403,1772

test suite373
bestAPFD:0.942667
bestSuite:1999,2622,2553,2502,2501,2537,71,2409,2482,1682

test suite374
bestAPFD:0.945000
bestSuite:146,1036,986,2488,2518,1437,2379,2471,2467,2462,2525,2578

test suite375
bestAPFD:0.952308
bestSuite:860,1536,2369,1341,2537,2388,24,1664,480,2497,2443,2546,1778

test suite376
bestAPFD:0.936667
bestSuite:2575,962,2589,2446,150,1660,2397,2396,2388,2452

test suite377
bestAPFD:0.950256
bestSuite:2085,86,1856,2449,2462,2547,2409,2252,2515,1423,2514,2589,2622

test suite378
bestAPFD:0.940667
bestSuite:2544,791,2496,2464,248,1514,2465,2430,2535,2483

test suite379
bestAPFD:0.940667
bestSuite:1011,2368,1568,2460,217,37,2524,2446,1663,2481

test suite380
bestAPFD:0.934545
bestSuite:1740,1816,181,2513,1631,2510,2531,1405,2535,1190,2068

test suite381
bestAPFD:0.926667
bestSuite:2476,1563,2502,880,144,1670,2545,1809

test suite382
bestAPFD:0.950000
bestSuite:939,2268,1825,1571,2546,273,2474,1027,2468,2509,1557,2406

test suite383
bestAPFD:0.948333
bestSuite:2463,1985,2551,2482,1988,277,2369,2385,1881,1254,2404,1806

test suite384
bestAPFD:0.933333
bestSuite:2377,208,1536,1898,2552,2445,2462,2389,2412,273,2471,776

test suite385
bestAPFD:0.938000
bestSuite:2489,2482,1585,2128,2479,2453,1570,2644,175,1586

test suite386
bestAPFD:0.943636
bestSuite:2589,1536,2512,1562,129,2369,2552,1242,2411,929,2466

test suite387
bestAPFD:0.947879
bestSuite:2622,2095,2502,1404,2503,2478,1522,46,2480,2092,1840

test suite388
bestAPFD:0.936667
bestSuite:754,1827,2503,1563,2445,2453,2514,1682,955,2502

test suite389
bestAPFD:0.942424
bestSuite:1546,2507,2429,2456,1029,173,14,2464,2446,2502,2494

test suite390
bestAPFD:0.935333
bestSuite:1563,1798,2090,2546,2369,2489,2450,1325,2535,2481

test suite391
bestAPFD:0.938667
bestSuite:2479,1570,2230,2626,1843,2540,169,1566,2550,2471

test suite392
bestAPFD:0.954359
bestSuite:1223,1595,2481,2397,730,1116,1564,294,2410,1403,1985,535,511

test suite393
bestAPFD:0.948889
bestSuite:88,2490,2396,1106,1577,2496,2498,1108,2642,1227,1405,1389

test suite394
bestAPFD:0.948485
bestSuite:1371,2518,2407,2513,2275,2411,2537,2544,121,2374,1679

test suite395
bestAPFD:0.936667
bestSuite:1683,6,2518,947,2642,2547,2460,2392,2478,2270

test suite396
bestAPFD:0.943030
bestSuite:626,2487,1985,2482,2507,1404,1005,2396,252,2498,2451

test suite397
bestAPFD:0.944000
bestSuite:652,2466,2188,2587,2481,2498,1579,1572,2520,1406

test suite398
bestAPFD:0.942424
bestSuite:735,2461,17,832,2475,2537,2479,1810,1643,2642,2452

test suite399
bestAPFD:0.953846
bestSuite:872,2523,2498,2432,2389,2273,2025,991,2509,2377,162,1683,2617

test suite400
bestAPFD:0.928148
bestSuite:209,2513,1181,2492,1403,1583,2476,2024,2494

test suite401
bestAPFD:0.948333
bestSuite:2461,2463,1565,225,2444,1955,2482,2550,2404,1901,2393,912

test suite402
bestAPFD:0.942424
bestSuite:2639,2618,2397,2482,2404,1810,2046,1280,2478,1403,1651

test suite403
bestAPFD:0.938182
bestSuite:1530,2408,94,301,2537,2479,2481,1569,2553,2440,82

test suite404
bestAPFD:0.943333
bestSuite:1557,11,2500,2380,1584,2525,2396,2440,2509,2272

test suite405
bestAPFD:0.943889
bestSuite:2462,2445,1584,2350,2453,2410,2489,1,2267,2005,2492,1651

test suite406
bestAPFD:0.942000
bestSuite:2471,2465,1491,1585,2467,1973,2620,1563,296,2526

test suite407
bestAPFD:0.939394
bestSuite:2178,798,2463,2214,2521,1934,1401,2393,2509,2462,130

test suite408
bestAPFD:0.940000
bestSuite:1881,1404,2461,1976,2486,2463,1562,2505,2500,85

test suite409
bestAPFD:0.948333
bestSuite:2343,2550,2631,1196,1293,600,2575,2518,2478,1570,2442,1542

test suite410
bestAPFD:0.940000
bestSuite:1581,1922,2636,1201,2540,2440,2462,2430,2544,2480

test suite411
bestAPFD:0.948485
bestSuite:1747,1557,2531,2521,2440,1,2577,1800,2028,2510,1595

test suite412
bestAPFD:0.940000
bestSuite:2579,2461,668,2368,1049,112,2479,1616,2547,2396,2509

test suite413
bestAPFD:0.937333
bestSuite:1222,1557,1568,1651,2444,104,2482,1810,2528,1579

test suite414
bestAPFD:0.942667
bestSuite:2488,2404,36,1569,2650,70,2476,2382,2531,2552

test suite415
bestAPFD:0.946061
bestSuite:2479,1806,2467,2471,2458,2397,2007,207,2586,2403,1951

test suite416
bestAPFD:0.947222
bestSuite:2112,2475,2520,171,2369,2396,1985,1824,2122,1652,1522,2388

test suite417
bestAPFD:0.952222
bestSuite:1107,2473,2513,1562,1531,180,2589,505,1348,1800,2521,796

test suite418
bestAPFD:0.946667
bestSuite:1627,2459,2489,66,1562,2513,428,2442,2482,2449,2505

test suite419
bestAPFD:0.939333
bestSuite:1172,2514,2613,1985,1558,1801,2461,2526,2479,2518

test suite420
bestAPFD:0.942667
bestSuite:124,1530,2480,2441,1568,2545,2397,1064,1081,2504

test suite421
bestAPFD:0.947778
bestSuite:2476,2488,1564,2377,1078,60,1841,2166,2456,2620,2513,2628

test suite422
bestAPFD:0.953333
bestSuite:1584,1404,421,2503,1559,1801,2406,1570,144,1607,1310,2643

test suite423
bestAPFD:0.940000
bestSuite:1971,2377,2495,2463,2497,117,1683,1175,2553,2411,1570

test suite424
bestAPFD:0.938667
bestSuite:2498,2510,2406,2413,1824,16,1292,1536,1926,2553

test suite425
bestAPFD:0.940606
bestSuite:2530,2523,1568,987,1682,1567,2462,2492,2444,1803,1901

test suite426
bestAPFD:0.934000
bestSuite:1108,2486,2498,140,2578,2574,548,1406,2525,2481

test suite427
bestAPFD:0.942424
bestSuite:2618,2397,2433,1415,2514,282,2507,2453,2407,515,2227

test suite428
bestAPFD:0.938000
bestSuite:205,1666,1564,2617,2496,1800,2589,1569,819,2523

test suite429
bestAPFD:0.940667
bestSuite:200,2504,2455,2465,2646,2157,2509,2399,2488,1568

test suite430
bestAPFD:0.941818
bestSuite:2503,2473,1557,2442,995,2458,193,837,1577,2510,1852

test suite431
bestAPFD:0.938667
bestSuite:2343,2544,779,2507,1578,97,2626,2531,2498,2505

test suite432
bestAPFD:0.940606
bestSuite:1862,2522,106,1289,1569,1631,2475,2586,2489,1890,890

test suite433
bestAPFD:0.943030
bestSuite:2476,542,2507,2526,1763,1557,2261,1798,57,2583,2488

test suite434
bestAPFD:0.942424
bestSuite:1406,943,2509,1934,199,2415,2540,2544,1426,147,2369

test suite435
bestAPFD:0.952778
bestSuite:1405,1454,1318,2507,2301,2537,2412,2443,2377,1565,86,2461

test suite436
bestAPFD:0.942424
bestSuite:2413,238,1226,1270,2503,2462,1571,2481,2433,2457,2396

test suite437
bestAPFD:0.949444
bestSuite:2442,826,2476,2513,2474,2372,2518,1290,62,1683,2093,2550

test suite438
bestAPFD:0.948095
bestSuite:1013,2409,1900,1566,363,2215,2486,2535,1808,2531,2633,2498,2521,2340

test suite439
bestAPFD:0.938667
bestSuite:2502,223,2537,2451,2589,2545,379,2487,2492,1165

test suite440
bestAPFD:0.937576
bestSuite:2475,2604,2546,1433,2225,2462,2504,1611,2537,1534,2535

test suite441
bestAPFD:0.950256
bestSuite:1903,1748,307,2481,1570,2520,1563,1586,2181,1336,1574,2584,1564

test suite442
bestAPFD:0.932593
bestSuite:2463,2445,1574,2519,655,2496,2369,2526,200

test suite443
bestAPFD:0.935556
bestSuite:1564,1224,2443,1254,2431,1680,2397,2480,2521

test suite444
bestAPFD:0.947273
bestSuite:862,1267,224,2453,2373,1318,2461,2481,1568,1558,2442

test suite445
bestAPFD:0.939333
bestSuite:2531,2495,2455,2441,257,2404,1573,1986,2502,2471

test suite446
bestAPFD:0.933333
bestSuite:1557,2483,2503,1660,2521,755,2476,2586,1420

test suite447
bestAPFD:0.931111
bestSuite:2015,2508,8,2466,1934,2461,2496,2458,2477

test suite448
bestAPFD:0.944444
bestSuite:1567,85,2406,1964,2471,1574,2381,1570,408,2447,291,2459

test suite449
bestAPFD:0.932000
bestSuite:2618,1663,1816,692,745,2509,207,2498,1568,2457

test suite450
bestAPFD:0.928889
bestSuite:2510,1585,2462,2464,2546,2649,880,35,2434

test suite451
bestAPFD:0.946667
bestSuite:2444,1582,2369,2396,648,1286,528,131,2384,2455,2475

test suite452
bestAPFD:0.941333
bestSuite:2618,101,2464,1563,2510,1402,2382,1176,2549,2460

test suite453
bestAPFD:0.931852
bestSuite:2476,1583,1321,2416,1570,294,2453,2642,2496

test suite454
bestAPFD:0.933333
bestSuite:2465,237,2476,251,1554,2082,2475,1850,2553

test suite455
bestAPFD:0.950556
bestSuite:2552,1584,2414,2328,2442,1997,2460,2406,1947,293,2403,2497

test suite456
bestAPFD:0.946667
bestSuite:2498,2503,1546,20,2071,1899,2443,2510,2456,2410,2540,903

test suite457
bestAPFD:0.939333
bestSuite:2524,885,2335,2498,289,2650,1663,2472,2406,2475

test suite458
bestAPFD:0.939333
bestSuite:2502,2512,2509,1564,277,2445,2525,2419,1402,2417

test suite459
bestAPFD:0.935333
bestSuite:2413,2286,2479,8,2371,1569,1663,2486,898,2458

test suite460
bestAPFD:0.943333
bestSuite:2285,1776,2647,1985,1567,1536,2458,2482,2461,2467

test suite461
bestAPFD:0.950000
bestSuite:1666,29,2487,1570,273,1800,157,2479,2507,2489,2457,2644

test suite462
bestAPFD:0.948485
bestSuite:2503,2522,2629,1568,1651,2534,1557,2404,2408,392,1367

test suite463
bestAPFD:0.935556
bestSuite:2414,1401,2396,2465,2589,2481,58,1367,2545

test suite464
bestAPFD:0.934074
bestSuite:2023,2526,2269,2381,1661,2476,2620,2404,2502

test suite465
bestAPFD:0.934815
bestSuite:2461,2544,101,2142,2374,2509,2442,2473,2385

test suite466
bestAPFD:0.936296
bestSuite:2389,2482,1666,2084,2551,1271,2465,2388,2445

test suite467
bestAPFD:0.933333
bestSuite:2642,171,1663,2455,1861,2474,2518,2513,2489

test suite468
bestAPFD:0.930370
bestSuite:1114,2369,6,2545,2531,2575,2441,2475,2403

test suite469
bestAPFD:0.933333
bestSuite:2552,2263,1931,2467,1832,2581,2496,1570,1401

test suite470
bestAPFD:0.938000
bestSuite:2518,980,2403,146,2513,2388,2540,1781,2547,2583

test suite471
bestAPFD:0.948333
bestSuite:2389,619,2461,2451,481,2392,2626,189,19,2246,2496,2520

test suite472
bestAPFD:0.938788
bestSuite:1095,2399,2472,2377,2478,2190,1611,2475,2520,140,2513

test suite473
bestAPFD:0.941212
bestSuite:2478,2510,2581,1800,1341,1666,2503,284,2369,2524,1533

test suite474
bestAPFD:0.947879
bestSuite:2471,148,928,2498,1985,1493,2522,1584,1844,2464,1670

test suite475
bestAPFD:0.939333
bestSuite:2431,783,2481,2523,2537,2502,1480,2641,1582,2581

test suite476
bestAPFD:0.932000
bestSuite:2411,1798,1879,1683,900,2396,2552,2502,19,2492

test suite477
bestAPFD:0.949444
bestSuite:2460,1108,2617,1818,966,2497,741,2553,70,1663,2478,2492

test suite478
bestAPFD:0.946667
bestSuite:2223,2445,2400,14,2461,2062,2540,2479,2589,2382,2526

test suite479
bestAPFD:0.945333
bestSuite:1403,2462,1572,2497,1363,2537,169,2508,2483,2579

test suite480
bestAPFD:0.938000
bestSuite:2640,2528,2462,215,2377,2396,2503,1585,2378,821

test suite481
bestAPFD:0.937037
bestSuite:252,2509,2550,2388,2467,1778,2586,2502,1582

test suite482
bestAPFD:0.940556
bestSuite:227,1040,2467,2507,2579,1724,2460,1395,2410,2483,1663,2524

test suite483
bestAPFD:0.940667
bestSuite:840,2467,1584,2397,2471,2597,1631,2588,2453,2493

test suite484
bestAPFD:0.949444
bestSuite:2582,1843,1932,109,2509,2464,96,1050,1557,2258,2454,2508

test suite485
bestAPFD:0.939333
bestSuite:2540,236,2482,1309,2380,2544,2377,1406,2513,2413

test suite486
bestAPFD:0.944242
bestSuite:1289,1567,164,2402,1564,2369,2588,2500,2518,2355,2548

test suite487
bestAPFD:0.940667
bestSuite:1577,2589,2483,1264,2389,2366,2402,209,2544,2397

test suite488
bestAPFD:0.946061
bestSuite:197,2513,2471,2394,1492,2451,1564,890,2481,2549,2622

test suite489
bestAPFD:0.943030
bestSuite:7,2553,2377,1985,1522,1478,1358,2465,2435,2497,2406

test suite490
bestAPFD:0.941333
bestSuite:2473,2503,1663,2522,193,2649,1570,2506,2409,1102

test suite491
bestAPFD:0.939394
bestSuite:2471,1557,1793,120,2478,1531,2443,2409,2453,1382,836

test suite492
bestAPFD:0.936000
bestSuite:1817,2510,2540,1135,2606,2523,1595,1043,2643,2498

test suite493
bestAPFD:0.940000
bestSuite:2371,780,1010,2465,2525,1542,594,2510,2396,1934,131

test suite494
bestAPFD:0.948333
bestSuite:2589,1579,770,2578,65,1864,1951,1616,2465,2605,2544,2537

test suite495
bestAPFD:0.934074
bestSuite:601,2510,2449,2441,2372,2613,2461,2464,2552

test suite496
bestAPFD:0.941111
bestSuite:591,2505,2366,2508,56,1418,2514,2626,2369,2518,2550,882

test suite497
bestAPFD:0.947879
bestSuite:2415,1564,164,2622,2369,2404,1220,1536,2482,1906,2548

test suite498
bestAPFD:0.943889
bestSuite:2404,197,2486,1600,1585,2582,2001,2513,1992,1865,2489,2520

test suite499
bestAPFD:0.938889
bestSuite:1563,1492,1259,2466,2369,274,850,2524,2492,2413,1841,2407

test suite500
bestAPFD:0.947778
bestSuite:2502,1850,2537,87,2521,2496,2385,1729,1918,2644,395,1679

