test suite1
bestAPFD:0.841275
bestSuite:12986,4782,9441,11883,10743,13393,12464,12229,8278,2587,2901,5111,10938,8754,8221,1207,8495,8316,3866,4592

test suite2
bestAPFD:0.866975
bestSuite:2101,11807,10475,6332,11970,3579,2285,2175,11717,804,8754,13505,13195,1816,7971,10110,12197,8210,13155,2018

test suite3
bestAPFD:0.899048
bestSuite:5913,11627,9727,1569,5283,7346,856,1852,12227,9243,8104,2062,12758,1412,9032,7544,5749,12011,7596,2192

test suite4
bestAPFD:0.881426
bestSuite:12234,6669,8439,3509,4468,912,11344,4175,8082,4278,5504,3865,263,9509,149,3534,293,5664,12457,5739

test suite5
bestAPFD:0.856663
bestSuite:6494,7061,9507,8336,12663,187,2123,1237,12294,7873,9839,13277,2519,12504,11688,3592,9319,9452,8537,7059

test suite6
bestAPFD:0.880022
bestSuite:4143,12402,7598,4284,9077,11009,922,949,5042,10640,392,10748,3650,2534,9488,5367,10477,13257,7050,30

test suite7
bestAPFD:0.887008
bestSuite:4530,3934,13469,1444,13325,5057,2589,7363,7080,12700,980,13117,7400,10274,10725,4834,8631,3739,4593,5499

test suite8
bestAPFD:0.881080
bestSuite:11849,1540,2802,2739,4785,13292,8984,1993,11495,7889,11674,1098,6001,7444,7410,6245,7725,12618,128,10175

test suite9
bestAPFD:0.869678
bestSuite:1699,10853,434,3034,12833,8585,6092,13281,11926,11504,3238,6101,9607,9305,1575,3850,5123,12897,4942,6486

test suite10
bestAPFD:0.886111
bestSuite:3371,4409,4913,10113,5989,10972,11854,9581,7081,9022,1382,12516,6321,10365,8997,6084,7906,7596,10755,8391

test suite11
bestAPFD:0.885275
bestSuite:3227,10699,6567,4902,3688,4148,7316,2865,10780,8440,20,11137,2463,10823,8160,5414,11424,10760,9543,8896

test suite12
bestAPFD:0.862757
bestSuite:4560,6547,2837,6948,12517,10381,6897,7794,10256,5126,284,12379,5112,3082,2166,9056,12866,1554,10542,7689

test suite13
bestAPFD:0.876992
bestSuite:6230,5496,8594,6505,11563,7227,9840,12369,5630,3902,4549,8207,12651,3949,3295,9964,6762,11784,12813,5857

test suite14
bestAPFD:0.872132
bestSuite:13284,2719,5865,6196,4531,11141,236,6435,1017,12818,12920,6712,11437,6956,5378,605,11005,3885,4719,1755

test suite15
bestAPFD:0.877101
bestSuite:663,10187,1710,9910,11741,8691,3572,4445,9710,5577,10114,671,10720,6829,4250,12634,12109,10478,13145,561

test suite16
bestAPFD:0.872536
bestSuite:1594,4918,5082,12441,9299,1217,8714,572,77,4182,10747,4301,3213,7359,1475,1468,3354,7083,1135,13117

test suite17
bestAPFD:0.877511
bestSuite:11943,924,2443,1701,9373,40,2587,13002,5586,4932,5517,6659,5470,4080,352,10776,7568,11516,12550,9351

test suite18
bestAPFD:0.892916
bestSuite:2366,2412,212,6074,2040,13448,12413,9004,4236,5021,8066,9583,10918,868,7921,10777,11785,9208,8297,477

test suite19
bestAPFD:0.893757
bestSuite:3556,1288,8307,2773,1033,6598,6188,12656,6919,519,8122,3179,2383,4204,5852,5237,9346,9334,3995,6720

test suite20
bestAPFD:0.901808
bestSuite:2535,319,11821,7950,8563,12768,1869,3545,901,781,2847,10778,2376,11048,1738,7252,3805,7959,5764,826

test suite21
bestAPFD:0.877440
bestSuite:6197,3161,3375,11460,11575,7167,1821,3082,7322,8324,782,5206,12843,10439,6682,4651,5240,6703,1707,3838

test suite22
bestAPFD:0.864494
bestSuite:3842,3553,11681,13042,6364,2909,12833,667,813,1474,6388,13244,7017,4699,10924,1735,10482,10929,2037,5899

test suite23
bestAPFD:0.868373
bestSuite:1806,8540,8145,8788,2248,1860,3006,7898,5011,1066,6007,3114,5286,8718,2545,2584,11158,9167,5973,3672

test suite24
bestAPFD:0.901119
bestSuite:7003,9795,10412,244,11917,2117,8076,6479,10208,9861,9924,3524,4586,11006,6805,7797,3810,5851,9246,6155

test suite25
bestAPFD:0.855558
bestSuite:11670,950,2519,4587,12188,4426,10505,12391,4268,7188,2949,4783,8384,11950,11813,10469,11049,102,2325,7302

test suite26
bestAPFD:0.868818
bestSuite:4542,9799,3945,8339,1854,13311,10932,5022,7895,12217,173,2920,8351,11615,10521,12378,12005,3698,8359,441

test suite27
bestAPFD:0.850720
bestSuite:8132,12852,9932,3772,2875,4033,1165,8317,9830,9692,12169,10909,12438,4828,11395,1808,10885,12190,3366,6660

test suite28
bestAPFD:0.878966
bestSuite:7425,4191,3613,1326,9779,8649,578,3606,10460,11483,7853,6466,4447,13382,7873,10099,6610,9783,3692,9843

test suite29
bestAPFD:0.877277
bestSuite:9885,5334,5420,7744,11175,8017,11418,1639,8738,13192,7792,10359,8730,1314,9636,13175,12600,10783,10126,11844

test suite30
bestAPFD:0.865324
bestSuite:697,12142,5992,1932,2713,3810,13187,8717,9570,12101,11192,1271,13411,10872,8405,2338,8491,11263,4890,10636

test suite31
bestAPFD:0.867808
bestSuite:7946,1445,3099,10303,1447,1870,1277,10417,2395,12771,1360,11503,1279,13022,7000,5482,11125,4880,576,1546

test suite32
bestAPFD:0.855208
bestSuite:13518,4292,7370,3866,7325,2488,7485,9065,4864,3441,12602,1416,12267,7287,2060,4373,2962,7639,9900,9061

test suite33
bestAPFD:0.875923
bestSuite:2978,7297,3817,8479,10736,11680,3896,9673,13169,12226,8637,4623,2894,1554,10169,11953,11775,6515,8494,3448

test suite34
bestAPFD:0.874946
bestSuite:1001,10473,3577,5959,8025,3099,2252,9348,10481,6103,10994,6408,7404,9597,10065,12099,1714,325,522,5960

test suite35
bestAPFD:0.847279
bestSuite:12556,8093,9620,12491,9549,11128,3280,10492,11007,8419,1065,11675,2396,3740,8195,5414,5541,3776,11336,2136

test suite36
bestAPFD:0.883238
bestSuite:1347,2351,6742,13356,3533,5723,13112,9242,3384,3280,4041,8732,5492,3052,6714,1346,12510,9235,8288,4306

test suite37
bestAPFD:0.872196
bestSuite:3238,12198,13401,13409,5519,1648,10293,11788,64,11838,9552,144,13203,539,13232,5985,2269,364,12373,11543

test suite38
bestAPFD:0.868074
bestSuite:8715,4928,8183,10185,12535,329,6908,2564,3253,13407,7907,13385,4585,3361,12730,2345,121,12548,10074,4573

test suite39
bestAPFD:0.855889
bestSuite:7127,11224,10392,13521,12817,11830,8532,5477,1875,12560,7194,11414,6976,11534,1452,1738,1201,3179,5370,1681

test suite40
bestAPFD:0.851103
bestSuite:12879,3312,4407,2539,2754,11180,12807,12006,6428,5698,4546,13297,2413,11169,13409,7945,7055,9013,8368,3597

test suite41
bestAPFD:0.891411
bestSuite:13010,11195,905,3357,3922,9267,10088,7883,56,3550,1499,13202,3711,2267,5160,9997,9424,10955,11192,7384

test suite42
bestAPFD:0.883207
bestSuite:9666,12670,703,3002,9041,816,11970,12485,12294,6540,12565,11843,3408,4938,11650,5572,6101,125,6944,13281

test suite43
bestAPFD:0.897933
bestSuite:11937,2636,9986,10180,8657,11934,7892,9473,673,10406,8497,4416,1084,7227,11851,10118,5480,2469,9464,578

test suite44
bestAPFD:0.879072
bestSuite:9847,9959,7674,3741,11043,9695,5343,11667,5177,11731,908,2707,7575,9722,1327,5254,10362,12739,5193,1373

test suite45
bestAPFD:0.869308
bestSuite:1756,9769,1912,7503,1719,11582,128,3903,9956,4458,7950,4635,9714,4922,1886,4826,12969,4448,6822,5362

test suite46
bestAPFD:0.889989
bestSuite:7287,5579,12358,2718,8584,12156,10847,4986,2219,5191,3244,10135,5102,10416,9123,3377,10932,8302,5836,11030

test suite47
bestAPFD:0.891212
bestSuite:9989,8828,13116,2816,4167,12622,1426,11671,1991,12841,12140,12883,5367,7662,7060,3449,11092,1290,9818,5483

test suite48
bestAPFD:0.869290
bestSuite:5265,932,5990,10377,6479,765,3308,11335,3152,5026,12361,11149,7442,11294,9622,11586,10651,5232,4672,11426

test suite49
bestAPFD:0.867717
bestSuite:8883,724,3376,7994,87,8108,12575,12165,2902,4989,3123,3728,12741,11813,2916,11397,10814,8152,2347,730

test suite50
bestAPFD:0.882778
bestSuite:2099,7489,3200,62,11145,1893,7581,5241,10022,8124,2802,12587,6440,1702,6195,6125,6741,6767,701,12733

test suite51
bestAPFD:0.864515
bestSuite:7425,4581,10232,2895,9507,6788,1540,9255,5058,4244,12231,8111,2299,9290,11058,6609,12876,12527,2134,6732

test suite52
bestAPFD:0.892560
bestSuite:40,11355,4044,5667,2163,11639,7297,1897,6809,2958,2011,10663,2422,11310,3872,4799,12254,13271,2587,1080

test suite53
bestAPFD:0.895020
bestSuite:2313,8389,277,8126,2673,2773,13244,9925,9996,11384,8084,11258,13522,9421,9883,11762,5823,4300,13280,7970

test suite54
bestAPFD:0.880365
bestSuite:4431,9344,8277,11603,4849,2537,3925,144,2749,10597,5608,4089,4224,9501,8333,421,10129,10137,11700,9148

test suite55
bestAPFD:0.848135
bestSuite:8140,652,12495,362,9779,12929,10419,2733,10731,2874,7824,10431,10956,2128,3394,11544,1962,71,11388,3907

test suite56
bestAPFD:0.898708
bestSuite:658,3485,3709,2064,9114,5064,11186,2988,11630,12603,1328,5948,683,3801,8895,12704,5447,3815,3043,1477

test suite57
bestAPFD:0.879541
bestSuite:7284,7268,9776,2031,8092,354,6168,13300,3475,8460,8884,12316,3566,13183,10233,5968,10541,11299,2492,7306

test suite58
bestAPFD:0.903536
bestSuite:549,2097,7392,11502,3196,10916,6494,9863,4052,9911,1150,4688,9684,7797,2688,10552,9596,11120,5471,10481

test suite59
bestAPFD:0.851049
bestSuite:2379,1565,7619,445,11294,11228,11876,2307,5939,12618,9604,2917,6826,13201,4621,3769,11980,10271,1172,9296

test suite60
bestAPFD:0.894653
bestSuite:8197,2148,1867,9496,8235,55,12158,4339,9179,3002,11093,4170,10202,3683,916,2428,12225,7478,10182,7883

test suite61
bestAPFD:0.902772
bestSuite:13375,5004,6160,11427,9728,8588,2126,9114,1812,12075,9857,3464,8735,10596,12087,5892,1051,12962,10261,1217

test suite62
bestAPFD:0.886826
bestSuite:12915,3637,2591,11182,12505,265,4671,2578,12404,3649,2339,1907,3159,4494,5141,13103,8171,1168,10450,8376

test suite63
bestAPFD:0.850130
bestSuite:4216,233,2410,11471,10131,3156,12770,1023,13366,5884,3900,2150,13506,12305,12613,6870,2203,1126,10324,2042

test suite64
bestAPFD:0.867885
bestSuite:5985,7755,12779,8280,9538,10128,9420,13411,2002,4500,8249,3422,12365,9976,5504,9792,179,1817,11773,12580

test suite65
bestAPFD:0.858569
bestSuite:8900,10,4109,2745,10603,236,9525,12359,4430,3414,11382,1800,12873,10009,10883,12902,3381,3513,9689,598

test suite66
bestAPFD:0.886083
bestSuite:10174,3375,4486,12217,2867,2818,2186,6127,1210,411,9214,12274,1034,8632,3791,4587,9877,4458,1816,4469

test suite67
bestAPFD:0.858708
bestSuite:2133,3186,6764,9945,12742,876,4815,12546,6560,5613,7577,3237,10243,8717,13099,2523,8323,8671,12214,11198

test suite68
bestAPFD:0.894886
bestSuite:6999,6096,9703,2837,8085,1261,1934,3482,5519,2806,11724,4015,4244,7972,11925,3978,3904,3707,2854,6136

test suite69
bestAPFD:0.851877
bestSuite:1126,8278,13491,4589,326,3204,5812,11125,11001,2042,318,10341,9375,4280,4965,10201,12720,11754,4435,1559

test suite70
bestAPFD:0.886303
bestSuite:1289,957,8057,13203,11049,1937,11681,12841,7460,6412,746,1257,2422,4372,3570,10147,7221,6839,8386,10697

test suite71
bestAPFD:0.881915
bestSuite:415,12339,12357,4009,12797,9928,9587,9684,3754,703,3007,10576,2936,3316,5302,10823,8414,4821,2028,58

test suite72
bestAPFD:0.869408
bestSuite:13150,4137,12139,10039,5447,11602,1789,8790,8312,7014,11497,461,1043,5816,1696,1900,969,3159,5711,813

test suite73
bestAPFD:0.870838
bestSuite:3764,1345,10898,2330,1084,12204,189,7765,11953,6428,3894,7471,678,6255,10874,6914,9632,5947,3630,11449

test suite74
bestAPFD:0.878984
bestSuite:9466,3916,1639,287,3263,2463,9901,4602,3000,1129,9220,620,11095,8571,795,4118,3664,9961,2833,13267

test suite75
bestAPFD:0.872062
bestSuite:11684,9513,8186,3077,1703,6883,513,12344,7603,10757,225,4689,10145,4056,13408,10425,7113,11164,3135,6662

test suite76
bestAPFD:0.884777
bestSuite:6584,8971,6967,7525,6657,2728,5121,8588,8719,9908,4366,9236,9003,6992,7727,10185,4177,2408,9840,9454

test suite77
bestAPFD:0.844378
bestSuite:7812,10758,13009,9233,2057,11549,2290,5608,2602,5200,1250,11449,12210,2494,5619,7264,12101,7102,12472,10239

test suite78
bestAPFD:0.889604
bestSuite:6677,8624,1887,2266,3430,912,2480,11433,10618,10250,3148,6858,3371,2197,10051,11110,9151,6681,8476,11773

test suite79
bestAPFD:0.887336
bestSuite:11491,11352,1688,7759,3529,12156,8023,3312,2345,6274,13155,10533,4536,8083,10367,6117,3209,2985,4573,8945

test suite80
bestAPFD:0.922627
bestSuite:8332,5959,11456,3454,7914,7285,4744,6785,8004,7486,6309,2922,9651,9566,7119,138,6589,5074,7247,10071

test suite81
bestAPFD:0.860217
bestSuite:4502,6605,1515,8656,6125,2393,4891,13190,12490,8948,4517,12967,3722,3938,8769,8011,9909,10873,1530,13363

test suite82
bestAPFD:0.887008
bestSuite:3159,393,2300,1399,7566,5073,8516,4837,8305,9730,2591,7098,6820,1695,10106,3740,10374,4926,10223,11794

test suite83
bestAPFD:0.896582
bestSuite:6790,5756,2078,903,4882,12236,6788,1232,101,12908,6012,692,6465,1840,1901,9240,7797,249,4255,1234

test suite84
bestAPFD:0.840029
bestSuite:7128,12188,3627,5374,1647,2981,12632,11576,11802,3008,8636,11710,12664,5623,232,7377,389,2379,7929,8931

test suite85
bestAPFD:0.889560
bestSuite:13160,2392,2056,1758,2200,7736,2393,5841,5233,5489,8173,12964,13067,739,7338,4676,8717,12300,10633,12392

test suite86
bestAPFD:0.858097
bestSuite:3491,7215,5375,2801,13475,9861,4005,4952,11193,11104,4808,984,1144,7617,4794,12654,8435,11774,9715,10986

test suite87
bestAPFD:0.889104
bestSuite:3444,35,5450,1620,11016,4438,3160,4982,3740,1321,10136,9319,3800,12736,7756,1030,10621,5876,2687,7161

test suite88
bestAPFD:0.865652
bestSuite:7667,4740,8350,2435,5404,4727,2685,369,12488,5433,1826,3387,4382,2894,8513,12808,2579,11561,13126,11700

test suite89
bestAPFD:0.887769
bestSuite:13322,7660,13504,12870,6452,1535,7176,8100,10165,4889,2959,8297,992,7989,492,7053,7410,10048,9542,7231

test suite90
bestAPFD:0.860832
bestSuite:5970,1780,7680,5514,9782,13308,6848,8747,5774,10727,3290,300,12031,8046,11134,6995,4481,8114,647,10584

test suite91
bestAPFD:0.852402
bestSuite:8272,4425,10582,12793,1868,9188,3006,3879,2601,9443,4377,12642,8233,7121,5650,6252,4262,3315,9746,2867

test suite92
bestAPFD:0.872329
bestSuite:7836,10981,3785,8453,12766,4766,8581,3857,1517,7441,8450,4680,6250,8695,6068,5252,12602,2697,2751,7955

test suite93
bestAPFD:0.885235
bestSuite:9612,6306,759,383,5004,4765,10098,6959,9673,692,7831,10754,1448,13056,10378,4187,4874,13228,7026,12031

test suite94
bestAPFD:0.864969
bestSuite:11717,11001,6945,3741,5804,8594,7264,1694,1151,10457,12300,2352,11525,1083,8501,9823,7452,2842,1595,8997

test suite95
bestAPFD:0.879446
bestSuite:3327,7499,3272,6898,12459,3772,13295,7886,12670,9391,12285,5565,7214,9200,814,7769,5793,9127,9460,742

test suite96
bestAPFD:0.892121
bestSuite:8746,4286,4029,10940,2011,5050,10655,6176,3879,12060,11398,760,5471,1684,13267,11491,5697,3401,10367,8784

test suite97
bestAPFD:0.862424
bestSuite:3134,5755,8892,11824,6955,5865,13298,13448,12470,13196,12957,12761,5005,9568,1654,8138,8236,1703,11555,4586

test suite98
bestAPFD:0.885225
bestSuite:5106,2037,3420,310,11078,12554,1896,4221,10120,3030,8473,166,12823,5970,6548,4079,8175,7581,9690,6535

test suite99
bestAPFD:0.875453
bestSuite:1165,6890,11868,4348,9029,6502,6244,9221,4321,3352,823,1442,795,186,3866,4183,12093,206,8281,12733

test suite100
bestAPFD:0.888326
bestSuite:2635,9222,3070,4845,11328,13436,9470,3055,5814,11884,13367,1580,11880,6837,5839,4607,12068,11319,5966,9130

test suite101
bestAPFD:0.872128
bestSuite:2152,7469,145,10715,5857,7704,11018,9498,7184,9241,993,6253,972,3969,4583,5376,4486,12064,6795,12833

test suite102
bestAPFD:0.865927
bestSuite:1849,10843,11286,12588,10967,1974,8212,3712,9918,6845,4436,10187,1166,2924,993,2123,5018,13452,4569,8579

test suite103
bestAPFD:0.879837
bestSuite:12740,2943,3764,6047,10765,9628,2397,3001,9770,2747,5861,1240,2607,6044,5658,8643,3763,3520,13226,1280

test suite104
bestAPFD:0.862563
bestSuite:12149,2500,11640,5836,13133,7849,2039,4733,3354,3925,5312,3030,5198,11842,5601,12135,8583,10891,12813,5625

test suite105
bestAPFD:0.890344
bestSuite:377,11154,2941,12203,12123,2488,6916,261,4297,2262,4422,9505,3085,6402,10278,12291,12327,2670,11870,8969

test suite106
bestAPFD:0.886984
bestSuite:13270,4591,9547,5010,8297,5019,9007,4388,2006,2984,9098,4187,5065,3461,12585,2277,3888,4597,10567,1835

test suite107
bestAPFD:0.881943
bestSuite:608,5265,11638,10197,12414,10192,13391,6210,12035,9505,6392,9,1086,3752,9591,2931,2300,12844,10084,8533

test suite108
bestAPFD:0.895443
bestSuite:4141,10873,9211,8385,11564,459,1423,8540,14,1919,5517,8120,1470,3893,8171,4016,3865,9915,40,8037

test suite109
bestAPFD:0.859124
bestSuite:7812,11504,5349,566,2148,5495,3726,10654,12048,9230,1740,11061,9140,161,8325,12926,7459,8375,10801,12020

test suite110
bestAPFD:0.858065
bestSuite:6115,6587,10043,13359,2431,2614,256,11561,12439,3766,11984,12556,1402,13251,10261,6934,12614,8937,9172,11519

test suite111
bestAPFD:0.894274
bestSuite:1084,8332,2509,11448,13449,11850,5222,11083,6129,5154,9763,2408,5260,11656,13495,795,8843,4049,12187,9497

test suite112
bestAPFD:0.870372
bestSuite:1629,6348,5048,8642,2820,2553,7044,1847,12389,2278,12478,5864,5370,12891,3557,8794,1050,3928,10963,4341

test suite113
bestAPFD:0.871226
bestSuite:4300,381,6888,11706,7912,9893,11758,4549,5964,6214,7656,11087,12195,9983,9285,3457,3495,6186,8099,12016

test suite114
bestAPFD:0.861741
bestSuite:9527,13066,3806,3474,9090,11673,11608,9628,9738,12937,5566,6499,3715,4057,8755,11764,7324,2141,735,3855

test suite115
bestAPFD:0.867691
bestSuite:18,10701,8843,597,7520,11652,5960,10696,12796,8248,1138,1184,11679,1467,10523,8686,6006,12309,8616,7315

test suite116
bestAPFD:0.868632
bestSuite:611,9120,3776,9795,8731,10843,11693,3696,10173,6229,13519,13166,4181,7531,10996,10854,12085,5193,13367,12526

test suite117
bestAPFD:0.855607
bestSuite:6317,9604,4891,849,538,6707,4678,6499,10910,12697,7016,12448,12330,9958,1147,5529,8274,834,7292,9555

test suite118
bestAPFD:0.883585
bestSuite:7258,4953,1011,10259,3860,3850,6226,9216,1113,1785,13250,6591,9931,11284,11719,11347,390,8239,8628,8437

test suite119
bestAPFD:0.877120
bestSuite:9666,5020,12732,3643,7622,11391,2555,12290,430,11075,10039,8722,7692,10073,12883,9322,9208,10802,5716,10463

test suite120
bestAPFD:0.863697
bestSuite:10749,5979,7984,1709,8089,9280,13099,2932,13128,1501,568,5802,2744,4845,2836,4301,6604,9902,629,9936

test suite121
bestAPFD:0.849014
bestSuite:6312,4605,7002,3335,3586,13319,7023,11287,9845,6230,6575,11829,12530,2488,1535,646,2994,5754,5816,1494

test suite122
bestAPFD:0.866658
bestSuite:8451,7717,399,7125,1008,2153,12705,3965,13488,10563,4255,6557,4171,4141,11958,2693,2995,1976,7214,12344

test suite123
bestAPFD:0.879287
bestSuite:11759,12587,9883,11257,2,1493,11469,11582,10510,4884,2609,12962,6882,364,6364,2969,13306,8085,9130,11422

test suite124
bestAPFD:0.908691
bestSuite:12152,2833,8767,6214,5687,410,1954,1289,8111,13318,2793,1582,7658,993,10916,3996,8130,8513,9991,10913

test suite125
bestAPFD:0.886250
bestSuite:5698,1960,4332,10882,11666,6767,9867,7359,1807,3272,7395,9767,3466,5339,3804,5145,7375,4362,381,11350

test suite126
bestAPFD:0.871633
bestSuite:12754,8950,356,11013,6373,190,8105,1549,8810,11931,4843,11114,3471,8466,4666,9432,1362,7765,1795,13395

test suite127
bestAPFD:0.858929
bestSuite:5070,8131,8508,1705,12687,8665,12417,5739,7173,12542,6588,3820,8111,8651,10641,8218,5052,12167,7017,2846

test suite128
bestAPFD:0.873767
bestSuite:13431,938,13092,12711,8471,11651,9949,7229,2211,5647,9243,5151,14,9143,11787,3940,9569,5930,9020,1482

test suite129
bestAPFD:0.907041
bestSuite:8048,6405,8945,2752,12820,13401,4268,12475,4460,7904,3087,8796,2529,5593,10175,4496,9724,8415,418,12479

test suite130
bestAPFD:0.871805
bestSuite:3176,5061,10589,3098,560,5050,11983,5171,5562,8233,5582,40,5103,11236,2970,8091,13373,2275,1220,8461

test suite131
bestAPFD:0.904321
bestSuite:2051,8481,513,6144,11209,12869,1696,5017,1490,12965,9138,4370,11850,6779,3977,4118,6670,7865,7499,4030

test suite132
bestAPFD:0.899569
bestSuite:2663,8442,6148,2314,6810,2153,9526,6031,2958,12619,9207,12895,428,4411,282,4738,4639,8537,163,11453

test suite133
bestAPFD:0.875609
bestSuite:12788,7424,7273,7456,1444,12894,8789,234,7465,7398,1974,7594,8787,11903,1284,3343,11645,9540,8903,11048

test suite134
bestAPFD:0.884393
bestSuite:5434,3050,8271,549,1189,3254,11582,9517,5227,704,12497,11091,5888,7571,13247,4781,5311,6501,4411,5156

test suite135
bestAPFD:0.873081
bestSuite:679,2024,7165,1987,7163,85,4642,13399,10934,12760,11041,8858,4250,7435,9837,5454,3875,6328,10676,7831

test suite136
bestAPFD:0.881949
bestSuite:2556,4074,12125,13510,7126,5573,3828,8756,1545,10831,11457,1221,1383,9447,8622,2418,12583,12829,9780,11778

test suite137
bestAPFD:0.881934
bestSuite:4734,5701,6249,3191,7032,11594,117,8929,7000,5812,7306,3403,12537,6666,2061,6876,10955,11674,3078,9812

test suite138
bestAPFD:0.913493
bestSuite:9230,8336,11024,13430,4035,7658,3663,490,4614,778,11027,8440,233,8970,8694,11352,3158,9652,9937,7039

test suite139
bestAPFD:0.883812
bestSuite:4059,1607,4655,312,10303,6535,2827,12461,2349,6986,9035,6050,4452,8117,2967,3148,12697,8967,145,1814

test suite140
bestAPFD:0.870800
bestSuite:6394,1285,237,948,1088,4176,5319,9021,2825,10234,462,9571,6707,7293,13046,3887,3342,8812,922,10867

test suite141
bestAPFD:0.868323
bestSuite:789,10568,10638,4741,12751,13509,7106,4117,6349,10238,11226,7505,121,6712,11130,1863,9592,849,12458,4272

test suite142
bestAPFD:0.855603
bestSuite:13407,9043,9595,11622,7028,4334,7557,8988,9994,5132,1156,11842,12287,3764,2731,9709,12736,8663,8817,5632

test suite143
bestAPFD:0.900623
bestSuite:8454,5122,3146,6392,11018,6079,4580,2651,10463,9123,1532,7744,8588,3826,3245,13013,1674,10035,9541,7481

test suite144
bestAPFD:0.875000
bestSuite:5011,11504,11533,13352,10792,12713,3511,1811,1032,6234,2727,8440,1545,2064,585,3181,13464,6807,7397,3330

test suite145
bestAPFD:0.857690
bestSuite:5305,3744,915,9588,10052,7509,5603,8952,6339,7537,1928,5463,11008,913,6612,4948,12178,12101,5420,9488

test suite146
bestAPFD:0.879097
bestSuite:5974,8809,111,9099,9387,9750,12298,4887,4224,8268,9157,7024,6278,10327,4268,4631,2977,7663,6708,10873

test suite147
bestAPFD:0.895314
bestSuite:193,2786,5380,2275,6975,11927,3226,274,9563,9800,5290,8677,2878,9229,6012,12103,8645,7350,2189,9782

test suite148
bestAPFD:0.883539
bestSuite:1659,9288,11655,9047,3850,5782,5705,11142,13019,12339,8864,3479,11605,2549,7204,2585,6014,5819,7818,8183

test suite149
bestAPFD:0.866626
bestSuite:11261,2871,6994,6160,3426,6817,4272,12717,4063,11552,1984,3345,1359,12663,12638,1335,4658,1777,7369,5519

test suite150
bestAPFD:0.862854
bestSuite:8868,935,6390,5462,1874,6775,3694,12727,10561,6585,7994,13144,4030,796,9435,9586,214,12200,6238,4878

test suite151
bestAPFD:0.897755
bestSuite:2157,7580,6386,9309,9738,9270,7108,5915,1996,4452,5171,6408,11922,4727,4847,9442,3367,3618,9646,10329

test suite152
bestAPFD:0.904555
bestSuite:9141,4533,10463,1496,7623,214,375,6220,12926,12889,5599,3638,2051,3839,9671,9937,5775,10157,1523,5975

test suite153
bestAPFD:0.882059
bestSuite:445,6461,7404,6657,8286,12313,13434,12937,6942,4590,13486,2403,11808,6125,10112,2896,12532,3940,12289,5615

test suite154
bestAPFD:0.897115
bestSuite:152,4197,809,7433,13185,6271,3659,11517,6950,4574,4004,11797,3043,6171,4817,11081,10594,1248,3219,8595

test suite155
bestAPFD:0.858005
bestSuite:8535,8769,7169,12689,11988,1350,9047,1258,3347,10226,1523,5536,8836,6888,8266,4742,3013,512,7463,12810

test suite156
bestAPFD:0.879952
bestSuite:7225,2046,1422,7837,11843,1321,6299,4647,7620,1555,2506,10983,10566,3160,2253,6133,589,448,4902,10369

test suite157
bestAPFD:0.874848
bestSuite:8859,10921,2359,11106,4915,3968,3759,9719,12761,12352,5083,628,8461,11939,4828,7499,9903,9432,6590,11322

test suite158
bestAPFD:0.879309
bestSuite:587,3571,12196,6222,6492,12881,6459,8842,1822,6629,9334,11596,7920,1232,9777,560,2032,2607,1848,197

test suite159
bestAPFD:0.882665
bestSuite:10035,7482,3812,9889,172,2533,2507,7115,3830,6400,8699,13347,13395,9809,2065,6340,3272,11970,3369,483

test suite160
bestAPFD:0.835884
bestSuite:571,12296,12464,7434,12871,5769,11692,10589,1120,4704,7460,2881,7360,8321,3576,12806,8837,8486,10507,7644

test suite161
bestAPFD:0.863699
bestSuite:6216,5003,713,5163,7814,5779,10828,11047,13053,11675,892,11251,3943,9063,10835,7057,12312,1116,5062,13259

test suite162
bestAPFD:0.885043
bestSuite:3986,4160,9415,9927,3298,5861,13205,13513,5749,12044,10552,5028,5360,2230,5584,6695,778,1826,3441,8595

test suite163
bestAPFD:0.863458
bestSuite:9279,12795,8,10486,10717,4881,3635,1760,2386,10850,9994,7857,1400,984,2131,5423,5886,12718,12789,4680

test suite164
bestAPFD:0.894856
bestSuite:11014,3671,9505,8422,146,13494,6744,11303,8738,3959,12838,7820,1395,1952,13024,7567,3727,8037,253,8812

test suite165
bestAPFD:0.878425
bestSuite:1487,13212,11058,6961,8601,9844,11726,13149,9170,11929,9265,5545,10858,3458,12075,1099,6700,6919,10728,6450

test suite166
bestAPFD:0.881567
bestSuite:8237,9178,4580,5583,2537,7467,10648,6470,3637,1767,8032,6130,3722,10851,1640,6006,7109,2265,6707,5185

test suite167
bestAPFD:0.896289
bestSuite:10907,34,12506,5229,12298,4588,2385,5219,11651,4445,5951,13147,8086,4599,4914,191,6272,1534,3445,1036

test suite168
bestAPFD:0.893087
bestSuite:4329,9559,10435,8652,11860,3577,9074,2097,12822,9109,10320,4321,867,10282,1883,5803,11704,4404,7710,1813

test suite169
bestAPFD:0.860389
bestSuite:9043,3920,3961,10587,6756,8204,1815,7005,3078,5938,9314,4191,8416,10145,13406,11040,11321,8036,6295,9300

test suite170
bestAPFD:0.913205
bestSuite:5101,2125,1485,1047,7955,10396,1496,164,929,1750,10997,12970,13253,12377,10402,571,8190,5978,10117,715

test suite171
bestAPFD:0.887988
bestSuite:8201,3300,12516,3973,4753,10115,5253,2115,8529,6502,1228,4011,8026,2855,2014,11258,1235,2178,12787,1924

test suite172
bestAPFD:0.901050
bestSuite:12402,1394,975,3062,2725,8694,7656,10868,7254,5282,5486,11900,7814,4643,7862,7651,238,1615,4497,9055

test suite173
bestAPFD:0.880706
bestSuite:4597,6894,9206,2908,5951,9634,10388,4332,9966,7997,11934,9181,4054,11459,8664,1501,4811,12579,6297,5865

test suite174
bestAPFD:0.868768
bestSuite:1137,2742,2254,513,13394,11991,4033,8310,3543,9604,3742,12353,3993,3464,6365,3137,7090,3816,2332,5834

test suite175
bestAPFD:0.868310
bestSuite:3122,3358,630,8937,8838,4915,11984,3450,6869,9102,8319,7580,6166,8538,340,3308,12888,892,10700,1009

test suite176
bestAPFD:0.850786
bestSuite:856,7200,5353,10943,5785,4484,13484,2615,7388,229,7184,5504,10962,7257,7151,997,1002,12143,6444,12409

test suite177
bestAPFD:0.852691
bestSuite:13521,8389,11541,11853,332,12824,11141,9807,3384,8112,11047,3497,6742,7849,3167,4273,11252,11326,12378,899

test suite178
bestAPFD:0.870468
bestSuite:4033,9999,1343,3928,11492,7566,5580,5967,378,9524,13105,11731,8466,3535,13212,6164,7769,6222,8544,4358

test suite179
bestAPFD:0.885820
bestSuite:5876,12359,2741,10376,1783,7611,442,12994,12370,13346,9023,10967,6448,3830,8436,6410,11932,6963,8773,1591

test suite180
bestAPFD:0.888955
bestSuite:2508,8223,5331,4562,2943,839,8423,11508,8066,4441,1620,3056,6255,573,6345,1052,9046,2867,4068,8861

test suite181
bestAPFD:0.854272
bestSuite:2129,3661,9079,6000,9094,10177,9961,10769,8035,11661,9787,11213,7619,4858,13478,6224,2224,7072,378,11450

test suite182
bestAPFD:0.884875
bestSuite:4197,3949,1450,5498,9267,10767,1665,4889,532,6435,2306,7835,2020,10649,7090,602,1785,763,11672,11030

test suite183
bestAPFD:0.851381
bestSuite:10380,11232,6281,484,847,660,2754,5636,8477,5967,7782,12350,6314,3346,11518,7527,11462,10787,8369,7150

test suite184
bestAPFD:0.866640
bestSuite:13181,5065,6222,3992,3389,7929,10018,7047,9121,13493,11578,2504,2807,13415,2472,2130,1380,10894,13470,4234

test suite185
bestAPFD:0.907208
bestSuite:8937,1408,233,2266,11016,6734,10798,11195,11830,3223,1515,11820,1734,11881,2576,1452,9402,12976,3220,12850

test suite186
bestAPFD:0.890526
bestSuite:11433,4211,3231,5872,8641,335,10647,5678,13171,6743,11752,9270,13242,6816,9494,6206,6974,5857,13374,5011

test suite187
bestAPFD:0.888728
bestSuite:1,4578,7738,2382,7216,12053,9085,12517,7297,10139,9094,7634,9253,13520,10827,10244,4883,10879,4651,11896

test suite188
bestAPFD:0.889611
bestSuite:1218,1086,2487,12849,2922,567,13403,530,1946,11856,5033,6591,243,3172,3151,3548,5037,10237,4176,9765

test suite189
bestAPFD:0.898162
bestSuite:9033,1176,10545,761,11205,7278,6336,7982,4656,11380,4136,12914,1334,824,358,5183,3416,7656,1687,8703

test suite190
bestAPFD:0.871513
bestSuite:7580,17,1212,11015,7715,2780,815,2123,763,808,6956,3683,2343,6955,11676,12539,4300,5875,3300,2471

test suite191
bestAPFD:0.892632
bestSuite:7455,2110,7504,384,11742,9692,2442,667,10641,6480,11186,9167,12681,8,12217,4058,722,5443,2289,5796

test suite192
bestAPFD:0.888395
bestSuite:6438,11732,13193,13518,10968,11075,8119,5155,3499,3839,9206,3676,361,12021,7578,11234,7817,10599,5342,6633

test suite193
bestAPFD:0.901185
bestSuite:590,10425,2264,2868,3363,9888,4911,5329,5058,12317,8189,7140,10219,7031,12233,11291,9845,2068,1924,6027

test suite194
bestAPFD:0.879069
bestSuite:11641,11137,10611,1470,2826,3073,10701,6063,13349,6349,9893,5546,2540,6670,10737,2498,547,8772,1017,9701

test suite195
bestAPFD:0.876447
bestSuite:1981,700,12455,9675,9438,9178,4000,7159,5564,9774,3669,9263,8,587,975,11960,10550,9483,1144,5618

test suite196
bestAPFD:0.835488
bestSuite:9339,4877,13119,2445,12937,1023,5252,3027,222,9141,11422,7105,2416,6667,12879,7512,1449,8737,7286,10617

test suite197
bestAPFD:0.895504
bestSuite:2900,832,8513,7671,9142,11846,13132,3278,10386,6607,11662,2321,1963,9571,7078,9814,1351,5396,2444,8654

test suite198
bestAPFD:0.905626
bestSuite:4072,8265,8063,6075,4140,1182,10410,1860,11965,11379,5096,10630,1247,7428,2633,6135,6516,1617,3797,10018

test suite199
bestAPFD:0.885187
bestSuite:9980,12591,11823,12638,5890,6621,8012,10803,4608,13365,1647,10468,4337,1674,2664,6007,919,9865,3796,6958

test suite200
bestAPFD:0.887166
bestSuite:1975,7031,10201,1449,2079,5087,5813,11149,8702,131,13392,4545,403,2996,8438,309,2312,9241,13501,8637

test suite201
bestAPFD:0.882553
bestSuite:5795,9619,10310,9611,200,8551,1493,410,12979,10980,5649,7550,3603,8649,10895,4427,1497,9528,12441,6893

test suite202
bestAPFD:0.863883
bestSuite:8204,11023,8676,10433,10477,10486,1651,10758,2890,5946,9540,1309,10506,1284,6210,3630,11340,2491,8479,5139

test suite203
bestAPFD:0.872015
bestSuite:2901,10375,587,12088,10844,11744,2168,5279,5568,5296,1885,7436,6076,1573,13442,2947,7168,7669,4408,7221

test suite204
bestAPFD:0.895860
bestSuite:271,4204,11730,7379,10024,3001,10382,151,7960,10893,2694,8503,11359,6639,7946,9841,3581,5714,3421,4553

test suite205
bestAPFD:0.878238
bestSuite:5693,9321,12562,2507,7894,1238,4853,9123,303,8964,8242,1972,10007,5744,11595,9901,11633,11799,10917,10779

test suite206
bestAPFD:0.871092
bestSuite:4421,7930,11786,473,4537,2901,5646,10220,1605,1919,8527,2344,5426,2750,5564,656,8744,4252,677,5388

test suite207
bestAPFD:0.868718
bestSuite:6831,11207,3650,1751,4095,1547,3302,12176,13234,3721,3210,9476,11515,2542,3333,9834,12432,11517,12735,3917

test suite208
bestAPFD:0.884562
bestSuite:11499,8250,9674,4424,11837,6914,1622,12260,13377,8705,13158,7435,4265,8665,1010,9340,3565,10444,2564,3383

test suite209
bestAPFD:0.851135
bestSuite:1271,11338,176,6355,227,8614,450,10833,716,11459,225,10332,10692,9599,5068,1137,5647,7525,3085,3628

test suite210
bestAPFD:0.882711
bestSuite:5557,6197,13105,1678,4114,610,5513,3857,4724,8732,1197,12709,7040,11643,8707,11740,5415,646,3916,7888

test suite211
bestAPFD:0.863324
bestSuite:1304,7968,1380,151,8802,4567,9186,9346,10837,11283,12298,6924,8129,794,13209,2323,8198,4143,4368,8048

test suite212
bestAPFD:0.871738
bestSuite:8086,10864,2394,1292,6877,9158,1788,1782,11753,10898,12026,7456,4366,733,1765,6531,10677,10880,12369,12465

test suite213
bestAPFD:0.876082
bestSuite:1874,8896,1174,5887,2371,5688,2413,6505,7381,1118,1185,8103,12411,11423,1094,1957,11321,11979,5276,8742

test suite214
bestAPFD:0.890803
bestSuite:5916,8726,1215,758,10178,9945,276,2399,12085,13342,6254,4559,316,7003,9618,4666,4905,11117,10308,3038

test suite215
bestAPFD:0.857784
bestSuite:10170,5156,8972,9958,8765,12855,10112,2129,8006,10861,7030,10569,12767,3187,6988,10733,12879,6963,5283,6578

test suite216
bestAPFD:0.894072
bestSuite:1273,13268,10983,12294,226,13217,10871,5180,7099,13032,8157,2448,3582,10693,11457,12194,8737,6316,8399,7610

test suite217
bestAPFD:0.889813
bestSuite:4420,6921,12803,2089,11567,6910,5207,505,7070,8757,1420,5168,8356,5919,8855,12140,4914,10478,9819,7830

test suite218
bestAPFD:0.874001
bestSuite:10146,4199,6375,11601,2701,3379,12396,9966,5080,13183,5698,3825,10434,4134,11618,2010,11569,1248,1955,10937

test suite219
bestAPFD:0.865216
bestSuite:3999,9544,8935,12935,8005,12065,11868,6404,10349,13380,11252,6824,3460,6177,8724,10494,10144,12981,5484,12621

test suite220
bestAPFD:0.891884
bestSuite:12111,9828,7784,11043,6945,3235,12910,3517,3822,10377,2472,2869,8604,5205,10815,10582,9754,3743,3313,11734

test suite221
bestAPFD:0.907958
bestSuite:9694,8259,4864,13301,10725,1279,1897,13116,7389,2530,1824,5927,6064,1015,6165,10633,8006,2372,10647,8499

test suite222
bestAPFD:0.886146
bestSuite:3505,6356,7452,2853,13027,4217,9104,7083,12101,8213,13407,1116,12566,7993,7576,12044,7889,2821,9261,1976

test suite223
bestAPFD:0.865000
bestSuite:8366,11078,4975,1557,338,9942,2940,12044,12358,7751,12620,1775,9526,6978,12929,438,1242,1555,1494,1074

test suite224
bestAPFD:0.881460
bestSuite:367,13420,8390,3623,7094,11250,8372,5379,7068,2399,7521,8200,329,4095,228,7408,6568,10190,9254,6392

test suite225
bestAPFD:0.880497
bestSuite:12340,12932,6556,956,12383,7441,2304,13143,9134,642,9463,8220,6169,1350,11958,10051,7758,2247,7664,1490

test suite226
bestAPFD:0.891894
bestSuite:1000,1016,7122,7859,4114,32,2016,1178,3581,1163,2225,11377,3079,8518,6099,6692,7544,5951,6278,1856

test suite227
bestAPFD:0.880931
bestSuite:6501,8791,1640,1739,5034,11548,10394,3234,6674,2059,3211,12470,3064,9053,7887,5574,5106,5100,9637,13217

test suite228
bestAPFD:0.901843
bestSuite:13341,5131,7761,12609,2895,4272,2882,5634,1075,12231,6610,9324,4581,6,3009,4548,8281,11977,3733,9515

test suite229
bestAPFD:0.903373
bestSuite:4625,6333,4336,8789,11871,7411,2226,6407,5489,7671,12848,8522,6066,11530,3702,11249,10084,13267,6863,9240

test suite230
bestAPFD:0.878732
bestSuite:10560,11621,4240,8875,60,3264,9815,9247,7148,805,10143,11160,6191,10626,12147,3860,6385,725,1610,8664

test suite231
bestAPFD:0.841466
bestSuite:10215,6952,9832,10719,9891,9369,11610,4457,12911,6501,10893,945,13266,8812,4325,10944,7135,10565,173,4126

test suite232
bestAPFD:0.894459
bestSuite:435,5134,4821,9061,9582,3345,4412,834,5020,2717,9980,730,4854,9989,2073,8173,450,5373,10107,2071

test suite233
bestAPFD:0.885010
bestSuite:1456,3763,4480,4253,8792,5489,9644,8803,9591,2969,8148,5632,3051,4207,8076,9949,10504,2008,4358,3592

test suite234
bestAPFD:0.870016
bestSuite:9349,8126,555,9257,709,4053,4165,3733,7971,7047,5581,12440,10262,13018,2695,11957,6241,11077,4387,6226

test suite235
bestAPFD:0.869606
bestSuite:285,5221,1229,10681,6089,10949,7790,6221,12773,2502,12440,885,11922,10167,2621,2009,1180,4185,7264,2021

test suite236
bestAPFD:0.843835
bestSuite:12031,12344,8826,10600,11004,1284,1928,10895,1897,13158,727,1137,2473,1692,12258,6194,11463,7845,12477,4008

test suite237
bestAPFD:0.867391
bestSuite:9546,9949,5593,9510,8872,11547,5807,491,8336,3862,1612,9233,3926,6231,2178,12980,12066,9877,11734,496

test suite238
bestAPFD:0.904121
bestSuite:5082,10003,8255,6355,6227,2092,9276,6801,7419,1664,677,12955,13504,173,3728,2156,10864,2971,6455,11037

test suite239
bestAPFD:0.887338
bestSuite:12499,8527,6495,10872,7009,8429,10126,10672,6862,7067,4380,8149,10966,9674,8788,2243,2917,7080,5616,4926

test suite240
bestAPFD:0.885209
bestSuite:9582,4755,9284,11675,9315,9891,8567,7039,3320,4449,11715,118,2708,8437,990,3661,12158,10607,1752,1122

test suite241
bestAPFD:0.872680
bestSuite:6420,9054,8371,10869,12963,10867,39,10879,12840,10230,11979,4329,7315,13437,5969,207,2812,12605,7080,9142

test suite242
bestAPFD:0.873018
bestSuite:11785,8990,107,918,1154,12024,10953,7357,2212,6417,185,1387,7753,6381,9242,6206,5611,5241,8584,8922

test suite243
bestAPFD:0.873518
bestSuite:6912,11035,206,11588,2311,7494,6262,1874,11135,9497,9428,8333,4222,5583,1417,3277,2728,11664,4524,705

test suite244
bestAPFD:0.872604
bestSuite:11784,12617,5292,2443,6563,669,13486,3975,12526,11007,12167,450,7167,6343,1696,8061,3471,6844,533,7462

test suite245
bestAPFD:0.895547
bestSuite:449,12385,11911,2473,9908,4643,13478,202,2184,10511,5289,9241,12613,3188,10495,3990,10415,1796,5137,5560

test suite246
bestAPFD:0.879462
bestSuite:504,6489,5653,2929,11695,395,7699,3980,4770,8842,2246,5599,10870,12265,5338,2681,11409,8347,196,6198

test suite247
bestAPFD:0.859961
bestSuite:4857,8108,8718,1827,9552,3730,2034,2614,520,10288,8121,4654,11787,8635,12867,65,1986,1101,11706,7916

test suite248
bestAPFD:0.863768
bestSuite:12285,11792,11635,5861,2266,10965,2269,11731,6911,8814,10278,3393,6224,2985,13299,8275,12875,13512,8386,4051

test suite249
bestAPFD:0.875983
bestSuite:1279,11980,968,7686,7384,11657,1353,8569,7174,11520,7698,5906,3175,7862,5518,4629,8871,12158,12601,11988

test suite250
bestAPFD:0.885651
bestSuite:12084,6296,10918,5170,4195,10116,9735,12133,10269,11160,1385,471,7551,4046,203,3346,4814,5736,6866,11965

test suite251
bestAPFD:0.894694
bestSuite:13519,7181,8966,1522,2505,998,13118,7021,8931,931,5223,11277,6807,1105,5887,12073,204,8079,7424,221

test suite252
bestAPFD:0.876261
bestSuite:7344,6503,890,3326,4740,5308,12848,2016,7876,4915,8473,9252,1211,1604,6210,2098,4005,694,5638,9576

test suite253
bestAPFD:0.875408
bestSuite:10989,796,4406,7467,11614,12746,11296,7455,5427,2063,8892,8859,8004,6734,9104,4971,11199,10797,12664,4214

test suite254
bestAPFD:0.899641
bestSuite:5719,11323,6582,11320,2071,1653,4590,3749,4245,4246,3865,6228,11155,11309,4261,10428,4653,2954,6360,8639

test suite255
bestAPFD:0.848814
bestSuite:2450,10453,3908,1287,6335,10275,9703,10003,2276,975,11371,10737,9015,7291,2461,5172,1422,1017,9100,1645

test suite256
bestAPFD:0.873067
bestSuite:3821,9310,1907,11484,10219,12643,5414,11868,4649,10643,7491,12750,10932,7492,1394,10306,4676,7741,5355,1221

test suite257
bestAPFD:0.878698
bestSuite:2587,982,726,6830,9558,8061,4790,7828,1835,10679,8612,6623,977,3081,6282,7674,5282,5878,12302,6958

test suite258
bestAPFD:0.893625
bestSuite:11686,8341,5359,5658,9524,8036,6378,8042,1118,11336,5744,1803,10199,11011,8097,10659,11360,7904,7921,6876

test suite259
bestAPFD:0.859563
bestSuite:6419,9528,6861,6382,11718,13378,11104,6989,6301,4456,12629,2425,12605,2215,2995,4058,10059,11732,10334,12528

test suite260
bestAPFD:0.880000
bestSuite:10136,2863,1980,9048,6999,13070,9402,7573,3150,3252,9118,2477,2110,3909,7779,620,10623,3831,10794,6833

test suite261
bestAPFD:0.886446
bestSuite:10591,8996,1094,2642,5973,10008,3386,7602,3911,9612,1394,6105,10732,12219,10501,1140,12972,12475,7572,11894

test suite262
bestAPFD:0.890331
bestSuite:3544,7578,6097,7631,6213,12307,9751,6961,5477,1544,8959,4093,10402,5488,7292,4923,8609,12321,4570,6212

test suite263
bestAPFD:0.869974
bestSuite:1926,30,4732,7220,4086,1725,5266,6255,56,12490,7443,8653,6926,9480,10073,1554,10175,9618,13205,5796

test suite264
bestAPFD:0.850534
bestSuite:7287,698,10638,10796,7214,7220,11257,11817,5459,8907,4327,362,6440,4748,9233,5646,8432,2693,8207,11869

test suite265
bestAPFD:0.882900
bestSuite:12762,11886,9134,10800,5218,5292,918,8994,3997,7676,2192,2759,11869,1217,9131,3164,332,6045,7822,7609

test suite266
bestAPFD:0.874006
bestSuite:6958,2607,5439,10095,5337,10082,1011,7434,6863,5554,7542,1958,6654,3926,12525,1025,12249,3114,5227,3358

test suite267
bestAPFD:0.876639
bestSuite:12607,7594,9529,11708,9669,928,5562,173,5171,13145,5705,6552,4217,11696,6362,4975,147,1623,10540,9465

test suite268
bestAPFD:0.875000
bestSuite:7140,12001,9633,2761,7677,3040,638,5313,6141,1479,8145,12626,6298,5954,12681,8396,269,2285,12976,8282

test suite269
bestAPFD:0.898700
bestSuite:4379,9714,2531,4200,8678,10995,2042,1290,9315,2639,2716,4801,3058,235,4062,303,6053,4271,7927,9130

test suite270
bestAPFD:0.883153
bestSuite:617,4031,6874,8185,7857,5639,3270,4411,8212,8593,13416,4376,5579,5024,3986,6552,7381,1843,10283,1614

test suite271
bestAPFD:0.884837
bestSuite:1774,7207,5483,177,1617,10767,13487,4231,3812,2107,6407,9269,354,2169,9263,13470,10904,7740,4623,7140

test suite272
bestAPFD:0.873793
bestSuite:13520,10001,8227,6109,7626,13004,8715,380,12404,905,6837,4867,2915,12183,4362,4517,5025,13049,259,8424

test suite273
bestAPFD:0.881092
bestSuite:758,247,2827,995,6238,3169,11279,9067,5093,8823,3713,7572,6182,13473,2679,6165,4992,8808,10730,11858

test suite274
bestAPFD:0.910510
bestSuite:2491,436,7587,4643,854,10139,4571,10479,4064,12076,2477,11621,5502,12223,12346,386,1348,13479,3546,12380

test suite275
bestAPFD:0.902413
bestSuite:2916,3237,11167,4570,7389,8691,13308,1790,97,8790,4136,7749,9253,7960,5231,10811,5296,7959,8813,534

test suite276
bestAPFD:0.880699
bestSuite:1935,2825,644,10838,1459,8047,7883,1238,6713,3286,3767,10265,10498,11544,5013,10060,13368,10065,1295,4179

test suite277
bestAPFD:0.848950
bestSuite:5085,11262,10711,1415,5599,5511,3625,13238,727,11448,10344,10972,3545,4048,11455,9601,2900,1075,1223,931

test suite278
bestAPFD:0.897846
bestSuite:8099,4368,8187,3808,10286,9050,10118,5924,9832,7440,1718,1539,12807,20,8245,1226,8204,8644,5614,11264

test suite279
bestAPFD:0.896981
bestSuite:847,3647,3407,4416,2278,6758,3156,3937,7358,9289,4400,779,6890,4834,4873,11853,6082,10894,11419,2340

test suite280
bestAPFD:0.862175
bestSuite:723,12654,5444,5858,13429,13524,4202,13148,9788,10949,6500,12884,2424,1502,3180,1301,7301,1344,516,84

test suite281
bestAPFD:0.870793
bestSuite:4307,4179,5230,3764,13499,2903,12045,8765,10428,10060,6885,30,6957,3315,10195,7512,432,6536,12610,10473

test suite282
bestAPFD:0.888861
bestSuite:5282,8647,9840,12386,3073,3018,683,11060,2936,1508,8981,1833,9033,8073,3957,11083,1707,9797,11524,5650

test suite283
bestAPFD:0.886402
bestSuite:3987,1413,13514,2173,5188,13082,3278,5862,5485,5210,9604,550,9592,40,8202,4836,224,5255,1241,6799

test suite284
bestAPFD:0.879778
bestSuite:1653,7648,9880,7509,8672,11349,2545,11171,12135,11655,4461,4756,6821,13352,1133,4366,7001,4678,12236,1907

test suite285
bestAPFD:0.868102
bestSuite:7527,2877,8334,8290,3019,7418,7864,3232,1994,10925,2485,2273,8628,12147,187,3808,1163,13153,4240,9795

test suite286
bestAPFD:0.902976
bestSuite:6228,9024,6530,9515,11645,9371,537,7396,1750,6730,10260,4232,8812,7932,7838,6956,9859,6689,1126,2575

test suite287
bestAPFD:0.879175
bestSuite:10192,12102,2805,47,9445,8749,7627,7965,4454,11800,2034,6471,8998,7767,12153,381,5638,3468,6429,11452

test suite288
bestAPFD:0.886566
bestSuite:4508,10508,5788,6335,1510,1390,12197,6559,10797,10807,12058,8704,682,5201,11995,5679,11900,8305,7263,11936

test suite289
bestAPFD:0.865832
bestSuite:5670,8254,4320,8248,7453,1199,10545,8866,9705,8880,13472,4101,8458,8519,5097,2465,4604,10390,6705,1394

test suite290
bestAPFD:0.888604
bestSuite:7,12197,6370,11604,8856,3061,7036,3855,8338,5902,9146,11240,1167,5383,8583,10784,929,8358,4027,12449

test suite291
bestAPFD:0.861914
bestSuite:76,11362,2054,4473,4902,4797,4346,9037,52,1208,10320,7921,6336,2016,7152,7802,12905,7147,12667,12007

test suite292
bestAPFD:0.868498
bestSuite:9800,17,4305,3500,5795,1881,4782,1830,10657,11422,9068,12399,2885,104,11298,9084,12962,3177,10685,6337

test suite293
bestAPFD:0.871822
bestSuite:1072,2288,12707,8552,10971,9787,12980,2455,12076,4317,7114,405,11169,6996,3550,2249,3521,10148,6100,12516

test suite294
bestAPFD:0.884165
bestSuite:13451,3205,6899,3640,11529,3127,9486,12165,10645,9046,6924,3335,1783,8724,6538,6605,4431,224,7472,2927

test suite295
bestAPFD:0.853786
bestSuite:1563,5299,11207,4989,1104,4140,10158,1424,13129,5913,11105,11484,8118,1910,7726,7365,6590,789,11024,13379

test suite296
bestAPFD:0.875051
bestSuite:5502,5454,9959,4833,1660,11699,1442,9019,2611,9485,10820,3971,5355,1840,5773,9346,4280,6728,12776,10097

test suite297
bestAPFD:0.871740
bestSuite:6849,10572,7693,1877,8665,304,2454,247,11990,10787,5609,8148,12442,10778,3661,4440,2209,11475,1776,7016

test suite298
bestAPFD:0.877364
bestSuite:2168,6745,8821,13118,6638,2563,1429,4427,6822,8762,3497,10219,13052,5648,1950,3533,12075,6222,11062,11708

test suite299
bestAPFD:0.850632
bestSuite:8124,270,241,3381,7167,4283,2113,11268,11436,743,7342,162,1599,11824,2246,10248,3853,8223,13102,2447

test suite300
bestAPFD:0.863261
bestSuite:7558,4548,12400,804,8318,8216,8300,12474,94,12624,12779,11753,5689,5361,2872,13146,2484,5279,3060,4751

test suite301
bestAPFD:0.899779
bestSuite:533,7470,963,492,3052,4220,9760,8894,1409,1602,1630,13083,11337,2355,8220,12953,7859,1309,6028,9891

test suite302
bestAPFD:0.867247
bestSuite:584,10824,210,5867,3239,12700,13452,10917,8777,3028,10416,10019,3491,5898,12757,1146,4281,4746,5706,9486

test suite303
bestAPFD:0.874333
bestSuite:3963,1690,12280,9644,5641,1994,1708,4655,9276,13360,11011,10840,7615,6691,724,11946,845,3096,9539,11935

test suite304
bestAPFD:0.862855
bestSuite:13408,649,6428,10309,7716,123,6505,6292,7039,9569,4063,9619,5445,11184,12450,10497,13218,4067,615,12995

test suite305
bestAPFD:0.873263
bestSuite:1684,9766,12783,10216,3313,10474,7146,4582,791,7256,7669,2707,8194,6322,4405,6584,6410,271,10937,4269

test suite306
bestAPFD:0.839747
bestSuite:6950,2847,3446,309,1572,7178,11814,11834,12322,6038,6187,7647,2114,11672,10282,12391,11292,803,3686,12722

test suite307
bestAPFD:0.872006
bestSuite:13375,12218,8088,9214,8750,641,7361,6582,4456,13073,1891,8643,2800,2595,5877,1118,10711,5460,10447,12464

test suite308
bestAPFD:0.867933
bestSuite:10361,1200,304,6424,10915,7198,5741,2542,3584,10961,9097,11445,12645,10128,5945,9038,12403,10799,10349,11374

test suite309
bestAPFD:0.896257
bestSuite:6718,7218,120,8908,6496,23,13081,13446,1565,10120,1041,1092,610,591,394,7671,5319,4664,6083,663

test suite310
bestAPFD:0.873067
bestSuite:11780,8097,3807,281,9756,9231,6006,8070,270,6255,4787,9488,12890,10462,4744,11300,4886,10024,4763,9627

test suite311
bestAPFD:0.886719
bestSuite:9689,3847,4490,7209,7917,1248,1941,1894,4131,10917,2863,6200,12470,10057,5872,5888,3907,3458,3492,4970

test suite312
bestAPFD:0.890185
bestSuite:8535,2408,11734,5241,11517,2127,3394,1541,9137,2910,9338,3360,1870,1671,13173,3691,1983,12280,5194,11600

test suite313
bestAPFD:0.870320
bestSuite:2489,3918,3028,9896,10930,12703,7730,13475,494,5379,9285,13045,6283,8876,6346,8165,11090,304,8173,2850

test suite314
bestAPFD:0.890065
bestSuite:11765,3985,10618,10818,612,42,5658,492,6531,7190,13290,12506,5844,12552,13254,94,9875,13157,5654,3762

test suite315
bestAPFD:0.871296
bestSuite:9898,936,9092,1136,11034,10243,6919,10610,8152,2703,4129,715,8313,8866,6555,11991,8120,11695,1041,2736

test suite316
bestAPFD:0.869612
bestSuite:7809,8830,4305,8634,9539,7194,12772,2324,7878,11028,10571,10996,9235,5780,261,12635,5749,4541,10237,9242

test suite317
bestAPFD:0.855010
bestSuite:7287,8647,12719,9869,7060,2848,5201,1864,2379,860,6100,1757,5555,5585,11040,8480,12399,5767,9035,7869

test suite318
bestAPFD:0.871680
bestSuite:3951,6981,3237,811,9171,6059,10050,2598,7003,7769,12190,12,13464,4901,4663,6784,1538,10789,5281,2300

test suite319
bestAPFD:0.859340
bestSuite:619,6112,3158,11314,8974,10147,9413,13345,5725,5107,1731,5469,5070,2469,2075,2582,4514,16,10777,12974

test suite320
bestAPFD:0.888211
bestSuite:2949,10315,1269,8217,7002,393,5906,10981,2815,8231,7307,1713,13127,9424,7773,11712,7870,8810,2547,3242

test suite321
bestAPFD:0.880000
bestSuite:7200,9298,4152,3581,9752,310,6455,4025,8970,8749,12787,6239,7795,12710,10515,5177,447,1246,11847,5114

test suite322
bestAPFD:0.865465
bestSuite:987,614,5230,12868,11252,12635,7739,7357,9247,6699,8606,3723,4279,63,2912,700,1027,11080,6696,261

test suite323
bestAPFD:0.889518
bestSuite:9860,9665,1902,4073,3437,5590,8608,8183,10745,10170,5258,2155,1094,7778,5448,3793,6922,11069,6956,6478

test suite324
bestAPFD:0.883153
bestSuite:13090,7444,12296,1290,645,9694,13463,3345,11271,805,10552,11929,12367,5185,3085,9269,9007,8024,295,3545

test suite325
bestAPFD:0.896094
bestSuite:5998,6802,2700,3321,1468,7871,10394,848,6549,12395,2695,3049,10388,1085,3033,5808,9278,5009,10185,10453

test suite326
bestAPFD:0.847607
bestSuite:162,5363,10099,861,3407,10678,7472,755,7596,2246,12999,7865,3566,1797,11416,8171,10878,9743,6978,13113

test suite327
bestAPFD:0.859916
bestSuite:7724,8156,7161,2676,6404,13268,11850,8145,4661,5267,10231,8114,5144,9827,7959,233,7294,10679,3501,9320

test suite328
bestAPFD:0.856996
bestSuite:10868,4227,5513,7700,6187,7867,11107,512,7767,810,3403,3175,12789,4244,7054,12031,4502,11289,4307,1585

test suite329
bestAPFD:0.892815
bestSuite:472,10506,3434,4583,2267,1492,12664,7727,5869,12459,12504,13471,10738,889,12316,6969,5388,1033,852,2277

test suite330
bestAPFD:0.862959
bestSuite:6734,2056,4962,7153,4709,11928,11065,2856,4947,623,10294,336,8551,969,4865,5754,4924,11204,10484,11176

test suite331
bestAPFD:0.889786
bestSuite:5825,10570,8204,11227,71,1419,8386,2776,1839,5437,10648,6331,7598,6846,210,12,66,4995,4864,13492

test suite332
bestAPFD:0.876009
bestSuite:1853,4571,27,1775,1515,8515,9932,8442,1490,5579,3334,937,11443,13426,9643,10475,5887,3286,2524,12026

test suite333
bestAPFD:0.892003
bestSuite:2742,8178,9480,12862,5903,8051,9331,7959,12554,763,9709,9182,4152,8175,2868,13247,10978,10380,5816,438

test suite334
bestAPFD:0.887389
bestSuite:6916,13342,5257,12886,5029,4443,6027,7784,6610,13386,12154,2066,10595,9056,1650,8681,8251,12829,10659,7190

test suite335
bestAPFD:0.849734
bestSuite:9893,13483,8485,13127,12449,2480,5390,4847,9172,10454,11980,3905,3525,5056,4147,10388,2275,831,11279,8882

test suite336
bestAPFD:0.875977
bestSuite:12459,3022,6499,4582,9958,4455,3966,11400,10642,4291,1422,4428,6984,2956,5920,9492,1552,2896,3340,1377

test suite337
bestAPFD:0.880227
bestSuite:2919,8471,7734,8491,4029,1664,88,4883,1796,142,218,2540,1812,2056,5258,3954,11636,5422,3422,4491

test suite338
bestAPFD:0.906694
bestSuite:2302,8085,11194,8278,8181,204,3643,4171,6260,4311,13026,716,4596,1122,28,11151,4711,7378,12004,264

test suite339
bestAPFD:0.897845
bestSuite:803,13387,7425,2323,10202,8288,185,5451,6371,8383,3316,1397,7354,5604,1936,9916,8297,11909,1384,3897

test suite340
bestAPFD:0.863721
bestSuite:10961,7185,8209,9060,4930,1621,5084,10238,8296,352,5726,9342,12449,1515,1651,12779,11611,8769,6484,10393

test suite341
bestAPFD:0.891647
bestSuite:3395,1055,5364,11065,6336,3490,6871,10689,1173,642,6962,945,6848,6154,8766,3542,7209,11972,875,1610

test suite342
bestAPFD:0.878092
bestSuite:12866,1599,6841,12057,10600,795,11147,9412,1449,945,9824,9243,8194,6665,5673,1304,7399,13217,2410,1117

test suite343
bestAPFD:0.875331
bestSuite:6306,12956,6552,2267,7358,145,7108,13327,9530,9645,12572,8668,2894,10379,11901,11273,6352,8046,7769,7200

test suite344
bestAPFD:0.866024
bestSuite:12936,12109,3395,2171,2376,4715,3964,233,1511,3157,2571,5865,4262,6073,7721,12707,8240,9705,7827,7214

test suite345
bestAPFD:0.908497
bestSuite:6379,642,8659,3830,1847,8655,3646,83,93,7944,8722,5358,8049,2783,13369,10114,1886,4341,10987,4208

test suite346
bestAPFD:0.891113
bestSuite:946,1471,2531,6049,6026,10206,95,9790,13209,5347,9608,3586,6233,7670,1717,2324,9130,2677,11123,8308

test suite347
bestAPFD:0.871583
bestSuite:6351,7135,1398,9194,11215,61,6289,547,12754,7826,7298,6287,7740,9779,8200,9376,7573,11484,6361,12812

test suite348
bestAPFD:0.878494
bestSuite:3440,1973,9461,6383,7172,9919,10592,13267,4418,13399,3955,3331,843,11058,11413,10405,2063,12858,4898,10752

test suite349
bestAPFD:0.873631
bestSuite:1795,9294,5125,5085,10650,3468,11830,5757,10636,13418,3253,12172,204,8885,10330,5421,12174,4150,1848,10970

test suite350
bestAPFD:0.840220
bestSuite:11181,10101,10234,5876,506,6746,4165,13445,4446,9077,4655,1189,2145,9493,8341,6632,6614,13174,6331,6360

test suite351
bestAPFD:0.867922
bestSuite:2067,6759,3036,2856,13301,12892,8071,2211,4867,3810,2899,11246,11643,10491,5033,9414,8192,5797,11404,9291

test suite352
bestAPFD:0.864928
bestSuite:11035,6407,12974,3049,1338,11564,10120,13166,4173,8220,8389,12128,11408,10784,12193,8726,10622,3160,7474,243

test suite353
bestAPFD:0.894621
bestSuite:11033,2840,4726,7138,5364,7987,8203,4090,6316,6877,13068,2229,6101,817,2341,11354,6949,6314,5400,11419

test suite354
bestAPFD:0.863585
bestSuite:4711,11219,11741,10111,3227,2325,12621,11627,1582,5776,3533,12183,4993,10918,7829,4869,11054,7703,4252,10672

test suite355
bestAPFD:0.897934
bestSuite:675,9713,11826,7352,5964,6947,4501,4020,12763,5422,809,10185,13222,7173,10017,11424,10251,6517,892,9297

test suite356
bestAPFD:0.889630
bestSuite:13304,4249,991,9582,11370,659,7602,1662,7097,99,4218,72,10276,718,916,9929,1822,10697,6419,1655

test suite357
bestAPFD:0.859981
bestSuite:10393,13042,8506,12635,3,12043,10066,2694,1376,7174,10469,6195,10061,10010,4673,10183,11320,4480,4847,7690

test suite358
bestAPFD:0.904530
bestSuite:3652,13061,2408,3505,2758,10991,1616,4555,1112,9023,11477,6789,6384,618,9694,7191,12409,7097,9520,7326

test suite359
bestAPFD:0.888960
bestSuite:6386,4390,11877,11919,1726,11192,3488,5584,10708,5248,10111,7816,6773,11759,713,6482,9041,11605,12059,11576

test suite360
bestAPFD:0.871098
bestSuite:8408,1739,7871,12405,6798,3645,7948,9070,8205,3678,7094,12611,4812,10043,2580,3658,6131,4515,3411,6973

test suite361
bestAPFD:0.855167
bestSuite:2838,10719,11139,5955,2445,12942,7670,5074,8477,11010,12877,11882,1472,584,12803,3461,8272,4140,12694,592

test suite362
bestAPFD:0.886105
bestSuite:493,1091,621,8042,769,10143,2087,5056,9838,4405,1671,4788,6917,858,386,9604,3896,8452,3802,11378

test suite363
bestAPFD:0.865399
bestSuite:12953,8259,1915,2062,7690,10452,5402,5181,2592,4620,3202,13183,10267,7366,6606,11820,883,10089,8241,11226

test suite364
bestAPFD:0.881926
bestSuite:11532,6400,7689,2160,8636,8904,2937,607,1422,9695,13312,2794,12087,6076,559,6650,1599,683,2989,12161

test suite365
bestAPFD:0.881437
bestSuite:1232,6608,12983,5256,5210,9076,850,5670,1017,3554,4076,8720,509,1142,12178,1271,9553,1117,13490,1341

test suite366
bestAPFD:0.896587
bestSuite:577,9700,8689,10655,13026,4073,10802,627,3119,4988,7295,10995,6194,515,9192,4316,10940,432,1793,10521

test suite367
bestAPFD:0.881293
bestSuite:5704,10134,1852,10173,8814,7025,9727,6826,6924,2579,1697,2973,1367,11508,1131,9863,9469,10574,10002,2506

test suite368
bestAPFD:0.885558
bestSuite:5735,6182,5458,9556,1747,74,2973,5700,13461,12015,12992,1316,9496,908,852,7049,12816,8890,6696,6375

test suite369
bestAPFD:0.867340
bestSuite:4530,11301,13352,6310,11433,4569,5049,6351,5139,11025,720,6999,7881,12748,402,1235,2704,823,4602,577

test suite370
bestAPFD:0.864521
bestSuite:7693,761,7679,10294,12887,12595,6452,12245,8725,739,5653,7047,6159,11986,10456,8324,12669,1480,6856,7804

test suite371
bestAPFD:0.889178
bestSuite:1878,2827,4351,2017,7776,9290,1274,4634,9782,9726,7643,9893,7764,8042,4933,1239,11039,11242,2704,702

test suite372
bestAPFD:0.863823
bestSuite:6475,9777,13239,9414,10626,10912,12512,9128,6247,2596,13116,475,7537,13286,12793,4821,3671,12337,3201,8588

test suite373
bestAPFD:0.848608
bestSuite:2907,6624,9918,6383,8163,25,10523,7479,46,11576,7646,5709,9501,5666,4255,3006,7879,11140,8184,6207

test suite374
bestAPFD:0.914091
bestSuite:4129,3063,4713,12444,10227,7996,9331,6103,8434,2283,2839,7121,5511,7256,10852,4947,1981,2147,4919,7430

test suite375
bestAPFD:0.873882
bestSuite:13303,5465,735,33,11113,4991,1780,7963,8958,1594,1003,11449,2261,7343,8661,12866,1072,1937,5367,2858

test suite376
bestAPFD:0.872320
bestSuite:8910,2012,11909,11231,387,399,4315,12195,3599,3774,4463,6970,10520,7216,1849,3446,12466,12120,11752,12307

test suite377
bestAPFD:0.884444
bestSuite:9565,4501,10145,8569,662,9311,36,426,4759,6988,13429,12873,12630,865,3827,9265,5367,6991,10763,13297

test suite378
bestAPFD:0.884803
bestSuite:2520,10858,4376,13280,12661,7698,3837,6983,13331,12755,3386,6539,798,7676,1529,6329,11612,7484,623,115

test suite379
bestAPFD:0.895378
bestSuite:8107,13040,13210,681,7860,9589,1804,4172,4339,7738,1504,5481,2923,9084,7375,103,10521,6725,6791,11695

test suite380
bestAPFD:0.892565
bestSuite:8242,3364,9660,1869,8464,3007,10519,4181,12622,672,9402,12818,5755,9769,5678,3551,11494,12692,10305,11876

test suite381
bestAPFD:0.883533
bestSuite:2351,2743,4402,11362,4547,7165,1882,6489,1412,4052,8508,9196,3723,2412,1486,3292,1349,6514,773,1098

test suite382
bestAPFD:0.882737
bestSuite:3485,8542,540,11945,249,9509,4686,12084,12899,9322,6517,13079,9577,848,3765,8361,4660,4543,3487,5155

test suite383
bestAPFD:0.879796
bestSuite:13151,1376,9591,11896,2616,6453,513,6095,1533,1356,725,11921,1322,4119,3866,5738,9140,9737,8124,9970

test suite384
bestAPFD:0.836581
bestSuite:10796,1969,10310,3725,11026,6042,1621,1689,13238,12633,6695,7819,9766,4229,10867,6554,5383,6514,4031,13407

test suite385
bestAPFD:0.871135
bestSuite:6503,11390,11022,2408,10911,5084,4188,12170,11675,2875,4623,4746,8671,2409,2270,896,5150,12361,709,12210

test suite386
bestAPFD:0.851465
bestSuite:2235,2769,8900,2891,8001,13156,1887,8870,12116,4005,7459,11180,2809,2377,503,1054,3796,13108,11421,8383

test suite387
bestAPFD:0.887030
bestSuite:2052,12869,5713,12884,7669,6716,13261,8559,7484,5953,1108,8731,6731,10155,5320,9453,3689,6416,7184,3045

test suite388
bestAPFD:0.853450
bestSuite:8098,9897,9124,5463,4941,8471,2077,7989,6231,12747,894,3155,9798,2314,12732,11631,5535,6979,2019,6347

test suite389
bestAPFD:0.866726
bestSuite:12766,2263,173,7266,12157,1470,9494,13264,558,9278,13303,12058,11692,355,4951,12045,2210,3600,4493,2880

test suite390
bestAPFD:0.865663
bestSuite:1153,4722,6285,10657,11434,10634,2279,5072,6452,3356,5588,8590,11976,5450,1655,8317,6544,7958,7002,1620

test suite391
bestAPFD:0.897892
bestSuite:9980,685,1683,6634,4824,9489,7131,6608,7087,12250,5561,2230,1599,8229,5008,2944,204,5773,9016,6144

test suite392
bestAPFD:0.875242
bestSuite:9879,1547,8664,7579,5204,3486,7496,9055,11293,1637,2033,6970,9668,12077,1137,10592,2595,5986,13172,5781

test suite393
bestAPFD:0.884378
bestSuite:9127,12031,1158,10977,925,3635,9251,10970,3091,67,11778,9386,7405,855,6290,5285,5485,10701,673,6847

test suite394
bestAPFD:0.881856
bestSuite:655,4516,950,5591,5746,7015,6862,6187,11680,3819,5323,382,3523,10548,12949,12085,7075,707,4143,7626

test suite395
bestAPFD:0.893611
bestSuite:3226,3676,734,8112,11873,7536,1703,9492,6353,5628,1440,13239,2238,6681,11042,337,848,12872,6601,10492

test suite396
bestAPFD:0.888488
bestSuite:7864,4054,4959,9141,10835,1050,8906,3470,10518,11656,8382,10457,10780,6567,6995,2249,15,7105,5080,7357

test suite397
bestAPFD:0.880616
bestSuite:5942,11889,8584,11632,4169,4699,1107,940,4607,4931,1618,4259,9908,1517,4160,10317,13406,7929,225,1248

test suite398
bestAPFD:0.892629
bestSuite:6970,8263,5785,2862,9818,5616,5847,6258,5765,325,9506,10983,5936,6952,10462,8683,10920,8353,8166,6933

test suite399
bestAPFD:0.889855
bestSuite:6000,1144,1493,7274,973,4122,9792,7327,12750,7818,1463,6460,3423,13187,1332,1620,1865,519,7688,4234

test suite400
bestAPFD:0.877830
bestSuite:8646,1089,763,5450,13040,4483,13290,5574,10859,2652,3561,4059,45,1451,9613,9192,3309,5900,6882,2655

test suite401
bestAPFD:0.893834
bestSuite:7594,5020,6711,9529,2711,8334,3674,11071,13330,6995,4611,8042,54,1677,5044,1040,3560,10395,795,8591

test suite402
bestAPFD:0.852092
bestSuite:4850,8001,5141,10183,13072,3608,11409,6078,4189,6737,1614,6650,2857,4190,43,2819,2567,9748,9600,1920

test suite403
bestAPFD:0.888489
bestSuite:6806,6872,5362,8941,4009,999,3482,7920,2108,5473,3507,1427,11237,1828,8503,7479,6786,4969,7271,900

test suite404
bestAPFD:0.881141
bestSuite:1485,4202,8195,1616,1254,11353,5148,1809,3130,12826,12149,3213,11998,4662,2577,51,9254,10380,2079,9806

test suite405
bestAPFD:0.887475
bestSuite:12291,12416,3867,11617,1920,6384,2075,6574,6484,5678,9720,8460,4377,11044,783,7892,10671,11307,12199,11564

test suite406
bestAPFD:0.881723
bestSuite:454,12008,1297,758,4222,5435,1498,7496,2323,8357,10786,11771,878,13521,3913,988,11047,12248,9171,10004

test suite407
bestAPFD:0.870604
bestSuite:11369,1209,11026,5249,2853,7085,13119,7488,9067,3420,7262,1593,11666,5533,4133,12914,10509,778,3244,8000

test suite408
bestAPFD:0.857367
bestSuite:6104,1776,11303,6006,1978,5354,643,13299,12000,10972,725,6492,2082,9192,8356,6260,3528,9972,2960,11855

test suite409
bestAPFD:0.876921
bestSuite:3277,9614,3573,11465,3074,7759,879,2979,616,11142,13250,10467,1580,7418,8928,11547,4858,4669,11093,4620

test suite410
bestAPFD:0.853079
bestSuite:7995,10534,7839,11696,9504,3602,12556,2582,3623,2860,13000,1949,3734,12744,8465,4904,8099,13190,34,9051

test suite411
bestAPFD:0.866562
bestSuite:11360,9812,2121,10241,11122,6589,8188,7636,9419,3853,9799,10163,7824,4370,6942,8226,11046,12087,12146,2485

test suite412
bestAPFD:0.889461
bestSuite:6711,7832,11823,5670,13159,11946,2316,13479,8782,12232,11501,4037,9125,8543,13259,10183,9286,12312,9331,10520

test suite413
bestAPFD:0.884293
bestSuite:12421,8815,8904,12540,7148,4471,9173,5678,4434,3406,12295,2196,3998,5399,7402,4023,5856,9444,7100,10775

test suite414
bestAPFD:0.882275
bestSuite:6740,13346,4991,8663,1830,9613,5455,5695,3765,630,9414,8075,6026,2573,3048,7674,2851,1453,2592,2993

test suite415
bestAPFD:0.900912
bestSuite:5000,9761,2249,6217,4570,2437,3689,9912,10806,10712,13436,3136,9489,8267,10584,12970,10487,7212,1772,8664

test suite416
bestAPFD:0.891121
bestSuite:13043,823,8083,11802,6840,1998,12753,11985,12629,10109,5340,11797,4852,10447,13488,10360,11658,8876,9027,4789

test suite417
bestAPFD:0.881415
bestSuite:6969,7898,11138,9260,9585,2863,4324,5472,4290,2322,13047,1930,6374,1945,4229,9034,13522,8691,11170,6644

test suite418
bestAPFD:0.874600
bestSuite:9631,3558,1984,4937,12613,10572,6,9882,12363,4069,13282,7393,450,5136,6323,8823,5602,1889,815,3573

test suite419
bestAPFD:0.859462
bestSuite:5048,12940,5501,4625,9211,2147,10589,11242,4627,800,4519,817,12473,11677,9679,921,3811,4530,12935,3409

test suite420
bestAPFD:0.858876
bestSuite:8465,3059,13074,6578,12920,11233,5170,6565,10805,1399,7841,2996,2274,9462,6004,10101,8812,6288,10238,5127

test suite421
bestAPFD:0.877074
bestSuite:7483,5946,5917,8919,12583,4843,11067,11508,1200,4944,7887,210,6662,11943,5349,9783,1936,9793,13522,13132

test suite422
bestAPFD:0.887729
bestSuite:7203,7270,6391,9069,8941,12921,2315,2542,911,8553,4322,2091,8488,2502,13330,500,12251,10516,5713,10164

test suite423
bestAPFD:0.863174
bestSuite:7305,9247,5708,3226,2456,12447,2304,8723,11581,6695,3035,2963,3158,7154,5621,614,2913,12945,2729,10470

test suite424
bestAPFD:0.890990
bestSuite:7062,12107,100,5854,10858,12071,12828,2900,5216,10709,4730,3841,11164,12072,8191,166,1631,13186,2093,9418

test suite425
bestAPFD:0.865766
bestSuite:3725,3050,11911,12381,1996,9318,10209,4867,7436,11809,4952,6955,6817,588,10796,4134,1294,4794,918,12101

test suite426
bestAPFD:0.876769
bestSuite:4104,6830,7418,11812,6474,5011,9991,8122,3334,1963,11036,1009,9646,10357,4093,396,11584,5534,11207,12059

test suite427
bestAPFD:0.893971
bestSuite:7685,2224,11466,6736,7433,6936,430,7288,12303,3342,1088,12532,13462,5150,7143,9338,1476,9779,12306,4201

test suite428
bestAPFD:0.862269
bestSuite:1345,4751,4319,4368,6115,12087,11437,4949,8715,6061,10597,12679,4885,13127,5645,7726,3675,10751,1289,7017

test suite429
bestAPFD:0.854583
bestSuite:498,8833,10043,7240,1178,4345,6009,5723,4438,6819,1058,3454,2392,13069,7535,10249,10734,4887,11463,13436

test suite430
bestAPFD:0.873009
bestSuite:4787,3889,13392,2764,1265,10387,8066,11419,12268,6972,9344,12943,8098,6632,12990,5504,8970,3441,4673,1959

test suite431
bestAPFD:0.865595
bestSuite:8095,5187,11448,3605,592,2721,10329,3672,9647,3825,11388,702,12146,6310,9955,1295,10388,9830,3224,7298

test suite432
bestAPFD:0.882905
bestSuite:12457,8317,4861,5313,5252,841,2650,11817,12939,5344,9081,1576,5048,7957,8329,5859,12379,1891,10506,7677

test suite433
bestAPFD:0.892515
bestSuite:11914,9165,7416,7783,510,496,5124,9305,11221,7051,13015,4915,6949,9468,5690,1992,11832,9947,2956,1366

test suite434
bestAPFD:0.893268
bestSuite:9021,415,7798,12757,2173,1553,312,4637,3340,6782,2383,9374,8526,6143,2019,10805,1830,11398,7288,13498

test suite435
bestAPFD:0.889367
bestSuite:10962,8326,895,833,11856,3542,3998,4934,12033,11999,4375,435,5951,7724,11897,7463,10133,4491,9956,6011

test suite436
bestAPFD:0.884041
bestSuite:5313,5518,5618,12543,681,12352,3076,12540,1359,5208,9354,13305,9158,9403,12588,4646,7147,8796,13372,11204

test suite437
bestAPFD:0.870700
bestSuite:9678,8666,1686,8437,1527,7320,9188,12145,9469,3227,8219,12566,5245,13047,4105,4153,796,2433,2786,10540

test suite438
bestAPFD:0.900544
bestSuite:8665,2554,11833,10888,3042,5026,5973,12416,8013,9575,11329,6547,7037,11815,9635,2667,5109,3866,8924,4088

test suite439
bestAPFD:0.896069
bestSuite:7075,3099,3579,11925,2645,7324,1211,218,3812,10467,3687,13356,5262,1490,11681,13019,10692,7256,3652,13325

test suite440
bestAPFD:0.880139
bestSuite:7262,9373,10575,10385,8841,3568,9818,13373,6470,73,8947,13359,5877,1790,7008,1270,3276,9736,711,2575

test suite441
bestAPFD:0.861511
bestSuite:616,11448,2677,3952,7773,1270,2982,1969,1506,2695,5929,7824,3559,623,11338,5542,3841,4833,7232,11058

test suite442
bestAPFD:0.859647
bestSuite:1866,13394,12531,7776,2934,3233,303,336,5252,2029,11197,7940,8543,11007,7101,9855,7147,8223,2858,6076

test suite443
bestAPFD:0.869479
bestSuite:4192,2734,9736,12185,12834,10003,3095,1214,12871,6046,5569,4079,6610,12058,12288,13408,9942,12386,5584,8276

test suite444
bestAPFD:0.882655
bestSuite:3303,6355,6907,11763,4244,9875,9990,3460,7906,8563,4936,9891,10703,4344,2873,4592,2982,10081,3406,11525

test suite445
bestAPFD:0.850458
bestSuite:3436,13121,1575,2047,11179,7921,12254,10227,2297,11486,10362,9283,8605,2675,2902,11905,4934,7105,8141,1161

test suite446
bestAPFD:0.893362
bestSuite:10058,6586,2008,5630,11579,12645,1797,160,9263,9449,212,9669,7864,6902,1292,7765,7630,12814,5721,5872

test suite447
bestAPFD:0.878135
bestSuite:59,7411,6741,2729,4216,1519,5676,1690,1172,3562,10583,12569,7558,3472,2255,8782,4351,12045,10018,13292

test suite448
bestAPFD:0.879605
bestSuite:6455,6326,9692,5319,2050,3548,11253,3275,6261,12142,9763,9402,4077,3976,4646,11151,5220,10694,1045,7672

test suite449
bestAPFD:0.877772
bestSuite:8059,4813,354,5748,13197,9017,124,6066,673,4369,5799,633,13244,6465,11530,8927,2402,1513,9894,2075

test suite450
bestAPFD:0.859501
bestSuite:10132,8353,888,8925,4700,4312,12559,13240,12935,9558,2855,8243,1407,7715,5326,12356,514,5620,3410,11359

test suite451
bestAPFD:0.897816
bestSuite:11078,1588,9787,7982,5533,10808,5035,3516,5255,13421,4325,11648,11099,7100,6512,616,10226,798,390,10844

test suite452
bestAPFD:0.867043
bestSuite:2488,13183,8473,2425,2604,2851,4359,11826,8248,9745,13429,846,7062,13233,7821,396,2627,6016,2879,9653

test suite453
bestAPFD:0.878653
bestSuite:8019,12039,9642,13237,9146,11503,1224,10746,4443,9610,4227,4214,12717,11369,5572,7407,8707,645,4832,556

test suite454
bestAPFD:0.880456
bestSuite:8807,8215,5947,5510,8998,5287,2152,5239,12353,1105,2845,12835,4815,4836,5584,13433,7005,9454,12240,6473

test suite455
bestAPFD:0.853779
bestSuite:8313,6441,3158,4857,7629,3505,5348,4560,8523,7396,13246,7788,472,2647,3581,1806,12991,10616,6360,13031

test suite456
bestAPFD:0.898408
bestSuite:4728,4039,3693,5267,1811,4001,6900,3902,1726,12268,9176,6711,5969,6088,11632,9380,5962,7655,7668,11970

test suite457
bestAPFD:0.905032
bestSuite:7398,6721,9991,1475,5403,12463,11873,9379,9843,5472,13099,6523,5584,12235,3591,1652,3538,11143,1290,1129

test suite458
bestAPFD:0.866289
bestSuite:11486,13332,1804,899,4450,3158,3794,10696,11931,8253,3615,8563,2265,5043,437,763,8790,13433,6129,9600

test suite459
bestAPFD:0.894024
bestSuite:9765,9489,11129,12114,11191,5925,9611,5536,9845,3990,8355,3952,11036,6335,3294,42,9446,10637,11791,8211

test suite460
bestAPFD:0.863100
bestSuite:11486,4751,1199,697,4590,5091,8984,10900,10910,8774,6614,12657,13476,1293,11105,7768,5440,12499,9114,9657

test suite461
bestAPFD:0.895326
bestSuite:2216,13055,5612,2572,6501,11868,2753,1317,2041,5936,2934,3206,5228,12263,4455,5061,9270,3941,12769,10008

test suite462
bestAPFD:0.882225
bestSuite:820,4289,10592,3605,7358,773,6387,285,6743,8005,4735,10734,2181,12065,11133,10781,8654,6322,8288,2846

test suite463
bestAPFD:0.867814
bestSuite:10135,10423,11902,8749,12786,889,1035,8799,11920,6903,12724,9301,2808,6034,3220,7149,1497,7451,6951,7397

test suite464
bestAPFD:0.877804
bestSuite:10968,11374,6679,1940,9834,2884,6654,3501,9370,2677,1680,10878,12332,12106,3286,9347,3871,10564,10550,4325

test suite465
bestAPFD:0.867690
bestSuite:4144,4888,12168,12116,12899,687,4982,9620,7217,3900,8753,2228,1045,7012,12259,8408,3793,9549,3615,12538

test suite466
bestAPFD:0.865652
bestSuite:2246,4104,5132,9159,4360,11135,11239,10524,10415,7346,9505,5559,12620,8902,5628,449,6527,5019,9137,5468

test suite467
bestAPFD:0.885822
bestSuite:4391,3516,13506,1331,2694,1825,10777,12231,12277,862,11160,12901,11544,3787,12668,3705,1962,8963,83,11554

test suite468
bestAPFD:0.897201
bestSuite:6549,9293,649,2454,10416,9949,6889,6583,1265,12661,11703,1373,6958,2641,9329,10147,11629,3145,2834,831

test suite469
bestAPFD:0.840941
bestSuite:11813,11951,6879,5788,11466,12389,6166,12629,3806,1542,6487,4451,1251,4226,10596,13516,1321,3144,6829,8775

test suite470
bestAPFD:0.857480
bestSuite:10600,8950,12392,12511,343,2531,2557,3142,4850,9452,10097,10542,3603,8160,4172,15,4847,3224,6661,5

test suite471
bestAPFD:0.893757
bestSuite:11243,7781,3140,5124,1754,3180,8352,12063,5538,10076,1977,4732,174,7716,12823,12065,8645,1234,1614,13444

test suite472
bestAPFD:0.876714
bestSuite:3016,609,230,2555,4644,12207,12266,1077,11020,5995,7720,4314,10496,2924,3759,12903,6472,11502,10400,2583

test suite473
bestAPFD:0.885495
bestSuite:7795,10665,10413,2142,5080,9560,10846,315,7705,662,6978,10010,1980,9096,12148,7358,1813,8189,10931,4133

test suite474
bestAPFD:0.884227
bestSuite:10985,126,8223,13189,2072,7065,2856,4232,4358,3115,1875,13385,10783,1169,147,3091,2486,3936,10806,9616

test suite475
bestAPFD:0.856256
bestSuite:12914,3454,2952,5271,12236,3066,2337,12534,1453,10640,10425,6650,8021,10876,13380,9866,2444,2344,4054,10584

test suite476
bestAPFD:0.893115
bestSuite:2571,9289,3446,13464,7155,4128,5926,8706,3961,7312,5681,1509,7607,929,859,12202,10662,7455,7830,9369

test suite477
bestAPFD:0.895179
bestSuite:6464,684,5497,8537,6407,13363,1847,5202,7425,11868,3762,8608,4591,1704,11135,11213,11091,2932,2897,3815

test suite478
bestAPFD:0.875237
bestSuite:13090,5150,9445,8502,6566,7069,5220,7926,9294,11642,4529,7491,7451,1324,11392,8895,1839,5795,12504,9905

test suite479
bestAPFD:0.878946
bestSuite:9359,13416,12568,4683,517,2882,12362,1736,13222,1163,7352,9250,7625,11034,6916,2022,4893,11809,7531,11107

test suite480
bestAPFD:0.870579
bestSuite:7631,6181,3606,4453,617,12594,3127,9900,1492,3064,12620,11980,10721,9165,4380,12864,7230,6619,5256,7732

test suite481
bestAPFD:0.864404
bestSuite:1137,5719,10938,5717,3664,2142,6829,9408,4538,9862,10403,9948,9937,4802,11557,3438,10928,656,10756,11617

test suite482
bestAPFD:0.877538
bestSuite:9367,475,2597,1488,2244,8746,4497,4961,1797,4330,8109,10524,3947,10283,2055,9306,7464,12017,12549,9472

test suite483
bestAPFD:0.861364
bestSuite:2870,11510,10199,2625,7879,3496,11017,782,10138,9323,701,9895,1864,9083,346,13482,9958,11347,3419,10147

test suite484
bestAPFD:0.893187
bestSuite:3863,10474,3883,936,9378,2226,9102,7203,10219,1598,3401,3125,10575,10470,10624,3263,4519,10584,5254,9396

test suite485
bestAPFD:0.866379
bestSuite:6687,12728,13463,144,5852,8055,13121,3212,13276,12831,5569,2559,8200,8948,3473,3710,2734,5690,1613,1065

test suite486
bestAPFD:0.857305
bestSuite:2801,330,9460,10364,8157,481,4028,7847,7832,4229,272,12583,149,11518,10454,7370,6672,2316,4603,11828

test suite487
bestAPFD:0.883233
bestSuite:8899,3432,8448,12673,4064,10871,816,13371,9898,4220,3698,8364,3712,987,11196,7638,2494,1873,6093,12252

test suite488
bestAPFD:0.857500
bestSuite:3995,6135,5551,11669,5247,5777,3773,11637,11131,1297,8115,3845,12524,13484,12540,6204,13433,13160,4938,3354

test suite489
bestAPFD:0.872765
bestSuite:12423,4959,6818,7077,4114,102,3173,12685,12157,4084,8841,6645,8390,4914,3969,11722,5853,617,10080,10447

test suite490
bestAPFD:0.881501
bestSuite:1400,9291,11694,6408,9582,11085,2159,12520,1973,5933,7798,4208,4990,5780,808,7477,6019,8876,7712,1061

test suite491
bestAPFD:0.887988
bestSuite:12136,12021,8564,8029,5749,9409,8909,7255,3012,5489,11867,2299,575,11186,8941,3762,12624,12393,7546,3477

test suite492
bestAPFD:0.866409
bestSuite:2107,10032,123,1777,1767,5745,6835,12402,12013,2801,7719,2714,9710,1920,3462,13149,1552,728,11240,2392

test suite493
bestAPFD:0.895528
bestSuite:3949,3446,4349,578,9849,2640,12110,12687,5947,6027,1967,8496,273,858,8570,2272,1612,11795,3901,6300

test suite494
bestAPFD:0.866283
bestSuite:4250,7854,8244,2122,11594,5116,2820,12005,5489,10247,13034,9779,13,3675,4237,7364,6348,4018,1866,3456

test suite495
bestAPFD:0.859749
bestSuite:12585,5635,1877,12371,1785,8834,7969,12499,4956,4158,9335,652,4770,6088,1865,170,7032,11515,6942,7157

test suite496
bestAPFD:0.861372
bestSuite:10336,275,5591,3867,11655,3133,2374,194,11520,12905,7056,13165,3148,1165,13227,13292,1241,2111,2538,3413

test suite497
bestAPFD:0.875528
bestSuite:12003,2195,6544,5980,575,3802,7475,2079,10609,7521,12520,8152,6816,4144,1933,2999,5946,8788,11929,5758

test suite498
bestAPFD:0.897957
bestSuite:5130,4845,8491,3654,6430,7101,2526,8353,1609,3735,2133,8605,11280,1583,7066,3709,12068,9311,11784,1706

test suite499
bestAPFD:0.872382
bestSuite:9044,10050,11486,10529,6333,12560,9066,12341,10741,1203,8709,5878,1935,6090,3756,3946,9521,4135,5417,4127

test suite500
bestAPFD:0.852576
bestSuite:11551,4555,7580,10045,5046,6025,8255,1372,2439,2853,2075,8890,9856,4082,672,5240,7225,7400,7931,11981

