test suite1
bestAPFD:0.894144
bestSuite:8754,3866,8278,8221,4782,13393,12464,4592,5111,12229,8495,2901,10938,8316,1207,12986,10743,9441,2587,11883

test suite2
bestAPFD:0.897175
bestSuite:13505,2175,11717,8754,13155,10475,7971,8210,11970,12197,1816,2101,13195,11807,2018,2285,6332,10110,3579,804

test suite3
bestAPFD:0.921667
bestSuite:11627,5913,856,8104,12227,7346,2062,1412,5749,12011,2192,12758,1852,5283,7596,1569,9727,9243,7544,9032

test suite4
bestAPFD:0.894697
bestSuite:8082,9509,6669,149,12234,12457,912,5739,4468,5664,8439,11344,263,4175,293,5504,3534,3509,4278,3865

test suite5
bestAPFD:0.892459
bestSuite:7059,11688,12663,2123,8336,6494,12294,7873,3592,9319,12504,2519,9507,13277,7061,9452,187,9839,1237,8537

test suite6
bestAPFD:0.918359
bestSuite:11009,5042,30,12402,7598,9077,392,949,4284,10748,7050,13257,2534,3650,10640,10477,922,9488,5367,4143

test suite7
bestAPFD:0.899203
bestSuite:3934,13117,12700,3739,4530,1444,5057,13325,7400,8631,4834,10274,5499,2589,7080,7363,13469,980,4593,10725

test suite8
bestAPFD:0.909539
bestSuite:1540,11495,8984,7889,1098,7725,12618,11849,2739,7410,11674,2802,1993,13292,7444,6001,10175,4785,128,6245

test suite9
bestAPFD:0.905399
bestSuite:8585,1699,12897,434,11504,5123,10853,6486,11926,13281,6101,3850,9607,12833,3034,6092,3238,9305,1575,4942

test suite10
bestAPFD:0.898485
bestSuite:10972,1382,4409,3371,7081,7596,10365,12516,9022,10755,4913,6321,7906,11854,6084,10113,8997,9581,8391,5989

test suite11
bestAPFD:0.900959
bestSuite:3227,11424,8440,11137,2865,8896,7316,5414,8160,4902,10823,10780,6567,20,10699,4148,2463,9543,3688,10760

test suite12
bestAPFD:0.909619
bestSuite:6897,2837,9056,12379,5126,1554,12517,7794,10256,10542,10381,12866,284,3082,4560,6948,2166,6547,7689,5112

test suite13
bestAPFD:0.899253
bestSuite:4549,5630,11563,12651,8207,3902,6762,3949,12369,11784,8594,9964,12813,5857,6230,6505,3295,5496,9840,7227

test suite14
bestAPFD:0.914155
bestSuite:11437,236,11005,5378,12920,13284,12818,1017,605,11141,4531,3885,1755,2719,6956,4719,6435,5865,6712,6196

test suite15
bestAPFD:0.906092
bestSuite:4250,5577,1710,8691,561,13145,9910,10720,10478,6829,4445,12634,9710,10114,663,3572,671,10187,11741,12109

test suite16
bestAPFD:0.906674
bestSuite:7359,4301,12441,1468,9299,1217,3213,4918,8714,3354,13117,572,10747,1594,5082,7083,4182,77,1475,1135

test suite17
bestAPFD:0.904743
bestSuite:5517,4932,11516,10776,6659,12550,352,11943,9373,4080,40,5470,13002,924,2587,2443,9351,5586,1701,7568

test suite18
bestAPFD:0.888963
bestSuite:5021,2412,4236,2366,10918,10777,7921,212,9583,868,6074,477,12413,2040,13448,9004,8297,8066,9208,11785

test suite19
bestAPFD:0.919939
bestSuite:9346,5852,1288,12656,6720,2773,6188,8307,3995,8122,3556,3179,2383,1033,9334,5237,6598,4204,519,6919

test suite20
bestAPFD:0.900506
bestSuite:3545,5764,3805,319,12768,8563,826,10778,1869,901,11821,2535,7252,1738,11048,2847,781,7950,2376,7959

test suite21
bestAPFD:0.891938
bestSuite:3375,3161,5240,5206,12843,11575,1707,8324,6197,3082,7322,10439,1821,6682,4651,11460,782,7167,6703,3838

test suite22
bestAPFD:0.919004
bestSuite:3553,2037,13042,11681,10924,2909,10482,6388,1735,12833,4699,13244,813,6364,10929,3842,1474,5899,667,7017

test suite23
bestAPFD:0.904317
bestSuite:3006,8718,3672,6007,8540,8145,8788,9167,1806,11158,1066,7898,1860,5286,2584,2545,5973,2248,3114,5011

test suite24
bestAPFD:0.920917
bestSuite:6805,11006,3810,6479,2117,7797,6155,11917,10412,5851,8076,9924,3524,10208,9246,4586,9795,9861,244,7003

test suite25
bestAPFD:0.905464
bestSuite:4268,7188,4587,8384,11670,2949,11049,4783,12391,4426,950,11950,10469,102,2325,2519,11813,7302,12188,10505

test suite26
bestAPFD:0.900470
bestSuite:13311,441,4542,11615,12378,7895,10521,5022,3698,173,12217,10932,1854,8351,9799,12005,8339,2920,3945,8359

test suite27
bestAPFD:0.897737
bestSuite:9830,9692,1808,6660,11395,10885,1165,9932,4828,12169,8317,12852,10909,12190,8132,4033,2875,3772,3366,12438

test suite28
bestAPFD:0.897568
bestSuite:4447,4191,11483,3692,13382,9779,578,3606,3613,10460,6466,6610,10099,1326,9783,7853,7873,8649,7425,9843

test suite29
bestAPFD:0.904118
bestSuite:9885,11418,8017,5334,7744,12600,9636,10359,10783,13175,8738,11844,1639,7792,10126,8730,13192,1314,5420,11175

test suite30
bestAPFD:0.892376
bestSuite:2713,2338,13187,5992,4890,8405,13411,12101,11263,10872,9570,8491,8717,1271,1932,11192,10636,12142,697,3810

test suite31
bestAPFD:0.905675
bestSuite:1447,576,11125,1445,12771,1360,5482,11503,10417,1546,10303,2395,13022,7946,4880,1870,3099,1279,1277,7000

test suite32
bestAPFD:0.910369
bestSuite:1416,12602,3866,7287,13518,4864,7325,2962,9065,7485,3441,7370,4373,2060,9061,9900,4292,7639,2488,12267

test suite33
bestAPFD:0.901000
bestSuite:8479,1554,13169,3896,9673,8494,11680,7297,2978,8637,2894,11953,10736,10169,4623,3817,6515,11775,3448,12226

test suite34
bestAPFD:0.900244
bestSuite:12099,9348,2252,522,6408,8025,1001,10481,10994,1714,325,7404,5960,10473,3577,3099,6103,10065,5959,9597

test suite35
bestAPFD:0.904569
bestSuite:8093,11007,9549,12491,2136,11675,5541,3740,3776,11128,12556,11336,10492,8195,3280,2396,5414,1065,8419,9620

test suite36
bestAPFD:0.910855
bestSuite:13112,3280,2351,1346,3384,13356,3533,5492,9235,8288,3052,12510,6742,8732,1347,9242,4041,6714,4306,5723

test suite37
bestAPFD:0.903995
bestSuite:5519,12198,9552,13401,12373,2269,364,5985,10293,1648,11543,144,13203,539,64,3238,11788,13232,11838,13409

test suite38
bestAPFD:0.903842
bestSuite:4585,3253,2564,121,7907,12535,12730,8715,4573,6908,2345,13385,8183,329,10074,4928,10185,12548,13407,3361

test suite39
bestAPFD:0.896000
bestSuite:1875,6976,11414,11224,1681,13521,12817,5370,8532,12560,11534,10392,3179,7127,5477,1738,7194,1201,1452,11830

test suite40
bestAPFD:0.898372
bestSuite:5698,13297,6428,4407,4546,2413,11180,3597,12879,13409,12807,7945,2539,12006,2754,11169,7055,9013,8368,3312

test suite41
bestAPFD:0.921323
bestSuite:2267,3711,1499,11195,9997,56,7883,13202,10955,3922,905,9267,3357,5160,3550,9424,10088,11192,13010,7384

test suite42
bestAPFD:0.900481
bestSuite:6944,6101,12670,6540,816,12565,11843,9041,11650,13281,3408,4938,12485,5572,12294,9666,125,3002,703,11970

test suite43
bestAPFD:0.934683
bestSuite:1084,8497,5480,2636,578,7892,11934,8657,2469,4416,10180,11937,673,11851,7227,9986,10118,9464,9473,10406

test suite44
bestAPFD:0.907010
bestSuite:11043,3741,10362,5343,12739,9695,11667,2707,5254,9722,9847,5177,7575,1373,9959,5193,11731,908,7674,1327

test suite45
bestAPFD:0.919308
bestSuite:4922,128,1719,4448,1912,11582,9769,4635,4826,1756,4458,1886,12969,5362,9714,9956,7950,6822,3903,7503

test suite46
bestAPFD:0.908845
bestSuite:9123,4986,12358,5102,5836,8302,2219,11030,3377,10416,10135,12156,10847,5579,8584,3244,10932,5191,7287,2718

test suite47
bestAPFD:0.910540
bestSuite:4167,2816,12883,7662,9818,13116,12841,9989,12622,12140,11092,1991,7060,1426,11671,5367,3449,1290,5483,8828

test suite48
bestAPFD:0.895267
bestSuite:11426,12361,9622,5265,932,5990,11586,5232,4672,6479,10651,11294,3308,10377,11335,11149,3152,7442,5026,765

test suite49
bestAPFD:0.902664
bestSuite:3728,2902,8108,11397,12741,7994,2347,87,12165,8883,12575,11813,8152,3123,4989,2916,724,3376,730,10814

test suite50
bestAPFD:0.902424
bestSuite:5241,701,7581,3200,8124,12733,1702,2099,7489,11145,12587,62,10022,2802,1893,6125,6195,6440,6741,6767

test suite51
bestAPFD:0.908107
bestSuite:1540,2134,6609,7425,12527,2895,6732,2299,9290,9507,12876,10232,9255,11058,8111,5058,12231,4244,6788,4581

test suite52
bestAPFD:0.910384
bestSuite:5667,4044,2958,11355,11639,2422,11310,12254,13271,1080,2011,7297,2163,10663,2587,6809,1897,40,4799,3872

test suite53
bestAPFD:0.910366
bestSuite:2673,9925,8126,11384,277,2773,8084,11258,13280,13522,4300,9421,2313,13244,7970,5823,11762,9883,8389,9996

test suite54
bestAPFD:0.908802
bestSuite:11603,10137,4849,3925,11700,4431,9501,2537,4224,10129,8277,9148,8333,144,5608,4089,9344,2749,421,10597

test suite55
bestAPFD:0.889264
bestSuite:71,2733,10956,7824,2874,362,12929,11388,12495,10431,3907,9779,11544,652,3394,10419,1962,8140,2128,10731

test suite56
bestAPFD:0.910309
bestSuite:658,11630,5447,12603,9114,3485,2064,3801,683,1477,12704,3709,5064,3815,11186,2988,5948,1328,8895,3043

test suite57
bestAPFD:0.900892
bestSuite:7284,3566,2031,6168,354,13183,7306,13300,5968,2492,10233,12316,8092,10541,9776,11299,8884,7268,8460,3475

test suite58
bestAPFD:0.914243
bestSuite:1150,11502,5471,10916,10552,4688,9911,2097,7797,7392,9684,2688,3196,9863,9596,6494,10481,4052,549,11120

test suite59
bestAPFD:0.895573
bestSuite:1172,2307,9604,11228,3769,12618,13201,11980,5939,4621,11294,9296,445,10271,2379,7619,2917,11876,1565,6826

test suite60
bestAPFD:0.914088
bestSuite:3683,3002,4170,1867,9179,8235,11093,55,7883,7478,4339,10202,2148,10182,916,2428,8197,9496,12158,12225

test suite61
bestAPFD:0.910895
bestSuite:11427,1051,2126,6160,8588,5004,10261,13375,12075,9857,10596,8735,1812,9114,5892,1217,12087,12962,9728,3464

test suite62
bestAPFD:0.905464
bestSuite:12915,2591,1907,3637,4671,13103,12404,2339,8171,8376,12505,11182,1168,265,2578,10450,5141,4494,3159,3649

test suite63
bestAPFD:0.894326
bestSuite:5884,3900,12613,2203,13366,12770,2150,1023,12305,4216,6870,13506,10131,233,11471,1126,2410,2042,3156,10324

test suite64
bestAPFD:0.891634
bestSuite:13411,2002,9538,4500,12779,12365,3422,10128,9420,12580,5504,179,7755,8249,9792,5985,11773,8280,9976,1817

test suite65
bestAPFD:0.889164
bestSuite:3414,12902,1800,3381,8900,236,11382,10603,12873,4430,10883,10,10009,9525,9689,3513,12359,598,4109,2745

test suite66
bestAPFD:0.897625
bestSuite:6127,8632,4587,3375,1210,4486,411,1816,4469,4458,12217,12274,2186,3791,9214,10174,9877,1034,2867,2818

test suite67
bestAPFD:0.893999
bestSuite:6764,876,12546,7577,13099,2133,8671,9945,12742,2523,12214,6560,11198,5613,3186,10243,8717,3237,4815,8323

test suite68
bestAPFD:0.916745
bestSuite:5519,6999,4015,3978,6136,9703,1261,7972,2854,3482,3904,11925,1934,6096,11724,8085,4244,2806,3707,2837

test suite69
bestAPFD:0.902258
bestSuite:318,4435,12720,4589,8278,326,4280,9375,4965,11125,2042,1126,10341,11754,13491,10201,11001,1559,5812,3204

test suite70
bestAPFD:0.913595
bestSuite:11049,1257,11681,12841,1289,1937,6412,7460,3570,10697,10147,8057,7221,6839,957,746,2422,13203,4372,8386

test suite71
bestAPFD:0.899975
bestSuite:9928,9587,4009,58,12339,703,3754,12797,10576,2028,10823,8414,5302,3007,3316,415,4821,2936,9684,12357

test suite72
bestAPFD:0.879550
bestSuite:11497,4137,7014,1696,10039,1789,1043,813,5816,8312,12139,11602,1900,3159,461,969,5447,5711,8790,13150

test suite73
bestAPFD:0.903274
bestSuite:1084,189,3630,12204,9632,3764,678,6255,2330,11449,6428,10898,7765,3894,6914,7471,11953,10874,5947,1345

test suite74
bestAPFD:0.919949
bestSuite:287,9466,1129,4118,11095,3664,620,13267,3263,8571,2833,9220,1639,9961,795,3916,3000,9901,4602,2463

test suite75
bestAPFD:0.895911
bestSuite:8186,11684,7113,12344,513,4056,13408,4689,6883,225,10757,1703,9513,10425,3077,10145,6662,7603,3135,11164

test suite76
bestAPFD:0.909366
bestSuite:6967,9236,6657,7727,7525,9003,6992,4177,5121,9908,10185,8719,6584,4366,2728,8588,9840,9454,2408,8971

test suite77
bestAPFD:0.907679
bestSuite:7264,2602,5619,12472,7812,12210,2494,11549,13009,10758,10239,9233,1250,2290,7102,5200,2057,12101,5608,11449

test suite78
bestAPFD:0.909736
bestSuite:10051,2197,8624,8476,6677,11110,11433,6681,2480,3430,10618,9151,3371,11773,6858,2266,912,3148,1887,10250

test suite79
bestAPFD:0.913570
bestSuite:11491,4536,3209,12156,8083,6117,11352,10367,13155,10533,8023,2345,7759,2985,1688,3312,3529,8945,4573,6274

test suite80
bestAPFD:0.930232
bestSuite:8332,4744,3454,8004,7285,6785,11456,2922,7486,7247,7119,9566,138,10071,7914,5074,6309,9651,6589,5959

test suite81
bestAPFD:0.894586
bestSuite:4517,4502,12967,3938,8656,12490,13363,4891,13190,8011,10873,8769,9909,1515,8948,3722,6605,6125,2393,1530

test suite82
bestAPFD:0.913597
bestSuite:4837,2300,7098,11794,8516,10374,5073,6820,8305,3740,7566,10223,1695,4926,393,3159,9730,1399,10106,2591

test suite83
bestAPFD:0.906224
bestSuite:6790,1901,249,12908,5756,2078,6012,6465,101,4255,12236,6788,9240,1234,692,903,1232,7797,1840,4882

test suite84
bestAPFD:0.894466
bestSuite:12664,12632,8931,389,1647,7929,11710,11576,7377,3627,5374,5623,11802,2981,8636,3008,12188,232,7128,2379

test suite85
bestAPFD:0.901736
bestSuite:5233,4676,739,5489,12964,12392,5841,13160,1758,2392,7736,2200,7338,12300,2393,13067,8717,8173,2056,10633

test suite86
bestAPFD:0.887370
bestSuite:5375,7215,4005,12654,4808,4794,11774,7617,4952,13475,9715,11104,10986,11193,9861,2801,1144,8435,984,3491

test suite87
bestAPFD:0.906293
bestSuite:7756,11016,5876,4982,12736,3444,7161,35,1321,10136,9319,5450,1620,3160,3740,1030,4438,2687,3800,10621

test suite88
bestAPFD:0.884834
bestSuite:4740,4382,2435,11700,3387,12488,13126,2685,7667,5404,1826,4727,12808,11561,8350,369,8513,2894,5433,2579

test suite89
bestAPFD:0.909410
bestSuite:13504,492,6452,7989,10048,12870,8100,2959,8297,7053,9542,7176,10165,7231,4889,1535,13322,992,7660,7410

test suite90
bestAPFD:0.909959
bestSuite:8747,6995,4481,8114,3290,10727,11134,5514,5774,300,647,7680,5970,1780,10584,12031,9782,6848,8046,13308

test suite91
bestAPFD:0.897500
bestSuite:3006,7121,8233,12793,1868,2867,4262,5650,3315,3879,10582,4377,9188,6252,9443,12642,2601,4425,8272,9746

test suite92
bestAPFD:0.902885
bestSuite:7955,8581,8695,7441,12766,1517,3857,12602,8453,2751,5252,6068,10981,8450,2697,4766,3785,4680,6250,7836

test suite93
bestAPFD:0.912528
bestSuite:9673,6959,5004,759,383,4874,1448,12031,13056,10754,10378,7026,9612,7831,13228,10098,6306,4765,4187,692

test suite94
bestAPFD:0.904683
bestSuite:7264,8501,8594,3741,11717,7452,12300,9823,11525,5804,1595,11001,1083,1694,2352,2842,6945,1151,10457,8997

test suite95
bestAPFD:0.894231
bestSuite:5793,6898,9200,814,12459,9391,3272,12670,12285,7499,742,9127,13295,3327,3772,7769,9460,7886,5565,7214

test suite96
bestAPFD:0.912626
bestSuite:11491,6176,10367,5471,4286,11398,5050,4029,10940,13267,8746,3401,12060,760,10655,2011,8784,3879,5697,1684

test suite97
bestAPFD:0.870774
bestSuite:8138,5005,12957,11824,5865,1703,12470,1654,12761,13196,5755,11555,8892,13448,4586,3134,8236,6955,13298,9568

test suite98
bestAPFD:0.890798
bestSuite:166,2037,3030,12554,3420,310,6535,11078,5106,12823,4221,1896,7581,8473,9690,8175,4079,6548,5970,10120

test suite99
bestAPFD:0.912362
bestSuite:3866,206,12093,186,823,4348,12733,9029,11868,1165,4321,1442,6502,795,9221,8281,6890,6244,4183,3352

test suite100
bestAPFD:0.915088
bestSuite:9222,5839,11319,2635,5814,13367,12068,13436,11328,1580,3070,6837,11884,9470,4845,9130,11880,5966,3055,4607

test suite101
bestAPFD:0.908350
bestSuite:7704,3969,4583,4486,6253,12064,145,5376,12833,2152,9498,972,5857,7184,10715,9241,6795,993,7469,11018

test suite102
bestAPFD:0.900483
bestSuite:10967,11286,1974,5018,12588,2924,3712,993,13452,8579,10843,1166,1849,4569,10187,6845,2123,4436,8212,9918

test suite103
bestAPFD:0.909353
bestSuite:2943,6044,12740,10765,8643,2607,1240,3001,3764,2747,2397,6047,13226,5861,1280,3520,3763,9628,5658,9770

test suite104
bestAPFD:0.894565
bestSuite:3925,5312,4733,12149,13133,5601,11842,11640,5625,10891,3354,7849,2500,2039,12135,5836,3030,5198,8583,12813

test suite105
bestAPFD:0.910752
bestSuite:261,377,6402,11154,4297,9505,3085,10278,12203,2670,11870,12123,2262,12327,8969,4422,6916,12291,2941,2488

test suite106
bestAPFD:0.900688
bestSuite:1835,9547,2006,5019,3888,12585,2984,9007,3461,9098,10567,4597,5065,2277,13270,4187,8297,4591,5010,4388

test suite107
bestAPFD:0.907487
bestSuite:2300,3752,2931,11638,5265,1086,9,12414,13391,12035,6210,10084,12844,9505,8533,9591,10197,608,6392,10192

test suite108
bestAPFD:0.926751
bestSuite:14,4016,8540,11564,9915,10873,3865,5517,8037,4141,8385,9211,8171,8120,1470,3893,40,1919,459,1423

test suite109
bestAPFD:0.890567
bestSuite:7812,11504,3726,566,5495,8325,12048,2148,12926,10654,11061,10801,9230,7459,8375,1740,5349,161,12020,9140

test suite110
bestAPFD:0.897127
bestSuite:1402,11519,256,3766,9172,13359,6115,12614,11561,2431,10043,12439,6934,11984,12556,6587,8937,13251,2614,10261

test suite111
bestAPFD:0.913037
bestSuite:5222,8332,11656,9763,1084,4049,8843,9497,11850,11448,13449,6129,2509,11083,795,12187,2408,5260,13495,5154

test suite112
bestAPFD:0.898089
bestSuite:4341,12478,1847,12389,7044,12891,2553,2820,3928,10963,5370,2278,5864,5048,1050,1629,6348,3557,8642,8794

test suite113
bestAPFD:0.901216
bestSuite:6186,5964,381,12195,9983,9893,11706,11087,3495,4300,3457,9285,6888,12016,8099,11758,6214,4549,7912,7656

test suite114
bestAPFD:0.890381
bestSuite:3855,13066,735,5566,11608,4057,12937,11673,3806,8755,9090,6499,3715,9738,7324,3474,2141,9628,9527,11764

test suite115
bestAPFD:0.898994
bestSuite:7520,597,12796,18,8843,10523,1184,11679,11652,12309,7315,10696,1138,8616,8248,10701,6006,1467,5960,8686

test suite116
bestAPFD:0.888881
bestSuite:9795,13367,6229,11693,611,13519,12085,13166,3696,10996,12526,10173,4181,10854,9120,3776,8731,5193,10843,7531

test suite117
bestAPFD:0.884892
bestSuite:6317,538,4891,12448,12330,8274,6707,6499,10910,4678,7292,834,9604,9958,5529,12697,1147,7016,849,9555

test suite118
bestAPFD:0.902268
bestSuite:1113,7258,11719,3850,8239,1785,3860,10259,390,9931,6226,11284,6591,4953,11347,13250,8628,8437,1011,9216

test suite119
bestAPFD:0.891075
bestSuite:5020,7692,12883,9666,11075,9208,11391,12732,5716,3643,430,10463,12290,8722,10802,2555,9322,10073,7622,10039

test suite120
bestAPFD:0.889868
bestSuite:5979,7984,13099,9280,2836,629,5802,9936,8089,10749,4301,9902,2932,568,1709,4845,1501,2744,6604,13128

test suite121
bestAPFD:0.906648
bestSuite:646,7002,2994,12530,6312,7023,6575,5816,11287,5754,9845,11829,6230,4605,3335,2488,13319,1494,1535,3586

test suite122
bestAPFD:0.901713
bestSuite:2995,12344,1976,4171,399,2153,3965,8451,12705,7125,4255,1008,11958,6557,2693,4141,7214,7717,13488,10563

test suite123
bestAPFD:0.901670
bestSuite:11422,12587,364,9883,11759,6364,1493,11582,11257,2,6882,11469,8085,13306,12962,4884,10510,2609,9130,2969

test suite124
bestAPFD:0.931038
bestSuite:7658,1289,5687,12152,993,1582,8111,10916,2833,8130,6214,8767,10913,1954,410,9991,3996,8513,2793,13318

test suite125
bestAPFD:0.911250
bestSuite:4332,7395,9867,5698,11666,381,1960,5145,7359,10882,9767,3272,4362,7375,6767,5339,11350,3466,1807,3804

test suite126
bestAPFD:0.903265
bestSuite:13395,11013,356,8950,11931,9432,1362,12754,3471,11114,190,8466,4843,8810,8105,6373,1549,4666,1795,7765

test suite127
bestAPFD:0.893669
bestSuite:1705,6588,8651,12417,12167,12542,12687,5739,5052,5070,8508,8218,8131,3820,10641,2846,8665,8111,7017,7173

test suite128
bestAPFD:0.890939
bestSuite:938,2211,9949,11787,5647,12711,13092,3940,5151,11651,8471,14,7229,9569,13431,5930,9020,1482,9243,9143

test suite129
bestAPFD:0.926079
bestSuite:4268,12475,8415,4460,4496,418,12820,2752,8048,2529,8796,3087,12479,8945,10175,9724,13401,7904,6405,5593

test suite130
bestAPFD:0.906994
bestSuite:5171,5562,8091,13373,11236,2275,5103,10589,1220,5061,5050,8461,560,8233,5582,3176,40,3098,11983,2970

test suite131
bestAPFD:0.913017
bestSuite:2051,9138,8481,4118,11850,6144,4370,12965,5017,513,12869,4030,1696,11209,3977,7865,7499,1490,6670,6779

test suite132
bestAPFD:0.920797
bestSuite:6031,2958,2314,12619,12895,11453,8537,4411,4738,4639,6148,6810,8442,282,163,9526,428,2153,9207,2663

test suite133
bestAPFD:0.903979
bestSuite:7465,12788,1974,12894,8789,11645,3343,1284,7594,7424,8787,7398,7273,9540,11903,11048,7456,234,1444,8903

test suite134
bestAPFD:0.899766
bestSuite:3254,8271,5434,11091,6501,7571,4411,704,11582,5156,5227,9517,1189,5311,4781,5888,549,3050,13247,12497

test suite135
bestAPFD:0.889192
bestSuite:85,4250,1987,12760,7831,7163,2024,10934,7435,6328,11041,5454,3875,13399,9837,8858,679,4642,10676,7165

test suite136
bestAPFD:0.897105
bestSuite:3828,12125,8622,13510,12583,8756,11457,4074,1383,7126,2556,11778,9780,10831,12829,1545,5573,9447,2418,1221

test suite137
bestAPFD:0.922671
bestSuite:8929,2061,11594,6249,3078,10955,6876,12537,6666,7032,9812,7000,3191,7306,5812,5701,11674,4734,117,3403

test suite138
bestAPFD:0.917770
bestSuite:8694,8336,13430,9230,11024,4035,9937,778,7658,233,4614,11352,9652,11027,8440,490,7039,3158,3663,8970

test suite139
bestAPFD:0.910151
bestSuite:12461,6050,6986,8117,8967,312,6535,1814,9035,2967,10303,4059,2349,1607,4655,2827,4452,3148,145,12697

test suite140
bestAPFD:0.898128
bestSuite:3342,9571,4176,6707,9021,3887,462,237,1285,1088,2825,10234,7293,5319,8812,10867,948,6394,922,13046

test suite141
bestAPFD:0.904180
bestSuite:6712,12458,6349,13509,121,11130,7106,12751,11226,4741,10568,10238,4272,9592,10638,4117,1863,789,7505,849

test suite142
bestAPFD:0.881382
bestSuite:9709,4334,8663,11842,3764,5132,12736,2731,11622,7557,5632,8988,9595,13407,8817,12287,9043,7028,9994,1156

test suite143
bestAPFD:0.908812
bestSuite:8454,9123,2651,1674,1532,3826,3146,10463,3245,9541,5122,6079,8588,11018,10035,7744,13013,4580,6392,7481

test suite144
bestAPFD:0.886497
bestSuite:3181,2064,1811,6234,7397,3330,13352,11504,8440,11533,1032,12713,6807,10792,3511,5011,1545,13464,585,2727

test suite145
bestAPFD:0.909463
bestSuite:4948,5463,5420,8952,7509,9488,11008,915,913,12101,10052,1928,7537,3744,5305,9588,5603,6339,6612,12178

test suite146
bestAPFD:0.912117
bestSuite:4268,6278,9387,8268,8809,9157,10873,7024,4224,111,4631,9099,10327,6708,12298,7663,2977,4887,9750,5974

test suite147
bestAPFD:0.913137
bestSuite:2786,5290,9229,6012,8677,12103,193,2275,9800,3226,274,2878,9563,7350,11927,9782,6975,5380,2189,8645

test suite148
bestAPFD:0.915494
bestSuite:7818,3479,13019,11605,5782,3850,11142,8864,12339,1659,11655,9288,2549,2585,5819,9047,8183,5705,6014,7204

test suite149
bestAPFD:0.903773
bestSuite:5519,4658,6817,12638,12717,6994,1335,1359,4063,6160,11552,1777,11261,2871,1984,3426,4272,3345,7369,12663

test suite150
bestAPFD:0.919341
bestSuite:9435,1874,8868,4030,12200,12727,13144,10561,6585,6390,6775,4878,9586,796,3694,7994,5462,6238,935,214

test suite151
bestAPFD:0.917704
bestSuite:5171,9309,5915,11922,4727,7580,3367,4847,2157,3618,10329,9270,6386,7108,9442,4452,9646,9738,1996,6408

test suite152
bestAPFD:0.923590
bestSuite:2051,12889,6220,214,5775,12926,10463,5975,1496,3638,1523,3839,9937,10157,4533,9141,9671,7623,5599,375

test suite153
bestAPFD:0.903039
bestSuite:6657,2896,11808,445,7404,3940,13486,12532,12937,6942,4590,13434,8286,2403,10112,5615,6125,12289,6461,12313

test suite154
bestAPFD:0.920139
bestSuite:4817,6271,11517,4197,809,152,13185,11797,4004,10594,11081,8595,3659,3043,4574,7433,3219,6950,6171,1248

test suite155
bestAPFD:0.898990
bestSuite:4742,3013,9047,1258,12689,512,5536,1523,1350,11988,7463,10226,8769,12810,7169,8836,8535,8266,6888,3347

test suite156
bestAPFD:0.902316
bestSuite:3160,7620,2253,2506,7837,2046,11843,10566,10369,6133,10983,589,1321,1422,448,4902,6299,7225,1555,4647

test suite157
bestAPFD:0.904444
bestSuite:4915,9432,10921,6590,4828,3968,628,12761,11106,7499,5083,8859,12352,9903,11939,9719,8461,2359,3759,11322

test suite158
bestAPFD:0.908022
bestSuite:197,1848,3571,11596,560,6492,8842,12881,6459,6629,2607,7920,1822,1232,12196,9334,9777,587,2032,6222

test suite159
bestAPFD:0.894088
bestSuite:3272,2533,11970,483,13347,10035,2507,7482,3830,172,8699,3369,13395,7115,6340,9809,3812,2065,9889,6400

test suite160
bestAPFD:0.892201
bestSuite:3576,5769,11692,8321,8837,8486,12464,10589,2881,12871,12296,7460,571,10507,4704,12806,1120,7644,7434,7360

test suite161
bestAPFD:0.884307
bestSuite:13053,5163,11047,5062,5003,3943,1116,13259,11675,9063,5779,713,10828,11251,6216,7057,12312,892,7814,10835

test suite162
bestAPFD:0.912689
bestSuite:778,3986,5360,9927,12044,13513,5028,8595,6695,13205,10552,1826,4160,2230,9415,3441,3298,5749,5861,5584

test suite163
bestAPFD:0.908592
bestSuite:1400,7857,2386,2131,12789,10486,9279,9994,4881,4680,984,10850,12718,10717,8,5886,12795,5423,3635,1760

test suite164
bestAPFD:0.913272
bestSuite:13024,1395,9505,8422,3727,12838,11303,3959,1952,11014,253,8812,3671,13494,8738,7820,146,6744,7567,8037

test suite165
bestAPFD:0.917097
bestSuite:9170,8601,6450,12075,13149,1099,11058,13212,3458,6700,10728,6919,1487,11929,9265,11726,10858,5545,9844,6961

test suite166
bestAPFD:0.903542
bestSuite:3637,1640,7109,6707,10851,8237,6470,10648,7467,5185,6130,4580,5583,3722,2265,2537,8032,6006,1767,9178

test suite167
bestAPFD:0.902519
bestSuite:34,12506,5219,5229,4588,11651,12298,5951,6272,13147,1036,4445,1534,191,4599,8086,10907,3445,2385,4914

test suite168
bestAPFD:0.905327
bestSuite:4404,1883,7710,9559,10435,8652,11704,5803,867,12822,11860,4321,4329,10320,9074,10282,1813,3577,2097,9109

test suite169
bestAPFD:0.910642
bestSuite:4191,11040,13406,5938,10587,6295,3961,6756,10145,11321,9300,7005,9314,3920,9043,8416,8204,8036,3078,1815

test suite170
bestAPFD:0.922573
bestSuite:8190,12377,10997,1750,12970,1496,571,715,929,5101,5978,10117,13253,1047,10402,1485,2125,164,10396,7955

test suite171
bestAPFD:0.909729
bestSuite:4753,5253,2014,12787,4011,8201,8529,12516,3300,1924,2855,3973,1235,2178,8026,1228,10115,11258,6502,2115

test suite172
bestAPFD:0.924600
bestSuite:5282,9055,7814,12402,975,8694,10868,2725,4497,238,3062,7862,11900,1394,7651,7254,4643,5486,1615,7656

test suite173
bestAPFD:0.915505
bestSuite:6894,4597,4332,8664,12579,11459,9206,4054,6297,2908,11934,10388,5865,9181,1501,9634,5951,4811,7997,9966

test suite174
bestAPFD:0.910623
bestSuite:3137,2332,8310,13394,12353,3742,513,6365,3816,1137,4033,3464,3993,7090,3543,2742,5834,2254,9604,11991

test suite175
bestAPFD:0.889024
bestSuite:4915,6869,630,8838,8937,1009,11984,3122,340,3308,12888,7580,8538,9102,10700,6166,3358,892,3450,8319

test suite176
bestAPFD:0.894304
bestSuite:856,2615,12409,997,7151,12143,10962,4484,5504,7184,7200,7388,6444,5353,10943,229,5785,7257,13484,1002

test suite177
bestAPFD:0.893130
bestSuite:11853,3497,899,4273,12378,13521,3384,7849,11541,8389,11141,6742,3167,11252,12824,332,9807,8112,11326,11047

test suite178
bestAPFD:0.898727
bestSuite:4358,9999,13105,5580,3928,6164,11492,3535,7566,13212,11731,6222,5967,9524,8544,7769,4033,378,8466,1343

test suite179
bestAPFD:0.904496
bestSuite:6410,10967,2741,3830,5876,12370,6448,10376,9023,7611,12994,8436,1783,13346,11932,442,1591,6963,8773,12359

test suite180
bestAPFD:0.915730
bestSuite:5331,3056,2867,6255,2508,11508,8223,4562,8423,4441,2943,9046,839,573,6345,8066,8861,1620,1052,4068

test suite181
bestAPFD:0.894818
bestSuite:7072,11450,9079,11661,8035,4858,6224,7619,10769,9094,3661,9961,13478,2129,2224,11213,378,6000,9787,10177

test suite182
bestAPFD:0.906081
bestSuite:602,2020,3949,763,11672,6435,10767,4197,5498,10649,11030,1450,4889,1785,7835,9267,7090,532,1665,2306

test suite183
bestAPFD:0.890872
bestSuite:5967,10380,6281,7527,660,11462,484,8369,3346,7782,12350,10787,2754,7150,11232,847,8477,5636,6314,11518

test suite184
bestAPFD:0.899290
bestSuite:2472,9121,2807,6222,13181,7929,13470,3389,2130,1380,13415,10894,11578,13493,5065,2504,7047,3992,4234,10018

test suite185
bestAPFD:0.915086
bestSuite:233,1734,9402,6734,11016,11195,10798,1515,1408,11820,12850,3223,2576,12976,1452,11881,3220,8937,2266,11830

test suite186
bestAPFD:0.892063
bestSuite:3231,6206,11433,6743,4211,13171,6816,10647,13374,8641,13242,11752,5011,5857,5678,6974,335,5872,9270,9494

test suite187
bestAPFD:0.909266
bestSuite:10139,13520,9085,4578,7634,9094,10879,12517,9253,11896,7738,10827,10244,1,12053,2382,7297,4883,7216,4651

test suite188
bestAPFD:0.908057
bestSuite:9765,1946,2487,13403,2922,12849,3151,4176,10237,243,11856,1218,530,3548,1086,5033,567,3172,6591,5037

test suite189
bestAPFD:0.920168
bestSuite:7982,358,12914,11380,824,9033,7656,761,10545,1687,4136,11205,8703,1334,1176,4656,7278,3416,6336,5183

test suite190
bestAPFD:0.915504
bestSuite:3300,808,6956,11676,12539,7580,11015,2343,5875,763,4300,7715,2780,815,2123,2471,17,3683,6955,1212

test suite191
bestAPFD:0.902818
bestSuite:2289,7504,12681,384,2442,11742,4058,5796,8,10641,9167,2110,12217,9692,11186,5443,667,6480,7455,722

test suite192
bestAPFD:0.906093
bestSuite:7817,10968,8119,3839,11234,13193,13518,6438,9206,11075,5155,10599,361,7578,6633,5342,3676,11732,12021,3499

test suite193
bestAPFD:0.916235
bestSuite:4911,7140,9888,11291,5058,2068,8189,5329,12317,7031,10425,12233,3363,2868,10219,590,1924,2264,6027,9845

test suite194
bestAPFD:0.900857
bestSuite:5546,13349,11137,6670,2540,9893,547,6349,10737,6063,11641,10701,10611,1017,9701,2498,8772,1470,3073,2826

test suite195
bestAPFD:0.896758
bestSuite:9178,9438,9483,975,4000,10550,12455,7159,11960,9774,8,700,9675,9263,3669,587,5564,1981,1144,5618

test suite196
bestAPFD:0.876512
bestSuite:9141,6667,13119,222,12879,1023,5252,2416,10617,11422,7286,12937,7105,9339,8737,4877,7512,2445,3027,1449

test suite197
bestAPFD:0.911870
bestSuite:2900,2444,9142,7078,11662,10386,9571,3278,13132,1963,11846,1351,5396,8654,6607,832,2321,8513,7671,9814

test suite198
bestAPFD:0.911204
bestSuite:8265,6075,10410,1860,8063,11379,1247,10630,4140,10018,3797,11965,1182,2633,7428,5096,4072,1617,6516,6135

test suite199
bestAPFD:0.898649
bestSuite:4337,13365,12591,919,10803,8012,10468,1674,6007,6958,12638,11823,3796,4608,2664,5890,1647,6621,9865,9980

test suite200
bestAPFD:0.914664
bestSuite:2079,8438,1449,9241,131,13392,8702,403,1975,11149,13501,4545,2996,309,8637,10201,7031,2312,5813,5087

test suite201
bestAPFD:0.882368
bestSuite:1497,12979,7550,1493,12441,9619,10310,10980,3603,9611,6893,9528,5649,10895,8649,5795,200,4427,410,8551

test suite202
bestAPFD:0.897974
bestSuite:1284,2491,11340,8676,9540,10758,8479,2890,5946,10506,6210,3630,5139,11023,1651,8204,10433,1309,10477,10486

test suite203
bestAPFD:0.908639
bestSuite:1885,5296,5568,10375,6076,10844,7221,7669,12088,7436,4408,2901,587,1573,2947,2168,5279,13442,11744,7168

test suite204
bestAPFD:0.913065
bestSuite:3001,8503,5714,2694,11730,6639,3581,4553,10893,4204,3421,11359,7946,9841,10024,271,151,7960,7379,10382

test suite205
bestAPFD:0.907377
bestSuite:8964,8242,11633,9123,5693,9321,2507,10779,12562,7894,11595,1238,9901,11799,1972,4853,5744,303,10917,10007

test suite206
bestAPFD:0.913928
bestSuite:8527,656,1605,5388,677,2750,5646,4421,10220,1919,4252,8744,5426,7930,5564,2901,473,4537,2344,11786

test suite207
bestAPFD:0.897326
bestSuite:1547,11517,12432,2542,3333,4095,11207,12735,3210,1751,9476,9834,3650,12176,6831,3302,3917,3721,11515,13234

test suite208
bestAPFD:0.903900
bestSuite:1010,13158,9340,2564,11499,7435,3565,13377,3383,8705,4424,10444,6914,12260,4265,1622,11837,9674,8665,8250

test suite209
bestAPFD:0.894324
bestSuite:3085,9599,7525,5647,8614,5068,3628,10833,1137,6355,11459,225,716,227,10692,176,11338,450,1271,10332

test suite210
bestAPFD:0.904777
bestSuite:6197,646,13105,1678,7888,12709,11643,5415,1197,5513,4114,7040,3857,8707,8732,11740,4724,610,5557,3916

test suite211
bestAPFD:0.912081
bestSuite:7968,1380,6924,2323,4368,151,4567,11283,4143,9346,12298,8129,10837,13209,8802,8198,1304,794,9186,8048

test suite212
bestAPFD:0.902848
bestSuite:1292,12026,9158,8086,12465,1782,10898,2394,7456,12369,6877,1788,10864,10677,733,10880,11753,4366,1765,6531

test suite213
bestAPFD:0.904744
bestSuite:1874,5688,11423,1957,11321,1174,11979,8896,8103,7381,2371,1094,12411,5887,2413,1118,6505,8742,1185,5276

test suite214
bestAPFD:0.912513
bestSuite:9945,13342,11117,3038,7003,5916,2399,12085,1215,8726,4905,6254,9618,4559,316,10178,276,4666,758,10308

test suite215
bestAPFD:0.890940
bestSuite:8006,8972,7030,3187,5283,10861,9958,10569,2129,12767,10733,5156,10170,6578,6963,6988,12879,8765,10112,12855

test suite216
bestAPFD:0.897320
bestSuite:1273,10983,13032,2448,12194,7099,10871,7610,12294,13268,226,3582,5180,11457,13217,8737,10693,6316,8399,8157

test suite217
bestAPFD:0.901471
bestSuite:4420,6921,5207,1420,10478,6910,11567,5919,7070,8757,12140,5168,8356,505,12803,9819,8855,2089,7830,4914

test suite218
bestAPFD:0.910415
bestSuite:5698,12396,1955,4199,11569,2701,2010,6375,3379,11601,10146,10937,3825,11618,13183,9966,5080,4134,10434,1248

test suite219
bestAPFD:0.905236
bestSuite:6824,6404,13380,10494,8935,12935,12621,8724,3999,11868,10144,8005,10349,5484,3460,11252,6177,12065,9544,12981

test suite220
bestAPFD:0.905905
bestSuite:2472,12910,7784,3517,10582,9754,10377,2869,5205,3743,10815,12111,3313,6945,9828,3822,3235,11043,11734,8604

test suite221
bestAPFD:0.912299
bestSuite:1015,7389,13116,4864,2372,6064,1279,5927,10725,10647,1824,9694,2530,1897,13301,8259,10633,8499,8006,6165

test suite222
bestAPFD:0.886920
bestSuite:12044,3505,13407,2853,4217,9104,7993,7452,6356,7889,1976,12566,7576,7083,8213,12101,13027,9261,2821,1116

test suite223
bestAPFD:0.912313
bestSuite:7751,8366,1557,12620,12044,9526,12929,438,1494,1555,11078,1074,2940,12358,338,1775,1242,9942,4975,6978

test suite224
bestAPFD:0.900158
bestSuite:367,13420,9254,4095,11250,2399,5379,3623,8390,8200,8372,6392,7094,7408,10190,228,7068,7521,6568,329

test suite225
bestAPFD:0.892782
bestSuite:2247,12383,6556,13143,6169,1350,12932,7758,7441,10051,956,1490,2304,11958,8220,12340,9134,9463,7664,642

test suite226
bestAPFD:0.913300
bestSuite:7122,4114,6099,6278,1178,5951,2225,6692,8518,3581,32,1163,1016,3079,2016,1856,7544,7859,1000,11377

test suite227
bestAPFD:0.895395
bestSuite:8791,5574,5106,6501,12470,3234,1739,7887,6674,13217,11548,3064,9637,1640,5034,5100,3211,2059,9053,10394

test suite228
bestAPFD:0.910534
bestSuite:9515,12609,13341,8281,4581,7761,3733,12231,11977,6610,2882,3009,4548,6,5131,1075,2895,5634,4272,9324

test suite229
bestAPFD:0.914435
bestSuite:4625,6407,8789,6066,11871,2226,8522,11530,12848,6863,10084,9240,11249,13267,7411,7671,4336,5489,6333,3702

test suite230
bestAPFD:0.898541
bestSuite:3264,6385,4240,11621,9247,8875,3860,7148,10626,11160,12147,725,10560,8664,10143,805,1610,9815,6191,60

test suite231
bestAPFD:0.893725
bestSuite:12911,9891,4457,6501,10893,4325,10565,7135,11610,10944,4126,10215,173,13266,9832,6952,8812,10719,945,9369

test suite232
bestAPFD:0.915654
bestSuite:5020,2073,3345,9980,5134,2717,450,4412,4821,9989,2071,10107,9582,8173,435,4854,730,834,9061,5373

test suite233
bestAPFD:0.908013
bestSuite:9949,3763,8148,8076,4207,9644,10504,4358,1456,2969,3592,9591,3051,8792,4253,4480,5489,8803,2008,5632

test suite234
bestAPFD:0.898580
bestSuite:2695,13018,709,555,12440,3733,7971,6226,11077,8126,10262,11957,9349,7047,9257,4387,5581,4053,6241,4165

test suite235
bestAPFD:0.894436
bestSuite:4185,7264,12773,2621,5221,285,12440,885,10949,11922,1229,7790,6089,2502,1180,6221,2009,10167,10681,2021

test suite236
bestAPFD:0.885680
bestSuite:11004,1284,1137,1692,12477,13158,11463,12031,10600,12344,8826,7845,12258,1928,2473,10895,1897,727,4008,6194

test suite237
bestAPFD:0.904584
bestSuite:3926,8336,9546,6231,9877,9510,5593,11547,11734,9949,5807,1612,12066,491,8872,2178,3862,12980,9233,496

test suite238
bestAPFD:0.920824
bestSuite:2092,6355,2156,6227,13504,12955,173,7419,2971,8255,1664,10864,5082,9276,6455,11037,10003,6801,3728,677

test suite239
bestAPFD:0.913109
bestSuite:8527,6495,4380,8149,9674,12499,10126,7009,10966,6862,10872,7080,5616,2917,4926,10672,2243,8429,7067,8788

test suite240
bestAPFD:0.902291
bestSuite:1122,9284,9891,11715,118,4755,8567,10607,8437,7039,12158,9582,2708,11675,3320,3661,990,1752,4449,9315

test suite241
bestAPFD:0.888376
bestSuite:4329,12963,11979,12605,8371,207,10867,10879,12840,39,6420,7315,2812,10230,5969,9142,13437,7080,9054,10869

test suite242
bestAPFD:0.918343
bestSuite:5611,6206,107,5241,7357,918,9242,12024,1387,2212,11785,10953,8584,6417,7753,8922,6381,185,1154,8990

test suite243
bestAPFD:0.906621
bestSuite:11588,1874,4222,206,11135,5583,6912,6262,2311,1417,7494,8333,2728,4524,705,3277,9428,11035,9497,11664

test suite244
bestAPFD:0.900080
bestSuite:11007,6563,7167,12167,12617,13486,669,8061,5292,1696,11784,6343,7462,6844,533,12526,450,3471,2443,3975

test suite245
bestAPFD:0.914056
bestSuite:449,3188,12385,5137,2184,10511,2473,11911,12613,3990,202,9241,13478,10415,5560,10495,5289,4643,1796,9908

test suite246
bestAPFD:0.891075
bestSuite:2246,7699,395,8842,3980,11695,5338,8347,5599,11409,10870,6198,2681,6489,4770,5653,12265,504,2929,196

test suite247
bestAPFD:0.898598
bestSuite:8108,11706,8635,4654,4857,9552,1101,65,12867,8718,3730,11787,1986,8121,2614,1827,520,7916,2034,10288

test suite248
bestAPFD:0.909938
bestSuite:6911,11635,11792,8814,10965,10278,8275,13512,12875,2269,6224,13299,3393,12285,11731,4051,2985,2266,5861,8386

test suite249
bestAPFD:0.897619
bestSuite:3175,11657,968,12601,7686,7174,8569,11980,4629,12158,5906,7384,1353,8871,5518,1279,11520,11988,7862,7698

test suite250
bestAPFD:0.908481
bestSuite:1385,203,11965,3346,5170,6296,471,12133,6866,4195,10269,11160,5736,9735,4814,10918,4046,12084,7551,10116

test suite251
bestAPFD:0.910255
bestSuite:13118,13519,6807,8931,1522,11277,931,8966,998,221,7424,7021,7181,12073,5223,8079,204,1105,2505,5887

test suite252
bestAPFD:0.911781
bestSuite:4915,890,2098,7876,6210,4005,6503,1211,12848,7344,5308,9252,4740,5638,8473,9576,2016,3326,694,1604

test suite253
bestAPFD:0.897653
bestSuite:10989,6734,11614,10797,12664,4406,5427,9104,7455,4971,8859,2063,11296,796,12746,8004,7467,4214,11199,8892

test suite254
bestAPFD:0.906768
bestSuite:2954,6228,11155,4245,10428,1653,6360,3865,4261,6582,4246,8639,5719,11320,2071,11309,3749,4653,4590,11323

test suite255
bestAPFD:0.903409
bestSuite:9015,9703,3908,7291,2276,10453,975,6335,11371,1645,10003,10275,10737,1017,2450,5172,1287,1422,9100,2461

test suite256
bestAPFD:0.892884
bestSuite:7491,1394,4649,7492,10219,11484,12643,3821,11868,12750,10932,10643,7741,10306,4676,5355,1907,9310,1221,5414

test suite257
bestAPFD:0.927500
bestSuite:5282,8061,9558,982,1835,12302,6282,977,2587,726,7674,6958,5878,7828,4790,10679,8612,6623,3081,6830

test suite258
bestAPFD:0.910939
bestSuite:8341,11686,8042,6378,8097,10659,1803,7921,11011,9524,11336,6876,11360,7904,10199,5744,8036,5658,5359,1118

test suite259
bestAPFD:0.881505
bestSuite:2995,6301,11104,12629,4456,12528,9528,13378,11718,6382,10334,4058,2215,6861,2425,6989,12605,11732,6419,10059

test suite260
bestAPFD:0.908788
bestSuite:7779,6999,3150,1980,2863,13070,3252,10623,9402,10136,3909,2477,9048,10794,7573,6833,3831,620,2110,9118

test suite261
bestAPFD:0.920005
bestSuite:12475,9612,10501,7572,3386,6105,1094,12972,11894,8996,2642,10732,10591,5973,12219,1394,3911,7602,10008,1140

test suite262
bestAPFD:0.913675
bestSuite:9751,1544,12307,6097,8609,6213,7631,3544,7292,4923,8959,4570,10402,12321,6212,6961,4093,5477,7578,5488

test suite263
bestAPFD:0.902592
bestSuite:1926,5796,1725,1554,6255,8653,12490,30,6926,4086,7220,4732,13205,9618,10073,9480,7443,10175,56,5266

test suite264
bestAPFD:0.898856
bestSuite:5646,8907,7220,698,7287,4748,11257,8207,9233,362,5459,10796,11869,11817,8432,4327,10638,7214,2693,6440

test suite265
bestAPFD:0.911320
bestSuite:332,5218,6045,12762,2192,9134,11886,3997,1217,5292,10800,8994,918,2759,11869,7609,7676,7822,9131,3164

test suite266
bestAPFD:0.912605
bestSuite:5337,3926,6654,5227,3114,12525,7542,2607,3358,1025,6863,10095,1011,12249,10082,5554,1958,5439,7434,6958

test suite267
bestAPFD:0.900796
bestSuite:5171,12607,6362,928,5705,147,13145,10540,9529,11708,173,4217,9465,6552,1623,7594,4975,9669,5562,11696

test suite268
bestAPFD:0.896097
bestSuite:12976,2761,1479,5313,12681,6298,9633,2285,7677,12001,12626,7140,6141,269,638,8396,8282,3040,8145,5954

test suite269
bestAPFD:0.916119
bestSuite:8678,2716,4379,2042,9130,3058,4801,2531,1290,2639,10995,303,7927,4200,4271,9714,4062,6053,235,9315

test suite270
bestAPFD:0.897859
bestSuite:8593,13416,5639,8212,6874,8185,7381,3986,7857,5579,3270,10283,4031,6552,5024,4376,617,1843,4411,1614

test suite271
bestAPFD:0.915054
bestSuite:5483,6407,7140,4231,13470,4623,9269,354,2107,10767,10904,9263,1617,3812,13487,7740,7207,1774,177,2169

test suite272
bestAPFD:0.905325
bestSuite:8227,13520,8424,13049,4517,7626,12183,2915,6837,5025,13004,8715,4362,12404,380,905,6109,4867,10001,259

test suite273
bestAPFD:0.904307
bestSuite:758,247,7572,13473,2827,2679,6182,8808,5093,11279,11858,6238,10730,3713,8823,6165,995,4992,9067,3169

test suite274
bestAPFD:0.906990
bestSuite:10139,4643,1348,11621,4064,2491,436,12346,4571,10479,386,7587,12223,12076,5502,2477,12380,3546,13479,854

test suite275
bestAPFD:0.912275
bestSuite:1790,7749,97,7389,8813,13308,7960,8691,7959,11167,2916,4136,534,10811,5231,5296,8790,9253,4570,3237

test suite276
bestAPFD:0.894524
bestSuite:1459,5013,3286,3767,13368,4179,10498,1238,6713,1935,7883,1295,11544,10065,10265,10060,8047,2825,644,10838

test suite277
bestAPFD:0.902350
bestSuite:727,2900,4048,1223,11448,3545,10972,10344,9601,11262,5599,10711,13238,11455,1415,931,1075,3625,5085,5511

test suite278
bestAPFD:0.916156
bestSuite:9050,10118,3808,1226,9832,5614,12807,1539,11264,8187,5924,10286,4368,8644,8245,8204,8099,7440,1718,20

test suite279
bestAPFD:0.920531
bestSuite:7358,779,11419,3407,9289,11853,4416,3937,6758,2340,847,4834,10894,2278,6890,6082,4400,3156,3647,4873

test suite280
bestAPFD:0.885967
bestSuite:12654,723,13148,5444,3180,10949,12884,1344,2424,6500,516,13429,4202,9788,1502,1301,13524,7301,84,5858

test suite281
bestAPFD:0.908027
bestSuite:4179,5230,30,3315,6885,6536,12610,432,8765,7512,2903,13499,12045,4307,10428,10195,3764,6957,10060,10473

test suite282
bestAPFD:0.908014
bestSuite:5282,5650,1833,8981,11524,2936,11060,3957,8647,3073,1508,12386,8073,11083,3018,9033,1707,9797,9840,683

test suite283
bestAPFD:0.920397
bestSuite:8202,13514,13082,4836,5862,6799,3987,5485,3278,5255,9604,5210,224,9592,550,1413,2173,1241,40,5188

test suite284
bestAPFD:0.896097
bestSuite:9880,7648,7509,11349,1133,4461,13352,8672,12135,2545,11655,4678,11171,12236,1907,4756,7001,6821,4366,1653

test suite285
bestAPFD:0.894761
bestSuite:3808,13153,7864,9795,7527,1994,4240,2877,10925,8628,8290,3019,3232,1163,2485,2273,12147,187,7418,8334

test suite286
bestAPFD:0.919507
bestSuite:6956,9024,1750,6228,11645,9515,10260,9371,4232,6730,2575,1126,9859,6530,7396,537,7932,7838,6689,8812

test suite287
bestAPFD:0.902953
bestSuite:7627,12102,3468,4454,8749,7965,6471,11452,381,9445,2805,7767,10192,5638,11800,8998,47,2034,12153,6429

test suite288
bestAPFD:0.911899
bestSuite:6335,5679,4508,6559,10797,5201,7263,11995,12197,11936,10508,1510,8704,682,10807,8305,1390,5788,12058,11900

test suite289
bestAPFD:0.906454
bestSuite:5097,1394,7453,4604,8248,8519,8458,6705,10545,9705,4320,13472,4101,2465,10390,5670,1199,8880,8254,8866

test suite290
bestAPFD:0.907681
bestSuite:5383,3855,12449,11240,11604,8338,6370,3061,8358,7,8856,12197,10784,5902,1167,8583,9146,7036,929,4027

test suite291
bestAPFD:0.908096
bestSuite:12905,76,52,7921,1208,12667,11362,10320,7152,6336,4797,4902,4473,12007,7802,7147,4346,2016,9037,2054

test suite292
bestAPFD:0.903679
bestSuite:4782,11422,1830,2885,11298,5795,1881,12399,3177,9084,12962,3500,10657,9068,17,6337,4305,9800,104,10685

test suite293
bestAPFD:0.909393
bestSuite:4317,8552,2249,12707,9787,2455,12980,10148,10971,405,12516,12076,11169,2288,3550,3521,6100,6996,7114,1072

test suite294
bestAPFD:0.901527
bestSuite:7472,3127,6924,3640,3205,12165,9046,8724,11529,13451,1783,6538,224,10645,6605,4431,3335,9486,2927,6899

test suite295
bestAPFD:0.883969
bestSuite:7365,5913,11024,11484,1563,13129,13379,789,11207,11105,4989,4140,1104,6590,8118,5299,1910,7726,10158,1424

test suite296
bestAPFD:0.910479
bestSuite:4833,9346,5773,3971,12776,10097,11699,1840,9019,1660,5454,9485,10820,5502,9959,1442,2611,6728,5355,4280

test suite297
bestAPFD:0.895086
bestSuite:304,247,1877,2454,8148,10572,7016,12442,11475,10778,7693,3661,11990,4440,10787,6849,5609,1776,2209,8665

test suite298
bestAPFD:0.894364
bestSuite:13118,6822,8821,6745,6638,11708,1950,4427,6222,1429,3497,3533,12075,11062,10219,8762,13052,2563,2168,5648

test suite299
bestAPFD:0.910846
bestSuite:11436,241,3853,2447,2113,10248,13102,7167,8124,11824,7342,11268,270,8223,743,3381,4283,1599,2246,162

test suite300
bestAPFD:0.892485
bestSuite:12474,5689,94,12400,2484,2872,12779,8216,8318,7558,11753,4751,5279,13146,804,5361,4548,12624,3060,8300

test suite301
bestAPFD:0.916511
bestSuite:7470,492,13083,9891,8894,12953,8220,1602,7859,11337,6028,2355,963,1630,533,3052,4220,1309,1409,9760

test suite302
bestAPFD:0.895924
bestSuite:12700,210,5898,8777,1146,9486,5867,4746,10917,4281,3491,5706,10824,13452,10416,3028,10019,584,12757,3239

test suite303
bestAPFD:0.909000
bestSuite:13360,1690,724,845,11946,4655,9276,6691,1994,12280,7615,5641,11935,10840,3096,9539,1708,9644,11011,3963

test suite304
bestAPFD:0.893071
bestSuite:6292,9619,6428,4063,7039,12450,13408,10497,13218,12995,7716,615,649,11184,10309,123,5445,9569,6505,4067

test suite305
bestAPFD:0.904153
bestSuite:6410,12783,4405,4269,1684,3313,7146,10474,10937,6584,271,7669,10216,6322,4582,8194,2707,9766,7256,791

test suite306
bestAPFD:0.898784
bestSuite:3446,12722,1572,7178,2847,6187,11672,11292,11834,803,12391,7647,6950,12322,2114,11814,3686,6038,309,10282

test suite307
bestAPFD:0.889401
bestSuite:2800,4456,8750,8088,12464,9214,7361,12218,641,13375,10447,8643,1891,1118,5460,5877,10711,2595,13073,6582

test suite308
bestAPFD:0.890385
bestSuite:12645,9097,1200,304,10961,7198,3584,10915,12403,5741,10128,9038,10361,10349,2542,6424,10799,5945,11374,11445

test suite309
bestAPFD:0.922257
bestSuite:6718,13081,1041,5319,23,1092,8908,4664,13446,1565,610,6083,6496,120,663,394,7218,7671,591,10120

test suite310
bestAPFD:0.902056
bestSuite:8097,12890,9756,10462,6255,4763,8070,4886,9231,11780,9627,270,11300,3807,4787,10024,9488,281,6006,4744

test suite311
bestAPFD:0.912604
bestSuite:2863,12470,1941,3492,6200,3458,3847,10917,7209,4131,1894,10057,4490,4970,9689,7917,1248,5888,5872,3907

test suite312
bestAPFD:0.913262
bestSuite:11517,9338,11734,5241,13173,12280,1671,5194,11600,3394,2910,3691,1541,2127,2408,9137,8535,1983,3360,1870

test suite313
bestAPFD:0.899631
bestSuite:7730,12703,304,2489,8165,13045,9896,13475,3028,6283,9285,494,8173,11090,5379,10930,2850,3918,6346,8876

test suite314
bestAPFD:0.906782
bestSuite:492,6531,3985,5844,12552,42,13157,10618,5658,5654,94,13290,7190,10818,3762,9875,612,13254,12506,11765

test suite315
bestAPFD:0.893719
bestSuite:8313,11034,715,9092,9898,2736,10243,11695,8120,1041,6555,10610,11991,1136,4129,6919,2703,8866,8152,936

test suite316
bestAPFD:0.882767
bestSuite:9242,8830,12772,11028,9539,261,7878,12635,5749,9235,10571,7194,4305,8634,4541,2324,10237,7809,5780,10996

test suite317
bestAPFD:0.882788
bestSuite:1757,2379,7287,11040,7060,8647,5585,1864,9035,12719,2848,7869,12399,8480,860,6100,5767,5555,9869,5201

test suite318
bestAPFD:0.890820
bestSuite:9171,2300,7003,4901,6981,6059,10789,13464,12190,3951,2598,12,5281,7769,10050,811,6784,4663,3237,1538

test suite319
bestAPFD:0.906064
bestSuite:1731,16,10777,10147,9413,5469,2075,13345,2469,11314,8974,5725,12974,2582,5107,5070,6112,3158,4514,619

test suite320
bestAPFD:0.912895
bestSuite:7002,13127,2949,1713,8217,2815,1269,8810,10981,7773,7307,10315,9424,7870,5906,3242,2547,11712,393,8231

test suite321
bestAPFD:0.906613
bestSuite:9298,12787,10515,9752,310,447,6455,6239,7795,7200,1246,12710,3581,4025,11847,8749,5114,5177,8970,4152

test suite322
bestAPFD:0.879364
bestSuite:9247,4279,5230,12635,12868,7739,11080,6696,261,3723,700,6699,7357,1027,614,11252,987,63,2912,8606

test suite323
bestAPFD:0.921041
bestSuite:5590,3437,5258,6956,11069,1094,6922,9665,1902,8183,10745,9860,3793,4073,8608,7778,6478,2155,10170,5448

test suite324
bestAPFD:0.905599
bestSuite:13090,3545,3085,11929,10552,9269,12367,295,5185,13463,805,3345,8024,645,7444,11271,12296,9007,1290,9694

test suite325
bestAPFD:0.903229
bestSuite:2695,10388,5998,12395,6549,7871,1085,3321,2700,5009,10185,10453,6802,3033,9278,10394,3049,1468,848,5808

test suite326
bestAPFD:0.894348
bestSuite:7472,9743,5363,13113,3566,755,1797,11416,7865,10878,6978,7596,12999,3407,861,8171,10678,10099,2246,162

test suite327
bestAPFD:0.911103
bestSuite:4661,11850,9320,6404,7294,3501,8145,9827,2676,8114,13268,10231,10679,5267,5144,7724,7161,233,7959,8156

test suite328
bestAPFD:0.904630
bestSuite:7054,512,4502,3403,12789,6187,10868,7767,11289,11107,7867,5513,4227,4307,1585,4244,12031,7700,810,3175

test suite329
bestAPFD:0.907874
bestSuite:4583,2267,12664,7727,6969,5869,12459,472,10506,13471,10738,12316,12504,3434,889,1492,852,5388,1033,2277

test suite330
bestAPFD:0.894492
bestSuite:4924,11176,623,6734,4709,10484,11065,11204,4962,4865,5754,2056,8551,4947,336,969,2856,7153,10294,11928

test suite331
bestAPFD:0.915491
bestSuite:5825,210,1839,4864,10570,6846,5437,13492,10648,4995,71,7598,6331,12,8386,1419,11227,8204,2776,66

test suite332
bestAPFD:0.909107
bestSuite:937,1853,5579,13426,27,12026,9643,1515,10475,11443,5887,8515,3286,2524,3334,8442,1775,4571,1490,9932

test suite333
bestAPFD:0.898167
bestSuite:5903,5816,8178,8175,12862,9480,2868,12554,7959,9331,10380,4152,763,438,9709,10978,8051,13247,9182,2742

test suite334
bestAPFD:0.904302
bestSuite:13342,8251,7784,9056,2066,1650,10595,5029,7190,12829,13386,6610,12886,10659,12154,6916,6027,4443,5257,8681

test suite335
bestAPFD:0.886762
bestSuite:10388,4147,9172,4847,12449,8485,3905,13127,10454,5390,8882,11980,11279,5056,13483,831,2275,9893,2480,3525

test suite336
bestAPFD:0.910400
bestSuite:3966,6984,11400,12459,4428,3022,10642,6499,4455,2896,4291,9958,9492,1422,4582,2956,5920,1377,3340,1552

test suite337
bestAPFD:0.915237
bestSuite:5258,11636,4491,2056,7734,4029,8471,2540,8491,88,4883,1812,1796,218,3954,2919,5422,3422,142,1664

test suite338
bestAPFD:0.919219
bestSuite:28,4171,204,4596,8278,13026,4711,2302,12004,11151,3643,716,8085,8181,4311,7378,1122,264,6260,11194

test suite339
bestAPFD:0.917349
bestSuite:1397,3316,1936,803,5451,13387,1384,8383,8288,11909,7425,5604,9916,2323,10202,3897,185,6371,7354,8297

test suite340
bestAPFD:0.903794
bestSuite:9060,6484,12449,7185,11611,8296,12779,10238,4930,10961,9342,10393,8769,8209,1621,5726,1515,352,5084,1651

test suite341
bestAPFD:0.914343
bestSuite:5364,1173,6154,6962,1610,6871,642,11972,7209,875,6336,11065,8766,3395,6848,3490,3542,10689,1055,945

test suite342
bestAPFD:0.904403
bestSuite:795,6665,1449,10600,2410,12057,5673,9824,1599,12866,9243,7399,8194,1117,1304,11147,13217,6841,945,9412

test suite343
bestAPFD:0.907531
bestSuite:10379,6352,12956,13327,12572,7358,11273,6306,2267,6552,2894,9530,11901,8668,145,7769,7108,9645,8046,7200

test suite344
bestAPFD:0.905071
bestSuite:4262,233,12707,3157,6073,4715,12936,2571,5865,8240,7827,12109,7214,1511,3395,2376,3964,9705,2171,7721

test suite345
bestAPFD:0.914563
bestSuite:13369,1847,4341,3646,3830,6379,5358,8722,7944,10987,2783,83,93,1886,10114,8659,8655,8049,4208,642

test suite346
bestAPFD:0.925997
bestSuite:1471,6026,9130,9790,5347,2677,11123,1717,9608,13209,6049,10206,946,95,8308,2531,2324,3586,7670,6233

test suite347
bestAPFD:0.893543
bestSuite:6361,6351,9376,8200,7298,7135,12754,12812,11484,547,6287,61,7573,11215,7826,9194,6289,1398,9779,7740

test suite348
bestAPFD:0.901526
bestSuite:3955,3440,9461,1973,13399,11413,10592,6383,10752,2063,13267,12858,4418,10405,11058,4898,3331,7172,843,9919

test suite349
bestAPFD:0.915162
bestSuite:13418,5757,3468,10330,5421,4150,9294,10650,10970,5125,12172,8885,1848,11830,204,5085,3253,10636,12174,1795

test suite350
bestAPFD:0.898238
bestSuite:6746,6614,1189,13174,6632,10234,6360,8341,9077,506,6331,4655,9493,5876,4446,2145,13445,11181,10101,4165

test suite351
bestAPFD:0.883089
bestSuite:11246,9414,8192,2067,6759,4867,12892,11404,3810,11643,3036,2211,9291,13301,2856,5033,5797,2899,8071,10491

test suite352
bestAPFD:0.896849
bestSuite:6407,8220,243,12974,10622,3049,11564,10784,12193,13166,3160,11035,12128,11408,10120,4173,8389,8726,7474,1338

test suite353
bestAPFD:0.914805
bestSuite:7987,5400,11033,13068,11419,11354,4726,817,6949,5364,2840,7138,6101,2341,2229,6316,4090,6314,6877,8203

test suite354
bestAPFD:0.921732
bestSuite:11627,3227,7703,12621,1582,7829,11054,11741,10111,11219,12183,4993,5776,4252,10918,3533,4869,2325,4711,10672

test suite355
bestAPFD:0.907479
bestSuite:13222,675,9713,12763,11424,4020,10251,6947,7173,9297,6517,7352,4501,10017,892,10185,11826,809,5422,5964

test suite356
bestAPFD:0.892454
bestSuite:916,7097,718,991,9929,4218,99,1655,11370,13304,9582,659,1662,6419,4249,7602,72,10697,1822,10276

test suite357
bestAPFD:0.904798
bestSuite:1376,13042,8506,2694,12635,12043,3,6195,10393,10010,11320,10469,7174,4847,10183,4673,7690,10061,4480,10066

test suite358
bestAPFD:0.915059
bestSuite:13061,12409,1616,7326,3505,9023,1112,11477,618,3652,4555,7191,7097,6789,6384,2408,2758,9520,9694,10991

test suite359
bestAPFD:0.921663
bestSuite:6482,9041,11605,11919,1726,3488,10708,7816,12059,713,11877,11576,6386,4390,11759,5584,10111,11192,6773,5248

test suite360
bestAPFD:0.902107
bestSuite:7871,12611,3645,1739,6798,4812,6131,12405,2580,7094,4515,7948,3658,8408,3411,9070,6973,3678,8205,10043

test suite361
bestAPFD:0.895303
bestSuite:2838,12942,5074,10719,11010,12694,592,3461,584,5955,4140,11882,11139,2445,8477,8272,1472,7670,12877,12803

test suite362
bestAPFD:0.914256
bestSuite:9838,4405,858,1091,3896,3802,1671,493,8042,11378,769,386,10143,9604,8452,621,5056,4788,6917,2087

test suite363
bestAPFD:0.902335
bestSuite:12953,7366,6606,5402,13183,883,3202,5181,10267,11820,11226,4620,1915,8259,2592,2062,8241,10089,7690,10452

test suite364
bestAPFD:0.918630
bestSuite:2937,6650,683,559,8904,2989,9695,8636,11532,607,2794,7689,12161,13312,12087,6076,2160,6400,1422,1599

test suite365
bestAPFD:0.903270
bestSuite:12983,1142,1341,9076,850,5210,8720,1232,3554,5256,12178,4076,5670,13490,1117,509,1017,1271,9553,6608

test suite366
bestAPFD:0.905529
bestSuite:9192,10995,8689,4988,9700,10655,10521,10802,7295,3119,13026,432,10940,1793,515,6194,577,4073,627,4316

test suite367
bestAPFD:0.904088
bestSuite:5704,2973,1367,11508,7025,8814,1852,1697,10134,10173,10574,9863,10002,6826,9469,9727,2506,1131,2579,6924

test suite368
bestAPFD:0.899822
bestSuite:5458,9556,5700,2973,6182,12015,9496,1316,74,8890,5735,13461,908,6375,852,12816,12992,6696,1747,7049

test suite369
bestAPFD:0.918168
bestSuite:6351,11433,823,12748,4569,6999,7881,5139,11025,11301,577,720,2704,13352,4530,1235,4602,5049,6310,402

test suite370
bestAPFD:0.877046
bestSuite:12595,6159,739,12887,1480,6452,6856,8725,11986,5653,10456,12669,7047,7693,10294,7679,761,12245,8324,7804

test suite371
bestAPFD:0.920005
bestSuite:11039,2704,702,1239,7776,7764,7643,11242,9290,9893,1274,2827,4634,9782,2017,1878,9726,4933,8042,4351

test suite372
bestAPFD:0.897354
bestSuite:9128,3201,6247,6475,12512,13116,12793,12337,9414,10626,2596,3671,13239,13286,7537,8588,475,9777,4821,10912

test suite373
bestAPFD:0.906014
bestSuite:3006,9918,7646,4255,9501,11576,7479,6624,5666,25,11140,10523,6207,6383,5709,46,8184,8163,7879,2907

test suite374
bestAPFD:0.920080
bestSuite:7430,4713,12444,6103,2839,9331,4129,7256,4947,5511,10227,2147,3063,10852,7996,8434,7121,1981,2283,4919

test suite375
bestAPFD:0.918983
bestSuite:8958,5465,1594,4991,735,11113,7343,11449,2261,33,12866,1003,13303,1780,7963,8661,1072,5367,2858,1937

test suite376
bestAPFD:0.902827
bestSuite:6970,3446,12466,11231,12195,3599,3774,8910,10520,12307,11909,7216,12120,4315,2012,399,387,11752,1849,4463

test suite377
bestAPFD:0.902828
bestSuite:3827,4501,6991,9565,10145,12630,13429,12873,10763,36,4759,865,9265,9311,13297,6988,426,8569,662,5367

test suite378
bestAPFD:0.902127
bestSuite:11612,798,7698,3386,6329,6983,12661,6539,7484,7676,12755,13280,2520,13331,623,115,3837,1529,4376,10858

test suite379
bestAPFD:0.913000
bestSuite:2923,103,7860,8107,11695,9589,6725,7738,7375,13040,13210,10521,6791,4339,1504,4172,5481,681,9084,1804

test suite380
bestAPFD:0.907485
bestSuite:8242,672,12692,11494,8464,3551,9402,10305,10519,12622,4181,11876,9660,3007,5755,5678,9769,1869,12818,3364

test suite381
bestAPFD:0.907310
bestSuite:3723,2351,1349,1098,6514,8508,3292,6489,1412,4052,2412,1486,1882,11362,9196,2743,7165,773,4547,4402

test suite382
bestAPFD:0.898105
bestSuite:12899,8361,3765,9509,540,4686,6517,11945,5155,13079,9322,12084,249,3487,8542,4660,3485,4543,848,9577

test suite383
bestAPFD:0.885256
bestSuite:6095,3866,513,11896,9970,1356,2616,1376,13151,4119,9140,1533,9591,5738,11921,1322,725,6453,9737,8124

test suite384
bestAPFD:0.894781
bestSuite:1689,6554,12633,3725,9766,5383,1969,10310,6695,10867,6042,13238,4229,1621,10796,6514,11026,4031,13407,7819

test suite385
bestAPFD:0.891570
bestSuite:5150,11675,12361,896,2270,6503,5084,10911,8671,4188,2409,2408,12170,11390,4746,2875,12210,4623,11022,709

test suite386
bestAPFD:0.888881
bestSuite:13108,503,11421,8001,8900,2377,4005,1054,13156,3796,11180,2891,12116,2769,1887,8383,2235,7459,8870,2809

test suite387
bestAPFD:0.914850
bestSuite:6716,8559,12884,1108,6731,3689,6416,5713,3045,13261,12869,7669,7184,10155,2052,5320,7484,5953,8731,9453

test suite388
bestAPFD:0.899750
bestSuite:11631,9897,6979,5463,2314,2077,12732,6347,8471,12747,6231,894,9798,7989,2019,5535,9124,3155,8098,4941

test suite389
bestAPFD:0.900076
bestSuite:558,173,7266,2263,12766,9494,11692,1470,2880,12045,2210,13264,4951,3600,355,12157,12058,9278,13303,4493

test suite390
bestAPFD:0.903061
bestSuite:4722,7002,5072,2279,6544,3356,8317,5450,10657,6452,5588,11434,1620,7958,10634,6285,11976,8590,1655,1153

test suite391
bestAPFD:0.911553
bestSuite:7087,5773,9980,5008,2944,6634,204,9016,5561,9489,7131,1683,6144,6608,1599,8229,4824,685,2230,12250

test suite392
bestAPFD:0.902009
bestSuite:1137,3486,7496,6970,10592,5781,8664,9879,11293,13172,1547,12077,5986,2595,2033,9055,9668,7579,5204,1637

test suite393
bestAPFD:0.916896
bestSuite:9251,3091,11778,5485,9386,10977,855,10970,673,12031,10701,9127,7405,3635,1158,925,6847,6290,5285,67

test suite394
bestAPFD:0.902990
bestSuite:5746,4143,6187,4516,5323,7075,11680,12085,10548,12949,5591,3819,707,7015,7626,382,3523,6862,655,950

test suite395
bestAPFD:0.906722
bestSuite:6353,5628,337,1440,8112,2238,9492,11042,11873,3676,7536,13239,1703,734,3226,12872,6681,848,6601,10492

test suite396
bestAPFD:0.906823
bestSuite:15,6995,7864,7357,8382,2249,10518,11656,8906,7105,3470,10780,5080,1050,10835,4959,10457,9141,6567,4054

test suite397
bestAPFD:0.889877
bestSuite:1107,1618,11632,13406,4259,11889,225,9908,10317,940,4169,4160,7929,5942,4607,1248,4931,1517,4699,8584

test suite398
bestAPFD:0.900199
bestSuite:5847,10983,6970,9506,9818,6258,10920,2862,5616,5936,6952,8263,5765,6933,10462,8353,8683,325,8166,5785

test suite399
bestAPFD:0.904978
bestSuite:7274,3423,1620,1865,1493,12750,1463,7818,13187,7688,6460,973,4122,4234,1144,1332,519,9792,7327,6000

test suite400
bestAPFD:0.913481
bestSuite:45,5574,9192,5450,6882,8646,4483,3561,2655,763,13040,10859,5900,1089,2652,9613,13290,3309,1451,4059

test suite401
bestAPFD:0.913287
bestSuite:5020,6711,1040,3674,9529,11071,13330,5044,10395,4611,8334,8042,7594,54,1677,6995,795,8591,2711,3560

test suite402
bestAPFD:0.907022
bestSuite:1920,6737,6650,6078,3608,11409,13072,2819,2857,9748,5141,43,4850,4189,1614,8001,9600,2567,10183,4190

test suite403
bestAPFD:0.916170
bestSuite:6806,7271,4969,999,900,4009,8503,7920,6786,11237,1828,2108,8941,3482,7479,1427,3507,6872,5362,5473

test suite404
bestAPFD:0.912359
bestSuite:2577,51,1616,5148,2079,8195,1485,12149,11998,3213,12826,4662,10380,9254,1254,4202,3130,9806,1809,11353

test suite405
bestAPFD:0.907426
bestSuite:6574,9720,11617,12416,2075,11044,12199,11564,6384,6484,3867,5678,7892,4377,783,11307,12291,8460,10671,1920

test suite406
bestAPFD:0.913894
bestSuite:8357,3913,758,12248,12008,13521,1498,2323,11047,878,7496,4222,11771,1297,9171,10004,5435,454,988,10786

test suite407
bestAPFD:0.910024
bestSuite:13119,7085,4133,12914,778,8000,3420,11666,3244,2853,10509,11369,11026,9067,7488,5533,5249,7262,1209,1593

test suite408
bestAPFD:0.896111
bestSuite:6260,643,10972,2960,11303,1978,9192,6492,8356,3528,13299,11855,12000,725,2082,1776,9972,6104,5354,6006

test suite409
bestAPFD:0.903557
bestSuite:7759,4858,7418,2979,11465,11093,9614,1580,4620,616,4669,3277,10467,13250,11547,8928,3074,3573,879,11142

test suite410
bestAPFD:0.884979
bestSuite:13000,1949,11696,3602,12744,4904,9504,13190,7995,2582,12556,10534,2860,3623,34,9051,8099,8465,7839,3734

test suite411
bestAPFD:0.900315
bestSuite:8226,4370,3853,11046,9812,2121,6942,10241,9419,11360,7824,7636,2485,12146,10163,11122,8188,12087,6589,9799

test suite412
bestAPFD:0.912460
bestSuite:6711,9331,11501,8782,13479,12312,13159,12232,13259,10520,11823,5670,2316,10183,9125,4037,9286,7832,11946,8543

test suite413
bestAPFD:0.905253
bestSuite:7148,9173,4023,12421,2196,8815,7100,12540,7402,3406,12295,4471,5856,9444,4434,8904,5399,5678,3998,10775

test suite414
bestAPFD:0.915881
bestSuite:8663,13346,2573,6026,9414,1453,4991,7674,2592,1830,2993,630,9613,6740,5695,2851,5455,3765,8075,3048

test suite415
bestAPFD:0.912017
bestSuite:8664,5000,7212,10806,2249,9489,12970,13436,3136,1772,10487,6217,4570,10712,9912,10584,8267,3689,9761,2437

test suite416
bestAPFD:0.910312
bestSuite:13043,823,10447,5340,11658,12753,4852,11985,1998,11802,12629,8876,8083,11797,10360,6840,9027,10109,4789,13488

test suite417
bestAPFD:0.890279
bestSuite:9585,11138,4290,1930,9260,13522,13047,8691,2322,6374,4324,11170,6969,4229,7898,5472,9034,6644,1945,2863

test suite418
bestAPFD:0.887863
bestSuite:5602,9631,9882,6323,1889,12363,8823,12613,10572,6,7393,5136,3558,4937,13282,3573,450,4069,815,1984

test suite419
bestAPFD:0.891466
bestSuite:4625,5048,11677,800,4530,4627,12935,4519,12473,817,11242,5501,9211,3409,921,3811,9679,2147,12940,10589

test suite420
bestAPFD:0.912182
bestSuite:5127,5170,6578,2274,13074,12920,11233,8465,6565,10805,3059,10238,9462,1399,8812,6288,7841,10101,6004,2996

test suite421
bestAPFD:0.896117
bestSuite:5349,210,5946,13522,7887,1936,11508,6662,12583,13132,4944,8919,4843,11067,1200,9793,5917,9783,11943,7483

test suite422
bestAPFD:0.909035
bestSuite:13330,2315,12251,12921,7270,8941,500,2091,911,7203,6391,9069,2542,10516,8488,5713,10164,8553,2502,4322

test suite423
bestAPFD:0.887076
bestSuite:12447,12945,8723,3226,7305,2963,11581,5708,9247,10470,2304,3158,7154,2913,6695,2456,2729,5621,614,3035

test suite424
bestAPFD:0.899010
bestSuite:100,9418,3841,8191,7062,2900,12107,11164,13186,166,2093,12828,10709,10858,12072,12071,4730,5216,5854,1631

test suite425
bestAPFD:0.907844
bestSuite:3725,6817,12381,3050,4952,12101,7436,588,1294,11911,10796,918,1996,4867,4794,11809,6955,4134,10209,9318

test suite426
bestAPFD:0.903668
bestSuite:6474,11584,1009,7418,12059,4104,11207,8122,1963,11036,4093,3334,6830,5534,9991,11812,9646,396,5011,10357

test suite427
bestAPFD:0.911667
bestSuite:5150,430,12532,6736,3342,1088,9338,11466,2224,13462,12303,6936,7143,7433,4201,7288,9779,7685,1476,12306

test suite428
bestAPFD:0.904825
bestSuite:1289,11437,4319,8715,12679,5645,13127,6115,10751,6061,12087,10597,4368,1345,4885,4949,7726,3675,4751,7017

test suite429
bestAPFD:0.899375
bestSuite:4345,7535,3454,10249,13069,6009,8833,5723,6819,7240,11463,10734,1058,13436,498,1178,4887,10043,2392,4438

test suite430
bestAPFD:0.909607
bestSuite:12990,6972,6632,4787,13392,12268,11419,8066,12943,8970,9344,3441,4673,5504,8098,10387,3889,1959,1265,2764

test suite431
bestAPFD:0.898538
bestSuite:5187,10388,1295,7298,2721,9647,9830,11388,12146,8095,3672,702,11448,6310,3605,3825,3224,592,9955,10329

test suite432
bestAPFD:0.902255
bestSuite:5313,5344,12939,8317,10506,12457,841,4861,12379,8329,7677,5859,7957,1576,1891,5252,5048,9081,11817,2650

test suite433
bestAPFD:0.910845
bestSuite:4915,9947,1992,6949,5124,7416,11221,9165,11914,11832,510,13015,496,1366,2956,9468,9305,7783,5690,7051

test suite434
bestAPFD:0.902561
bestSuite:7798,415,6143,312,12757,13498,1553,2383,10805,11398,1830,8526,9021,7288,4637,2019,6782,2173,9374,3340

test suite435
bestAPFD:0.909388
bestSuite:833,8326,5951,10962,10133,4491,6011,3542,11999,9956,12033,7463,11856,7724,3998,4375,4934,895,11897,435

test suite436
bestAPFD:0.907571
bestSuite:5208,9158,12588,8796,7147,5618,12540,11204,681,13372,5518,12352,1359,12543,3076,5313,9354,9403,4646,13305

test suite437
bestAPFD:0.894550
bestSuite:3227,4153,1527,5245,7320,8437,12566,10540,13047,9678,4105,2786,8219,8666,796,12145,1686,9469,2433,9188

test suite438
bestAPFD:0.916347
bestSuite:9635,2554,11329,3866,10888,8665,9575,11833,3042,4088,12416,8924,5973,5026,11815,5109,8013,6547,2667,7037

test suite439
bestAPFD:0.911111
bestSuite:3652,13325,3687,11681,7075,13019,13356,11925,3099,10467,218,10692,3812,3579,5262,1490,1211,2645,7256,7324

test suite440
bestAPFD:0.906244
bestSuite:7008,73,9373,10575,711,8841,6470,1790,13359,5877,8947,7262,3568,1270,2575,13373,9818,9736,10385,3276

test suite441
bestAPFD:0.903144
bestSuite:3952,2982,7824,4833,11448,1969,11058,2695,1506,616,5542,3559,11338,623,7773,3841,5929,2677,1270,7232

test suite442
bestAPFD:0.907884
bestSuite:1866,8223,7776,3233,11007,6076,5252,12531,7101,7147,8543,303,336,11197,2858,2934,7940,2029,9855,13394

test suite443
bestAPFD:0.885573
bestSuite:12386,2734,13408,6610,4192,6046,4079,12288,9736,12185,5584,8276,12871,12834,10003,12058,1214,5569,3095,9942

test suite444
bestAPFD:0.916424
bestSuite:6355,4344,9891,2982,3406,3460,11525,4592,11763,10703,6907,4936,3303,8563,2873,7906,9875,9990,10081,4244

test suite445
bestAPFD:0.896232
bestSuite:10362,8141,2675,11486,4934,1161,13121,7921,2047,9283,11905,7105,12254,1575,3436,11179,10227,2297,2902,8605

test suite446
bestAPFD:0.902072
bestSuite:7765,6586,1292,160,11579,10058,5630,2008,12645,5721,12814,1797,6902,9669,7864,7630,9263,9449,212,5872

test suite447
bestAPFD:0.900292
bestSuite:3562,1690,5676,7411,12569,3472,8782,1172,4351,59,2255,10583,1519,13292,4216,2729,10018,6741,7558,12045

test suite448
bestAPFD:0.917254
bestSuite:1045,9763,2050,3275,11253,9692,6326,3548,5319,11151,10694,12142,4646,5220,3976,4077,6261,7672,9402,6455

test suite449
bestAPFD:0.894554
bestSuite:5799,2075,673,354,6066,4813,124,633,8059,6465,11530,13197,4369,13244,8927,5748,1513,2402,9894,9017

test suite450
bestAPFD:0.895754
bestSuite:10132,12356,8353,12935,12559,1407,4312,7715,8243,4700,5620,13240,514,9558,888,11359,8925,5326,2855,3410

test suite451
bestAPFD:0.916161
bestSuite:7982,4325,9787,11078,798,6512,11648,390,13421,5035,10226,5533,616,3516,10844,11099,7100,1588,5255,10808

test suite452
bestAPFD:0.918454
bestSuite:13429,8248,846,2879,9745,2425,7821,13183,2604,2627,13233,11826,7062,6016,9653,396,8473,2851,2488,4359

test suite453
bestAPFD:0.893484
bestSuite:9642,4832,5572,11503,9146,4443,12717,1224,8019,8707,11369,4214,7407,13237,645,9610,4227,556,10746,12039

test suite454
bestAPFD:0.904025
bestSuite:1105,5510,2845,2152,12353,5584,13433,7005,12835,5947,5239,8998,12240,8807,5287,6473,8215,9454,4815,4836

test suite455
bestAPFD:0.916842
bestSuite:13031,5348,12991,3505,10616,7629,7396,7788,8313,3581,6360,2647,4560,8523,13246,6441,1806,472,4857,3158

test suite456
bestAPFD:0.907378
bestSuite:11632,11970,7655,6711,5969,9380,5962,1726,5267,4001,1811,6088,12268,3902,3693,4039,6900,4728,7668,9176

test suite457
bestAPFD:0.912500
bestSuite:6721,11873,5403,13099,9843,3538,1290,11143,5584,5472,7398,12463,3591,6523,9379,1129,1652,1475,9991,12235

test suite458
bestAPFD:0.907825
bestSuite:899,763,8563,11486,3794,11931,13433,3615,6129,3158,4450,10696,437,1804,8790,2265,5043,8253,9600,13332

test suite459
bestAPFD:0.908991
bestSuite:8355,6335,12114,9489,3990,9611,11036,42,11191,11129,10637,9845,9765,3294,9446,3952,8211,11791,5536,5925

test suite460
bestAPFD:0.897370
bestSuite:9657,6614,4590,5440,8984,12499,12657,11486,9114,10910,11105,7768,697,4751,1199,1293,5091,8774,10900,13476

test suite461
bestAPFD:0.907989
bestSuite:13055,11868,2753,12769,12263,3941,2216,2934,2572,3206,5228,6501,5061,5936,1317,4455,9270,2041,5612,10008

test suite462
bestAPFD:0.893503
bestSuite:285,3605,6743,820,4735,4289,6322,773,11133,10734,7358,10592,8288,2846,8005,10781,12065,2181,8654,6387

test suite463
bestAPFD:0.899301
bestSuite:7397,1035,8799,6951,7451,12724,10135,6903,889,8749,12786,11920,9301,1497,7149,11902,2808,3220,10423,6034

test suite464
bestAPFD:0.893069
bestSuite:3501,9834,10968,3871,9347,10878,3286,12332,1680,9370,1940,12106,2677,10564,11374,6654,2884,4325,10550,6679

test suite465
bestAPFD:0.900439
bestSuite:687,9549,12168,2228,12899,3615,3793,4982,12116,3900,12538,1045,7012,4888,7217,9620,4144,8408,8753,12259

test suite466
bestAPFD:0.902556
bestSuite:5468,5628,449,2246,7346,9159,12620,6527,11239,9137,10524,9505,11135,4104,4360,5559,5132,10415,5019,8902

test suite467
bestAPFD:0.890481
bestSuite:862,1825,8963,1331,12231,12668,2694,13506,11544,12901,11160,3787,10777,83,12277,3705,1962,4391,11554,3516

test suite468
bestAPFD:0.904357
bestSuite:12661,9949,11629,11703,6549,3145,831,2641,2834,649,10147,6889,2454,1265,10416,9329,9293,6583,1373,6958

test suite469
bestAPFD:0.890495
bestSuite:3144,8775,1321,4226,3806,4451,12629,6829,12389,6166,11466,1251,13516,6879,11951,10596,1542,5788,11813,6487

test suite470
bestAPFD:0.897951
bestSuite:8160,15,12511,2531,3142,5,8950,343,6661,4850,3224,10542,10097,4172,2557,9452,10600,4847,3603,12392

test suite471
bestAPFD:0.909615
bestSuite:8352,3180,12065,174,7781,12063,1977,11243,1754,12823,5538,5124,4732,13444,7716,3140,8645,10076,1614,1234

test suite472
bestAPFD:0.903110
bestSuite:2924,11502,609,12903,7720,2555,5995,1077,12266,10496,230,11020,3759,10400,4644,6472,12207,2583,4314,3016

test suite473
bestAPFD:0.911044
bestSuite:1980,12148,5080,1813,8189,315,9560,10931,6978,10846,4133,9096,10413,10665,7358,7705,10010,7795,662,2142

test suite474
bestAPFD:0.893814
bestSuite:8223,2072,126,1875,10985,147,13385,3091,4358,1169,10783,13189,9616,3115,4232,7065,2486,3936,2856,10806

test suite475
bestAPFD:0.890381
bestSuite:3066,5271,2444,12534,12914,6650,10584,13380,3454,4054,10640,10876,12236,2344,10425,9866,2952,2337,8021,1453

test suite476
bestAPFD:0.917646
bestSuite:3446,1509,7607,859,7455,5681,7155,3961,12202,2571,5926,10662,8706,929,9369,13464,4128,7312,9289,7830

test suite477
bestAPFD:0.910594
bestSuite:7425,13363,6407,1847,4591,3815,684,11868,11135,1704,11213,2932,8537,3762,11091,5497,8608,6464,5202,2897

test suite478
bestAPFD:0.900639
bestSuite:5150,1839,13090,8502,12504,9294,7069,11642,6566,11392,7491,5795,9445,8895,9905,4529,5220,1324,7451,7926

test suite479
bestAPFD:0.920861
bestSuite:11034,517,13222,12362,13416,7352,11107,7625,12568,9359,2022,6916,1163,4683,4893,7531,1736,9250,11809,2882

test suite480
bestAPFD:0.893815
bestSuite:4380,7631,4453,12864,6619,7230,9165,12620,3127,11980,6181,10721,3606,3064,12594,1492,9900,7732,5256,617

test suite481
bestAPFD:0.898438
bestSuite:1137,9862,9948,656,4802,10938,11617,3664,10403,9937,5719,10756,2142,5717,3438,10928,4538,9408,6829,11557

test suite482
bestAPFD:0.906827
bestSuite:3947,2244,2597,2055,1797,4330,8109,8746,10283,4497,12017,12549,475,7464,9306,10524,1488,9472,9367,4961

test suite483
bestAPFD:0.920199
bestSuite:9083,11510,11017,10138,2625,701,9323,346,10199,13482,11347,9895,7879,9958,1864,3419,10147,3496,782,2870

test suite484
bestAPFD:0.922393
bestSuite:3125,3863,10474,9378,1598,2226,9102,10584,3883,10470,10219,10624,3263,7203,5254,3401,10575,4519,9396,936

test suite485
bestAPFD:0.901123
bestSuite:2734,144,12728,5852,13121,8200,1613,13463,8948,3710,1065,3212,12831,2559,13276,6687,5690,8055,3473,5569

test suite486
bestAPFD:0.884505
bestSuite:4229,272,11828,10364,149,11518,330,8157,4028,10454,9460,7370,4603,7847,2801,7832,481,6672,2316,12583

test suite487
bestAPFD:0.914531
bestSuite:987,3698,13371,1873,10871,2494,3432,3712,4064,12252,11196,8448,7638,816,8364,9898,6093,8899,4220,12673

test suite488
bestAPFD:0.898281
bestSuite:5551,11637,3845,5247,11131,13433,13160,12524,3354,6135,4938,3773,3995,13484,5777,11669,12540,8115,1297,6204

test suite489
bestAPFD:0.910499
bestSuite:4114,3969,12685,8841,4084,3173,4914,8390,12423,6645,10447,11722,10080,5853,12157,7077,4959,102,6818,617

test suite490
bestAPFD:0.900569
bestSuite:808,12520,1973,5933,11694,1061,7798,6408,5780,8876,9582,1400,4990,2159,11085,9291,6019,7712,7477,4208

test suite491
bestAPFD:0.901591
bestSuite:8909,8029,9409,12393,5749,12624,3762,8941,5489,11867,575,11186,12021,2299,7255,3477,12136,3012,7546,8564

test suite492
bestAPFD:0.899625
bestSuite:5745,1920,7719,13149,12402,1552,2107,3462,12013,2714,10032,1767,9710,728,123,1777,11240,6835,2801,2392

test suite493
bestAPFD:0.916105
bestSuite:4349,3446,9849,8496,273,11795,12110,2640,1612,6300,12687,8570,578,3901,858,1967,5947,3949,6027,2272

test suite494
bestAPFD:0.887575
bestSuite:2820,4237,12005,3675,7364,5489,4250,2122,11594,3456,5116,9779,4018,13,13034,8244,10247,6348,1866,7854

test suite495
bestAPFD:0.902847
bestSuite:170,1877,5635,7157,12499,6942,11515,12371,1865,4956,7969,12585,1785,4158,6088,7032,652,8834,9335,4770

test suite496
bestAPFD:0.901091
bestSuite:12905,3413,1165,2374,3867,3148,2111,13165,11655,10336,194,2538,5591,11520,13292,7056,275,1241,13227,3133

test suite497
bestAPFD:0.905326
bestSuite:2079,1933,5946,12520,575,5980,3802,6544,11929,2999,12003,2195,8788,4144,6816,8152,10609,7521,5758,7475

test suite498
bestAPFD:0.925230
bestSuite:8491,8353,3654,11784,3709,2133,3735,11280,6430,12068,9311,7066,2526,1706,5130,1609,4845,8605,1583,7101

test suite499
bestAPFD:0.899188
bestSuite:11486,1935,12341,8709,9521,5417,9044,6333,12560,10741,3756,6090,10050,4135,3946,4127,10529,9066,1203,5878

test suite500
bestAPFD:0.883145
bestSuite:2853,10045,1372,9856,5046,2439,11551,2075,6025,11981,7580,7400,8890,7225,5240,4555,7931,8255,4082,672

