test suite1
bestAPFD:0.886828
bestSuite:13393,8754,8221,11883,3866,12464,10938,12986,10743,12229,2901,4592,4782,8278,1207,8316,9441,5111,2587,8495

test suite2
bestAPFD:0.898353
bestSuite:8754,8210,13505,7971,804,1816,11717,13195,12197,2175,11970,10475,6332,13155,2018,10110,11807,3579,2285,2101

test suite3
bestAPFD:0.917025
bestSuite:11627,856,9727,8104,12227,1412,7346,2062,12758,12011,2192,9243,5283,1852,5913,9032,7544,1569,7596,5749

test suite4
bestAPFD:0.902516
bestSuite:912,12234,6669,4278,12457,9509,149,4468,11344,8439,5664,4175,8082,3865,293,5739,3534,3509,5504,263

test suite5
bestAPFD:0.893597
bestSuite:187,11688,12663,8336,7873,12504,13277,12294,6494,7059,2519,9319,9507,3592,9452,7061,8537,1237,9839,2123

test suite6
bestAPFD:0.913330
bestSuite:11009,9077,12402,4284,7598,10477,30,13257,3650,10748,392,7050,10640,4143,9488,949,922,5367,2534,5042

test suite7
bestAPFD:0.880247
bestSuite:2589,980,3739,4593,13469,12700,5057,13325,7400,3934,5499,13117,8631,10274,4530,4834,7363,7080,1444,10725

test suite8
bestAPFD:0.891103
bestSuite:1098,11495,1540,7725,7889,2739,12618,11849,8984,2802,11674,13292,4785,6245,6001,1993,10175,128,7444,7410

test suite9
bestAPFD:0.904707
bestSuite:8585,6101,9305,11504,12897,5123,12833,9607,434,3850,1699,3034,13281,11926,6092,4942,6486,1575,10853,3238

test suite10
bestAPFD:0.900921
bestSuite:7596,4409,10972,12516,10365,9022,7081,6321,3371,6084,10755,5989,8997,10113,11854,4913,1382,7906,9581,8391

test suite11
bestAPFD:0.904023
bestSuite:2865,11424,8160,11137,3227,7316,8896,6567,8440,20,10760,3688,10699,10780,9543,4902,5414,10823,2463,4148

test suite12
bestAPFD:0.892074
bestSuite:2837,6897,5126,12379,9056,2166,10381,10256,7794,10542,1554,284,12866,6948,3082,7689,4560,5112,6547,12517

test suite13
bestAPFD:0.890547
bestSuite:5630,4549,12369,12651,11563,8207,6762,3949,11784,9840,12813,9964,5857,6230,7227,5496,3902,6505,3295,8594

test suite14
bestAPFD:0.899638
bestSuite:236,3885,11437,6435,5378,605,12818,11005,12920,1017,5865,11141,13284,6712,4531,6956,1755,4719,6196,2719

test suite15
bestAPFD:0.887694
bestSuite:3572,4250,11741,5577,13145,561,8691,1710,12109,12634,6829,9910,10187,663,10720,10478,4445,10114,671,9710

test suite16
bestAPFD:0.905566
bestSuite:1468,13117,4918,8714,7359,12441,7083,9299,1475,1217,10747,77,3213,4301,3354,4182,1594,572,5082,1135

test suite17
bestAPFD:0.904840
bestSuite:40,5517,12550,4080,9373,10776,11516,5586,2443,4932,2587,11943,6659,924,7568,352,1701,13002,9351,5470

test suite18
bestAPFD:0.903490
bestSuite:868,2366,7921,10777,4236,212,2412,9583,477,9004,12413,2040,10918,8297,6074,8066,13448,5021,9208,11785

test suite19
bestAPFD:0.912914
bestSuite:2383,5852,6188,12656,2773,3995,3556,8122,6720,3179,4204,9334,5237,9346,6598,8307,6919,1033,519,1288

test suite20
bestAPFD:0.908679
bestSuite:8563,319,12768,3805,1869,5764,10778,3545,11048,826,2535,7959,7252,901,781,7950,1738,2847,2376,11821

test suite21
bestAPFD:0.893922
bestSuite:3161,3375,5240,11575,5206,12843,6197,7167,6682,6703,8324,3082,3838,10439,1821,1707,7322,4651,782,11460

test suite22
bestAPFD:0.901315
bestSuite:3842,10482,2037,2909,10924,13042,3553,1735,11681,813,6388,5899,13244,7017,667,4699,1474,6364,10929,12833

test suite23
bestAPFD:0.897390
bestSuite:3672,3006,8718,11158,8540,9167,8145,2545,8788,1860,1806,2248,7898,6007,1066,5973,3114,5286,5011,2584

test suite24
bestAPFD:0.924172
bestSuite:11006,6155,9795,6479,3810,9924,7797,10412,10208,8076,6805,11917,4586,3524,5851,7003,9861,9246,2117,244

test suite25
bestAPFD:0.896927
bestSuite:7188,8384,4268,4587,11670,11049,12391,10469,11813,2519,4783,12188,950,4426,7302,102,2325,10505,11950,2949

test suite26
bestAPFD:0.895733
bestSuite:5022,441,13311,7895,11615,1854,3698,12217,12378,10932,3945,173,12005,4542,9799,8359,8339,8351,2920,10521

test suite27
bestAPFD:0.896491
bestSuite:4828,9830,11395,1808,9692,12190,1165,4033,6660,8317,12438,3772,10909,8132,2875,10885,12852,3366,12169,9932

test suite28
bestAPFD:0.877741
bestSuite:4191,6466,7873,3692,10460,3613,4447,578,13382,9783,1326,9843,7425,6610,7853,9779,8649,10099,3606,11483

test suite29
bestAPFD:0.893723
bestSuite:7744,11418,9885,1639,13192,12600,8017,8730,8738,9636,11175,5334,11844,13175,10359,10783,5420,7792,1314,10126

test suite30
bestAPFD:0.896705
bestSuite:8491,13187,5992,2338,4890,2713,12101,10872,13411,1271,10636,9570,11263,3810,1932,11192,8717,12142,697,8405

test suite31
bestAPFD:0.893328
bestSuite:1360,1445,12771,5482,576,1447,11503,1279,11125,2395,10303,10417,3099,7000,13022,4880,7946,1277,1870,1546

test suite32
bestAPFD:0.905641
bestSuite:3866,2962,9065,1416,12602,4292,13518,7325,4864,4373,9061,7287,9900,7370,12267,2060,7639,2488,7485,3441

test suite33
bestAPFD:0.886717
bestSuite:3448,8494,12226,13169,8479,7297,6515,11680,4623,9673,11775,11953,10736,1554,10169,3817,2894,3896,8637,2978

test suite34
bestAPFD:0.898818
bestSuite:9348,10994,2252,522,6408,7404,8025,5960,10481,1714,3577,325,10473,12099,3099,9597,5959,10065,6103,1001

test suite35
bestAPFD:0.893631
bestSuite:11007,8093,11128,9549,2136,3776,12556,11675,8195,10492,9620,3740,5414,11336,3280,8419,2396,12491,1065,5541

test suite36
bestAPFD:0.899422
bestSuite:13356,3052,13112,2351,3384,4306,3533,9242,5492,12510,9235,6742,1347,8288,1346,5723,8732,4041,6714,3280

test suite37
bestAPFD:0.899255
bestSuite:5519,13409,364,64,5985,12198,2269,11543,12373,144,539,13232,13203,3238,11788,10293,13401,9552,11838,1648

test suite38
bestAPFD:0.904165
bestSuite:3253,7907,12535,2564,121,8715,13385,4573,3361,4585,2345,12730,8183,13407,12548,329,10185,10074,4928,6908

test suite39
bestAPFD:0.890406
bestSuite:1875,11414,8532,13521,12560,6976,11224,5370,1681,1201,11534,10392,5477,7127,12817,1738,3179,1452,7194,11830

test suite40
bestAPFD:0.903604
bestSuite:5698,7055,6428,4546,12807,3312,4407,13409,2413,11180,2539,12006,3597,13297,7945,12879,8368,11169,9013,2754

test suite41
bestAPFD:0.914453
bestSuite:2267,3711,1499,9424,11195,3922,10955,9997,3357,13010,10088,3550,13202,11192,905,9267,5160,56,7384,7883

test suite42
bestAPFD:0.891695
bestSuite:6944,6540,12670,11843,9666,12565,11650,5572,816,11970,125,6101,12485,12294,3408,3002,4938,703,9041,13281

test suite43
bestAPFD:0.932541
bestSuite:1084,8497,2636,8657,11937,10406,7892,578,2469,9464,11851,5480,10180,9986,673,7227,11934,10118,9473,4416

test suite44
bestAPFD:0.893914
bestSuite:9695,10362,11043,11731,3741,1327,12739,5177,9847,7674,11667,7575,9722,2707,5254,5193,908,5343,9959,1373

test suite45
bestAPFD:0.903348
bestSuite:1912,4448,128,11582,4635,6822,1719,4922,4826,1756,9714,12969,7950,9769,3903,1886,5362,9956,4458,7503

test suite46
bestAPFD:0.915455
bestSuite:9123,4986,12156,2718,10932,5102,8302,10135,12358,5579,2219,5191,10847,3377,11030,10416,7287,3244,8584,5836

test suite47
bestAPFD:0.906997
bestSuite:4167,2816,12883,9818,11092,13116,7662,11671,9989,12622,12841,3449,8828,5483,1991,5367,12140,1290,1426,7060

test suite48
bestAPFD:0.875918
bestSuite:12361,11426,6479,932,9622,5265,5990,4672,7442,11335,10377,11149,11294,3152,3308,10651,765,5026,5232,11586

test suite49
bestAPFD:0.900470
bestSuite:8108,3728,2902,11397,12741,2347,10814,8883,7994,3123,2916,12575,730,4989,3376,12165,87,724,8152,11813

test suite50
bestAPFD:0.897772
bestSuite:6767,701,5241,3200,12733,7489,11145,6195,12587,1702,1893,62,8124,2802,6125,6741,2099,7581,6440,10022

test suite51
bestAPFD:0.901419
bestSuite:2134,12527,1540,2299,6609,9507,5058,6788,4581,6732,12231,11058,8111,4244,12876,2895,9255,9290,7425,10232

test suite52
bestAPFD:0.918339
bestSuite:6809,11639,2422,2958,11310,12254,13271,7297,1897,4044,11355,5667,3872,1080,40,10663,2163,2011,2587,4799

test suite53
bestAPFD:0.904333
bestSuite:2673,8126,9925,11384,13522,11258,277,2313,9421,11762,7970,13280,2773,8389,5823,9883,9996,4300,13244,8084

test suite54
bestAPFD:0.897872
bestSuite:2749,10137,4431,11603,4849,3925,9501,10597,2537,9148,5608,4224,11700,8277,4089,144,9344,8333,421,10129

test suite55
bestAPFD:0.877815
bestSuite:2874,2733,8140,362,3907,10956,12495,11388,11544,12929,3394,10431,10419,9779,2128,1962,652,71,7824,10731

test suite56
bestAPFD:0.905356
bestSuite:658,11630,12704,5447,12603,3815,3801,2064,3485,683,11186,8895,2988,3043,5948,9114,3709,5064,1328,1477

test suite57
bestAPFD:0.889483
bestSuite:3475,7268,354,3566,7306,12316,2031,7284,13183,13300,6168,10541,5968,8460,8884,2492,9776,8092,10233,11299

test suite58
bestAPFD:0.906877
bestSuite:11502,9684,1150,4688,9911,5471,10481,11120,7392,10916,2688,2097,549,6494,4052,10552,7797,3196,9863,9596

test suite59
bestAPFD:0.903484
bestSuite:2307,3769,9296,9604,4621,7619,12618,11294,5939,11228,13201,6826,11876,2379,10271,2917,1172,445,1565,11980

test suite60
bestAPFD:0.908826
bestSuite:3002,1867,3683,11093,4170,9179,8235,55,2148,7883,7478,10182,12158,9496,8197,916,10202,12225,2428,4339

test suite61
bestAPFD:0.907006
bestSuite:11427,2126,5004,6160,12087,1051,8588,13375,10596,8735,10261,3464,9114,9857,1217,9728,12075,5892,1812,12962

test suite62
bestAPFD:0.896408
bestSuite:2591,12915,1907,12404,3637,12505,13103,1168,8376,4671,2339,10450,4494,265,5141,8171,3649,3159,2578,11182

test suite63
bestAPFD:0.874375
bestSuite:1023,3900,233,5884,1126,12770,11471,13366,12613,10324,12305,10131,13506,2150,2042,3156,2410,6870,4216,2203

test suite64
bestAPFD:0.897159
bestSuite:7755,3422,12365,2002,9538,13411,12779,12580,5504,10128,9792,11773,8249,9420,179,8280,4500,9976,5985,1817

test suite65
bestAPFD:0.868052
bestSuite:1800,3414,4430,236,8900,12902,11382,10603,2745,10883,10009,12873,598,9525,3513,10,9689,12359,4109,3381

test suite66
bestAPFD:0.906086
bestSuite:4587,9214,3791,3375,9877,4486,2867,4469,411,2186,12217,8632,10174,4458,1816,1034,2818,1210,6127,12274

test suite67
bestAPFD:0.891234
bestSuite:6764,7577,876,8671,13099,12214,2133,2523,10243,12742,9945,3186,11198,12546,3237,6560,8717,5613,8323,4815

test suite68
bestAPFD:0.909020
bestSuite:8085,5519,2837,6999,4015,9703,2854,1261,3482,6136,11925,3904,3978,3707,1934,6096,11724,4244,2806,7972

test suite69
bestAPFD:0.895123
bestSuite:1126,4435,4589,12720,326,10341,4280,11125,2042,9375,8278,5812,13491,318,3204,10201,1559,4965,11001,11754

test suite70
bestAPFD:0.901017
bestSuite:11049,8057,1257,6412,957,12841,11681,1289,10147,1937,8386,6839,2422,3570,7460,10697,7221,746,4372,13203

test suite71
bestAPFD:0.891439
bestSuite:703,4009,12797,58,5302,9587,10823,2028,10576,3754,8414,9928,415,2936,12339,9684,3007,4821,12357,3316

test suite72
bestAPFD:0.904083
bestSuite:4137,1789,7014,10039,11602,1043,5816,1900,1696,5447,11497,8312,8790,13150,461,813,969,3159,5711,12139

test suite73
bestAPFD:0.903482
bestSuite:6255,1084,6428,678,9632,3764,3894,11449,189,10898,5947,1345,2330,10874,3630,12204,11953,7471,6914,7765

test suite74
bestAPFD:0.909510
bestSuite:9466,287,8571,620,4118,1129,3263,2833,11095,3664,1639,9220,2463,3916,9901,9961,3000,795,4602,13267

test suite75
bestAPFD:0.887780
bestSuite:8186,7603,13408,4056,10757,4689,513,11684,6883,10145,1703,11164,225,10425,9513,3077,3135,6662,7113,12344

test suite76
bestAPFD:0.904938
bestSuite:9236,7727,6967,4177,9003,6657,7525,5121,8719,6992,6584,9908,4366,2728,8971,10185,9840,8588,2408,9454

test suite77
bestAPFD:0.901543
bestSuite:2602,5619,7812,7264,11549,12472,10758,2494,10239,7102,12210,13009,2290,9233,5200,1250,5608,12101,2057,11449

test suite78
bestAPFD:0.916170
bestSuite:2197,8624,6677,8476,10618,11433,11773,6858,2480,10051,3148,912,6681,3430,10250,9151,2266,1887,3371,11110

test suite79
bestAPFD:0.905336
bestSuite:4536,11491,8083,6117,3209,10367,3529,10533,6274,13155,7759,11352,8945,1688,12156,2345,3312,4573,8023,2985

test suite80
bestAPFD:0.918929
bestSuite:8332,7486,4744,5959,11456,8004,7247,6785,3454,9566,6309,7285,7914,5074,6589,138,10071,9651,7119,2922

test suite81
bestAPFD:0.892205
bestSuite:4502,3938,12967,4517,13363,8011,12490,8656,13190,8948,10873,8769,9909,6125,2393,4891,1530,6605,3722,1515

test suite82
bestAPFD:0.910881
bestSuite:4837,7098,2300,8516,11794,10374,3740,5073,6820,9730,393,1695,4926,10106,2591,7566,3159,1399,10223,8305

test suite83
bestAPFD:0.906507
bestSuite:6790,2078,12908,5756,249,1232,6012,1901,6465,692,4882,903,12236,4255,6788,7797,1234,9240,101,1840

test suite84
bestAPFD:0.898344
bestSuite:12632,389,8931,8636,7929,3627,11576,7377,12188,5623,12664,2981,3008,7128,11802,2379,11710,1647,232,5374

test suite85
bestAPFD:0.904242
bestSuite:5233,12392,2392,13067,739,1758,13160,5841,5489,10633,12300,8173,4676,2056,12964,2393,7736,8717,7338,2200

test suite86
bestAPFD:0.898249
bestSuite:9715,7215,12654,4808,11104,7617,4005,9861,4952,11193,11774,13475,4794,10986,1144,5375,8435,2801,3491,984

test suite87
bestAPFD:0.906761
bestSuite:11016,7756,10621,1321,10136,3444,12736,9319,4982,1620,5876,3800,2687,3160,1030,7161,35,4438,3740,5450

test suite88
bestAPFD:0.896237
bestSuite:2435,3387,4727,2894,12488,5404,11561,12808,5433,4382,8350,13126,4740,1826,2685,8513,369,2579,7667,11700

test suite89
bestAPFD:0.909985
bestSuite:10048,492,6452,13322,13504,7989,7231,7410,7053,8100,2959,12870,7176,9542,7660,4889,10165,1535,8297,992

test suite90
bestAPFD:0.907111
bestSuite:3290,8747,8114,6995,5514,10584,647,5774,10727,300,12031,4481,6848,8046,13308,7680,1780,5970,9782,11134

test suite91
bestAPFD:0.887943
bestSuite:4425,8233,12793,3315,3006,6252,4262,1868,12642,5650,10582,2601,2867,9443,4377,9746,8272,9188,3879,7121

test suite92
bestAPFD:0.897499
bestSuite:12602,2751,7441,6068,7836,6250,8581,8453,12766,3857,5252,8450,8695,10981,2697,4766,1517,7955,4680,3785

test suite93
bestAPFD:0.909761
bestSuite:9673,1448,383,759,5004,4874,13056,10378,10754,692,4765,7026,12031,6306,9612,4187,7831,13228,10098,6959

test suite94
bestAPFD:0.896946
bestSuite:3741,7264,8501,11525,8594,7452,11717,8997,5804,9823,2842,10457,12300,11001,1151,2352,1595,1083,6945,1694

test suite95
bestAPFD:0.886740
bestSuite:5793,6898,3272,3327,12459,7499,12670,12285,742,814,9200,3772,9127,13295,5565,7886,9460,7214,7769,9391

test suite96
bestAPFD:0.910182
bestSuite:11491,10367,6176,5471,11398,10655,8746,12060,4029,4286,13267,10940,3879,2011,8784,3401,5050,760,1684,5697

test suite97
bestAPFD:0.875401
bestSuite:5005,11824,8236,12957,12470,5755,13196,12761,9568,13448,1654,5865,11555,8138,8892,6955,13298,4586,1703,3134

test suite98
bestAPFD:0.895000
bestSuite:166,3420,2037,11078,5106,310,6548,6535,3030,12823,1896,9690,8175,10120,7581,8473,4079,4221,5970,12554

test suite99
bestAPFD:0.907986
bestSuite:3866,4348,11868,9029,12733,9221,186,8281,6502,206,823,12093,3352,6890,6244,795,4183,1442,1165,4321

test suite100
bestAPFD:0.901374
bestSuite:9470,5814,2635,13367,1580,5839,11319,3070,9222,11328,13436,11880,6837,11884,4607,9130,3055,4845,5966,12068

test suite101
bestAPFD:0.902715
bestSuite:7704,3969,4583,4486,5857,7184,12064,6253,12833,2152,145,7469,972,11018,9498,6795,993,9241,5376,10715

test suite102
bestAPFD:0.887641
bestSuite:1849,10967,5018,8579,2924,13452,1974,10187,12588,3712,4569,11286,2123,10843,8212,9918,4436,6845,1166,993

test suite103
bestAPFD:0.904704
bestSuite:2943,3764,6044,8643,1280,2607,12740,10765,1240,2397,3001,6047,2747,13226,5658,9628,9770,5861,3520,3763

test suite104
bestAPFD:0.887326
bestSuite:4733,3354,3030,12149,3925,5312,11640,13133,11842,5198,2039,5836,5625,10891,12135,7849,8583,2500,5601,12813

test suite105
bestAPFD:0.900968
bestSuite:261,11154,9505,2262,12291,4297,3085,6402,10278,8969,2670,6916,11870,2488,12203,2941,12123,4422,12327,377

test suite106
bestAPFD:0.892783
bestSuite:9547,12585,2006,1835,5019,4597,10567,9098,3888,3461,5065,9007,5010,4591,2984,13270,8297,4187,4388,2277

test suite107
bestAPFD:0.899030
bestSuite:3752,2300,2931,11638,12414,12035,5265,608,13391,1086,6392,9591,6210,9505,8533,10192,12844,10197,9,10084

test suite108
bestAPFD:0.915619
bestSuite:3865,4016,8540,4141,9915,11564,8385,14,1919,10873,40,9211,3893,8120,8171,8037,1470,459,5517,1423

test suite109
bestAPFD:0.890380
bestSuite:5495,3726,7812,8325,566,2148,12048,12926,11504,12020,5349,10654,7459,10801,161,11061,8375,1740,9230,9140

test suite110
bestAPFD:0.901874
bestSuite:11519,256,9172,3766,11561,13359,6115,12556,1402,10261,12439,12614,11984,10043,13251,6934,2431,6587,2614,8937

test suite111
bestAPFD:0.906355
bestSuite:9763,1084,9497,8843,11656,8332,5222,11083,12187,11850,6129,5260,795,11448,13495,2509,5154,2408,13449,4049

test suite112
bestAPFD:0.894835
bestSuite:12478,1847,2820,4341,5370,12891,5864,7044,3928,2553,12389,10963,5048,1050,6348,1629,8642,3557,2278,8794

test suite113
bestAPFD:0.899057
bestSuite:381,11087,5964,6186,9983,12195,4549,3495,11706,9893,11758,6888,9285,7912,7656,4300,12016,3457,8099,6214

test suite114
bestAPFD:0.891732
bestSuite:11764,3855,11608,13066,3806,4057,11673,12937,9628,5566,735,9738,8755,2141,3474,9090,7324,6499,9527,3715

test suite115
bestAPFD:0.885495
bestSuite:8843,18,12796,7520,1184,597,10701,11652,8616,10523,7315,12309,1138,10696,8248,5960,6006,1467,11679,8686

test suite116
bestAPFD:0.883950
bestSuite:9795,5193,9120,12526,6229,13367,611,11693,3696,8731,13519,13166,10854,12085,10843,10996,3776,4181,10173,7531

test suite117
bestAPFD:0.877528
bestSuite:7016,12330,6707,8274,6317,10910,12448,538,4891,834,4678,849,1147,9604,5529,9555,6499,12697,9958,7292

test suite118
bestAPFD:0.899157
bestSuite:8239,6226,1113,9931,390,11719,3860,1785,10259,11347,7258,6591,13250,4953,11284,8437,9216,1011,8628,3850

test suite119
bestAPFD:0.889477
bestSuite:9666,10039,7692,5020,11075,12883,11391,9322,12732,10463,10802,9208,2555,5716,12290,3643,8722,10073,7622,430

test suite120
bestAPFD:0.905108
bestSuite:7984,2836,13099,8089,6604,13128,10749,5802,629,5979,568,2932,2744,9936,4845,9280,1709,1501,4301,9902

test suite121
bestAPFD:0.907374
bestSuite:2994,7002,6312,646,13319,12530,5816,9845,11287,3335,6575,3586,11829,4605,1494,7023,5754,1535,2488,6230

test suite122
bestAPFD:0.891060
bestSuite:2995,4171,8451,3965,12344,2693,12705,4141,4255,399,7125,6557,10563,11958,1976,7214,1008,7717,13488,2153

test suite123
bestAPFD:0.889623
bestSuite:1493,9883,364,12587,2,11422,8085,11759,11582,6364,13306,11469,6882,11257,10510,4884,12962,2969,9130,2609

test suite124
bestAPFD:0.922570
bestSuite:7658,12152,8111,1582,993,1289,5687,10913,9991,8767,13318,10916,2793,1954,8130,3996,8513,2833,410,6214

test suite125
bestAPFD:0.901589
bestSuite:7395,4332,9867,5698,5145,7359,11666,7375,381,6767,3272,3804,5339,11350,1807,4362,3466,1960,10882,9767

test suite126
bestAPFD:0.911154
bestSuite:11013,356,8950,1362,11931,9432,12754,7765,13395,3471,11114,1549,6373,8105,8810,1795,4666,4843,8466,190

test suite127
bestAPFD:0.888235
bestSuite:1705,8651,6588,12417,8111,12687,10641,12542,5052,12167,5070,8665,5739,7017,7173,8131,2846,3820,8508,8218

test suite128
bestAPFD:0.895223
bestSuite:2211,13431,5151,11787,938,13092,5647,12711,8471,11651,1482,9243,9569,3940,9020,9143,7229,14,5930,9949

test suite129
bestAPFD:0.920091
bestSuite:4268,12475,418,4460,2752,4496,12820,8415,9724,10175,8796,12479,8945,8048,2529,6405,3087,5593,7904,13401

test suite130
bestAPFD:0.900686
bestSuite:8233,8091,5171,13373,560,10589,5103,1220,5562,2970,5050,11983,5582,2275,40,5061,8461,3098,3176,11236

test suite131
bestAPFD:0.909099
bestSuite:4370,12965,513,11850,4118,1490,5017,11209,2051,4030,1696,6779,12869,9138,3977,7865,8481,6144,7499,6670

test suite132
bestAPFD:0.915195
bestSuite:2958,6031,4411,4639,8537,12895,12619,11453,9526,6148,4738,6810,2663,2314,8442,9207,2153,163,428,282

test suite133
bestAPFD:0.896348
bestSuite:8789,7465,12788,11048,7456,9540,1284,1974,7424,11645,7398,11903,7594,12894,7273,1444,8903,3343,234,8787

test suite134
bestAPFD:0.900609
bestSuite:704,5434,8271,3254,11582,4411,12497,7571,9517,6501,11091,5311,3050,13247,5156,4781,1189,549,5227,5888

test suite135
bestAPFD:0.891034
bestSuite:1987,2024,4250,85,12760,7831,5454,11041,13399,6328,7163,4642,7435,3875,9837,10676,7165,679,8858,10934

test suite136
bestAPFD:0.900105
bestSuite:8622,11778,13510,7126,3828,12583,12125,9780,8756,12829,2556,4074,9447,1221,11457,10831,2418,1545,5573,1383

test suite137
bestAPFD:0.916768
bestSuite:8929,2061,11594,3078,4734,12537,3403,7032,117,5812,9812,11674,5701,7000,6876,6249,7306,3191,6666,10955

test suite138
bestAPFD:0.910298
bestSuite:7658,8336,11024,9230,778,11352,9652,13430,9937,4614,3663,490,11027,7039,233,8440,3158,8970,4035,8694

test suite139
bestAPFD:0.905731
bestSuite:6050,12461,6986,8117,2349,6535,312,8967,2827,4655,10303,9035,1814,4059,12697,3148,4452,1607,2967,145

test suite140
bestAPFD:0.900355
bestSuite:6707,9571,3342,7293,4176,462,13046,922,10867,3887,1088,9021,1285,6394,948,5319,8812,237,2825,10234

test suite141
bestAPFD:0.911974
bestSuite:12458,13509,121,7106,6349,11130,9592,4741,12751,11226,10638,4272,10238,10568,7505,789,6712,849,1863,4117

test suite142
bestAPFD:0.890261
bestSuite:4334,8663,9595,3764,5132,12736,11622,8988,8817,7028,11842,13407,7557,9043,12287,2731,9709,9994,1156,5632

test suite143
bestAPFD:0.906351
bestSuite:9123,8454,6079,3826,11018,5122,3245,10035,1674,8588,3146,9541,2651,7481,4580,1532,7744,6392,13013,10463

test suite144
bestAPFD:0.884667
bestSuite:3181,6234,5011,3330,12713,7397,3511,13352,11504,2064,13464,1811,11533,585,8440,1032,6807,1545,2727,10792

test suite145
bestAPFD:0.904155
bestSuite:5420,4948,5463,8952,12101,913,7509,5603,9588,10052,11008,6339,3744,915,7537,5305,6612,9488,12178,1928

test suite146
bestAPFD:0.909065
bestSuite:4268,9387,9750,4224,8809,9157,4631,6278,9099,12298,10873,8268,10327,111,4887,6708,2977,5974,7024,7663

test suite147
bestAPFD:0.922410
bestSuite:9229,12103,6012,2786,193,8677,8645,2275,5380,2878,6975,11927,9800,2189,9563,7350,274,3226,9782,5290

test suite148
bestAPFD:0.904114
bestSuite:3850,9288,9047,11605,11142,13019,1659,12339,7204,7818,2549,11655,6014,5819,8864,5782,8183,2585,5705,3479

test suite149
bestAPFD:0.902315
bestSuite:5519,6817,12663,11552,4658,12638,6994,6160,1335,4063,2871,11261,1984,4272,1777,1359,3345,7369,3426,12717

test suite150
bestAPFD:0.903785
bestSuite:1874,9435,6238,12727,4030,12200,5462,13144,10561,214,796,7994,4878,6585,3694,9586,6775,8868,6390,935

test suite151
bestAPFD:0.913484
bestSuite:5915,5171,4847,3618,4727,7580,9309,11922,3367,9646,7108,6408,6386,1996,9738,2157,4452,9442,9270,10329

test suite152
bestAPFD:0.919795
bestSuite:2051,6220,1523,5775,375,12926,5975,10463,10157,3638,4533,1496,3839,214,12889,9671,5599,7623,9141,9937

test suite153
bestAPFD:0.898150
bestSuite:445,11808,2896,3940,2403,12289,12937,13434,12532,6942,4590,13486,7404,12313,6125,6657,5615,10112,6461,8286

test suite154
bestAPFD:0.913558
bestSuite:4817,4574,11517,13185,809,3659,6271,4197,10594,11797,152,8595,6171,1248,11081,3219,6950,4004,7433,3043

test suite155
bestAPFD:0.898711
bestSuite:512,1258,3013,5536,1523,12689,9047,4742,11988,12810,8769,3347,10226,7463,6888,8266,8836,8535,7169,1350

test suite156
bestAPFD:0.911628
bestSuite:7620,2253,11843,1555,7837,4902,1422,2046,2506,10566,10983,448,589,4647,3160,6133,7225,6299,1321,10369

test suite157
bestAPFD:0.906189
bestSuite:4915,6590,9432,7499,12761,2359,628,11106,11939,5083,4828,12352,11322,8461,8859,9903,3968,9719,3759,10921

test suite158
bestAPFD:0.902995
bestSuite:197,12881,11596,3571,560,1848,9777,8842,6629,2607,7920,9334,1232,587,2032,6222,12196,6459,1822,6492

test suite159
bestAPFD:0.898383
bestSuite:2533,3272,9809,3830,10035,13347,11970,2507,7482,483,3369,3812,9889,7115,6340,8699,6400,172,2065,13395

test suite160
bestAPFD:0.900639
bestSuite:8321,5769,8837,8486,12464,3576,11692,12296,10589,12871,2881,1120,12806,4704,7360,7434,10507,7644,571,7460

test suite161
bestAPFD:0.875579
bestSuite:3943,5779,5163,5003,13259,13053,1116,12312,11675,5062,7057,11251,6216,11047,9063,10828,713,7814,10835,892

test suite162
bestAPFD:0.908158
bestSuite:778,5360,3986,9927,12044,10552,13513,13205,8595,6695,9415,4160,1826,2230,5028,3298,5861,5749,5584,3441

test suite163
bestAPFD:0.894671
bestSuite:2131,12795,7857,9279,5886,2386,4881,5423,10486,10850,9994,984,8,4680,1760,12718,12789,3635,1400,10717

test suite164
bestAPFD:0.914705
bestSuite:8422,11014,1395,13024,9505,12838,11303,3727,3671,8037,3959,13494,7567,146,6744,253,1952,8812,8738,7820

test suite165
bestAPFD:0.904642
bestSuite:9170,3458,8601,9844,6450,11058,13149,12075,10858,6700,10728,6919,13212,11929,5545,1487,6961,9265,11726,1099

test suite166
bestAPFD:0.905802
bestSuite:3637,1640,6707,5583,1767,7467,6006,2537,5185,10648,6130,10851,8237,6470,7109,8032,4580,2265,9178,3722

test suite167
bestAPFD:0.898583
bestSuite:5229,4599,34,6272,12506,11651,10907,13147,4588,8086,5951,1036,12298,4445,1534,4914,2385,5219,3445,191

test suite168
bestAPFD:0.909818
bestSuite:4321,9559,4329,11704,10435,1883,7710,11860,12822,867,9109,10282,10320,8652,5803,4404,3577,9074,1813,2097

test suite169
bestAPFD:0.910099
bestSuite:4191,9300,11040,3961,13406,8036,10587,10145,5938,6295,6756,3920,11321,8416,8204,7005,9043,9314,3078,1815

test suite170
bestAPFD:0.912113
bestSuite:12377,10997,5101,8190,7955,571,5978,12970,10396,1496,164,1750,10402,2125,13253,715,10117,929,1485,1047

test suite171
bestAPFD:0.897919
bestSuite:2178,12787,5253,4753,8201,2014,1228,6502,8529,10115,2115,4011,12516,3973,11258,1235,8026,1924,2855,3300

test suite172
bestAPFD:0.915296
bestSuite:9055,2725,5282,10868,12402,8694,975,7814,7651,7656,238,11900,5486,4497,1394,7862,4643,1615,7254,3062

test suite173
bestAPFD:0.905845
bestSuite:4597,6894,12579,4332,9206,8664,9966,10388,6297,11459,5951,9181,5865,7997,11934,2908,4811,1501,9634,4054

test suite174
bestAPFD:0.905922
bestSuite:2332,3137,8310,3742,12353,13394,3464,3816,4033,11991,513,5834,2254,3993,9604,1137,2742,6365,3543,7090

test suite175
bestAPFD:0.887528
bestSuite:8937,340,8838,3308,11984,8319,12888,1009,9102,6869,3450,7580,630,6166,4915,10700,3358,3122,892,8538

test suite176
bestAPFD:0.897450
bestSuite:856,12409,2615,7151,10962,1002,7257,13484,5504,4484,5353,229,10943,7184,12143,6444,5785,7388,997,7200

test suite177
bestAPFD:0.884112
bestSuite:332,12378,899,3384,4273,11853,11326,3497,8389,13521,9807,11541,12824,11252,11047,7849,3167,8112,6742,11141

test suite178
bestAPFD:0.901429
bestSuite:13105,9999,4358,3928,11492,9524,1343,6164,8544,5967,3535,378,7566,7769,8466,11731,6222,5580,4033,13212

test suite179
bestAPFD:0.906368
bestSuite:10967,2741,10376,3830,6963,5876,6410,12370,6448,8436,1591,1783,12994,13346,9023,442,7611,11932,8773,12359

test suite180
bestAPFD:0.919405
bestSuite:2943,5331,6255,9046,8423,11508,8223,3056,4562,2508,573,839,4441,1620,1052,8861,2867,4068,6345,8066

test suite181
bestAPFD:0.886410
bestSuite:7072,11661,8035,6224,9079,4858,7619,2224,11450,9961,10769,6000,2129,13478,3661,11213,10177,9787,378,9094

test suite182
bestAPFD:0.896898
bestSuite:3949,602,4889,2020,6435,11672,532,10767,763,10649,7835,1665,9267,1450,11030,5498,4197,7090,1785,2306

test suite183
bestAPFD:0.897707
bestSuite:660,5967,10380,7527,6281,11462,2754,11518,7782,11232,8369,10787,484,3346,7150,12350,6314,847,5636,8477

test suite184
bestAPFD:0.899747
bestSuite:9121,2807,1380,3389,13470,6222,2472,11578,10894,2504,13415,7929,13181,7047,3992,4234,13493,5065,2130,10018

test suite185
bestAPFD:0.907764
bestSuite:1734,9402,11016,1408,11881,10798,6734,11830,1452,3223,2576,11195,12850,8937,3220,233,11820,12976,2266,1515

test suite186
bestAPFD:0.897113
bestSuite:4211,11433,6816,9494,6206,13171,13242,3231,10647,335,6743,6974,8641,9270,13374,5011,5872,5857,11752,5678

test suite187
bestAPFD:0.910554
bestSuite:10139,12517,7634,4578,10879,11896,9085,13520,9094,7738,4883,10244,12053,7297,7216,10827,4651,1,9253,2382

test suite188
bestAPFD:0.910225
bestSuite:243,3151,13403,6591,1946,12849,3548,2487,3172,1218,10237,1086,4176,530,11856,2922,5037,5033,567,9765

test suite189
bestAPFD:0.897553
bestSuite:7982,824,12914,358,3416,11380,7656,9033,1334,7278,5183,1687,11205,761,4656,4136,1176,8703,6336,10545

test suite190
bestAPFD:0.911991
bestSuite:3300,12539,808,6956,7580,11676,2343,763,17,5875,2780,2123,3683,2471,4300,11015,7715,815,6955,1212

test suite191
bestAPFD:0.902874
bestSuite:7504,722,384,12681,2442,5796,2289,10641,11186,12217,9692,9167,6480,11742,2110,8,5443,4058,7455,667

test suite192
bestAPFD:0.902714
bestSuite:10968,7817,6633,11234,13193,7578,13518,11075,6438,3839,361,8119,5155,9206,10599,12021,11732,3676,3499,5342

test suite193
bestAPFD:0.914783
bestSuite:9888,4911,11291,5058,8189,7140,5329,2068,3363,12317,10425,12233,7031,2868,6027,1924,2264,590,9845,10219

test suite194
bestAPFD:0.900155
bestSuite:2826,5546,13349,11137,6670,11641,2540,6349,547,10701,9893,1017,2498,10737,9701,6063,10611,8772,1470,3073

test suite195
bestAPFD:0.898906
bestSuite:9483,4000,9438,10550,12455,9774,8,11960,5564,7159,975,1144,1981,9675,700,587,3669,5618,9178,9263

test suite196
bestAPFD:0.896619
bestSuite:1023,6667,13119,222,1449,10617,12937,5252,4877,7105,12879,2416,3027,11422,9141,8737,7286,9339,7512,2445

test suite197
bestAPFD:0.901549
bestSuite:2900,2444,1351,9142,7078,9571,11662,10386,13132,11846,6607,9814,3278,2321,8654,5396,8513,7671,832,1963

test suite198
bestAPFD:0.916328
bestSuite:6075,8063,8265,1860,11379,1247,10630,10018,3797,1182,4140,7428,10410,4072,11965,2633,1617,5096,6516,6135

test suite199
bestAPFD:0.899106
bestSuite:919,9980,8012,4337,1674,13365,1647,12591,11823,10803,10468,6007,2664,12638,6958,3796,9865,5890,4608,6621

test suite200
bestAPFD:0.910250
bestSuite:2079,8438,1449,131,8702,403,9241,5813,13501,13392,4545,1975,11149,2996,5087,2312,8637,7031,309,10201

test suite201
bestAPFD:0.889955
bestSuite:10980,7550,9619,1493,12979,10310,10895,6893,12441,8551,5649,3603,9611,410,4427,8649,200,1497,9528,5795

test suite202
bestAPFD:0.894098
bestSuite:1284,8479,11340,2491,6210,11023,8676,1651,10758,8204,10477,2890,9540,10433,3630,10486,5946,10506,1309,5139

test suite203
bestAPFD:0.902734
bestSuite:1885,7436,12088,2901,10375,5296,10844,6076,7221,7669,2168,1573,13442,2947,7168,5279,587,11744,5568,4408

test suite204
bestAPFD:0.902628
bestSuite:7379,3001,151,5714,2694,10382,3421,6639,11730,10893,4204,9841,11359,7946,10024,7960,4553,271,3581,8503

test suite205
bestAPFD:0.909519
bestSuite:8242,8964,12562,11633,5693,9123,10779,11595,2507,9321,1238,10917,7894,1972,10007,4853,5744,11799,303,9901

test suite206
bestAPFD:0.910949
bestSuite:1605,8527,5388,2750,5426,7930,5646,677,2344,8744,4252,1919,10220,2901,11786,473,4537,656,5564,4421

test suite207
bestAPFD:0.896332
bestSuite:11517,3210,4095,1547,3333,12432,11207,3917,9834,12735,11515,13234,9476,2542,3721,12176,3650,1751,6831,3302

test suite208
bestAPFD:0.892770
bestSuite:8665,2564,13158,11499,11837,9340,10444,1010,9674,3383,8705,6914,13377,4424,3565,1622,12260,4265,8250,7435

test suite209
bestAPFD:0.902844
bestSuite:7525,9599,6355,5647,3085,8614,10833,227,11459,1271,1137,10332,3628,11338,10692,5068,716,225,176,450

test suite210
bestAPFD:0.891463
bestSuite:6197,1197,5415,13105,11643,5557,7888,12709,8732,1678,8707,7040,5513,610,3916,11740,3857,4114,4724,646

test suite211
bestAPFD:0.908892
bestSuite:1380,7968,2323,151,6924,4143,4567,794,9346,11283,4368,13209,8802,12298,8129,10837,1304,9186,8198,8048

test suite212
bestAPFD:0.894509
bestSuite:1292,12026,9158,8086,10880,12465,1765,12369,10864,7456,1788,733,10898,10677,2394,4366,6877,6531,11753,1782

test suite213
bestAPFD:0.901352
bestSuite:1874,12411,1174,8103,11423,1957,5688,11979,7381,8896,8742,5276,11321,1094,5887,1118,6505,2371,2413,1185

test suite214
bestAPFD:0.913151
bestSuite:3038,13342,9945,11117,316,12085,5916,7003,2399,8726,10308,276,6254,9618,4559,1215,758,4666,10178,4905

test suite215
bestAPFD:0.878685
bestSuite:6578,8006,7030,8972,3187,5283,5156,12767,9958,12855,6988,12879,10569,8765,2129,6963,10170,10112,10861,10733

test suite216
bestAPFD:0.903306
bestSuite:2448,7099,10983,1273,13268,7610,11457,13032,10871,8737,3582,8157,13217,12294,8399,226,5180,10693,12194,6316

test suite217
bestAPFD:0.906430
bestSuite:505,6910,6921,10478,4420,11567,7070,5207,1420,12803,5919,4914,8855,8757,8356,12140,7830,2089,9819,5168

test suite218
bestAPFD:0.902516
bestSuite:5698,1955,12396,4199,2701,11601,3379,6375,10937,3825,11569,13183,2010,10434,11618,1248,5080,4134,9966,10146

test suite219
bestAPFD:0.894216
bestSuite:6177,6404,13380,6824,12981,12621,10494,8724,12935,10144,11868,10349,5484,3999,11252,8005,3460,9544,12065,8935

test suite220
bestAPFD:0.900756
bestSuite:2869,3517,2472,12910,9754,7784,10582,10377,3313,10815,3822,5205,6945,12111,11043,11734,8604,3743,3235,9828

test suite221
bestAPFD:0.908903
bestSuite:1824,2372,1015,13116,5927,6165,10647,4864,1897,6064,2530,10725,9694,13301,8499,8006,10633,1279,8259,7389

test suite222
bestAPFD:0.884180
bestSuite:12044,13027,7889,3505,7452,12566,7993,13407,4217,9261,7576,7083,12101,8213,1116,1976,2821,9104,2853,6356

test suite223
bestAPFD:0.905277
bestSuite:8366,1557,9526,7751,11078,1494,12620,338,12044,12929,1242,1555,9942,12358,2940,1775,6978,4975,438,1074

test suite224
bestAPFD:0.895200
bestSuite:5379,3623,13420,8200,4095,8390,9254,8372,2399,7094,10190,7521,7408,6392,329,6568,7068,367,228,11250

test suite225
bestAPFD:0.894558
bestSuite:6556,12932,12340,8220,13143,1490,7441,1350,12383,10051,7758,956,9463,7664,9134,642,11958,2304,2247,6169

test suite226
bestAPFD:0.895656
bestSuite:6099,4114,7122,11377,6278,2016,2225,1016,6692,5951,3581,1163,3079,1178,8518,1000,32,1856,7544,7859

test suite227
bestAPFD:0.885355
bestSuite:8791,5106,12470,3234,1640,1739,6674,3211,2059,6501,9053,11548,3064,13217,10394,5100,9637,5034,7887,5574

test suite228
bestAPFD:0.897329
bestSuite:5131,3009,12609,7761,8281,11977,13341,6,1075,4581,3733,9515,4548,12231,4272,9324,6610,5634,2882,2895

test suite229
bestAPFD:0.909198
bestSuite:8789,3702,4625,11530,6407,8522,6066,11249,2226,13267,9240,10084,5489,7411,4336,6863,11871,7671,6333,12848

test suite230
bestAPFD:0.895185
bestSuite:8664,8875,7148,10626,11621,12147,9247,3264,4240,1610,3860,725,6191,9815,11160,805,10560,10143,60,6385

test suite231
bestAPFD:0.892914
bestSuite:4457,12911,6952,11610,7135,173,6501,10215,10565,10944,13266,10719,9832,4325,8812,9891,945,10893,4126,9369

test suite232
bestAPFD:0.904123
bestSuite:730,5373,5020,5134,9980,9989,2717,2073,2071,4412,450,9582,3345,4854,834,8173,4821,9061,435,10107

test suite233
bestAPFD:0.903445
bestSuite:9949,3763,1456,8148,4358,3051,4207,8076,10504,8792,5489,2969,9591,4480,2008,9644,5632,4253,8803,3592

test suite234
bestAPFD:0.903168
bestSuite:13018,12440,2695,709,4053,4165,7971,3733,10262,9349,9257,8126,5581,11957,11077,4387,6241,7047,6226,555

test suite235
bestAPFD:0.889862
bestSuite:4185,5221,285,12773,1229,7790,2621,885,1180,11922,12440,10681,6221,10949,2021,7264,10167,6089,2502,2009

test suite236
bestAPFD:0.876780
bestSuite:12477,13158,7845,1137,1284,12344,10600,1692,10895,11004,8826,1928,11463,1897,727,6194,12031,12258,4008,2473

test suite237
bestAPFD:0.899050
bestSuite:3926,9546,11734,8336,5807,9510,11547,9949,9233,1612,5593,3862,12066,2178,9877,6231,8872,496,491,12980

test suite238
bestAPFD:0.913165
bestSuite:12955,6355,2092,13504,2156,6227,8255,10003,6455,1664,7419,3728,173,10864,9276,5082,2971,11037,677,6801

test suite239
bestAPFD:0.903114
bestSuite:8149,7080,8527,12499,7009,10126,10872,2243,6862,9674,8429,2917,10966,4380,10672,5616,8788,7067,4926,6495

test suite240
bestAPFD:0.901669
bestSuite:9284,9891,8437,8567,118,12158,11715,1122,7039,10607,11675,3661,4755,990,2708,9315,4449,1752,3320,9582

test suite241
bestAPFD:0.882341
bestSuite:39,4329,11979,9142,12605,7080,207,9054,2812,6420,10879,10867,5969,13437,10230,8371,10869,12840,12963,7315

test suite242
bestAPFD:0.907864
bestSuite:6206,5611,7357,107,5241,918,9242,8990,8922,12024,7753,2212,11785,1387,6417,8584,185,6381,1154,10953

test suite243
bestAPFD:0.909446
bestSuite:4524,1874,11588,11135,4222,6262,11035,5583,1417,8333,206,2728,3277,6912,11664,2311,9428,7494,9497,705

test suite244
bestAPFD:0.898590
bestSuite:6563,669,12617,5292,1696,11007,8061,12167,11784,12526,3471,533,13486,6844,7462,7167,450,6343,3975,2443

test suite245
bestAPFD:0.897978
bestSuite:9908,12385,449,3188,11911,2184,13478,5137,2473,12613,3990,5560,10511,10415,5289,202,4643,1796,9241,10495

test suite246
bestAPFD:0.902942
bestSuite:395,7699,6489,11695,12265,5338,11409,2681,3980,5599,6198,2246,10870,2929,8347,4770,8842,5653,196,504

test suite247
bestAPFD:0.895625
bestSuite:8635,11706,4654,8108,11787,520,2034,8718,4857,12867,1101,9552,1827,2614,1986,10288,8121,65,7916,3730

test suite248
bestAPFD:0.909933
bestSuite:11635,8814,2985,11792,8275,3393,13512,12285,6911,2269,12875,6224,10278,4051,13299,2266,8386,11731,5861,10965

test suite249
bestAPFD:0.885480
bestSuite:968,11657,5906,7686,7862,8569,12601,1353,3175,7384,12158,4629,11520,11988,7698,5518,8871,11980,1279,7174

test suite250
bestAPFD:0.895596
bestSuite:203,7551,1385,471,5170,12133,3346,10918,5736,4195,11160,10269,11965,6866,4814,12084,9735,10116,4046,6296

test suite251
bestAPFD:0.911204
bestSuite:13118,5223,8931,221,998,7181,7021,931,11277,13519,2505,1522,8079,7424,204,6807,8966,1105,12073,5887

test suite252
bestAPFD:0.915894
bestSuite:2098,4915,4005,7876,5308,1211,6210,890,7344,1604,9576,694,9252,4740,6503,5638,2016,12848,3326,8473

test suite253
bestAPFD:0.895522
bestSuite:11614,5427,7455,6734,4406,2063,12664,10989,4971,12746,9104,11296,796,4214,8892,8004,10797,11199,8859,7467

test suite254
bestAPFD:0.909902
bestSuite:4261,4245,1653,4246,6228,11155,11309,6360,4653,4590,6582,10428,11323,2954,8639,11320,5719,3749,3865,2071

test suite255
bestAPFD:0.903905
bestSuite:9015,6335,7291,2276,10453,3908,975,9703,5172,2461,11371,9100,1422,1645,10275,2450,1017,1287,10737,10003

test suite256
bestAPFD:0.891192
bestSuite:4649,11484,11868,5355,7492,7491,12643,10932,10219,1394,10643,7741,12750,10306,5414,4676,1221,3821,9310,1907

test suite257
bestAPFD:0.919153
bestSuite:5282,6282,1835,977,8061,9558,7828,982,726,6830,12302,2587,7674,8612,5878,4790,6958,6623,10679,3081

test suite258
bestAPFD:0.912717
bestSuite:8341,6378,10659,8097,11686,1803,9524,8036,11011,1118,7904,11336,7921,10199,11360,5359,6876,5744,8042,5658

test suite259
bestAPFD:0.891968
bestSuite:2995,12629,13378,9528,11104,11718,4456,2215,6419,6989,6301,4058,6382,2425,12605,10334,6861,10059,11732,12528

test suite260
bestAPFD:0.898644
bestSuite:2863,2477,6999,7779,1980,10623,13070,10136,3150,10794,2110,3252,620,3831,9118,9402,6833,3909,9048,7573

test suite261
bestAPFD:0.921460
bestSuite:12475,3386,7572,9612,10591,8996,6105,12972,11894,1094,1394,10501,10732,12219,2642,7602,5973,1140,3911,10008

test suite262
bestAPFD:0.904366
bestSuite:4923,8609,12321,1544,6097,3544,6213,5488,8959,9751,5477,6212,10402,4093,7292,12307,7631,7578,6961,4570

test suite263
bestAPFD:0.898975
bestSuite:5266,7220,12490,1725,5796,4086,6926,6255,4732,8653,9480,56,30,10073,13205,10175,7443,1554,9618,1926

test suite264
bestAPFD:0.890830
bestSuite:7287,362,5646,698,8907,7220,8432,8207,11817,4327,7214,11257,2693,5459,10638,9233,10796,11869,6440,4748

test suite265
bestAPFD:0.905559
bestSuite:5218,6045,332,12762,7676,3164,7609,2192,8994,5292,2759,1217,11886,9134,3997,10800,7822,9131,11869,918

test suite266
bestAPFD:0.912379
bestSuite:3926,5337,1958,3114,2607,12525,1025,7542,1011,5227,6863,3358,5554,5439,10082,6654,10095,12249,7434,6958

test suite267
bestAPFD:0.893547
bestSuite:5171,12607,5562,6362,9669,13145,928,9529,11708,4217,4975,10540,7594,6552,173,9465,5705,11696,1623,147

test suite268
bestAPFD:0.901761
bestSuite:5313,1479,2761,6298,9633,12681,3040,12976,12626,6141,12001,5954,8282,7677,7140,2285,269,638,8145,8396

test suite269
bestAPFD:0.904167
bestSuite:3058,8678,6053,4200,9714,2042,4801,2639,2716,1290,303,2531,4062,9130,235,10995,4379,4271,9315,7927

test suite270
bestAPFD:0.896145
bestSuite:13416,8593,5639,8212,6874,1614,3986,3270,5579,7857,617,5024,4411,4376,8185,4031,6552,7381,1843,10283

test suite271
bestAPFD:0.910262
bestSuite:5483,6407,354,4231,13470,9269,2107,7140,4623,7740,1774,10767,7207,13487,9263,3812,1617,177,10904,2169

test suite272
bestAPFD:0.904057
bestSuite:8227,8424,13520,7626,4517,13049,12404,2915,259,8715,4362,5025,6837,12183,4867,380,10001,905,6109,13004

test suite273
bestAPFD:0.910262
bestSuite:247,7572,758,5093,11858,2827,6182,2679,13473,11279,8823,6165,9067,8808,3169,4992,995,6238,3713,10730

test suite274
bestAPFD:0.911915
bestSuite:386,2491,12076,10139,11621,10479,1348,3546,4571,7587,12380,13479,854,12346,5502,4643,4064,2477,12223,436

test suite275
bestAPFD:0.903303
bestSuite:7749,1790,8691,7389,2916,3237,8790,97,7959,7960,5296,8813,9253,4136,11167,534,10811,4570,5231,13308

test suite276
bestAPFD:0.896299
bestSuite:1935,13368,3767,5013,4179,1295,8047,7883,1238,3286,10265,1459,10498,11544,6713,2825,10065,10838,10060,644

test suite277
bestAPFD:0.915129
bestSuite:2900,1223,4048,931,9601,10972,11448,11262,3545,10711,5085,5599,10344,11455,5511,1415,3625,1075,727,13238

test suite278
bestAPFD:0.912278
bestSuite:9832,3808,8644,9050,11264,1718,8204,1539,12807,10286,8187,20,4368,7440,5614,5924,10118,8245,8099,1226

test suite279
bestAPFD:0.914143
bestSuite:3647,11853,4416,779,4400,10894,2340,11419,2278,4834,7358,3407,4873,6890,847,9289,3937,3156,6758,6082

test suite280
bestAPFD:0.882821
bestSuite:723,12654,13429,13148,5444,1344,2424,10949,13524,9788,12884,3180,5858,84,4202,1301,516,6500,1502,7301

test suite281
bestAPFD:0.899965
bestSuite:5230,4307,30,12610,432,3315,4179,13499,10428,6957,7512,12045,2903,8765,10195,3764,10473,6536,10060,6885

test suite282
bestAPFD:0.905603
bestSuite:5282,1833,5650,683,11524,8981,11060,9033,1508,12386,2936,3018,8073,1707,11083,8647,3957,9840,9797,3073

test suite283
bestAPFD:0.912795
bestSuite:5862,6799,4836,13082,13514,5255,224,5210,3987,9604,5485,550,3278,2173,1413,1241,40,5188,9592,8202

test suite284
bestAPFD:0.901547
bestSuite:7648,1133,1907,7509,8672,13352,11655,4461,12236,4678,11171,7001,1653,12135,11349,4756,6821,4366,9880,2545

test suite285
bestAPFD:0.893991
bestSuite:9795,13153,3808,1994,8628,2877,7418,10925,8334,8290,2485,3232,12147,7864,3019,7527,2273,1163,187,4240

test suite286
bestAPFD:0.916095
bestSuite:9024,9859,6228,1750,10260,9515,4232,11645,2575,1126,9371,7396,537,7932,8812,6956,6689,7838,6530,6730

test suite287
bestAPFD:0.894757
bestSuite:3468,4454,12102,7965,381,7627,8749,6471,10192,11452,2034,9445,6429,7767,11800,8998,47,2805,5638,12153

test suite288
bestAPFD:0.910312
bestSuite:5679,4508,1510,7263,12197,10797,6559,5788,6335,5201,10508,12058,11995,682,11900,8704,10807,8305,1390,11936

test suite289
bestAPFD:0.892165
bestSuite:6705,7453,8458,10545,5097,4604,4320,1199,1394,8248,8519,13472,9705,2465,5670,8254,10390,4101,8866,8880

test suite290
bestAPFD:0.901553
bestSuite:3855,12449,6370,5383,11240,11604,8856,8358,4027,9146,7,7036,12197,10784,5902,3061,8583,1167,8338,929

test suite291
bestAPFD:0.900853
bestSuite:12667,12905,76,7921,10320,52,1208,4902,4797,12007,9037,2054,7152,7802,7147,4346,4473,6336,2016,11362

test suite292
bestAPFD:0.902658
bestSuite:1830,5795,4782,2885,12399,11422,11298,3177,1881,10657,9068,12962,4305,3500,6337,10685,9084,9800,104,17

test suite293
bestAPFD:0.898399
bestSuite:4317,8552,10971,12707,2249,3550,9787,6996,12076,12516,12980,10148,405,2288,11169,3521,1072,7114,6100,2455

test suite294
bestAPFD:0.900005
bestSuite:3640,3127,224,10645,3205,8724,2927,13451,11529,3335,6605,12165,6924,1783,6538,9486,4431,6899,9046,7472

test suite295
bestAPFD:0.885466
bestSuite:7365,11024,11484,789,1910,13129,4140,6590,1563,11207,5913,11105,10158,1424,13379,4989,1104,7726,5299,8118

test suite296
bestAPFD:0.900693
bestSuite:9959,9346,9019,3971,12776,4833,11699,1840,10820,5502,2611,6728,5773,1442,5454,4280,9485,5355,1660,10097

test suite297
bestAPFD:0.884420
bestSuite:1877,8148,304,4440,7693,247,12442,3661,10572,1776,2454,10778,11475,7016,2209,10787,6849,11990,8665,5609

test suite298
bestAPFD:0.899785
bestSuite:13118,6745,8821,6638,11708,4427,11062,5648,1429,2168,3497,12075,13052,8762,6822,3533,10219,2563,6222,1950

test suite299
bestAPFD:0.905094
bestSuite:11436,3853,241,8124,2113,7167,13102,2447,10248,7342,11268,11824,270,2246,4283,162,8223,3381,1599,743

test suite300
bestAPFD:0.886573
bestSuite:2484,12400,94,12474,5689,12779,3060,13146,8318,7558,11753,8216,2872,5361,5279,4751,12624,4548,8300,804

test suite301
bestAPFD:0.907474
bestSuite:7470,2355,492,8220,1409,12953,13083,963,1602,11337,8894,1630,3052,6028,533,9891,9760,1309,4220,7859

test suite302
bestAPFD:0.887094
bestSuite:12700,210,4746,5898,8777,5867,9486,1146,13452,12757,10416,10917,584,4281,10824,3239,3028,10019,5706,3491

test suite303
bestAPFD:0.903808
bestSuite:13360,9276,1690,11011,12280,4655,1994,9539,3096,11935,6691,10840,724,3963,7615,845,11946,1708,9644,5641

test suite304
bestAPFD:0.885986
bestSuite:649,13408,9619,6428,9569,4063,12450,12995,10309,615,7039,11184,7716,123,13218,10497,6292,4067,5445,6505

test suite305
bestAPFD:0.904933
bestSuite:3313,4405,12783,4269,6584,6410,7146,1684,7256,10216,4582,6322,791,10474,9766,2707,10937,271,8194,7669

test suite306
bestAPFD:0.898872
bestSuite:3446,12722,309,11672,1572,803,12391,6187,7647,11834,11292,12322,7178,3686,6038,10282,6950,2114,11814,2847

test suite307
bestAPFD:0.881793
bestSuite:641,8750,12464,4456,9214,8643,8088,10447,2800,7361,12218,13375,10711,1891,13073,1118,6582,2595,5877,5460

test suite308
bestAPFD:0.883247
bestSuite:3584,9097,1200,304,12645,9038,5741,7198,6424,10799,10349,10361,11374,11445,12403,10915,10128,2542,5945,10961

test suite309
bestAPFD:0.910854
bestSuite:10120,1041,8908,6718,13081,6083,1092,610,13446,663,23,5319,4664,7218,591,1565,394,7671,120,6496

test suite310
bestAPFD:0.900875
bestSuite:12890,9756,8097,6255,9627,8070,270,11780,4744,4763,11300,9231,4886,281,6006,10024,3807,9488,4787,10462

test suite311
bestAPFD:0.916805
bestSuite:3847,2863,12470,10057,6200,3458,10917,1941,4131,1894,4490,1248,4970,7917,3907,5872,3492,5888,7209,9689

test suite312
bestAPFD:0.908018
bestSuite:5241,11734,9338,3360,11600,12280,5194,9137,11517,1541,3394,8535,2910,1671,13173,3691,2408,1870,1983,2127

test suite313
bestAPFD:0.893844
bestSuite:304,8165,12703,2489,13045,7730,3028,9285,10930,9896,11090,6346,6283,2850,494,13475,3918,8876,5379,8173

test suite314
bestAPFD:0.905504
bestSuite:6531,492,3985,13290,13157,12552,5844,11765,42,7190,5658,10618,10818,5654,13254,94,12506,9875,3762,612

test suite315
bestAPFD:0.903672
bestSuite:11034,2736,9092,6555,11695,715,8313,10243,1041,8866,10610,1136,4129,9898,8152,11991,2703,936,6919,8120

test suite316
bestAPFD:0.887271
bestSuite:8830,7878,11028,12635,261,9539,12772,10996,10571,9242,4541,7809,4305,10237,8634,7194,9235,2324,5780,5749

test suite317
bestAPFD:0.884279
bestSuite:7287,1757,7060,12719,9035,5585,8647,5555,11040,12399,1864,2379,8480,7869,860,9869,6100,5767,5201,2848

test suite318
bestAPFD:0.896105
bestSuite:6981,12190,9171,7003,6059,2300,3951,12,3237,4901,6784,2598,10050,4663,811,10789,1538,13464,5281,7769

test suite319
bestAPFD:0.900134
bestSuite:1731,16,5469,10777,11314,6112,9413,2582,12974,8974,13345,5070,2469,4514,5107,5725,10147,3158,619,2075

test suite320
bestAPFD:0.898796
bestSuite:5906,7002,8217,2949,1269,7773,1713,13127,8810,2815,7307,10315,9424,3242,10981,8231,393,7870,11712,2547

test suite321
bestAPFD:0.895251
bestSuite:310,9298,7795,12787,6239,10515,6455,5114,8749,9752,4152,11847,4025,1246,3581,12710,5177,447,8970,7200

test suite322
bestAPFD:0.888800
bestSuite:5230,3723,4279,12635,7739,9247,8606,261,7357,11080,6699,6696,2912,12868,11252,63,1027,700,987,614

test suite323
bestAPFD:0.905655
bestSuite:6922,5258,11069,5590,3437,5448,1902,3793,9665,1094,6478,10745,10170,8608,8183,4073,9860,7778,6956,2155

test suite324
bestAPFD:0.894316
bestSuite:3345,12367,13090,10552,3085,3545,13463,295,5185,9269,9694,11271,11929,12296,645,7444,1290,805,8024,9007

test suite325
bestAPFD:0.907929
bestSuite:7871,5998,10388,12395,1085,2695,6549,10394,3049,10453,6802,3033,1468,10185,9278,5808,2700,5009,848,3321

test suite326
bestAPFD:0.885694
bestSuite:6978,3566,7596,13113,9743,755,10099,7472,1797,7865,11416,162,10878,2246,12999,861,10678,5363,3407,8171

test suite327
bestAPFD:0.900809
bestSuite:9320,9827,4661,8145,3501,7294,6404,11850,13268,5144,8114,5267,7724,2676,10231,7161,10679,233,7959,8156

test suite328
bestAPFD:0.908031
bestSuite:7054,3403,4502,12789,512,6187,10868,3175,11289,11107,7867,5513,1585,7767,7700,4227,4244,12031,810,4307

test suite329
bestAPFD:0.915661
bestSuite:2267,12459,7727,12664,12504,6969,5869,2277,10738,12316,10506,889,13471,5388,4583,1033,852,3434,1492,472

test suite330
bestAPFD:0.892778
bestSuite:4924,6734,4709,4865,11065,11176,11204,11928,623,2056,10484,5754,2856,8551,336,10294,4947,4962,7153,969

test suite331
bestAPFD:0.913095
bestSuite:5825,210,1839,4864,66,10570,5437,4995,10648,71,6846,12,13492,2776,6331,7598,8204,11227,8386,1419

test suite332
bestAPFD:0.904404
bestSuite:937,1853,13426,10475,5579,3286,27,1515,12026,11443,4571,8515,9643,9932,8442,1490,1775,3334,2524,5887

test suite333
bestAPFD:0.889332
bestSuite:5903,10978,9480,5816,12862,7959,12554,2742,2868,438,8175,10380,8178,9709,13247,8051,9331,4152,9182,763

test suite334
bestAPFD:0.893030
bestSuite:13342,8251,12154,2066,9056,7784,12886,1650,10659,8681,13386,6916,7190,5029,5257,6610,12829,6027,4443,10595

test suite335
bestAPFD:0.883324
bestSuite:3905,4147,10388,3525,13127,5390,12449,9893,2275,9172,11279,13483,8882,11980,10454,4847,831,5056,8485,2480

test suite336
bestAPFD:0.903490
bestSuite:4428,2896,11400,3966,12459,6984,10642,4455,1377,4582,5920,6499,3340,3022,9492,2956,9958,4291,1422,1552

test suite337
bestAPFD:0.906884
bestSuite:5258,4491,11636,4029,8471,1796,2540,7734,4883,1812,3422,218,142,3954,2056,8491,2919,1664,5422,88

test suite338
bestAPFD:0.915342
bestSuite:8181,28,4171,13026,2302,12004,8278,4711,11151,4596,264,716,1122,11194,3643,8085,204,4311,6260,7378

test suite339
bestAPFD:0.911960
bestSuite:3316,1384,13387,803,1936,8383,9916,1397,8288,11909,2323,5451,8297,5604,185,10202,3897,6371,7425,7354

test suite340
bestAPFD:0.895923
bestSuite:10961,9060,6484,12779,7185,8296,11611,12449,9342,1515,5084,1651,8209,5726,352,1621,10238,8769,10393,4930

test suite341
bestAPFD:0.911525
bestSuite:6154,6848,5364,11972,7209,1610,6871,6962,11065,875,642,10689,1173,8766,3395,6336,3542,945,1055,3490

test suite342
bestAPFD:0.905819
bestSuite:1449,6665,9824,9243,10600,9412,12057,2410,12866,1599,13217,1304,7399,8194,6841,11147,795,5673,945,1117

test suite343
bestAPFD:0.902180
bestSuite:6352,10379,11273,12572,12956,2267,7358,145,13327,6552,2894,7200,11901,8668,9645,8046,7108,7769,9530,6306

test suite344
bestAPFD:0.893837
bestSuite:233,12936,6073,4715,2571,12707,3395,4262,9705,3157,7827,2376,2171,3964,5865,8240,1511,7214,12109,7721

test suite345
bestAPFD:0.907878
bestSuite:1847,8722,6379,8659,2783,5358,10987,642,8655,7944,3830,4341,83,93,10114,4208,8049,3646,1886,13369

test suite346
bestAPFD:0.920363
bestSuite:6026,5347,1471,11123,2677,2531,9608,13209,2324,8308,95,10206,6049,9790,6233,9130,7670,1717,946,3586

test suite347
bestAPFD:0.891097
bestSuite:6361,6351,7135,8200,7740,6289,9376,7298,11484,547,11215,12754,9194,12812,6287,1398,61,7573,9779,7826

test suite348
bestAPFD:0.899301
bestSuite:9461,3440,3955,11413,1973,2063,10592,11058,13399,10752,9919,6383,843,12858,13267,4418,10405,3331,7172,4898

test suite349
bestAPFD:0.911394
bestSuite:5757,3468,9294,3253,13418,10330,5421,10650,1848,10970,5125,8885,10636,12174,4150,1795,204,11830,12172,5085

test suite350
bestAPFD:0.904849
bestSuite:6614,6746,6632,13174,8341,9077,4165,6360,13445,5876,506,6331,1189,9493,10234,4655,11181,10101,2145,4446

test suite351
bestAPFD:0.884362
bestSuite:8192,9414,3810,5033,2067,6759,12892,11246,11404,11643,2899,2211,3036,2856,8071,10491,4867,5797,9291,13301

test suite352
bestAPFD:0.895946
bestSuite:3160,243,12974,13166,10622,11564,6407,3049,10784,12128,11035,8726,8220,4173,11408,10120,12193,8389,7474,1338

test suite353
bestAPFD:0.901886
bestSuite:13068,6101,7987,6949,5400,5364,11354,4726,6316,8203,11419,6877,817,7138,4090,2229,2840,2341,6314,11033

test suite354
bestAPFD:0.916526
bestSuite:11627,7829,7703,12621,5776,3227,10918,4252,11219,1582,4869,12183,11054,11741,4993,2325,3533,4711,10672,10111

test suite355
bestAPFD:0.905953
bestSuite:11424,9713,13222,4020,12763,7352,9297,675,6947,4501,7173,809,6517,10185,5964,11826,5422,892,10017,10251

test suite356
bestAPFD:0.890109
bestSuite:6419,4249,718,991,4218,11370,9582,99,13304,1655,659,916,10276,7097,7602,10697,72,9929,1822,1662

test suite357
bestAPFD:0.902687
bestSuite:1376,8506,6195,2694,13042,12635,12043,7174,4673,10393,11320,10469,3,4847,10061,10010,4480,7690,10066,10183

test suite358
bestAPFD:0.915715
bestSuite:1616,10991,3505,13061,12409,11477,6789,4555,9023,1112,7191,9520,7326,7097,6384,3652,618,9694,2758,2408

test suite359
bestAPFD:0.912339
bestSuite:6482,11605,1726,6773,11877,11759,5584,5248,7816,11576,713,12059,10708,11192,4390,3488,6386,10111,9041,11919

test suite360
bestAPFD:0.898031
bestSuite:1739,3645,6798,12611,2580,6131,12405,4515,4812,7094,10043,9070,7871,3678,3411,7948,8408,6973,3658,8205

test suite361
bestAPFD:0.888278
bestSuite:11010,2838,12694,5074,12942,592,11139,5955,3461,10719,1472,4140,11882,12803,8272,2445,8477,584,7670,12877

test suite362
bestAPFD:0.909614
bestSuite:9838,1671,3802,10143,4405,386,11378,2087,3896,9604,1091,8452,6917,8042,493,4788,858,5056,769,621

test suite363
bestAPFD:0.898586
bestSuite:6606,12953,5402,883,13183,7366,3202,10452,5181,11820,2062,7690,11226,2592,1915,8241,8259,10089,10267,4620

test suite364
bestAPFD:0.915155
bestSuite:607,2937,559,8636,6650,12161,11532,2989,2160,6400,8904,2794,13312,9695,1422,6076,12087,7689,1599,683

test suite365
bestAPFD:0.884685
bestSuite:3554,6608,1142,1341,12983,850,5256,1232,9076,5210,1017,1117,12178,8720,5670,13490,509,1271,9553,4076

test suite366
bestAPFD:0.890073
bestSuite:6194,9700,8689,9192,10521,4988,7295,627,10995,13026,10655,10802,515,10940,3119,4073,4316,1793,577,432

test suite367
bestAPFD:0.904998
bestSuite:2973,1697,5704,8814,11508,7025,1852,6924,1367,10173,10574,1131,10134,6826,9863,2579,9727,2506,9469,10002

test suite368
bestAPFD:0.898128
bestSuite:2973,6182,5700,908,1316,9556,12816,9496,852,74,5735,13461,12015,8890,6375,1747,6696,7049,12992,5458

test suite369
bestAPFD:0.918248
bestSuite:11433,823,12748,4530,6999,5139,6351,11025,11301,13352,5049,720,7881,4602,2704,402,4569,1235,6310,577

test suite370
bestAPFD:0.881929
bestSuite:12887,6856,12595,7693,11986,1480,7804,12669,5653,6159,10294,8324,6452,7679,739,7047,10456,12245,761,8725

test suite371
bestAPFD:0.912696
bestSuite:7764,7776,2017,11242,11039,702,4351,7643,9893,1878,9782,1239,2704,2827,4634,8042,1274,4933,9726,9290

test suite372
bestAPFD:0.879514
bestSuite:12337,9414,9128,8588,3201,12793,6247,13116,12512,2596,10626,7537,13286,13239,10912,6475,9777,475,3671,4821

test suite373
bestAPFD:0.906772
bestSuite:9918,7646,11576,3006,9501,4255,6383,10523,5666,25,11140,7479,7879,6624,8163,46,5709,6207,2907,8184

test suite374
bestAPFD:0.911074
bestSuite:12444,2839,9331,4713,4129,5511,10852,7430,7256,3063,2147,8434,7996,2283,1981,7121,6103,4919,4947,10227

test suite375
bestAPFD:0.907513
bestSuite:8958,2261,5465,735,1594,4991,13303,11449,1780,11113,1003,5367,7963,12866,1937,1072,33,8661,2858,7343

test suite376
bestAPFD:0.905744
bestSuite:3446,12195,6970,12466,12307,3599,3774,8910,11231,399,7216,387,2012,11909,1849,10520,12120,4463,11752,4315

test suite377
bestAPFD:0.901843
bestSuite:6991,36,13429,3827,4501,10145,9265,6988,9565,10763,13297,12873,5367,4759,9311,426,865,8569,662,12630

test suite378
bestAPFD:0.897632
bestSuite:12661,11612,3386,7698,6329,798,7484,13280,7676,12755,6539,1529,115,2520,3837,6983,623,13331,4376,10858

test suite379
bestAPFD:0.914723
bestSuite:7860,2923,11695,6725,7375,8107,103,9589,4339,10521,13210,13040,4172,6791,7738,1804,5481,9084,681,1504

test suite380
bestAPFD:0.902601
bestSuite:11494,8242,3551,12622,672,8464,9402,3364,4181,10305,10519,9660,1869,5678,11876,9769,12818,3007,5755,12692

test suite381
bestAPFD:0.898994
bestSuite:2351,3723,1349,11362,6489,4547,1882,3292,2412,6514,8508,1412,7165,773,4052,4402,1486,2743,9196,1098

test suite382
bestAPFD:0.901659
bestSuite:9509,8361,3765,12899,540,4686,13079,11945,6517,9577,4660,3487,12084,249,8542,9322,4543,848,5155,3485

test suite383
bestAPFD:0.892314
bestSuite:3866,1376,1533,6095,13151,2616,11896,725,9970,513,1322,6453,9591,8124,11921,5738,9737,9140,1356,4119

test suite384
bestAPFD:0.896363
bestSuite:5383,1689,6695,12633,11026,10867,6042,1969,10310,6554,13238,13407,9766,3725,10796,4229,4031,6514,1621,7819

test suite385
bestAPFD:0.898350
bestSuite:5150,709,2270,11390,896,12361,6503,5084,10911,12210,4623,2409,11022,4188,2408,12170,2875,8671,4746,11675

test suite386
bestAPFD:0.887985
bestSuite:4005,11421,13108,8900,13156,503,11180,1054,12116,8001,8870,2769,2809,7459,1887,2235,8383,2891,3796,2377

test suite387
bestAPFD:0.912742
bestSuite:8559,6416,6731,12884,3045,13261,1108,7484,5713,12869,7669,7184,2052,10155,5953,5320,3689,9453,8731,6716

test suite388
bestAPFD:0.883439
bestSuite:894,9897,7989,11631,2314,6979,12732,6231,2077,5463,8471,6347,12747,2019,9124,9798,5535,8098,4941,3155

test suite389
bestAPFD:0.898585
bestSuite:173,2880,12766,2263,9494,558,12058,11692,1470,4951,13264,7266,4493,3600,2210,355,12045,12157,13303,9278

test suite390
bestAPFD:0.896215
bestSuite:6544,5072,2279,7002,10657,4722,8590,8317,6452,3356,7958,6285,1620,11434,11976,5450,5588,10634,1655,1153

test suite391
bestAPFD:0.911929
bestSuite:7087,5773,2230,9489,6608,9980,5008,685,6634,5561,1683,8229,12250,1599,204,6144,4824,9016,2944,7131

test suite392
bestAPFD:0.891826
bestSuite:7496,1547,11293,1137,10592,6970,9055,13172,1637,12077,3486,2595,9879,2033,7579,5781,8664,9668,5986,5204

test suite393
bestAPFD:0.914909
bestSuite:5485,9251,9386,3091,855,10977,11778,673,10970,9127,7405,3635,925,12031,67,6847,1158,5285,6290,10701

test suite394
bestAPFD:0.895158
bestSuite:12949,7075,5746,950,5323,4143,10548,11680,7626,6187,5591,655,12085,6862,3819,7015,707,4516,382,3523

test suite395
bestAPFD:0.905830
bestSuite:1440,5628,10492,337,8112,2238,6353,7536,3226,11873,6601,9492,734,12872,6681,1703,848,13239,3676,11042

test suite396
bestAPFD:0.902470
bestSuite:8906,7357,15,11656,1050,2249,10518,6995,3470,8382,7105,7864,4959,10835,5080,10457,9141,4054,6567,10780

test suite397
bestAPFD:0.889951
bestSuite:4160,1618,1517,1107,8584,9908,11632,13406,10317,5942,4259,225,1248,11889,940,4607,4169,4699,7929,4931

test suite398
bestAPFD:0.888392
bestSuite:9818,10983,6952,2862,6970,6258,6933,8263,5616,5785,9506,10462,8166,5765,8683,10920,5847,8353,325,5936

test suite399
bestAPFD:0.901348
bestSuite:1493,1865,3423,7818,7688,12750,4122,1332,519,7274,13187,4234,1620,6460,973,6000,9792,7327,1144,1463

test suite400
bestAPFD:0.910292
bestSuite:45,4483,9192,6882,8646,3561,5574,763,5450,13290,9613,13040,3309,5900,1089,2652,2655,1451,4059,10859

test suite401
bestAPFD:0.906317
bestSuite:6711,13330,8042,5020,11071,9529,4611,54,10395,7594,6995,1677,3560,1040,795,8591,3674,2711,8334,5044

test suite402
bestAPFD:0.890265
bestSuite:6078,1614,5141,1920,3608,13072,9748,11409,2857,2819,10183,43,6737,4189,6650,2567,8001,4190,9600,4850

test suite403
bestAPFD:0.911564
bestSuite:4969,7271,900,2108,6806,6786,11237,7920,5473,6872,3507,1427,8941,999,4009,5362,8503,3482,1828,7479

test suite404
bestAPFD:0.907495
bestSuite:2079,51,1616,2577,1254,5148,12149,1809,11353,10380,12826,3213,9254,4202,1485,9806,3130,11998,8195,4662

test suite405
bestAPFD:0.906996
bestSuite:11617,9720,11044,12416,1920,6574,6484,11307,7892,2075,12291,12199,6384,783,11564,8460,3867,5678,10671,4377

test suite406
bestAPFD:0.904541
bestSuite:454,3913,8357,1498,13521,12008,2323,7496,12248,878,9171,10786,11771,11047,10004,1297,5435,988,758,4222

test suite407
bestAPFD:0.902551
bestSuite:13119,7085,1209,778,4133,11666,5533,10509,2853,12914,3420,7488,11026,9067,11369,8000,3244,1593,5249,7262

test suite408
bestAPFD:0.889767
bestSuite:643,6260,10972,2960,11855,6104,1776,3528,9192,6492,725,9972,11303,5354,1978,8356,13299,6006,2082,12000

test suite409
bestAPFD:0.893451
bestSuite:7418,7759,11142,4858,11093,3074,616,8928,2979,1580,11465,4620,9614,4669,13250,3573,10467,11547,879,3277

test suite410
bestAPFD:0.894558
bestSuite:34,9504,12744,7995,11696,2582,12556,2860,1949,13190,8099,10534,4904,3734,9051,13000,3623,8465,7839,3602

test suite411
bestAPFD:0.905343
bestSuite:2121,8226,4370,9799,7824,11122,11046,12087,10241,3853,6942,7636,11360,2485,6589,10163,8188,12146,9419,9812

test suite412
bestAPFD:0.907912
bestSuite:6711,9331,8782,11823,12232,11501,13159,11946,13259,10520,7832,9286,5670,13479,4037,12312,10183,2316,8543,9125

test suite413
bestAPFD:0.899311
bestSuite:8815,7148,3406,3998,7402,12421,12540,8904,2196,5856,4434,4471,10775,5678,7100,9173,12295,5399,9444,4023

test suite414
bestAPFD:0.913492
bestSuite:2573,630,9414,8663,4991,2592,3048,1453,13346,8075,7674,1830,6026,6740,2851,5455,3765,9613,2993,5695

test suite415
bestAPFD:0.904767
bestSuite:8664,9489,2249,3136,7212,13436,5000,10584,6217,12970,10806,9912,3689,10487,4570,8267,9761,1772,2437,10712

test suite416
bestAPFD:0.906043
bestSuite:13043,823,10447,5340,11658,4852,12629,6840,12753,13488,8083,1998,10360,4789,11797,11802,10109,8876,9027,11985

test suite417
bestAPFD:0.887981
bestSuite:9585,4290,7898,1930,2863,8691,6644,13522,5472,4229,9034,6374,6969,11138,2322,9260,1945,4324,11170,13047

test suite418
bestAPFD:0.875324
bestSuite:6323,9631,8823,4937,3558,3573,1889,5602,10572,12363,1984,450,9882,7393,6,13282,5136,815,4069,12613

test suite419
bestAPFD:0.880342
bestSuite:817,11242,4625,800,12473,12935,4530,11677,5501,10589,4627,3811,5048,921,2147,3409,9679,4519,9211,12940

test suite420
bestAPFD:0.909673
bestSuite:5170,2274,6578,13074,12920,5127,3059,10805,6565,6288,7841,1399,8465,2996,9462,10238,6004,11233,8812,10101

test suite421
bestAPFD:0.917351
bestSuite:210,8919,12583,11508,5946,13522,7887,11067,1936,4843,1200,13132,4944,6662,7483,5917,9793,11943,9783,5349

test suite422
bestAPFD:0.909178
bestSuite:8941,12921,13330,500,6391,2502,7270,8553,10516,2542,4322,8488,9069,12251,2091,10164,5713,7203,911,2315

test suite423
bestAPFD:0.869661
bestSuite:2963,12945,7305,8723,5708,12447,9247,10470,2304,2913,7154,5621,6695,2456,3035,2729,614,3158,3226,11581

test suite424
bestAPFD:0.902183
bestSuite:9418,1631,2900,12107,166,13186,10858,7062,11164,8191,12072,12071,5854,4730,100,5216,10709,12828,3841,2093

test suite425
bestAPFD:0.893945
bestSuite:4794,3050,6817,3725,4952,6955,12381,11911,588,10796,1294,7436,12101,918,10209,9318,4867,11809,4134,1996

test suite426
bestAPFD:0.893686
bestSuite:1963,11584,9991,7418,6474,11207,11036,4093,1009,396,10357,11812,4104,6830,12059,5534,9646,8122,5011,3334

test suite427
bestAPFD:0.899247
bestSuite:430,13462,5150,3342,1088,6736,12303,12532,7143,1476,9338,11466,2224,7433,4201,7685,7288,9779,12306,6936

test suite428
bestAPFD:0.896793
bestSuite:1289,8715,11437,10597,6061,12087,13127,6115,3675,12679,4319,10751,5645,4949,7017,4368,1345,7726,4885,4751

test suite429
bestAPFD:0.887690
bestSuite:8833,4345,2392,6819,13069,5723,10249,7240,3454,1058,10734,11463,13436,10043,6009,4438,1178,498,4887,7535

test suite430
bestAPFD:0.894367
bestSuite:5504,6972,6632,9344,12990,12943,8970,13392,4787,12268,4673,11419,10387,3441,3889,8066,2764,8098,1959,1265

test suite431
bestAPFD:0.890854
bestSuite:10388,5187,3224,1295,11448,7298,2721,9830,11388,9647,3825,12146,6310,592,702,10329,8095,3605,3672,9955

test suite432
bestAPFD:0.895378
bestSuite:5344,5313,5048,8317,4861,12379,12457,10506,12939,1576,9081,7957,1891,5252,11817,5859,2650,8329,7677,841

test suite433
bestAPFD:0.908743
bestSuite:4915,1992,9947,7416,6949,9165,11914,1366,7783,510,11221,5124,7051,5690,13015,11832,496,9468,9305,2956

test suite434
bestAPFD:0.903643
bestSuite:2383,6143,13498,4637,8526,11398,415,312,12757,7798,2019,9021,1553,10805,2173,9374,3340,7288,1830,6782

test suite435
bestAPFD:0.910069
bestSuite:8326,10962,11897,5951,833,4491,6011,4375,9956,7463,7724,12033,10133,11999,11856,3998,4934,895,435,3542

test suite436
bestAPFD:0.913028
bestSuite:5208,5313,7147,12352,9158,12540,9354,5618,4646,13372,11204,3076,12588,13305,1359,5518,12543,9403,681,8796

test suite437
bestAPFD:0.886901
bestSuite:1527,2786,12145,4153,4105,3227,8437,9188,10540,9678,2433,12566,7320,13047,8666,9469,796,8219,1686,5245

test suite438
bestAPFD:0.909070
bestSuite:9635,6547,2554,7037,2667,3866,12416,11329,5109,3042,8924,10888,9575,11815,8665,5026,11833,8013,5973,4088

test suite439
bestAPFD:0.898675
bestSuite:13019,3687,11681,13325,7075,1211,7324,3652,10467,218,11925,3099,13356,7256,1490,10692,3579,2645,3812,5262

test suite440
bestAPFD:0.908705
bestSuite:1790,73,8841,10575,9373,711,8947,7008,13373,7262,3568,10385,9736,13359,2575,6470,5877,3276,1270,9818

test suite441
bestAPFD:0.907347
bestSuite:3952,4833,11448,616,2982,5929,2695,11058,7232,3841,3559,5542,1506,7824,7773,1969,11338,2677,1270,623

test suite442
bestAPFD:0.908227
bestSuite:1866,7776,5252,11007,8223,12531,6076,13394,7147,2858,2934,11197,3233,7101,336,2029,9855,8543,7940,303

test suite443
bestAPFD:0.884061
bestSuite:5569,12386,13408,6610,4192,4079,2734,9736,6046,9942,5584,8276,12834,3095,12185,12058,1214,10003,12288,12871

test suite444
bestAPFD:0.906944
bestSuite:6355,4344,3303,9891,2982,3460,11525,3406,4592,11763,4936,10703,8563,6907,4244,9875,2873,9990,10081,7906

test suite445
bestAPFD:0.888659
bestSuite:11486,9283,10362,11179,1161,13121,4934,2675,7921,11905,12254,8141,7105,3436,8605,1575,10227,2902,2297,2047

test suite446
bestAPFD:0.902328
bestSuite:6586,7765,10058,5630,12645,11579,160,1797,12814,2008,7864,9669,6902,9449,5721,7630,1292,9263,212,5872

test suite447
bestAPFD:0.903174
bestSuite:3472,1519,5676,4351,8782,3562,12569,7411,2255,1172,6741,13292,7558,10583,59,4216,1690,10018,2729,12045

test suite448
bestAPFD:0.910775
bestSuite:9763,1045,11253,3275,7672,9692,11151,2050,12142,9402,5220,6326,4077,6261,3548,6455,10694,4646,3976,5319

test suite449
bestAPFD:0.899574
bestSuite:8059,4813,124,6066,13197,5799,673,354,2075,11530,633,4369,6465,8927,2402,13244,5748,9017,1513,9894

test suite450
bestAPFD:0.897759
bestSuite:8353,12356,3410,8243,7715,12935,12559,5620,4700,11359,4312,514,10132,888,9558,5326,13240,2855,8925,1407

test suite451
bestAPFD:0.903643
bestSuite:9787,7982,4325,11099,798,11648,3516,5533,10844,6512,13421,11078,10808,616,7100,5255,10226,5035,390,1588

test suite452
bestAPFD:0.904849
bestSuite:2879,7821,4359,11826,13429,9745,8248,13183,2488,846,2425,7062,6016,2627,2604,8473,396,9653,2851,13233

test suite453
bestAPFD:0.885524
bestSuite:4443,645,5572,11503,12717,4832,8707,9146,8019,1224,9642,4227,556,11369,4214,7407,9610,10746,13237,12039

test suite454
bestAPFD:0.897617
bestSuite:13433,8215,5510,5947,12353,4836,1105,6473,2152,5239,12835,5287,4815,8807,7005,12240,5584,8998,9454,2845

test suite455
bestAPFD:0.909367
bestSuite:13031,5348,3505,1806,6360,10616,8313,7396,2647,12991,4560,3581,4857,8523,7788,472,7629,13246,6441,3158

test suite456
bestAPFD:0.907759
bestSuite:1811,7655,4039,11632,9380,11970,4001,1726,5962,5969,3693,9176,12268,7668,6900,6711,5267,3902,4728,6088

test suite457
bestAPFD:0.909591
bestSuite:13099,5403,11873,9843,6721,9991,3538,5472,11143,9379,5584,6523,1652,1475,3591,12463,1129,7398,12235,1290

test suite458
bestAPFD:0.900033
bestSuite:13433,8563,11486,3794,11931,6129,1804,899,763,2265,3615,13332,10696,437,8253,5043,9600,4450,8790,3158

test suite459
bestAPFD:0.909378
bestSuite:3952,6335,9611,12114,42,11036,9765,11791,9446,5925,10637,3990,11129,9489,3294,5536,9845,8355,8211,11191

test suite460
bestAPFD:0.884932
bestSuite:12499,5440,6614,9657,7768,11486,1293,9114,12657,11105,4590,4751,10910,8774,1199,8984,10900,5091,697,13476

test suite461
bestAPFD:0.906785
bestSuite:3206,12263,2753,13055,3941,12769,2572,4455,2216,2934,10008,11868,5061,5612,5228,9270,6501,2041,1317,5936

test suite462
bestAPFD:0.886970
bestSuite:773,11133,4289,6743,285,3605,820,4735,10734,6387,6322,2846,10592,7358,8288,8654,10781,2181,8005,12065

test suite463
bestAPFD:0.909197
bestSuite:7397,8749,1035,12724,6951,8799,6903,10423,6034,7451,10135,11920,2808,12786,9301,7149,1497,889,11902,3220

test suite464
bestAPFD:0.898492
bestSuite:10968,3286,1940,9347,9370,9834,10564,3871,12106,10878,2884,11374,1680,12332,10550,3501,2677,4325,6654,6679

test suite465
bestAPFD:0.879297
bestSuite:4982,2228,12899,9549,12168,12538,3615,3793,687,3900,7217,7012,1045,4144,12259,8408,12116,9620,8753,4888

test suite466
bestAPFD:0.894975
bestSuite:5468,449,9159,6527,9505,12620,8902,7346,11239,9137,5559,2246,11135,4360,10524,4104,5019,10415,5628,5132

test suite467
bestAPFD:0.889713
bestSuite:83,13506,12668,11554,1331,1825,8963,2694,12901,12231,1962,12277,3787,10777,11160,3516,4391,3705,11544,862

test suite468
bestAPFD:0.914130
bestSuite:11629,9949,6549,3145,12661,2641,11703,9293,831,649,9329,10147,2834,6583,1373,2454,1265,6958,10416,6889

test suite469
bestAPFD:0.895045
bestSuite:3144,8775,4451,12629,3806,1321,12389,5788,1251,13516,6829,11466,11813,4226,11951,6166,10596,1542,6879,6487

test suite470
bestAPFD:0.901600
bestSuite:3142,8160,15,12511,10542,5,12392,2531,8950,9452,4850,6661,3224,10097,2557,4847,4172,10600,3603,343

test suite471
bestAPFD:0.910200
bestSuite:1977,174,8352,3180,1614,1754,8645,11243,5538,4732,12823,13444,12063,10076,3140,7716,1234,7781,5124,12065

test suite472
bestAPFD:0.898637
bestSuite:609,11502,230,12903,4644,11020,12207,1077,2555,6472,12266,3759,3016,10400,10496,4314,2583,7720,5995,2924

test suite473
bestAPFD:0.906931
bestSuite:7795,1980,1813,5080,9560,7358,315,10931,4133,10010,9096,12148,6978,8189,10846,10665,7705,2142,662,10413

test suite474
bestAPFD:0.890161
bestSuite:4358,9616,126,2072,3091,147,13189,10985,10783,3115,7065,1169,13385,2486,8223,1875,4232,10806,2856,3936

test suite475
bestAPFD:0.886070
bestSuite:2444,12534,13380,3066,1453,5271,10876,8021,10425,6650,4054,3454,2344,12914,12236,9866,10640,2337,2952,10584

test suite476
bestAPFD:0.911607
bestSuite:3446,1509,2571,5681,929,7607,12202,7455,3961,859,4128,9289,10662,13464,5926,9369,8706,7830,7312,7155

test suite477
bestAPFD:0.916426
bestSuite:6407,13363,1847,11868,8608,684,11135,3815,2897,4591,6464,11213,8537,1704,11091,2932,7425,5497,5202,3762

test suite478
bestAPFD:0.893340
bestSuite:13090,6566,5150,1839,12504,1324,11642,9905,7069,11392,7491,7926,8502,8895,7451,5220,9294,4529,9445,5795

test suite479
bestAPFD:0.899571
bestSuite:517,6916,11034,9250,13222,11107,13416,12362,9359,2022,7352,4893,12568,11809,7531,1736,7625,2882,1163,4683

test suite480
bestAPFD:0.891162
bestSuite:3127,617,6619,7631,7230,12594,12864,4453,6181,4380,5256,9165,10721,12620,9900,11980,3606,7732,1492,3064

test suite481
bestAPFD:0.894523
bestSuite:1137,6829,11617,9862,4802,3664,656,11557,4538,10756,9937,5719,3438,10938,2142,10403,9408,5717,10928,9948

test suite482
bestAPFD:0.886368
bestSuite:2244,2055,3947,475,2597,8109,4330,1797,12549,12017,10283,1488,8746,9472,9306,7464,10524,4961,4497,9367

test suite483
bestAPFD:0.922655
bestSuite:9083,346,11510,10138,2625,9895,701,11017,2870,13482,782,3419,1864,10199,3496,7879,10147,9958,9323,11347

test suite484
bestAPFD:0.915037
bestSuite:3125,3863,10575,9378,2226,5254,1598,10474,9102,10624,3883,9396,10584,10470,10219,4519,7203,936,3263,3401

test suite485
bestAPFD:0.895488
bestSuite:2734,12728,5852,8948,2559,13121,1613,13463,8200,5690,12831,3710,5569,13276,144,1065,8055,3473,6687,3212

test suite486
bestAPFD:0.893250
bestSuite:272,330,12583,11828,4229,10364,4028,149,11518,8157,10454,9460,481,7847,4603,7370,2316,2801,7832,6672

test suite487
bestAPFD:0.911975
bestSuite:3698,987,12252,3432,2494,4064,10871,13371,11196,7638,12673,816,8899,9898,3712,6093,8364,4220,1873,8448

test suite488
bestAPFD:0.887024
bestSuite:6204,3845,11637,11131,5247,13433,6135,3354,12524,5551,11669,12540,3995,1297,13484,3773,13160,8115,4938,5777

test suite489
bestAPFD:0.910115
bestSuite:4114,4914,8841,4084,8390,12685,3969,3173,5853,10447,6645,12423,617,12157,11722,7077,102,6818,10080,4959

test suite490
bestAPFD:0.908701
bestSuite:808,11694,4208,12520,7798,11085,6408,1973,6019,5933,1061,4990,1400,7477,5780,7712,2159,9291,9582,8876

test suite491
bestAPFD:0.896683
bestSuite:8029,8909,12393,3762,3012,12624,3477,9409,8941,2299,12021,575,5489,11186,11867,5749,8564,12136,7255,7546

test suite492
bestAPFD:0.871924
bestSuite:6835,3462,1920,123,12402,2107,7719,2714,13149,11240,1552,12013,5745,1777,2392,1767,2801,9710,728,10032

test suite493
bestAPFD:0.899258
bestSuite:1612,3446,4349,12110,8496,5947,12687,578,2272,8570,6300,3901,11795,273,3949,1967,6027,858,9849,2640

test suite494
bestAPFD:0.887688
bestSuite:1866,4018,7364,8244,12005,3456,4237,3675,4250,7854,5116,10247,13034,2820,13,5489,9779,2122,6348,11594

test suite495
bestAPFD:0.897214
bestSuite:4158,170,1877,11515,5635,12499,12371,7157,4770,4956,7969,1865,12585,9335,8834,6088,6942,652,7032,1785

test suite496
bestAPFD:0.892789
bestSuite:3413,12905,1165,3867,2374,11655,13165,3148,5591,194,13292,1241,11520,10336,275,13227,7056,3133,2111,2538

test suite497
bestAPFD:0.894793
bestSuite:2079,12003,1933,5946,2195,6544,12520,5980,7475,3802,8152,2999,7521,10609,8788,6816,575,5758,4144,11929

test suite498
bestAPFD:0.923034
bestSuite:5130,3654,12068,6430,7101,8353,11280,3735,11784,8605,8491,3709,4845,1583,9311,1706,7066,2133,1609,2526

test suite499
bestAPFD:0.891160
bestSuite:8709,9521,10529,1935,5878,6333,11486,12341,9044,5417,10741,12560,3756,6090,9066,3946,4135,1203,4127,10050

test suite500
bestAPFD:0.891449
bestSuite:10045,2439,1372,11551,2075,672,5240,7400,11981,9856,6025,5046,2853,4555,7225,7580,8890,7931,4082,8255

