test suite1
bestAPFD:0.883561
bestSuite:3866,11883,8754,8278,13393,2587,10938,8316,8495,8221,12986,1207,9441,4592,12464,12229,4782,2901,5111,10743

test suite2
bestAPFD:0.889414
bestSuite:2175,8754,11970,2018,1816,2285,11717,13155,3579,12197,8210,11807,7971,804,13505,2101,13195,10475,6332,10110

test suite3
bestAPFD:0.912429
bestSuite:11627,8104,856,9032,9727,5913,12227,1852,5749,7346,9243,2062,5283,1569,7544,12758,1412,2192,12011,7596

test suite4
bestAPFD:0.886338
bestSuite:3865,12234,11344,9509,4175,912,12457,149,6669,5504,3534,263,5664,5739,4278,8439,3509,4468,293,8082

test suite5
bestAPFD:0.884504
bestSuite:12663,11688,9452,6494,187,8336,7873,2123,3592,7059,7061,12504,1237,12294,8537,9507,9319,9839,2519,13277

test suite6
bestAPFD:0.886231
bestSuite:11009,4284,5042,949,4143,7598,30,9077,3650,12402,5367,9488,13257,2534,392,10477,10640,922,7050,10748

test suite7
bestAPFD:0.879268
bestSuite:3739,5499,4530,13117,4593,7080,5057,7363,2589,980,12700,3934,13325,1444,7400,4834,13469,10274,8631,10725

test suite8
bestAPFD:0.873113
bestSuite:1540,8984,1098,128,11495,2802,7410,6001,2739,1993,7725,7889,4785,11849,11674,7444,12618,6245,13292,10175

test suite9
bestAPFD:0.897006
bestSuite:9607,8585,5123,6101,3850,9305,434,12897,1699,11926,1575,11504,3034,6486,3238,4942,10853,6092,12833,13281

test suite10
bestAPFD:0.909747
bestSuite:10972,4409,7596,10365,3371,7081,12516,6084,9022,6321,5989,10755,9581,8391,4913,8997,11854,1382,7906,10113

test suite11
bestAPFD:0.905973
bestSuite:11424,2865,3227,6567,8896,11137,8160,4902,3688,7316,9543,8440,10823,10760,4148,5414,10780,2463,20,10699

test suite12
bestAPFD:0.896605
bestSuite:6897,2837,5112,9056,5126,284,2166,12517,7794,10542,7689,10381,12379,1554,6547,4560,10256,6948,12866,3082

test suite13
bestAPFD:0.881723
bestSuite:5630,4549,8207,11563,9840,8594,12369,3902,3949,6505,6230,3295,6762,11784,9964,5496,12651,7227,12813,5857

test suite14
bestAPFD:0.892466
bestSuite:11437,11005,3885,5378,4531,1017,2719,6712,236,6956,6435,12920,6196,605,11141,4719,12818,1755,5865,13284

test suite15
bestAPFD:0.899475
bestSuite:5577,4250,8691,13145,561,12634,4445,9910,11741,12109,10478,663,1710,9710,6829,3572,671,10720,10187,10114

test suite16
bestAPFD:0.909240
bestSuite:9299,12441,7359,1468,7083,4918,1135,5082,77,13117,8714,1217,4182,1475,572,3213,10747,4301,3354,1594

test suite17
bestAPFD:0.897600
bestSuite:40,5517,4080,2587,12550,11943,11516,5586,5470,2443,6659,13002,4932,352,10776,924,1701,9351,9373,7568

test suite18
bestAPFD:0.903953
bestSuite:2366,2412,868,4236,2040,12413,7921,9208,9583,11785,477,13448,10918,10777,212,6074,5021,9004,8066,8297

test suite19
bestAPFD:0.903658
bestSuite:9346,5852,1288,6188,5237,3556,6720,519,8307,6598,8122,9334,2773,12656,3995,6919,4204,1033,3179,2383

test suite20
bestAPFD:0.900217
bestSuite:319,8563,11048,5764,3805,3545,2376,826,12768,7959,901,1738,7252,10778,11821,781,2535,1869,7950,2847

test suite21
bestAPFD:0.884713
bestSuite:5240,3375,3161,6703,6197,11575,6682,5206,3838,12843,7167,1707,11460,8324,7322,10439,782,4651,1821,3082

test suite22
bestAPFD:0.909488
bestSuite:3553,13042,2037,1735,7017,11681,10924,813,3842,10482,2909,1474,667,4699,12833,10929,6388,6364,5899,13244

test suite23
bestAPFD:0.883886
bestSuite:1860,3006,5011,8718,8540,3672,3114,8145,2248,6007,11158,9167,1066,8788,2545,7898,5973,2584,1806,5286

test suite24
bestAPFD:0.908557
bestSuite:11006,6155,6805,7003,2117,4586,3524,7797,6479,8076,3810,244,11917,9795,9861,9246,10412,5851,10208,9924

test suite25
bestAPFD:0.877933
bestSuite:4268,2949,7188,4783,4587,4426,2325,8384,11813,11670,12391,102,950,10505,7302,11950,2519,10469,12188,11049

test suite26
bestAPFD:0.898492
bestSuite:13311,5022,441,3698,7895,11615,12378,173,2920,1854,8351,8339,4542,8359,9799,12005,3945,12217,10932,10521

test suite27
bestAPFD:0.898714
bestSuite:4828,1808,12190,9692,11395,9830,2875,1165,8132,6660,12169,12438,8317,4033,10909,12852,10885,3772,3366,9932

test suite28
bestAPFD:0.896483
bestSuite:11483,4191,3692,4447,13382,9783,6610,1326,3606,9843,7425,9779,6466,7873,7853,578,10460,3613,8649,10099

test suite29
bestAPFD:0.890213
bestSuite:9885,11418,5334,5420,12600,11844,1639,8017,8730,10126,7744,1314,7792,9636,13175,13192,10783,8738,11175,10359

test suite30
bestAPFD:0.891109
bestSuite:1932,5992,2338,4890,13411,12142,13187,8491,2713,1271,697,12101,8405,9570,10636,11263,11192,8717,3810,10872

test suite31
bestAPFD:0.905479
bestSuite:1447,576,12771,1360,11503,11125,5482,1546,1445,7946,1279,3099,13022,7000,1870,1277,4880,10417,10303,2395

test suite32
bestAPFD:0.898911
bestSuite:3866,1416,2962,7287,12602,9065,7639,7485,4292,4373,13518,2488,7325,4864,7370,3441,9061,12267,2060,9900

test suite33
bestAPFD:0.875462
bestSuite:8479,12226,1554,4623,9673,13169,3896,2978,7297,3448,6515,8637,3817,8494,10736,11680,11775,11953,2894,10169

test suite34
bestAPFD:0.880483
bestSuite:522,12099,10994,5960,325,2252,8025,6103,9597,6408,1714,7404,5959,9348,3577,10481,3099,10473,1001,10065

test suite35
bestAPFD:0.886088
bestSuite:9549,11007,8093,3280,11128,2136,3740,8195,5414,12491,8419,9620,11675,2396,3776,5541,12556,1065,11336,10492

test suite36
bestAPFD:0.878834
bestSuite:13112,2351,5723,3052,6714,3280,6742,9242,1347,9235,13356,3384,4306,3533,1346,4041,12510,8732,8288,5492

test suite37
bestAPFD:0.886111
bestSuite:5519,9552,5985,64,13409,13401,144,12198,12373,364,11543,11838,13203,2269,11788,1648,539,3238,10293,13232

test suite38
bestAPFD:0.906223
bestSuite:7907,2564,8715,4928,121,3253,13385,12535,4573,13407,12730,12548,6908,3361,8183,4585,2345,329,10185,10074

test suite39
bestAPFD:0.879000
bestSuite:11414,6976,1201,1681,8532,1452,5477,13521,7127,12560,5370,7194,11224,1875,11534,10392,11830,12817,3179,1738

test suite40
bestAPFD:0.879884
bestSuite:5698,12006,3597,2413,7055,9013,8368,6428,4546,4407,11180,12807,3312,2539,12879,13297,11169,13409,7945,2754

test suite41
bestAPFD:0.917261
bestSuite:2267,1499,3711,3922,11195,9997,7883,9424,56,13010,11192,13202,10955,905,3357,9267,3550,5160,7384,10088

test suite42
bestAPFD:0.875152
bestSuite:6101,703,6944,6540,3002,12670,125,9041,816,12565,12294,12485,11843,3408,11650,5572,11970,13281,9666,4938

test suite43
bestAPFD:0.926869
bestSuite:1084,8497,5480,7892,9473,578,9464,2469,2636,9986,11937,11934,11851,4416,8657,673,7227,10406,10180,10118

test suite44
bestAPFD:0.898454
bestSuite:908,11043,12739,9847,3741,10362,9695,5193,11667,2707,1327,11731,9722,5177,1373,5254,7575,9959,7674,5343

test suite45
bestAPFD:0.888504
bestSuite:4922,128,4458,3903,12969,1719,9956,6822,4635,7950,11582,7503,5362,1912,4448,4826,9714,9769,1886,1756

test suite46
bestAPFD:0.904767
bestSuite:9123,4986,10135,3377,8302,11030,5102,2718,5579,12358,3244,12156,5836,10932,7287,5191,10847,8584,10416,2219

test suite47
bestAPFD:0.909226
bestSuite:5483,4167,7060,2816,7662,13116,3449,11092,12622,12883,1426,9989,11671,1290,12140,1991,12841,8828,5367,9818

test suite48
bestAPFD:0.863272
bestSuite:11426,12361,5265,11149,3308,5026,932,5990,4672,6479,765,11586,7442,10377,10651,11294,9622,5232,11335,3152

test suite49
bestAPFD:0.886193
bestSuite:3728,8108,11397,730,2902,724,8883,11813,12741,87,2916,7994,2347,8152,12165,3376,3123,10814,4989,12575

test suite50
bestAPFD:0.894848
bestSuite:701,5241,1702,12587,12733,2099,6195,7581,3200,11145,8124,7489,6767,1893,6440,2802,62,6741,6125,10022

test suite51
bestAPFD:0.895631
bestSuite:2134,1540,6609,2299,8111,7425,4244,9255,5058,9507,6788,12231,2895,12527,11058,6732,12876,4581,9290,10232

test suite52
bestAPFD:0.914905
bestSuite:6809,2958,11639,3872,2422,2587,1897,11310,40,4044,5667,7297,2163,4799,2011,12254,13271,1080,11355,10663

test suite53
bestAPFD:0.891108
bestSuite:2673,9925,8126,9421,4300,9883,8084,277,11762,2313,11258,8389,2773,5823,9996,11384,13522,7970,13280,13244

test suite54
bestAPFD:0.903750
bestSuite:11603,10137,4431,9501,10129,9148,3925,10597,11700,8333,9344,2537,2749,4849,4224,421,5608,4089,8277,144

test suite55
bestAPFD:0.874294
bestSuite:7824,2733,71,362,652,9779,3394,2874,10956,12929,8140,11544,2128,10431,12495,11388,1962,10419,10731,3907

test suite56
bestAPFD:0.878343
bestSuite:658,5948,11630,2988,5447,3709,683,9114,12603,8895,3043,5064,12704,3485,3815,2064,1328,3801,11186,1477

test suite57
bestAPFD:0.892459
bestSuite:3566,7284,7268,354,2031,7306,3475,8092,8460,8884,12316,13183,11299,10541,2492,5968,6168,9776,13300,10233

test suite58
bestAPFD:0.901245
bestSuite:11502,1150,3196,5471,2688,2097,11120,4688,10916,7392,6494,4052,10552,9684,10481,7797,9863,549,9911,9596

test suite59
bestAPFD:0.891070
bestSuite:445,4621,2379,3769,2307,11228,9296,9604,6826,12618,11294,11980,7619,2917,1172,13201,1565,10271,11876,5939

test suite60
bestAPFD:0.903773
bestSuite:3683,1867,4170,8235,55,3002,9179,12158,4339,9496,12225,7883,2428,2148,11093,916,7478,8197,10202,10182

test suite61
bestAPFD:0.887843
bestSuite:2126,11427,6160,1812,3464,8735,5004,9114,12075,9857,12087,5892,1051,1217,9728,10261,10596,13375,8588,12962

test suite62
bestAPFD:0.883089
bestSuite:12915,1907,2578,13103,8376,5141,11182,2591,4671,3159,3637,3649,2339,12505,12404,4494,8171,265,1168,10450

test suite63
bestAPFD:0.887487
bestSuite:5884,2203,1023,12770,3900,13506,12305,12613,10131,1126,13366,2150,11471,10324,4216,3156,233,6870,2410,2042

test suite64
bestAPFD:0.873479
bestSuite:3422,9792,7755,9538,2002,12365,9976,12580,9420,8280,12779,4500,10128,11773,179,1817,8249,13411,5985,5504

test suite65
bestAPFD:0.876322
bestSuite:3414,2745,236,4430,3381,12902,1800,12359,8900,9525,10883,12873,11382,10603,598,9689,10,4109,3513,10009

test suite66
bestAPFD:0.898085
bestSuite:8632,3375,4587,411,2867,4486,3791,12217,1816,2818,12274,9877,1034,1210,4458,4469,2186,6127,9214,10174

test suite67
bestAPFD:0.867594
bestSuite:6764,876,2133,6560,5613,4815,7577,13099,12742,8671,12546,12214,3237,8323,3186,11198,9945,10243,2523,8717

test suite68
bestAPFD:0.896859
bestSuite:5519,2837,6136,6999,3978,8085,2854,3707,4244,1261,7972,1934,4015,11925,6096,9703,2806,3904,11724,3482

test suite69
bestAPFD:0.890125
bestSuite:318,4435,12720,8278,326,5812,1559,2042,11125,4589,9375,4965,1126,4280,11001,13491,10341,11754,3204,10201

test suite70
bestAPFD:0.894145
bestSuite:11049,1257,7460,10147,2422,6412,1937,11681,6839,4372,12841,957,8057,1289,8386,7221,3570,13203,10697,746

test suite71
bestAPFD:0.895796
bestSuite:4009,9587,58,3316,703,2028,3754,12339,12797,12357,9928,5302,2936,415,10823,4821,9684,3007,8414,10576

test suite72
bestAPFD:0.878460
bestSuite:4137,10039,1900,7014,5447,11602,1789,969,461,5816,5711,11497,3159,8790,13150,1043,813,1696,12139,8312

test suite73
bestAPFD:0.897944
bestSuite:1084,189,6428,9632,6914,6255,7765,3630,12204,3764,11953,7471,3894,678,11449,5947,1345,10898,10874,2330

test suite74
bestAPFD:0.912935
bestSuite:287,9466,1639,1129,8571,3664,4118,11095,2463,620,2833,3000,9961,13267,3916,3263,9220,4602,795,9901

test suite75
bestAPFD:0.874119
bestSuite:8186,7113,4056,9513,225,4689,3135,12344,7603,513,11684,6662,13408,6883,11164,3077,10425,10145,1703,10757

test suite76
bestAPFD:0.896346
bestSuite:6967,9908,6657,7727,9236,5121,8719,9840,6584,9003,8588,4366,2408,6992,2728,7525,4177,8971,9454,10185

test suite77
bestAPFD:0.894761
bestSuite:7264,2602,5619,7812,7102,12472,5608,2494,2057,2290,13009,12101,11549,9233,12210,11449,5200,10758,1250,10239

test suite78
bestAPFD:0.900761
bestSuite:2197,8624,6677,11433,9151,8476,3371,1887,2266,2480,912,10051,11773,11110,3430,6681,6858,10250,10618,3148

test suite79
bestAPFD:0.893530
bestSuite:7759,6117,4536,3209,6274,10367,12156,11491,1688,8083,4573,10533,8945,13155,11352,2985,3529,3312,2345,8023

test suite80
bestAPFD:0.920847
bestSuite:8332,4744,7285,7914,8004,7486,7247,7119,3454,5959,6589,138,5074,11456,6785,9651,6309,2922,9566,10071

test suite81
bestAPFD:0.885499
bestSuite:4891,3938,12967,4502,6125,13363,1530,8656,4517,8011,9909,8948,12490,13190,1515,10873,8769,6605,3722,2393

test suite82
bestAPFD:0.898764
bestSuite:2300,7098,4837,1399,8516,8305,3159,11794,393,2591,6820,4926,10374,9730,7566,5073,3740,1695,10223,10106

test suite83
bestAPFD:0.902500
bestSuite:1901,6790,6012,12908,5756,101,12236,7797,1232,4255,2078,249,6788,692,1840,903,6465,4882,1234,9240

test suite84
bestAPFD:0.886832
bestSuite:389,12632,8636,8931,3627,1647,3008,2379,7128,232,12664,11576,11710,7377,12188,7929,2981,11802,5374,5623

test suite85
bestAPFD:0.879041
bestSuite:5233,2056,2392,12392,4676,12300,1758,739,13067,7338,12964,5841,7736,5489,10633,2393,2200,8173,13160,8717

test suite86
bestAPFD:0.888456
bestSuite:12654,7215,9715,7617,4808,4005,2801,1144,4952,4794,3491,984,5375,11774,11193,11104,8435,13475,9861,10986

test suite87
bestAPFD:0.891748
bestSuite:11016,7756,1321,2687,1620,4982,12736,5450,5876,3160,3444,35,10136,10621,1030,3740,7161,9319,4438,3800

test suite88
bestAPFD:0.885321
bestSuite:2435,4727,3387,4740,7667,2685,8350,11561,4382,2579,12488,11700,369,5404,12808,5433,2894,13126,8513,1826

test suite89
bestAPFD:0.895513
bestSuite:492,13322,7176,10048,13504,7053,992,8297,4889,1535,8100,7989,6452,9542,7660,12870,7231,7410,2959,10165

test suite90
bestAPFD:0.903337
bestSuite:3290,8114,6995,8747,5774,5514,6848,12031,5970,10727,10584,1780,9782,8046,7680,647,300,13308,11134,4481

test suite91
bestAPFD:0.882892
bestSuite:8233,3006,3879,4425,3315,4262,12793,2867,12642,9443,7121,9746,5650,2601,6252,8272,10582,1868,9188,4377

test suite92
bestAPFD:0.876335
bestSuite:2751,12602,12766,8695,6250,4766,7836,8581,3785,6068,7441,7955,4680,5252,8453,2697,1517,8450,3857,10981

test suite93
bestAPFD:0.903188
bestSuite:9673,1448,6959,5004,383,4187,759,10378,4874,12031,6306,4765,10754,13056,9612,692,10098,7831,7026,13228

test suite94
bestAPFD:0.879094
bestSuite:7264,2352,8501,1151,2842,3741,11001,8997,1694,1083,8594,1595,11525,7452,9823,11717,12300,6945,10457,5804

test suite95
bestAPFD:0.885839
bestSuite:6898,814,7499,7886,3327,9200,5793,3272,12459,7214,12670,12285,9391,9460,7769,3772,742,5565,13295,9127

test suite96
bestAPFD:0.892677
bestSuite:11491,10367,6176,5471,3879,760,8746,4029,1684,5050,8784,5697,2011,11398,12060,10655,10940,3401,4286,13267

test suite97
bestAPFD:0.873982
bestSuite:8236,12957,5755,11824,12761,8138,9568,12470,1703,13196,5005,13448,11555,13298,3134,8892,1654,5865,6955,4586

test suite98
bestAPFD:0.868303
bestSuite:3420,2037,166,6535,5106,1896,9690,8175,4079,8473,6548,5970,4221,10120,310,11078,12554,3030,7581,12823

test suite99
bestAPFD:0.904053
bestSuite:3866,4321,11868,3352,206,4348,9029,1442,186,9221,6890,12733,6244,12093,4183,795,6502,823,1165,8281

test suite100
bestAPFD:0.901652
bestSuite:9222,13367,5814,11319,11328,5839,2635,1580,11880,12068,9470,9130,11884,5966,3070,13436,6837,4607,4845,3055

test suite101
bestAPFD:0.887853
bestSuite:7704,6795,3969,4583,972,2152,993,11018,9241,12064,7469,5376,4486,145,5857,9498,12833,10715,6253,7184

test suite102
bestAPFD:0.886921
bestSuite:10967,1166,2924,1849,8579,1974,993,12588,4436,11286,4569,5018,9918,6845,10843,3712,8212,2123,13452,10187

test suite103
bestAPFD:0.885069
bestSuite:2943,6044,9628,2607,8643,5658,3764,1240,2397,5861,9770,2747,1280,3520,12740,3763,10765,3001,6047,13226

test suite104
bestAPFD:0.864029
bestSuite:5312,3925,3030,5601,12135,4733,5625,2039,7849,3354,11640,2500,5198,12149,11842,8583,13133,5836,12813,10891

test suite105
bestAPFD:0.893998
bestSuite:9505,261,11154,12291,6916,4297,2670,12327,8969,377,3085,2488,6402,2262,12203,11870,12123,2941,10278,4422

test suite106
bestAPFD:0.885707
bestSuite:1835,9547,3888,5065,9098,9007,2006,4187,3461,4597,2984,12585,5010,8297,5019,10567,4388,4591,13270,2277

test suite107
bestAPFD:0.888212
bestSuite:2300,9505,2931,13391,3752,9,1086,5265,11638,12414,12035,6392,9591,6210,608,8533,12844,10197,10192,10084

test suite108
bestAPFD:0.909243
bestSuite:4016,8540,14,3865,1423,9915,5517,459,40,11564,8385,3893,1470,8171,8037,1919,8120,4141,10873,9211

test suite109
bestAPFD:0.885619
bestSuite:566,8375,7812,3726,8325,9230,12020,5495,11504,12926,2148,11061,12048,161,1740,10801,7459,10654,5349,9140

test suite110
bestAPFD:0.896421
bestSuite:11519,256,12439,9172,13359,1402,3766,12556,6115,12614,11984,11561,10261,6587,6934,10043,2431,2614,8937,13251

test suite111
bestAPFD:0.912474
bestSuite:1084,9763,5222,11656,11850,6129,8843,8332,2509,795,12187,9497,11083,11448,5154,5260,2408,13495,13449,4049

test suite112
bestAPFD:0.894064
bestSuite:4341,1847,7044,12891,2820,12389,1629,5864,10963,12478,2553,1050,8642,5370,6348,3557,5048,8794,3928,2278

test suite113
bestAPFD:0.902309
bestSuite:3457,5964,4549,381,12195,3495,6186,9983,9285,7912,11706,11087,7656,9893,12016,8099,11758,6214,4300,6888

test suite114
bestAPFD:0.866803
bestSuite:13066,3855,9628,4057,735,11608,3806,9090,9527,11764,7324,3474,12937,2141,5566,11673,9738,3715,6499,8755

test suite115
bestAPFD:0.885646
bestSuite:7520,5960,18,8616,597,12796,11652,1184,11679,8843,10523,12309,8248,8686,6006,1138,7315,10701,10696,1467

test suite116
bestAPFD:0.868582
bestSuite:9795,611,5193,13519,6229,3776,13367,9120,8731,10996,3696,12085,11693,13166,12526,10843,10854,4181,10173,7531

test suite117
bestAPFD:0.889202
bestSuite:4891,6707,12330,538,6317,4678,834,8274,7292,9958,9555,10910,5529,12448,7016,9604,1147,6499,12697,849

test suite118
bestAPFD:0.908207
bestSuite:3850,1113,9931,11719,6591,3860,1011,7258,11284,6226,8437,4953,10259,11347,9216,1785,8239,390,8628,13250

test suite119
bestAPFD:0.889596
bestSuite:7692,5020,9666,10039,11075,12883,12290,5716,8722,9322,430,12732,9208,10802,2555,11391,3643,7622,10463,10073

test suite120
bestAPFD:0.892872
bestSuite:7984,2836,13099,8089,1709,9280,9936,4301,6604,5802,5979,4845,9902,629,568,13128,1501,2744,2932,10749

test suite121
bestAPFD:0.887841
bestSuite:2994,7002,646,6312,6575,4605,1494,1535,7023,6230,3335,5816,13319,11829,2488,12530,5754,3586,11287,9845

test suite122
bestAPFD:0.888555
bestSuite:2995,6557,4171,4255,1976,12344,3965,4141,12705,2153,399,2693,7717,10563,11958,8451,7125,1008,7214,13488

test suite123
bestAPFD:0.889866
bestSuite:11422,364,9883,12587,11759,4884,9130,6882,8085,11582,6364,2609,2969,11469,1493,13306,10510,11257,2,12962

test suite124
bestAPFD:0.926580
bestSuite:1289,7658,12152,2793,5687,1582,993,3996,8130,13318,10916,9991,1954,8513,10913,2833,6214,8111,410,8767

test suite125
bestAPFD:0.903606
bestSuite:5698,4332,7395,1807,1960,7359,381,7375,9867,11666,6767,10882,5339,3466,3804,5145,11350,4362,3272,9767

test suite126
bestAPFD:0.889286
bestSuite:11013,356,9432,13395,8950,1362,7765,8466,4666,6373,11931,12754,4843,8105,1795,190,11114,8810,3471,1549

test suite127
bestAPFD:0.891613
bestSuite:8651,6588,12417,5739,12542,12167,8111,12687,7173,1705,7017,2846,10641,8665,3820,5070,8508,5052,8218,8131

test suite128
bestAPFD:0.887192
bestSuite:13431,5151,9949,12711,3940,2211,5647,13092,8471,11651,11787,1482,938,9143,9020,9243,9569,5930,14,7229

test suite129
bestAPFD:0.903950
bestSuite:12475,4268,4496,7904,9724,2529,8415,418,6405,8048,8796,12479,2752,3087,4460,13401,8945,12820,10175,5593

test suite130
bestAPFD:0.876404
bestSuite:5171,3176,8233,8091,2970,5562,40,2275,5061,13373,5582,3098,5103,1220,560,5050,11983,11236,8461,10589

test suite131
bestAPFD:0.895997
bestSuite:2051,8481,513,12965,9138,11850,7865,4370,6779,11209,6670,1490,4118,3977,4030,6144,12869,5017,7499,1696

test suite132
bestAPFD:0.900431
bestSuite:4639,6031,2958,4411,12895,428,2663,282,4738,6148,2153,9207,6810,163,12619,8537,9526,2314,11453,8442

test suite133
bestAPFD:0.891292
bestSuite:8789,11048,12788,7465,1974,1444,1284,3343,8903,7398,7594,7424,9540,8787,7456,12894,11903,11645,7273,234

test suite134
bestAPFD:0.895234
bestSuite:8271,3254,704,5434,7571,4411,9517,12497,6501,5227,11582,5311,3050,549,5156,11091,1189,5888,4781,13247

test suite135
bestAPFD:0.863030
bestSuite:6328,7831,3875,7435,1987,8858,13399,4250,2024,5454,85,11041,12760,679,7165,10934,10676,7163,4642,9837

test suite136
bestAPFD:0.894789
bestSuite:8622,11778,13510,7126,12125,1383,8756,9780,9447,5573,11457,3828,1221,12829,12583,10831,1545,4074,2418,2556

test suite137
bestAPFD:0.903061
bestSuite:8929,2061,9812,11594,117,6249,3191,4734,6666,7306,6876,12537,3078,5701,11674,5812,7000,10955,3403,7032

test suite138
bestAPFD:0.899796
bestSuite:11027,7658,13430,8336,8694,778,9230,4035,4614,11024,3663,233,8440,9937,11352,490,7039,3158,8970,9652

test suite139
bestAPFD:0.884883
bestSuite:12461,6050,145,8117,9035,4059,4655,6535,8967,6986,12697,4452,2967,1607,2827,2349,312,1814,10303,3148

test suite140
bestAPFD:0.895547
bestSuite:13046,4176,9571,9021,462,3342,6394,6707,5319,1088,10867,7293,922,2825,3887,1285,948,8812,237,10234

test suite141
bestAPFD:0.900815
bestSuite:12458,13509,4117,6349,7106,121,12751,4272,4741,9592,7505,849,6712,11130,789,11226,10568,10638,1863,10238

test suite142
bestAPFD:0.878819
bestSuite:8663,4334,3764,9043,8817,5132,7557,12287,9709,11622,1156,5632,7028,8988,12736,11842,9595,9994,2731,13407

test suite143
bestAPFD:0.881753
bestSuite:9123,8454,6079,9541,1532,7481,6392,4580,10035,8588,13013,3245,3146,7744,3826,11018,1674,2651,5122,10463

test suite144
bestAPFD:0.887884
bestSuite:7397,1811,5011,6807,585,3330,13352,11504,3511,6234,8440,12713,2064,1545,11533,2727,10792,1032,13464,3181

test suite145
bestAPFD:0.898253
bestSuite:4948,6339,8952,5463,5420,5305,11008,1928,7537,7509,9588,5603,9488,6612,3744,10052,915,12178,12101,913

test suite146
bestAPFD:0.890795
bestSuite:4268,9387,9099,5974,9157,6278,4224,7024,7663,9750,8809,6708,111,4887,8268,2977,10873,12298,10327,4631

test suite147
bestAPFD:0.902302
bestSuite:9229,12103,5290,274,6012,8645,2786,9800,8677,11927,6975,7350,193,2878,5380,9782,9563,2275,3226,2189

test suite148
bestAPFD:0.905666
bestSuite:3479,3850,2549,11605,5782,7818,9047,1659,13019,7204,9288,6014,11142,5819,11655,12339,8864,8183,5705,2585

test suite149
bestAPFD:0.893647
bestSuite:4658,5519,6994,11261,2871,6160,6817,12638,12717,12663,1335,11552,1359,3345,4063,4272,7369,1777,3426,1984

test suite150
bestAPFD:0.889585
bestSuite:9435,1874,6238,935,4030,8868,6390,3694,4878,13144,9586,12727,796,10561,12200,6585,214,5462,6775,7994

test suite151
bestAPFD:0.911071
bestSuite:5171,5915,7108,4727,9309,7580,4847,3367,4452,1996,9270,2157,3618,11922,6408,9738,9646,9442,10329,6386

test suite152
bestAPFD:0.921692
bestSuite:2051,6220,12926,12889,1523,10463,375,214,1496,4533,9671,5775,3839,7623,9937,5975,3638,5599,9141,10157

test suite153
bestAPFD:0.891324
bestSuite:6657,11808,2896,2403,445,4590,6125,8286,12937,3940,6942,7404,5615,13434,12313,12289,12532,13486,10112,6461

test suite154
bestAPFD:0.905502
bestSuite:4817,11517,4574,6271,3659,6171,4197,4004,11797,1248,8595,13185,11081,809,6950,3219,3043,10594,152,7433

test suite155
bestAPFD:0.885363
bestSuite:512,1258,5536,7463,3347,12689,9047,11988,3013,8836,7169,8535,8769,1523,4742,12810,1350,8266,6888,10226

test suite156
bestAPFD:0.894223
bestSuite:7620,2253,1321,7837,1555,3160,11843,589,6133,1422,4647,2506,10369,10566,4902,2046,6299,448,7225,10983

test suite157
bestAPFD:0.890051
bestSuite:9432,4915,4828,2359,628,9903,9719,6590,7499,3968,8859,11106,5083,12352,12761,10921,3759,8461,11939,11322

test suite158
bestAPFD:0.883255
bestSuite:197,12881,3571,2607,1848,6459,6629,2032,9777,6222,560,11596,1822,8842,1232,12196,9334,6492,7920,587

test suite159
bestAPFD:0.891082
bestSuite:2533,10035,6400,2507,483,13395,9809,11970,9889,13347,3272,3830,172,7482,3369,6340,3812,8699,2065,7115

test suite160
bestAPFD:0.892541
bestSuite:8321,5769,8486,8837,7460,7360,12464,1120,11692,12296,571,2881,3576,7644,12871,12806,10589,10507,4704,7434

test suite161
bestAPFD:0.865788
bestSuite:5163,6216,11047,5779,13053,7814,892,11675,5003,1116,5062,7057,12312,713,3943,10835,13259,9063,11251,10828

test suite162
bestAPFD:0.893413
bestSuite:778,12044,6695,5360,8595,5584,3986,9927,13513,10552,5861,2230,3298,5028,5749,9415,13205,3441,1826,4160

test suite163
bestAPFD:0.900673
bestSuite:5423,7857,2131,2386,12795,12789,9994,12718,1400,984,3635,10486,10850,9279,4680,5886,8,1760,10717,4881

test suite164
bestAPFD:0.902726
bestSuite:8422,1395,8037,11014,7820,3959,13024,146,8738,9505,6744,1952,8812,11303,3727,3671,253,7567,13494,12838

test suite165
bestAPFD:0.900553
bestSuite:9170,8601,6450,11929,3458,1099,9844,5545,1487,12075,10728,13212,6919,9265,11058,6961,13149,11726,10858,6700

test suite166
bestAPFD:0.903025
bestSuite:8237,3637,1640,4580,6707,2537,7467,1767,6130,10851,10648,3722,6470,6006,5583,5185,8032,9178,2265,7109

test suite167
bestAPFD:0.871154
bestSuite:34,5229,2385,6272,5219,1036,4588,4599,8086,4445,5951,191,12506,13147,11651,3445,4914,10907,1534,12298

test suite168
bestAPFD:0.904782
bestSuite:4321,9559,4329,4404,7710,1813,11860,11704,8652,3577,10435,1883,867,12822,9109,9074,2097,10282,5803,10320

test suite169
bestAPFD:0.886476
bestSuite:4191,11040,6295,9300,8036,5938,1815,9043,13406,3078,6756,9314,10145,8416,10587,7005,3920,3961,8204,11321

test suite170
bestAPFD:0.910158
bestSuite:8190,5101,10997,12970,5978,12377,715,1750,1047,1485,7955,571,164,10402,10396,1496,2125,929,10117,13253

test suite171
bestAPFD:0.910205
bestSuite:3300,4753,5253,12787,2014,8529,8201,1228,4011,6502,11258,3973,2855,12516,1924,2115,1235,2178,8026,10115

test suite172
bestAPFD:0.900200
bestSuite:5282,9055,7254,2725,5486,4643,975,3062,8694,1394,238,12402,7814,7862,7656,10868,7651,1615,11900,4497

test suite173
bestAPFD:0.898386
bestSuite:6894,4332,8664,4597,4054,9966,2908,6297,9634,5865,7997,9206,5951,11459,9181,1501,12579,11934,10388,4811

test suite174
bestAPFD:0.899190
bestSuite:3137,8310,3543,6365,2332,13394,5834,3464,3742,2742,9604,4033,7090,2254,513,3816,12353,3993,1137,11991

test suite175
bestAPFD:0.876388
bestSuite:340,6869,8319,8838,8937,12888,8538,892,1009,3358,3450,11984,3122,7580,9102,630,3308,6166,10700,4915

test suite176
bestAPFD:0.890586
bestSuite:856,10962,2615,12409,4484,997,229,5353,6444,1002,5785,7151,5504,7257,12143,10943,7388,7200,13484,7184

test suite177
bestAPFD:0.880695
bestSuite:9807,899,3497,332,12378,11853,13521,8112,3384,8389,11326,11141,11541,7849,11252,4273,6742,12824,3167,11047

test suite178
bestAPFD:0.910183
bestSuite:11492,13105,3535,5967,4358,3928,9999,1343,8544,7566,8466,6222,13212,7769,6164,9524,11731,5580,378,4033

test suite179
bestAPFD:0.902223
bestSuite:10967,2741,5876,6410,6448,3830,1783,10376,11932,12359,12370,6963,12994,8773,442,1591,13346,7611,9023,8436

test suite180
bestAPFD:0.910207
bestSuite:2943,5331,8861,6255,11508,2867,8066,9046,8223,4068,3056,1052,4562,4441,573,8423,1620,2508,6345,839

test suite181
bestAPFD:0.888852
bestSuite:6224,8035,9787,11450,7072,9079,4858,11661,9961,9094,378,7619,3661,13478,2224,10769,2129,6000,11213,10177

test suite182
bestAPFD:0.885395
bestSuite:602,4197,2020,9267,3949,4889,763,11030,6435,11672,1665,7835,532,10767,5498,1785,10649,2306,7090,1450

test suite183
bestAPFD:0.883072
bestSuite:660,5967,10380,3346,12350,2754,6281,7782,8369,847,6314,11518,484,5636,11462,8477,11232,10787,7150,7527

test suite184
bestAPFD:0.887198
bestSuite:9121,1380,2807,2472,2504,6222,3389,11578,3992,13181,13470,5065,13415,2130,7047,13493,4234,7929,10894,10018

test suite185
bestAPFD:0.919855
bestSuite:11016,1734,1408,1515,11820,6734,11830,233,10798,11881,9402,12976,11195,8937,3223,3220,12850,2266,1452,2576

test suite186
bestAPFD:0.888145
bestSuite:11433,4211,6206,5872,335,5011,6743,3231,9494,8641,9270,6974,13374,6816,13171,10647,11752,5678,5857,13242

test suite187
bestAPFD:0.895855
bestSuite:10139,12517,13520,11896,12053,4578,7297,9094,7634,2382,4883,10879,9085,4651,1,9253,10827,7738,10244,7216

test suite188
bestAPFD:0.900803
bestSuite:2487,1946,3151,243,530,1218,13403,9765,4176,6591,2922,5033,12849,567,3172,1086,5037,3548,11856,10237

test suite189
bestAPFD:0.911029
bestSuite:7982,358,12914,824,5183,3416,761,6336,7656,4136,11380,10545,4656,1687,11205,1334,9033,8703,1176,7278

test suite190
bestAPFD:0.891416
bestSuite:3300,1212,7715,2343,6956,7580,11676,4300,2123,808,3683,815,763,12539,6955,17,2780,11015,5875,2471

test suite191
bestAPFD:0.893718
bestSuite:5443,384,7504,12681,12217,5796,2442,722,4058,9692,9167,8,11742,10641,2289,667,7455,11186,2110,6480

test suite192
bestAPFD:0.898162
bestSuite:7817,10968,6438,11234,8119,11075,3499,5155,6633,13518,13193,9206,7578,5342,3839,10599,11732,3676,361,12021

test suite193
bestAPFD:0.915904
bestSuite:4911,9888,7140,8189,5058,11291,12233,2068,2868,5329,10425,12317,590,1924,6027,3363,9845,7031,10219,2264

test suite194
bestAPFD:0.906531
bestSuite:5546,13349,9893,11137,2826,2540,6349,6670,11641,10611,1470,547,1017,9701,2498,8772,6063,10701,3073,10737

test suite195
bestAPFD:0.859887
bestSuite:4000,9438,5618,3669,9675,975,8,9263,9774,587,9483,5564,11960,9178,12455,7159,10550,1144,1981,700

test suite196
bestAPFD:0.888512
bestSuite:13119,6667,222,11422,2416,7286,12937,3027,7105,7512,10617,1023,9339,1449,9141,2445,4877,5252,12879,8737

test suite197
bestAPFD:0.891365
bestSuite:2900,5396,2444,1963,9571,11846,9142,2321,11662,10386,1351,13132,3278,8654,6607,7078,7671,9814,8513,832

test suite198
bestAPFD:0.904746
bestSuite:8063,6075,8265,2633,1860,5096,3797,4072,6516,1247,1182,7428,4140,1617,10630,11965,6135,11379,10410,10018

test suite199
bestAPFD:0.908888
bestSuite:8012,4337,919,12591,5890,13365,9980,12638,1674,11823,6007,4608,10803,2664,1647,6621,9865,3796,10468,6958

test suite200
bestAPFD:0.894585
bestSuite:403,8438,2079,13392,2312,131,8702,7031,8637,5087,9241,5813,309,1975,1449,2996,11149,13501,4545,10201

test suite201
bestAPFD:0.888114
bestSuite:12979,7550,9619,1493,4427,10980,1497,12441,3603,200,410,9528,5795,8649,9611,5649,8551,6893,10310,10895

test suite202
bestAPFD:0.882905
bestSuite:8479,11023,2491,11340,1284,6210,1309,8204,10506,10486,9540,10433,10477,3630,1651,8676,2890,5139,5946,10758

test suite203
bestAPFD:0.878387
bestSuite:1885,5568,7436,1573,587,12088,2168,5296,6076,7168,4408,10375,7669,11744,10844,2947,13442,7221,2901,5279

test suite204
bestAPFD:0.903226
bestSuite:3001,6639,5714,8503,7379,2694,4553,3421,7946,9841,11359,11730,151,10382,7960,4204,271,3581,10893,10024

test suite205
bestAPFD:0.891466
bestSuite:9123,8964,1238,11633,2507,5693,9901,11595,12562,9321,7894,11799,1972,8242,5744,10917,4853,303,10779,10007

test suite206
bestAPFD:0.896643
bestSuite:1605,8527,5388,4252,1919,4537,5564,5426,4421,2344,7930,2750,5646,473,677,656,11786,2901,10220,8744

test suite207
bestAPFD:0.870327
bestSuite:11515,2542,3210,12432,9834,3721,4095,1547,12176,3333,11207,12735,1751,11517,6831,9476,3917,3650,3302,13234

test suite208
bestAPFD:0.872009
bestSuite:9340,13377,11499,6914,1622,1010,2564,8705,9674,8665,3383,4265,7435,13158,10444,12260,8250,3565,11837,4424

test suite209
bestAPFD:0.887415
bestSuite:7525,9599,6355,8614,3628,5647,227,225,3085,11459,176,10833,5068,1271,11338,716,450,10332,1137,10692

test suite210
bestAPFD:0.883681
bestSuite:5513,13105,4114,1197,8707,7888,5415,12709,6197,1678,646,5557,11643,3916,11740,8732,3857,7040,4724,610

test suite211
bestAPFD:0.897595
bestSuite:9346,6924,4567,7968,794,1304,4143,8129,8048,2323,9186,8802,151,8198,11283,1380,13209,4368,10837,12298

test suite212
bestAPFD:0.883471
bestSuite:1292,12026,8086,9158,6531,6877,1765,12369,2394,7456,4366,10898,1788,733,10880,1782,11753,12465,10677,10864

test suite213
bestAPFD:0.901598
bestSuite:11423,1874,8103,8896,1957,1174,12411,7381,5688,1118,5276,2371,5887,8742,6505,11321,1185,1094,2413,11979

test suite214
bestAPFD:0.894067
bestSuite:13342,3038,758,316,9945,5916,7003,1215,2399,6254,9618,12085,4905,4666,276,11117,4559,8726,10308,10178

test suite215
bestAPFD:0.876222
bestSuite:7030,3187,6578,8765,8972,8006,12767,9958,5283,6963,5156,10569,12855,10861,12879,2129,10733,10170,10112,6988

test suite216
bestAPFD:0.893918
bestSuite:10983,7099,13032,1273,226,6316,11457,2448,8157,3582,12294,12194,7610,13217,8399,5180,8737,13268,10871,10693

test suite217
bestAPFD:0.901578
bestSuite:505,6921,6910,11567,4420,12140,8855,8356,5168,10478,7070,1420,7830,4914,8757,9819,5919,12803,2089,5207

test suite218
bestAPFD:0.897028
bestSuite:5698,11569,12396,1955,9966,10146,3379,4199,11601,10937,2010,13183,1248,11618,6375,2701,10434,3825,4134,5080

test suite219
bestAPFD:0.899484
bestSuite:13380,6824,6404,3999,11868,8724,12621,6177,3460,12065,9544,10494,12935,10144,10349,11252,5484,12981,8005,8935

test suite220
bestAPFD:0.909322
bestSuite:3517,12910,2472,7784,2869,11043,3313,10377,9754,3822,10582,8604,11734,12111,3235,5205,10815,6945,3743,9828

test suite221
bestAPFD:0.911817
bestSuite:9694,1015,13116,4864,8499,2530,8006,1897,5927,10647,10633,6064,1824,6165,13301,10725,2372,7389,8259,1279

test suite222
bestAPFD:0.890480
bestSuite:13027,6356,3505,12044,7993,1116,7452,1976,7889,4217,13407,12566,7083,2853,12101,9261,7576,2821,8213,9104

test suite223
bestAPFD:0.904403
bestSuite:8366,7751,1557,9526,12620,12044,12358,6978,1494,1555,438,9942,1775,12929,11078,2940,1242,1074,338,4975

test suite224
bestAPFD:0.913603
bestSuite:5379,13420,11250,2399,4095,8200,6392,8372,9254,8390,3623,7521,7068,6568,7408,7094,10190,228,329,367

test suite225
bestAPFD:0.892782
bestSuite:6556,7758,12383,12340,8220,12932,13143,9463,7441,9134,10051,2247,1490,1350,642,6169,2304,11958,7664,956

test suite226
bestAPFD:0.906637
bestSuite:1016,4114,7122,6692,2225,32,1856,6278,3079,6099,11377,5951,1163,1178,8518,3581,7859,2016,1000,7544

test suite227
bestAPFD:0.895685
bestSuite:5574,8791,5106,12470,1739,6501,6674,11548,5034,7887,3211,9053,9637,3064,2059,1640,13217,3234,5100,10394

test suite228
bestAPFD:0.893427
bestSuite:2882,13341,9515,6,5634,7761,2895,12231,5131,3733,3009,12609,8281,6610,11977,9324,4581,4548,1075,4272

test suite229
bestAPFD:0.909673
bestSuite:4625,8789,6407,3702,6066,6333,8522,5489,9240,7411,2226,6863,4336,7671,12848,11871,11249,11530,13267,10084

test suite230
bestAPFD:0.887153
bestSuite:7148,8664,8875,3264,11621,9815,1610,12147,9247,4240,10143,805,11160,10626,10560,6191,3860,6385,725,60

test suite231
bestAPFD:0.895331
bestSuite:9891,4457,4325,7135,11610,12911,9832,6501,10565,10944,10719,9369,10893,4126,6952,13266,945,8812,173,10215

test suite232
bestAPFD:0.908248
bestSuite:2073,5020,9980,3345,4821,5134,730,9061,9582,4854,8173,5373,9989,834,450,435,2717,4412,2071,10107

test suite233
bestAPFD:0.891330
bestSuite:9949,8076,3763,4253,9644,3592,8148,1456,4358,4207,5489,8803,5632,4480,9591,2008,10504,3051,2969,8792

test suite234
bestAPFD:0.892471
bestSuite:13018,709,4053,7047,2695,6226,555,9349,8126,11077,12440,3733,11957,10262,7971,4387,6241,9257,4165,5581

test suite235
bestAPFD:0.885593
bestSuite:7264,4185,2621,7790,285,885,10949,6221,1180,2021,6089,2009,12773,1229,11922,5221,12440,2502,10681,10167

test suite236
bestAPFD:0.872961
bestSuite:1137,13158,11004,1284,12344,1897,7845,8826,1692,11463,12031,727,6194,1928,10600,12477,10895,2473,4008,12258

test suite237
bestAPFD:0.892580
bestSuite:3926,8336,2178,11734,6231,8872,1612,5593,9546,9510,9233,5807,12066,9877,11547,496,491,12980,3862,9949

test suite238
bestAPFD:0.903471
bestSuite:2092,2156,173,12955,11037,1664,6355,13504,6455,2971,9276,5082,3728,6227,7419,6801,8255,677,10864,10003

test suite239
bestAPFD:0.897935
bestSuite:8527,4380,10966,8149,6495,7080,9674,2243,10126,6862,7067,12499,8788,7009,5616,8429,10872,4926,2917,10672

test suite240
bestAPFD:0.904432
bestSuite:9891,9284,8567,4449,990,11675,1122,10607,9582,8437,12158,118,11715,7039,4755,2708,1752,3320,9315,3661

test suite241
bestAPFD:0.873667
bestSuite:5969,4329,207,8371,7080,2812,11979,9054,12605,12963,9142,6420,12840,39,10867,10879,7315,10869,13437,10230

test suite242
bestAPFD:0.910315
bestSuite:107,5611,5241,6206,8584,1387,9242,7357,8922,7753,2212,8990,11785,918,1154,6381,185,10953,6417,12024

test suite243
bestAPFD:0.892935
bestSuite:4524,1874,206,1417,6262,2311,11035,11588,6912,4222,9428,705,9497,5583,8333,11135,7494,11664,3277,2728

test suite244
bestAPFD:0.893903
bestSuite:533,7167,5292,6563,12617,669,8061,12167,12526,11784,3471,3975,2443,6343,13486,6844,450,1696,11007,7462

test suite245
bestAPFD:0.900429
bestSuite:202,449,12385,2473,3990,12613,5137,4643,9908,11911,13478,2184,10495,10511,1796,5289,3188,10415,5560,9241

test suite246
bestAPFD:0.877957
bestSuite:7699,5338,395,196,8347,8842,6489,5653,12265,5599,6198,3980,2246,10870,504,11409,11695,4770,2929,2681

test suite247
bestAPFD:0.885493
bestSuite:8635,7916,11706,3730,2034,4654,4857,11787,65,1101,8718,8108,9552,2614,1986,520,10288,8121,12867,1827

test suite248
bestAPFD:0.909524
bestSuite:11635,10965,8275,8814,2985,6911,8386,13512,4051,11792,2266,12285,5861,6224,13299,2269,11731,10278,12875,3393

test suite249
bestAPFD:0.879089
bestSuite:3175,11657,1353,7698,7384,968,5906,7174,8569,4629,7862,11988,12158,11520,1279,12601,11980,5518,7686,8871

test suite250
bestAPFD:0.890483
bestSuite:1385,203,4046,6296,4195,3346,5170,7551,11965,12084,9735,12133,11160,471,4814,5736,10918,10269,10116,6866

test suite251
bestAPFD:0.899847
bestSuite:13118,8931,204,13519,5223,7181,2505,1105,931,998,5887,221,8079,1522,11277,7424,6807,7021,12073,8966

test suite252
bestAPFD:0.904314
bestSuite:3326,4915,7876,2098,6210,4740,890,4005,694,5308,1211,1604,7344,6503,9252,9576,5638,12848,2016,8473

test suite253
bestAPFD:0.889235
bestSuite:10989,4971,6734,4406,7467,12746,12664,11614,2063,10797,796,11296,9104,8004,7455,5427,8892,11199,4214,8859

test suite254
bestAPFD:0.903287
bestSuite:3865,11155,4245,6228,4261,1653,10428,11320,4590,5719,6360,4246,2954,11309,4653,11323,3749,2071,8639,6582

test suite255
bestAPFD:0.883893
bestSuite:9015,6335,2276,9703,1017,2461,11371,5172,1645,3908,1422,7291,9100,10453,1287,2450,975,10275,10737,10003

test suite256
bestAPFD:0.904055
bestSuite:1907,12643,7491,4649,11484,7492,12750,11868,1221,10643,10932,1394,9310,4676,7741,10306,3821,10219,5355,5414

test suite257
bestAPFD:0.903438
bestSuite:5282,1835,9558,977,8612,4790,6623,7674,6958,8061,982,12302,3081,7828,6282,5878,2587,6830,10679,726

test suite258
bestAPFD:0.903174
bestSuite:6378,8341,11686,8097,1803,8036,5744,9524,7921,7904,8042,11360,11336,5359,10659,11011,5658,6876,1118,10199

test suite259
bestAPFD:0.876359
bestSuite:2995,11104,4058,12629,9528,13378,6301,12605,6382,11718,6419,12528,11732,2425,6861,2215,6989,10334,10059,4456

test suite260
bestAPFD:0.904394
bestSuite:6999,7779,2863,1980,10136,2477,9048,13070,620,3150,9402,3909,10623,9118,3252,2110,3831,6833,7573,10794

test suite261
bestAPFD:0.905073
bestSuite:12475,3386,7572,12972,3911,1394,9612,5973,1094,6105,2642,7602,8996,11894,12219,10591,10501,1140,10732,10008

test suite262
bestAPFD:0.893051
bestSuite:7631,6097,1544,4923,6212,12321,6213,4093,5477,12307,9751,4570,3544,5488,8609,6961,8959,7578,7292,10402

test suite263
bestAPFD:0.887513
bestSuite:1725,5796,6255,1926,56,7220,4732,5266,7443,12490,9618,30,8653,6926,9480,1554,4086,13205,10175,10073

test suite264
bestAPFD:0.891429
bestSuite:8207,8907,7287,698,9233,5646,7220,11869,11257,362,5459,11817,4748,10796,8432,6440,7214,10638,2693,4327

test suite265
bestAPFD:0.885180
bestSuite:332,5218,6045,3164,3997,9134,7609,918,5292,9131,2192,8994,7822,11869,12762,11886,2759,7676,10800,1217

test suite266
bestAPFD:0.908264
bestSuite:3926,5337,5227,2607,3114,1011,1958,1025,5439,6654,6863,5554,3358,6958,12249,7434,12525,7542,10095,10082

test suite267
bestAPFD:0.877893
bestSuite:5171,173,6362,12607,5562,1623,9529,147,9669,4217,6552,7594,928,11708,5705,11696,13145,9465,10540,4975

test suite268
bestAPFD:0.881593
bestSuite:5313,12001,1479,2761,2285,6141,3040,9633,8396,8145,12976,6298,638,7677,12681,12626,269,5954,8282,7140

test suite269
bestAPFD:0.897718
bestSuite:8678,6053,4200,4379,3058,4062,2531,2042,2716,4801,9130,9714,7927,4271,10995,235,1290,303,9315,2639

test suite270
bestAPFD:0.877941
bestSuite:8185,13416,7857,1843,5024,1614,4411,6552,3986,4031,8212,617,4376,6874,8593,5579,7381,3270,5639,10283

test suite271
bestAPFD:0.901902
bestSuite:5483,6407,7207,4623,2169,354,4231,7140,10904,13470,9269,7740,10767,2107,13487,9263,177,3812,1774,1617

test suite272
bestAPFD:0.903646
bestSuite:13004,8715,12404,4517,8424,380,7626,8227,13520,12183,4362,2915,13049,4867,259,6109,905,5025,6837,10001

test suite273
bestAPFD:0.894013
bestSuite:247,7572,3169,6165,11279,758,6238,2679,9067,6182,2827,5093,995,3713,8823,11858,13473,4992,8808,10730

test suite274
bestAPFD:0.897449
bestSuite:10139,386,3546,854,1348,2491,5502,12076,11621,4643,4571,4064,2477,7587,436,10479,12380,12346,13479,12223

test suite275
bestAPFD:0.899125
bestSuite:7389,1790,4136,5231,7749,8691,7959,5296,9253,8813,97,534,3237,11167,2916,4570,10811,7960,13308,8790

test suite276
bestAPFD:0.886546
bestSuite:3767,1935,4179,1459,1295,6713,5013,2825,13368,8047,3286,11544,10838,7883,10498,644,1238,10265,10060,10065

test suite277
bestAPFD:0.894300
bestSuite:2900,1223,1075,3625,5599,931,4048,3545,5511,10972,727,5085,11448,11455,11262,9601,10711,10344,1415,13238

test suite278
bestAPFD:0.914853
bestSuite:3808,9050,1539,8644,1718,9832,8204,1226,5924,5614,8099,8187,8245,7440,4368,20,11264,12807,10286,10118

test suite279
bestAPFD:0.916123
bestSuite:7358,11419,11853,4834,779,4400,4416,3407,9289,6082,2340,3156,3937,847,4873,6758,3647,6890,2278,10894

test suite280
bestAPFD:0.882249
bestSuite:84,723,5444,3180,6500,12654,13429,13148,2424,13524,1344,9788,10949,1502,4202,516,7301,1301,12884,5858

test suite281
bestAPFD:0.897002
bestSuite:5230,4179,4307,30,3315,6536,3764,432,8765,7512,2903,12610,10428,10473,12045,13499,6957,10195,6885,10060

test suite282
bestAPFD:0.885837
bestSuite:5282,5650,3957,9840,8981,1707,2936,9797,3018,1833,12386,683,11524,1508,3073,9033,11060,8647,11083,8073

test suite283
bestAPFD:0.912500
bestSuite:8202,13514,5862,13082,5188,1241,9604,4836,40,5255,2173,3987,5485,5210,550,224,6799,3278,9592,1413

test suite284
bestAPFD:0.878926
bestSuite:7648,1907,4461,9880,4756,6821,13352,7509,1133,8672,4678,1653,12135,7001,11171,11655,12236,4366,11349,2545

test suite285
bestAPFD:0.868724
bestSuite:9795,7527,8628,3232,187,1994,2273,8334,1163,7864,3808,13153,2877,7418,4240,12147,8290,10925,3019,2485

test suite286
bestAPFD:0.888225
bestSuite:9024,9859,6228,6956,1750,537,6730,6530,2575,6689,11645,9371,8812,7838,9515,4232,7932,7396,1126,10260

test suite287
bestAPFD:0.885183
bestSuite:381,12102,4454,6471,2805,2034,3468,47,7965,7767,8749,7627,11800,8998,11452,9445,6429,5638,12153,10192

test suite288
bestAPFD:0.902482
bestSuite:5679,6335,4508,1510,12197,1390,5201,6559,8704,10797,5788,12058,10508,11936,7263,11995,10807,682,11900,8305

test suite289
bestAPFD:0.888435
bestSuite:7453,5097,6705,1394,8458,1199,4101,2465,9705,4604,8519,4320,10545,13472,8248,8880,5670,8254,8866,10390

test suite290
bestAPFD:0.898845
bestSuite:11604,3855,6370,12449,8338,12197,4027,1167,3061,8583,5383,8358,5902,7,10784,11240,7036,929,8856,9146

test suite291
bestAPFD:0.897505
bestSuite:12905,76,12667,1208,7921,4797,7147,6336,2016,7802,4346,4902,2054,52,11362,12007,4473,10320,7152,9037

test suite292
bestAPFD:0.899496
bestSuite:1830,2885,4782,5795,11422,104,12399,4305,1881,11298,9800,3500,6337,3177,10685,10657,9084,17,12962,9068

test suite293
bestAPFD:0.893359
bestSuite:8552,4317,10971,10148,2249,12707,12076,7114,405,2288,9787,2455,3521,3550,12980,6100,1072,11169,12516,6996

test suite294
bestAPFD:0.872912
bestSuite:3205,3640,224,9046,2927,4431,6924,9486,1783,7472,3335,8724,3127,10645,11529,6899,6605,12165,6538,13451

test suite295
bestAPFD:0.879834
bestSuite:11484,11024,6590,7726,13379,11105,5913,789,11207,4140,13129,1910,1563,8118,4989,7365,5299,1424,10158,1104

test suite296
bestAPFD:0.902909
bestSuite:9346,4833,9019,3971,5773,1442,12776,6728,5355,5502,11699,9959,5454,1660,1840,4280,9485,2611,10820,10097

test suite297
bestAPFD:0.874664
bestSuite:247,304,1877,2454,4440,5609,3661,8148,7693,7016,1776,10572,8665,11990,11475,2209,10778,12442,6849,10787

test suite298
bestAPFD:0.889591
bestSuite:13118,6745,8821,3497,4427,13052,2168,2563,6222,6638,5648,1950,12075,1429,11708,8762,6822,3533,11062,10219

test suite299
bestAPFD:0.888619
bestSuite:11436,241,8223,3853,2447,3381,2246,7167,162,8124,2113,7342,13102,1599,11824,743,4283,10248,270,11268

test suite300
bestAPFD:0.882073
bestSuite:4548,12400,94,8216,2484,12779,12474,5689,12624,2872,7558,3060,4751,804,13146,11753,8300,5361,8318,5279

test suite301
bestAPFD:0.875834
bestSuite:492,9891,3052,7470,2355,533,8220,9760,7859,1409,1309,1602,1630,4220,12953,13083,6028,963,11337,8894

test suite302
bestAPFD:0.902435
bestSuite:210,5898,9486,12700,8777,1146,5867,4746,3239,4281,5706,3028,12757,3491,10824,13452,10917,584,10416,10019

test suite303
bestAPFD:0.890641
bestSuite:13360,1690,724,9644,845,4655,9276,9539,11011,1708,6691,5641,11935,11946,3963,7615,3096,12280,10840,1994

test suite304
bestAPFD:0.883521
bestSuite:649,9619,4067,6428,615,4063,7716,9569,11184,12450,13408,10497,6505,7039,5445,12995,123,10309,13218,6292

test suite305
bestAPFD:0.890472
bestSuite:3313,4405,7146,12783,6322,2707,4269,4582,10937,9766,1684,6584,7669,10474,6410,7256,791,271,10216,8194

test suite306
bestAPFD:0.885328
bestSuite:3446,309,12722,2847,3686,7178,6187,7647,1572,2114,11672,11292,12391,11834,12322,11814,6038,803,6950,10282

test suite307
bestAPFD:0.878422
bestSuite:2800,4456,9214,13375,8750,8643,641,8088,1891,5877,6582,13073,7361,12464,10447,1118,2595,12218,10711,5460

test suite308
bestAPFD:0.876250
bestSuite:9097,3584,304,10961,1200,10128,2542,12645,5741,9038,10915,7198,5945,6424,10799,10361,12403,11445,10349,11374

test suite309
bestAPFD:0.913629
bestSuite:4664,6718,23,8908,13081,10120,1092,120,591,1565,663,6083,1041,5319,610,13446,394,6496,7671,7218

test suite310
bestAPFD:0.891501
bestSuite:9756,4744,6255,12890,8097,4886,9231,4787,9488,3807,9627,4763,11780,6006,281,10462,8070,11300,270,10024

test suite311
bestAPFD:0.894063
bestSuite:3847,2863,6200,4970,9689,7209,12470,4490,3907,7917,1941,1248,10057,3458,1894,5888,10917,5872,3492,4131

test suite312
bestAPFD:0.908367
bestSuite:9338,11734,11517,11600,5241,1671,8535,1983,3360,3394,12280,2910,2127,3691,9137,5194,13173,1541,1870,2408

test suite313
bestAPFD:0.905000
bestSuite:5379,12703,304,8165,7730,13045,10930,11090,3918,494,9285,9896,3028,8876,8173,6283,13475,6346,2850,2489

test suite314
bestAPFD:0.885410
bestSuite:492,6531,5658,3985,7190,9875,94,5844,612,11765,12552,5654,12506,13157,10818,42,13290,10618,3762,13254

test suite315
bestAPFD:0.895521
bestSuite:11034,9092,2736,1136,715,11695,2703,8152,9898,936,8313,6919,10610,6555,8866,1041,11991,8120,4129,10243

test suite316
bestAPFD:0.880922
bestSuite:11028,8830,261,9242,4305,7878,12772,9235,5749,12635,9539,10571,8634,2324,7809,5780,10996,10237,4541,7194

test suite317
bestAPFD:0.880109
bestSuite:11040,1864,9035,7287,1757,7060,7869,5201,12399,2379,12719,9869,8480,5585,8647,2848,5555,5767,6100,860

test suite318
bestAPFD:0.894385
bestSuite:6981,12190,6059,2300,5281,9171,7003,1538,3237,7769,6784,4663,12,4901,10789,3951,2598,10050,13464,811

test suite319
bestAPFD:0.888971
bestSuite:1731,16,5469,10147,4514,12974,9413,5725,5070,10777,11314,619,8974,2582,2469,6112,13345,3158,5107,2075

test suite320
bestAPFD:0.901421
bestSuite:2949,7002,8217,9424,1269,2547,1713,5906,8231,7773,13127,7307,393,8810,3242,7870,2815,11712,10315,10981

test suite321
bestAPFD:0.897366
bestSuite:7795,12787,6455,310,9298,4152,12710,6239,7200,10515,5114,4025,11847,1246,9752,447,8749,8970,5177,3581

test suite322
bestAPFD:0.872533
bestSuite:7739,2912,4279,3723,261,12635,8606,987,6699,9247,6696,11080,7357,63,5230,12868,11252,1027,614,700

test suite323
bestAPFD:0.912716
bestSuite:5590,5258,7778,2155,3793,5448,4073,3437,11069,1094,9665,6478,6956,9860,8608,8183,6922,1902,10170,10745

test suite324
bestAPFD:0.894247
bestSuite:9694,13090,3545,13463,12367,7444,295,11929,1290,5185,10552,12296,9007,3085,11271,9269,645,3345,805,8024

test suite325
bestAPFD:0.907240
bestSuite:7871,3321,5998,10388,2695,3049,12395,6549,1085,1468,5808,2700,9278,3033,5009,848,6802,10394,10453,10185

test suite326
bestAPFD:0.886660
bestSuite:3566,7596,9743,13113,6978,11416,5363,755,7865,12999,162,3407,7472,10878,1797,8171,2246,10678,861,10099

test suite327
bestAPFD:0.890974
bestSuite:4661,11850,233,9320,3501,7959,7294,8145,5144,9827,6404,8114,5267,2676,8156,7724,7161,10679,13268,10231

test suite328
bestAPFD:0.894187
bestSuite:5513,7054,4502,4307,12789,3175,512,12031,10868,7767,3403,810,7700,7867,4244,11289,11107,4227,1585,6187

test suite329
bestAPFD:0.904799
bestSuite:2267,12459,7727,472,4583,5869,12664,12504,12316,6969,889,3434,1492,852,13471,10738,10506,1033,2277,5388

test suite330
bestAPFD:0.876026
bestSuite:7153,4924,11176,11065,2856,2056,8551,11928,969,6734,623,4709,11204,10484,4947,4865,4962,10294,5754,336

test suite331
bestAPFD:0.909169
bestSuite:5825,210,1839,4864,11227,7598,10570,71,5437,1419,6846,10648,66,8204,8386,6331,4995,13492,12,2776

test suite332
bestAPFD:0.891902
bestSuite:1853,937,13426,5579,1490,1775,1515,4571,3286,27,8515,10475,2524,5887,9643,3334,11443,12026,8442,9932

test suite333
bestAPFD:0.884352
bestSuite:5903,8178,5816,10978,763,9331,12554,4152,8175,10380,12862,7959,438,9480,2742,8051,2868,9709,9182,13247

test suite334
bestAPFD:0.898451
bestSuite:8251,13342,7784,8681,9056,1650,12154,2066,6610,13386,12886,7190,6916,10595,5257,10659,12829,5029,6027,4443

test suite335
bestAPFD:0.879695
bestSuite:8485,10388,9172,12449,8882,4147,831,5390,3905,13127,10454,11980,9893,4847,5056,2480,11279,2275,3525,13483

test suite336
bestAPFD:0.887988
bestSuite:6984,3966,4428,5920,1552,12459,11400,9492,2956,1422,4455,4582,6499,3022,1377,4291,10642,9958,3340,2896

test suite337
bestAPFD:0.913412
bestSuite:11636,5258,7734,3422,4491,218,1796,8471,4029,3954,2540,2056,88,142,8491,1812,1664,4883,2919,5422

test suite338
bestAPFD:0.903093
bestSuite:8181,28,2302,1122,13026,6260,4171,8085,3643,204,8278,4596,716,4311,11151,264,12004,7378,4711,11194

test suite339
bestAPFD:0.906950
bestSuite:13387,1384,1397,11909,9916,8383,3316,2323,3897,1936,803,6371,5451,5604,185,7354,8288,8297,10202,7425

test suite340
bestAPFD:0.881601
bestSuite:6484,9060,1515,11611,8209,4930,12779,7185,10961,5084,1651,8296,5726,12449,1621,10393,8769,352,9342,10238

test suite341
bestAPFD:0.910311
bestSuite:6336,6154,1173,11972,5364,3542,8766,11065,1610,6962,1055,6848,7209,3490,6871,642,875,10689,945,3395

test suite342
bestAPFD:0.887317
bestSuite:6665,1449,9824,1304,1599,9412,945,1117,6841,795,12057,9243,8194,10600,11147,5673,2410,7399,12866,13217

test suite343
bestAPFD:0.898560
bestSuite:10379,6352,145,12956,11273,13327,7769,2267,12572,8046,9530,8668,6306,2894,11901,9645,6552,7358,7200,7108

test suite344
bestAPFD:0.903905
bestSuite:3157,4262,12936,12707,233,5865,6073,2171,2376,4715,8240,12109,2571,7721,3964,9705,7214,7827,3395,1511

test suite345
bestAPFD:0.910574
bestSuite:6379,1847,3830,93,8722,13369,8659,4341,83,8049,10987,5358,4208,3646,1886,642,2783,8655,10114,7944

test suite346
bestAPFD:0.924225
bestSuite:1471,6026,9790,5347,2677,2531,3586,9130,1717,2324,11123,9608,946,8308,13209,6049,10206,7670,95,6233

test suite347
bestAPFD:0.881834
bestSuite:6361,6351,7135,6289,12754,1398,8200,11484,7298,7740,7826,9376,7573,9194,6287,11215,12812,547,61,9779

test suite348
bestAPFD:0.893553
bestSuite:11413,3440,9461,13399,1973,4418,3955,3331,4898,11058,7172,843,12858,6383,9919,13267,10405,10592,2063,10752

test suite349
bestAPFD:0.896653
bestSuite:5757,204,13418,3253,3468,1795,4150,9294,12174,8885,5085,5421,11830,1848,12172,10650,10636,10970,10330,5125

test suite350
bestAPFD:0.879648
bestSuite:6614,6746,8341,6360,4446,4165,6632,5876,1189,9493,2145,13174,4655,9077,506,11181,6331,13445,10234,10101

test suite351
bestAPFD:0.885920
bestSuite:2211,12892,9414,11246,6759,3036,8192,11404,10491,2067,11643,5033,9291,8071,2899,4867,13301,2856,3810,5797

test suite352
bestAPFD:0.879597
bestSuite:243,12974,8220,10120,3160,12128,3049,8389,13166,11564,12193,10784,10622,4173,6407,11035,7474,8726,11408,1338

test suite353
bestAPFD:0.872131
bestSuite:6101,7987,7138,2229,13068,8203,817,2341,5400,6314,4090,6949,6316,11033,6877,2840,11354,4726,5364,11419

test suite354
bestAPFD:0.911537
bestSuite:11627,7829,7703,3227,1582,4711,4252,5776,12621,2325,4869,12183,11741,10918,11219,11054,4993,3533,10672,10111

test suite355
bestAPFD:0.889577
bestSuite:13222,9713,4501,675,6947,9297,7352,5964,4020,5422,11424,892,7173,12763,11826,6517,10251,809,10185,10017

test suite356
bestAPFD:0.871304
bestSuite:991,9929,7602,916,99,72,4249,4218,718,6419,1822,7097,1655,11370,9582,659,1662,13304,10276,10697

test suite357
bestAPFD:0.896929
bestSuite:1376,6195,13042,8506,2694,3,7690,4480,7174,4847,12043,12635,10469,11320,4673,10393,10183,10066,10061,10010

test suite358
bestAPFD:0.916528
bestSuite:13061,1616,3505,9520,7326,12409,10991,11477,9694,2758,618,3652,1112,7191,4555,6789,9023,6384,7097,2408

test suite359
bestAPFD:0.917214
bestSuite:6482,11605,1726,11919,9041,6773,5248,7816,3488,4390,11759,11576,713,11877,12059,10708,5584,11192,6386,10111

test suite360
bestAPFD:0.892066
bestSuite:7871,12405,12611,9070,2580,3645,4515,6798,8408,1739,6131,10043,4812,3658,3678,8205,3411,6973,7948,7094

test suite361
bestAPFD:0.887787
bestSuite:11010,2838,592,12942,4140,12694,5074,11882,5955,8272,3461,7670,8477,1472,10719,11139,2445,12877,12803,584

test suite362
bestAPFD:0.899225
bestSuite:386,9838,2087,3802,9604,3896,493,4405,6917,1091,10143,11378,5056,8452,8042,4788,621,1671,769,858

test suite363
bestAPFD:0.878725
bestSuite:6606,12953,5181,11226,4620,7690,5402,11820,1915,13183,3202,2062,10452,8241,8259,7366,883,10267,2592,10089

test suite364
bestAPFD:0.911047
bestSuite:8904,2937,6650,2794,607,683,11532,9695,6076,2989,12161,2160,559,12087,1599,8636,6400,1422,7689,13312

test suite365
bestAPFD:0.880252
bestSuite:5670,1142,1017,1341,12983,8720,5210,509,6608,1117,5256,3554,12178,850,1271,13490,1232,9553,9076,4076

test suite366
bestAPFD:0.903466
bestSuite:9700,8689,432,7295,9192,4988,10521,577,10995,4316,10655,4073,13026,627,515,10802,3119,6194,10940,1793

test suite367
bestAPFD:0.900520
bestSuite:2973,10134,1367,1697,11508,5704,8814,6924,9727,1852,7025,9469,2579,2506,6826,1131,10574,9863,10173,10002

test suite368
bestAPFD:0.889873
bestSuite:2973,9556,908,5700,9496,6696,6182,6375,74,5458,12992,7049,8890,1747,1316,12015,13461,5735,852,12816

test suite369
bestAPFD:0.918012
bestSuite:11433,823,6351,6999,12748,13352,4569,402,5139,2704,577,4530,4602,7881,720,6310,5049,1235,11301,11025

test suite370
bestAPFD:0.871457
bestSuite:12669,6452,12595,739,12887,7693,7047,8725,6159,1480,6856,10456,7804,11986,5653,7679,8324,10294,12245,761

test suite371
bestAPFD:0.874194
bestSuite:11039,702,2017,9893,8042,1878,4933,1274,7776,4634,7643,1239,2704,9726,9782,2827,7764,4351,11242,9290

test suite372
bestAPFD:0.894238
bestSuite:6247,9128,12337,12512,3201,12793,9414,13116,10912,3671,6475,475,7537,4821,13286,10626,2596,8588,9777,13239

test suite373
bestAPFD:0.901590
bestSuite:9918,3006,7646,9501,6383,5666,7879,4255,46,5709,6207,11576,10523,25,8163,8184,7479,11140,6624,2907

test suite374
bestAPFD:0.903717
bestSuite:4713,12444,7430,7256,7996,2839,7121,5511,6103,1981,9331,8434,4947,2283,2147,10852,4129,10227,4919,3063

test suite375
bestAPFD:0.911741
bestSuite:8958,5465,11113,33,1937,4991,11449,1003,1594,735,2261,12866,13303,7963,1072,7343,2858,5367,8661,1780

test suite376
bestAPFD:0.877680
bestSuite:3446,387,6970,12195,12120,3599,12307,1849,4463,8910,12466,7216,11909,4315,399,2012,3774,11231,10520,11752

test suite377
bestAPFD:0.899040
bestSuite:9265,13429,426,36,3827,6991,4501,12630,865,8569,4759,10145,9565,13297,12873,10763,662,5367,6988,9311

test suite378
bestAPFD:0.900104
bestSuite:11612,3386,6539,12661,798,7698,12755,13331,6329,13280,6983,115,10858,3837,2520,623,7676,7484,1529,4376

test suite379
bestAPFD:0.907649
bestSuite:2923,7860,13040,7375,6725,7738,4172,10521,11695,8107,4339,681,1504,103,9084,9589,13210,6791,5481,1804

test suite380
bestAPFD:0.899102
bestSuite:8242,672,11494,8464,3007,3551,9402,12692,12622,5755,9660,9769,12818,11876,10519,5678,3364,10305,1869,4181

test suite381
bestAPFD:0.885146
bestSuite:3723,2351,3292,6489,773,1349,1412,2743,4547,2412,6514,1486,4052,4402,11362,7165,9196,1098,8508,1882

test suite382
bestAPFD:0.897579
bestSuite:9322,6517,9509,3765,12899,4686,540,3485,8361,12084,249,11945,4660,5155,9577,8542,848,4543,3487,13079

test suite383
bestAPFD:0.888960
bestSuite:3866,11896,1376,5738,13151,1533,4119,6095,513,9970,11921,1356,9737,9591,6453,2616,1322,725,8124,9140

test suite384
bestAPFD:0.900596
bestSuite:1689,11026,5383,12633,6554,6695,1969,13407,4031,6042,3725,10867,10796,1621,6514,9766,10310,7819,4229,13238

test suite385
bestAPFD:0.900652
bestSuite:5150,709,12361,6503,2270,11022,11390,896,4623,11675,2875,4746,8671,5084,4188,12170,10911,2409,2408,12210

test suite386
bestAPFD:0.892627
bestSuite:11421,4005,8001,503,8900,13108,2809,13156,11180,2769,7459,2891,2235,8870,1887,8383,12116,3796,1054,2377

test suite387
bestAPFD:0.914205
bestSuite:6416,8559,1108,6731,3045,3689,5320,5953,7669,6716,12884,9453,7484,12869,5713,8731,13261,7184,10155,2052

test suite388
bestAPFD:0.870700
bestSuite:11631,9897,5535,2077,2314,6231,4941,5463,7989,8098,6347,9798,8471,3155,9124,894,2019,12732,6979,12747

test suite389
bestAPFD:0.900732
bestSuite:173,2263,12766,9494,558,7266,2880,12157,12058,355,11692,12045,2210,4493,13303,13264,3600,4951,1470,9278

test suite390
bestAPFD:0.891276
bestSuite:5072,6544,4722,1620,7002,2279,6452,5588,3356,5450,10634,11434,10657,6285,11976,7958,8317,1655,8590,1153

test suite391
bestAPFD:0.890955
bestSuite:7087,5773,9489,1683,6608,5561,9016,7131,6144,6634,8229,4824,5008,12250,2230,9980,685,2944,1599,204

test suite392
bestAPFD:0.888795
bestSuite:5986,9055,5781,1137,7496,5204,1547,9668,6970,1637,7579,10592,13172,11293,9879,8664,3486,12077,2033,2595

test suite393
bestAPFD:0.903644
bestSuite:9251,5485,11778,9386,10977,6290,3091,67,6847,10970,673,1158,855,7405,12031,3635,925,5285,9127,10701

test suite394
bestAPFD:0.889691
bestSuite:5746,4143,950,655,5323,7075,4516,382,12949,6862,7015,5591,6187,7626,12085,10548,3819,11680,3523,707

test suite395
bestAPFD:0.907500
bestSuite:5628,1440,734,337,11873,8112,3676,7536,10492,3226,1703,11042,6353,2238,6681,848,9492,12872,6601,13239

test suite396
bestAPFD:0.867202
bestSuite:6995,8906,7864,15,4959,4054,1050,9141,8382,5080,7357,2249,11656,10835,3470,10780,7105,6567,10518,10457

test suite397
bestAPFD:0.887217
bestSuite:9908,1618,1107,4160,4931,8584,4259,11632,1517,11889,940,1248,13406,4607,225,4699,10317,7929,5942,4169

test suite398
bestAPFD:0.892032
bestSuite:10983,8353,6970,2862,5847,9818,6258,8166,8263,5616,9506,6933,6952,8683,325,10920,5936,10462,5785,5765

test suite399
bestAPFD:0.897228
bestSuite:1865,1493,3423,7818,1144,973,13187,1620,1332,7274,4234,9792,7688,12750,519,6000,1463,7327,4122,6460

test suite400
bestAPFD:0.906927
bestSuite:4483,45,8646,9192,5450,3561,6882,9613,4059,2655,2652,5574,763,5900,13290,1089,1451,3309,10859,13040

test suite401
bestAPFD:0.889396
bestSuite:6711,5020,13330,1040,6995,7594,5044,2711,8591,4611,3674,8334,8042,11071,3560,9529,10395,795,1677,54

test suite402
bestAPFD:0.885857
bestSuite:6650,1920,4189,6737,5141,2857,43,6078,13072,8001,3608,1614,9600,2819,4190,11409,4850,9748,2567,10183

test suite403
bestAPFD:0.900840
bestSuite:7271,900,5473,6806,4009,2108,3507,1427,7920,11237,7479,3482,4969,6786,6872,5362,1828,999,8941,8503

test suite404
bestAPFD:0.895420
bestSuite:1616,2577,51,12149,10380,8195,11353,1485,1254,1809,4662,2079,4202,11998,9254,9806,3130,12826,3213,5148

test suite405
bestAPFD:0.905792
bestSuite:9720,6484,11617,6574,11044,7892,12199,783,8460,6384,11564,12291,12416,2075,4377,11307,1920,5678,10671,3867

test suite406
bestAPFD:0.901145
bestSuite:3913,8357,1498,5435,11047,12008,9171,454,758,13521,2323,4222,1297,11771,12248,988,7496,10786,878,10004

test suite407
bestAPFD:0.889251
bestSuite:13119,7085,3420,12914,5533,3244,1209,4133,9067,778,10509,5249,11666,7488,8000,7262,11026,1593,11369,2853

test suite408
bestAPFD:0.887850
bestSuite:1978,9192,10972,2960,643,5354,6260,3528,2082,11303,8356,6492,9972,11855,6104,1776,12000,6006,13299,725

test suite409
bestAPFD:0.894574
bestSuite:7759,4858,3573,616,7418,11142,9614,2979,8928,1580,10467,3074,11093,11547,11465,4620,4669,879,3277,13250

test suite410
bestAPFD:0.874151
bestSuite:34,7995,13000,9504,11696,3734,3602,9051,8099,12744,7839,12556,3623,13190,10534,2860,2582,8465,4904,1949

test suite411
bestAPFD:0.900606
bestSuite:8226,11046,4370,7824,2121,9812,11122,8188,6942,6589,3853,12146,9419,9799,12087,11360,7636,10241,2485,10163

test suite412
bestAPFD:0.902908
bestSuite:11501,12312,5670,9331,12232,6711,10520,11946,8782,9125,13259,11823,4037,9286,13159,13479,7832,2316,10183,8543

test suite413
bestAPFD:0.897424
bestSuite:8904,8815,7148,12421,2196,9173,12540,12295,3406,4023,3998,5678,5399,10775,7402,4471,9444,4434,5856,7100

test suite414
bestAPFD:0.905584
bestSuite:1830,6026,8663,4991,9414,630,2573,13346,7674,5695,2993,1453,3765,3048,9613,2592,2851,6740,8075,5455

test suite415
bestAPFD:0.885718
bestSuite:8664,5000,2249,7212,8267,9761,2437,9912,3689,12970,3136,9489,10584,10487,1772,6217,10806,13436,10712,4570

test suite416
bestAPFD:0.899923
bestSuite:13043,823,5340,8083,4852,1998,10360,12629,11797,11985,11658,12753,10447,8876,11802,4789,9027,13488,6840,10109

test suite417
bestAPFD:0.887782
bestSuite:4290,9585,6644,2863,2322,1930,9260,9034,6374,7898,13522,8691,13047,4229,6969,11138,4324,1945,11170,5472

test suite418
bestAPFD:0.881056
bestSuite:9631,6323,5136,9882,4069,1889,8823,4937,7393,12613,3558,5602,6,10572,12363,815,450,3573,13282,1984

test suite419
bestAPFD:0.863822
bestSuite:4625,5048,4530,921,11242,3409,817,12935,3811,11677,800,12940,5501,4519,2147,9679,4627,12473,10589,9211

test suite420
bestAPFD:0.903586
bestSuite:5170,2274,13074,2996,6578,5127,6565,6004,8812,1399,3059,12920,11233,8465,10805,7841,9462,6288,10238,10101

test suite421
bestAPFD:0.902660
bestSuite:210,8919,5946,11508,1200,11943,13522,6662,5349,4843,12583,7887,1936,9783,5917,9793,11067,4944,7483,13132

test suite422
bestAPFD:0.906392
bestSuite:2315,13330,12251,8941,2542,6391,12921,500,7203,8488,8553,2091,2502,7270,5713,10516,4322,10164,9069,911

test suite423
bestAPFD:0.888423
bestSuite:5621,8723,7305,2963,11581,2304,12945,12447,9247,7154,10470,3226,6695,614,2913,3158,2729,3035,5708,2456

test suite424
bestAPFD:0.891570
bestSuite:9418,2900,100,7062,8191,3841,1631,166,12107,12072,5216,11164,5854,10858,13186,12071,12828,10709,4730,2093

test suite425
bestAPFD:0.909995
bestSuite:3050,6817,3725,4952,12381,588,9318,4794,11911,12101,1294,4134,7436,6955,11809,4867,1996,918,10796,10209

test suite426
bestAPFD:0.905541
bestSuite:6474,11584,11036,7418,4104,1963,11207,9991,4093,11812,8122,1009,5534,9646,396,12059,3334,10357,6830,5011

test suite427
bestAPFD:0.885098
bestSuite:5150,430,1088,6736,6936,13462,12306,4201,12303,7143,7685,9779,11466,12532,1476,2224,7288,3342,7433,9338

test suite428
bestAPFD:0.878183
bestSuite:11437,1289,6115,3675,1345,4885,4319,12679,13127,6061,8715,7017,4368,4949,7726,4751,12087,10751,10597,5645

test suite429
bestAPFD:0.901563
bestSuite:7535,4345,13069,11463,7240,6819,3454,8833,2392,10734,1058,6009,10043,5723,1178,13436,10249,4438,4887,498

test suite430
bestAPFD:0.893837
bestSuite:13392,6632,6972,2764,8098,10387,1959,12990,3889,4787,5504,8066,11419,12268,1265,4673,12943,9344,3441,8970

test suite431
bestAPFD:0.884990
bestSuite:5187,3605,1295,592,9647,10388,7298,9830,3224,702,8095,3672,9955,11388,11448,12146,2721,6310,10329,3825

test suite432
bestAPFD:0.876746
bestSuite:5344,5313,5048,12939,12457,1576,2650,8329,7677,8317,1891,841,7957,12379,10506,5252,5859,4861,11817,9081

test suite433
bestAPFD:0.905754
bestSuite:1992,4915,9947,9165,6949,9305,7416,7783,13015,11914,510,11832,496,2956,9468,11221,1366,7051,5124,5690

test suite434
bestAPFD:0.886932
bestSuite:1830,9021,6143,7798,2019,4637,2383,2173,13498,12757,11398,6782,8526,415,9374,312,10805,1553,3340,7288

test suite435
bestAPFD:0.902230
bestSuite:8326,10962,895,4491,6011,9956,5951,3542,833,3998,10133,11999,4934,11897,7724,4375,7463,435,12033,11856

test suite436
bestAPFD:0.894063
bestSuite:5313,5208,5618,9354,681,9403,13372,9158,7147,5518,4646,12540,12588,12543,12352,1359,13305,11204,3076,8796

test suite437
bestAPFD:0.893650
bestSuite:1527,3227,12145,2786,7320,4153,4105,13047,5245,9188,12566,8437,1686,8219,9678,2433,796,10540,8666,9469

test suite438
bestAPFD:0.893290
bestSuite:9635,2554,8665,4088,2667,9575,8013,11833,5109,7037,3866,5973,11815,12416,8924,5026,6547,11329,3042,10888

test suite439
bestAPFD:0.905241
bestSuite:7075,3687,3652,13356,1211,13325,11925,11681,218,3579,7324,13019,1490,3099,10692,5262,10467,3812,7256,2645

test suite440
bestAPFD:0.876901
bestSuite:73,1790,7008,9818,3276,10385,13373,1270,5877,8841,9373,9736,711,3568,10575,2575,7262,8947,6470,13359

test suite441
bestAPFD:0.901927
bestSuite:3952,4833,7824,2695,11448,2982,616,3841,5929,7773,11338,623,7232,1506,3559,5542,2677,11058,1969,1270

test suite442
bestAPFD:0.908091
bestSuite:1866,7776,8223,7147,13394,7101,6076,12531,5252,336,11007,11197,2029,3233,2858,303,8543,2934,9855,7940

test suite443
bestAPFD:0.884219
bestSuite:2734,4079,6610,6046,8276,9942,12386,12288,4192,13408,5569,9736,1214,12058,12834,3095,12185,12871,5584,10003

test suite444
bestAPFD:0.897771
bestSuite:9891,4344,8563,9990,2982,2873,6355,4592,3406,11763,3460,4936,11525,7906,6907,3303,9875,10703,4244,10081

test suite445
bestAPFD:0.896029
bestSuite:1161,9283,8141,2675,13121,11486,10362,3436,12254,7921,11905,4934,2297,11179,1575,2047,7105,8605,2902,10227

test suite446
bestAPFD:0.895480
bestSuite:5630,6586,12645,7864,5872,7765,10058,160,11579,5721,2008,7630,1797,9263,12814,1292,6902,9669,212,9449

test suite447
bestAPFD:0.886637
bestSuite:1690,5676,3472,2729,1172,8782,3562,4216,7558,2255,7411,10583,1519,6741,4351,12045,59,12569,13292,10018

test suite448
bestAPFD:0.908640
bestSuite:1045,9763,3275,4077,12142,4646,6326,11253,5319,2050,7672,6261,9402,9692,11151,3548,6455,5220,10694,3976

test suite449
bestAPFD:0.887178
bestSuite:8059,5799,4813,124,6066,2075,5748,9017,354,633,8927,11530,2402,13197,9894,673,1513,4369,6465,13244

test suite450
bestAPFD:0.884820
bestSuite:9558,8353,12356,4700,12935,888,8925,5620,10132,7715,514,1407,4312,12559,8243,5326,2855,3410,11359,13240

test suite451
bestAPFD:0.892266
bestSuite:7982,4325,390,9787,3516,13421,616,5533,798,5035,6512,10844,1588,11078,11648,5255,10808,11099,7100,10226

test suite452
bestAPFD:0.890688
bestSuite:13429,2879,396,2627,4359,2425,846,6016,11826,8248,7062,9745,7821,8473,2488,13183,2604,2851,9653,13233

test suite453
bestAPFD:0.893811
bestSuite:8707,5572,12717,4832,9146,11503,8019,1224,7407,12039,11369,556,9610,10746,9642,4443,4227,4214,645,13237

test suite454
bestAPFD:0.904025
bestSuite:2845,5510,5947,13433,1105,2152,5584,4815,8807,8998,12353,6473,12835,12240,7005,8215,9454,5239,5287,4836

test suite455
bestAPFD:0.902928
bestSuite:13031,5348,1806,3505,12991,6360,3158,2647,4857,7788,10616,7396,7629,8313,8523,472,6441,4560,3581,13246

test suite456
bestAPFD:0.904936
bestSuite:4001,9380,1811,11970,11632,5969,7655,5267,3693,7668,6088,12268,5962,4728,6900,9176,1726,6711,4039,3902

test suite457
bestAPFD:0.896875
bestSuite:1652,11873,5403,5584,6721,1129,6523,13099,9843,9379,9991,3538,12463,11143,7398,12235,1475,1290,3591,5472

test suite458
bestAPFD:0.894734
bestSuite:8563,3794,2265,763,11486,899,13433,11931,1804,4450,13332,5043,437,9600,8790,6129,3158,3615,10696,8253

test suite459
bestAPFD:0.908059
bestSuite:3952,6335,12114,9765,11129,42,11191,9489,11791,8355,5536,11036,3294,9845,9611,10637,5925,8211,3990,9446

test suite460
bestAPFD:0.875051
bestSuite:6614,8774,5440,697,9657,7768,4590,1199,12657,5091,12499,8984,10910,10900,9114,4751,11486,1293,11105,13476

test suite461
bestAPFD:0.905326
bestSuite:3206,2753,12263,2216,12769,6501,11868,5061,3941,4455,2572,5936,9270,13055,5228,1317,5612,2041,2934,10008

test suite462
bestAPFD:0.889709
bestSuite:7358,6387,285,4289,3605,6743,4735,773,10592,820,2181,11133,12065,10734,6322,2846,10781,8288,8654,8005

test suite463
bestAPFD:0.899800
bestSuite:7397,8749,6903,1035,12724,3220,10135,7149,8799,6034,9301,1497,2808,12786,6951,11902,889,7451,11920,10423

test suite464
bestAPFD:0.887461
bestSuite:4325,10968,9370,12332,3286,9834,3871,12106,10878,1940,10550,10564,1680,3501,9347,11374,6679,2884,2677,6654

test suite465
bestAPFD:0.867008
bestSuite:1045,9549,9620,687,3793,7217,7012,12899,2228,4982,4888,3900,8408,12259,8753,12116,12538,3615,4144,12168

test suite466
bestAPFD:0.887123
bestSuite:5628,5468,449,5019,8902,7346,5559,12620,2246,11239,4104,10524,9159,9137,11135,5132,10415,4360,9505,6527

test suite467
bestAPFD:0.896042
bestSuite:3516,1331,13506,8963,2694,12231,12668,12277,11554,83,1825,1962,862,3787,12901,11160,4391,11544,10777,3705

test suite468
bestAPFD:0.915604
bestSuite:11629,9949,6549,12661,3145,831,1265,11703,10147,6583,9293,2641,2834,10416,6889,1373,9329,649,2454,6958

test suite469
bestAPFD:0.885545
bestSuite:3144,12629,8775,3806,1321,4226,12389,6879,6829,4451,1251,1542,11951,5788,6487,6166,11813,13516,11466,10596

test suite470
bestAPFD:0.903279
bestSuite:6661,12511,12392,3142,15,8950,5,8160,4850,2531,10600,10542,4172,3603,9452,4847,2557,3224,343,10097

test suite471
bestAPFD:0.902503
bestSuite:5538,174,8352,8645,11243,7781,1614,5124,1977,3180,4732,1234,7716,12063,3140,1754,13444,12823,12065,10076

test suite472
bestAPFD:0.888173
bestSuite:11502,609,11020,5995,2924,6472,12903,4644,12266,230,2555,12207,4314,1077,7720,10496,3759,2583,3016,10400

test suite473
bestAPFD:0.904945
bestSuite:315,1980,4133,8189,12148,1813,5080,7795,6978,10931,7358,9560,10665,7705,10413,9096,2142,10846,662,10010

test suite474
bestAPFD:0.873969
bestSuite:126,10985,8223,9616,2072,4358,3115,3936,3091,7065,4232,1875,1169,13189,10783,147,10806,13385,2486,2856

test suite475
bestAPFD:0.886276
bestSuite:13380,2444,3066,2337,1453,5271,12534,10876,2952,6650,12236,10584,10425,8021,10640,4054,9866,12914,2344,3454

test suite476
bestAPFD:0.914980
bestSuite:1509,3446,5681,859,7155,4128,7607,3961,7312,2571,8706,12202,7830,9289,7455,929,9369,10662,5926,13464

test suite477
bestAPFD:0.915639
bestSuite:8608,13363,1847,3815,11868,3762,6407,11091,8537,4591,5497,1704,684,6464,11135,2932,2897,11213,5202,7425

test suite478
bestAPFD:0.893969
bestSuite:13090,5150,1839,8502,9294,9905,6566,7491,5795,11642,7926,4529,1324,9445,8895,11392,7069,12504,7451,5220

test suite479
bestAPFD:0.911718
bestSuite:11034,517,13222,13416,2022,12362,1736,2882,12568,9250,4893,11809,7352,1163,9359,6916,7625,11107,4683,7531

test suite480
bestAPFD:0.893485
bestSuite:7631,7230,6619,4380,12594,4453,617,3606,9165,12864,3127,9900,5256,11980,12620,10721,1492,7732,6181,3064

test suite481
bestAPFD:0.890527
bestSuite:9862,1137,9948,4538,11617,9937,4802,6829,5719,5717,10938,656,3438,11557,9408,10928,3664,10403,2142,10756

test suite482
bestAPFD:0.899010
bestSuite:3947,2244,4330,8109,2055,2597,7464,1797,12549,475,9367,9306,12017,8746,10283,1488,9472,4497,10524,4961

test suite483
bestAPFD:0.907022
bestSuite:9083,701,2870,9323,11510,10147,10138,7879,346,782,9958,2625,3496,9895,11017,1864,11347,13482,3419,10199

test suite484
bestAPFD:0.912382
bestSuite:3863,3125,9378,2226,5254,9102,10624,10584,10575,1598,9396,10474,10470,936,7203,4519,3883,3401,3263,10219

test suite485
bestAPFD:0.898093
bestSuite:2734,5852,12728,144,8948,13463,13121,3710,1613,6687,2559,5569,3212,3473,1065,12831,13276,8055,8200,5690

test suite486
bestAPFD:0.885415
bestSuite:7847,11828,8157,149,12583,10364,272,330,11518,9460,2801,7370,481,4028,6672,4229,4603,10454,7832,2316

test suite487
bestAPFD:0.904498
bestSuite:987,3698,2494,12252,13371,816,3432,1873,9898,8448,7638,11196,12673,4220,4064,3712,6093,10871,8899,8364

test suite488
bestAPFD:0.907031
bestSuite:11637,5247,3845,11131,6135,13433,3773,12540,12524,5777,3354,5551,3995,13484,13160,11669,4938,1297,8115,6204

test suite489
bestAPFD:0.906549
bestSuite:8841,4114,3969,4959,4914,6818,8390,4084,102,3173,10447,12685,7077,617,12157,11722,12423,5853,6645,10080

test suite490
bestAPFD:0.893743
bestSuite:7712,7798,5933,4990,4208,1973,11694,9291,11085,2159,7477,6019,1061,12520,8876,9582,1400,5780,6408,808

test suite491
bestAPFD:0.862936
bestSuite:8941,3477,3012,7546,8029,5489,5749,9409,2299,8909,575,12136,8564,12624,12393,3762,12021,11867,11186,7255

test suite492
bestAPFD:0.895280
bestSuite:5745,3462,7719,1920,12402,1767,2107,1552,13149,2714,2392,728,2801,11240,123,1777,12013,10032,9710,6835

test suite493
bestAPFD:0.902615
bestSuite:4349,3446,273,1967,1612,12687,9849,12110,8496,578,6027,11795,3949,3901,858,2640,2272,5947,6300,8570

test suite494
bestAPFD:0.887224
bestSuite:1866,4250,7364,5489,4018,6348,2122,4237,11594,2820,3675,13,12005,3456,8244,7854,10247,9779,13034,5116

test suite495
bestAPFD:0.891988
bestSuite:1877,170,4158,11515,1865,652,8834,12585,5635,6088,6942,12499,12371,4770,7157,4956,9335,1785,7032,7969

test suite496
bestAPFD:0.884408
bestSuite:12905,3413,3867,1165,2111,1241,2374,275,2538,7056,11655,13165,11520,3133,194,10336,3148,13292,5591,13227

test suite497
bestAPFD:0.896113
bestSuite:2079,1933,6816,12003,575,5946,3802,5980,8152,6544,2195,8788,12520,11929,10609,2999,7521,5758,7475,4144

test suite498
bestAPFD:0.917520
bestSuite:3654,5130,8353,6430,3709,8491,4845,8605,1609,9311,1706,2133,1583,11784,3735,12068,11280,2526,7066,7101

test suite499
bestAPFD:0.893115
bestSuite:1935,8709,11486,9521,9044,4135,12341,12560,6333,3756,6090,10529,5417,4127,9066,10050,5878,10741,3946,1203

test suite500
bestAPFD:0.881232
bestSuite:5240,10045,2439,2075,9856,672,4555,7580,8890,2853,1372,4082,11551,11981,7931,8255,5046,7400,6025,7225

