test suite1
bestAPFD:0.866279
bestSuite:3866,11883,8754,13393,8278,8221,2587,8495,8316,10938,12986,4592,9441,1207,12229,12464,2901,4782,5111,10743

test suite2
bestAPFD:0.861617
bestSuite:2175,8754,11970,13155,2018,2285,11717,1816,3579,12197,8210,7971,804,11807,13505,2101,13195,10475,6332,10110

test suite3
bestAPFD:0.892330
bestSuite:11627,8104,856,9032,9727,5913,12227,1852,5749,7346,2062,9243,12758,5283,1412,2192,7544,1569,12011,7596

test suite4
bestAPFD:0.856773
bestSuite:3865,12234,11344,9509,4175,912,5504,12457,149,5664,6669,3534,263,8439,4278,5739,293,4468,3509,8082

test suite5
bestAPFD:0.846394
bestSuite:12663,11688,6494,9452,187,2123,8336,7873,7059,3592,7061,12504,1237,12294,8537,9507,9839,9319,2519,13277

test suite6
bestAPFD:0.867328
bestSuite:11009,7598,4284,5042,949,4143,30,9077,12402,3650,5367,9488,392,2534,13257,10477,10640,922,7050,10748

test suite7
bestAPFD:0.844913
bestSuite:3739,4530,13117,5499,7080,5057,7363,4593,2589,12700,980,3934,13325,1444,7400,4834,13469,8631,10274,10725

test suite8
bestAPFD:0.845549
bestSuite:1540,1098,128,8984,11495,2802,2739,6001,1993,7410,7889,11849,4785,11674,7725,7444,12618,13292,6245,10175

test suite9
bestAPFD:0.866997
bestSuite:9607,5123,8585,3850,6101,9305,434,12897,11926,1699,1575,11504,3034,3238,10853,12833,6486,4942,6092,13281

test suite10
bestAPFD:0.884696
bestSuite:10972,4409,7596,10365,3371,7081,12516,5989,9022,6084,6321,9581,10755,8391,4913,11854,8997,1382,7906,10113

test suite11
bestAPFD:0.876225
bestSuite:11424,2865,3227,6567,8896,11137,8160,4902,3688,7316,9543,10823,8440,5414,10760,2463,10780,4148,20,10699

test suite12
bestAPFD:0.866653
bestSuite:6897,2837,5112,9056,5126,284,7794,2166,12517,10381,10542,12379,1554,7689,6547,6948,4560,10256,12866,3082

test suite13
bestAPFD:0.860344
bestSuite:5630,4549,8207,11563,8594,12369,9840,6230,3902,6505,6762,3295,3949,11784,5496,12651,9964,7227,12813,5857

test suite14
bestAPFD:0.866922
bestSuite:11437,11005,3885,5378,4531,236,1017,12920,2719,6956,6712,6435,6196,11141,605,4719,1755,12818,5865,13284

test suite15
bestAPFD:0.871287
bestSuite:5577,4250,13145,8691,561,12634,4445,12109,9910,11741,6829,663,1710,10478,9710,3572,671,10720,10187,10114

test suite16
bestAPFD:0.888971
bestSuite:9299,12441,7359,1468,4918,1135,7083,5082,13117,8714,77,1217,4182,1475,572,3213,10747,4301,3354,1594

test suite17
bestAPFD:0.867448
bestSuite:40,5517,4080,11516,2587,12550,11943,2443,6659,5586,5470,13002,4932,10776,352,924,1701,9351,9373,7568

test suite18
bestAPFD:0.875079
bestSuite:2366,2412,868,4236,2040,7921,12413,9583,9208,11785,13448,10777,10918,477,212,5021,6074,8066,8297,9004

test suite19
bestAPFD:0.878547
bestSuite:9346,5852,6188,1288,5237,6720,3556,519,8307,6598,8122,12656,9334,2773,6919,3995,4204,1033,3179,2383

test suite20
bestAPFD:0.871667
bestSuite:319,8563,11048,5764,3805,2376,3545,826,12768,901,7959,7252,10778,1738,1869,781,7950,11821,2535,2847

test suite21
bestAPFD:0.841469
bestSuite:3161,3375,5240,3838,5206,7167,6197,3082,12843,1707,11575,6703,1821,4651,782,11460,7322,10439,8324,6682

test suite22
bestAPFD:0.879633
bestSuite:3553,13042,2037,1735,7017,11681,813,10924,3842,2909,667,10482,1474,4699,12833,10929,6388,6364,5899,13244

test suite23
bestAPFD:0.847397
bestSuite:1860,3006,3114,3672,5011,8718,8540,8145,6007,2248,11158,9167,1066,8788,5973,2545,7898,1806,2584,5286

test suite24
bestAPFD:0.871270
bestSuite:11006,6155,6805,7003,4586,2117,3524,7797,6479,8076,3810,244,9861,11917,9246,9795,9924,10412,5851,10208

test suite25
bestAPFD:0.854386
bestSuite:4268,2949,4783,7188,4587,11670,2325,11813,8384,4426,12391,102,950,11950,10505,7302,12188,2519,11049,10469

test suite26
bestAPFD:0.865432
bestSuite:13311,5022,3698,441,11615,7895,12378,173,2920,8339,9799,4542,12005,1854,8351,8359,3945,12217,10932,10521

test suite27
bestAPFD:0.868627
bestSuite:4828,1808,12190,11395,9692,9830,2875,1165,8132,6660,12169,10909,12438,8317,12852,4033,10885,3772,3366,9932

test suite28
bestAPFD:0.864885
bestSuite:11483,4191,3692,4447,13382,9783,1326,6610,7425,9843,3606,9779,7873,6466,578,7853,10460,3613,8649,10099

test suite29
bestAPFD:0.860202
bestSuite:9885,11418,5334,5420,11844,12600,1639,8017,7744,8730,10126,1314,7792,13175,9636,13192,10783,8738,11175,10359

test suite30
bestAPFD:0.850472
bestSuite:1932,2338,5992,13411,4890,12142,13187,8491,2713,1271,8405,697,9570,12101,11263,10636,11192,8717,3810,10872

test suite31
bestAPFD:0.870904
bestSuite:1447,576,5482,11503,1360,12771,1445,1546,11125,7946,1279,3099,7000,13022,1870,1277,4880,10417,10303,2395

test suite32
bestAPFD:0.868109
bestSuite:1416,3866,12602,9065,7287,2962,9900,7485,4292,9061,2060,7325,7639,4864,13518,7370,12267,3441,4373,2488

test suite33
bestAPFD:0.846760
bestSuite:8479,12226,1554,4623,9673,13169,7297,2978,3896,8494,6515,3448,8637,3817,11680,11953,10736,11775,2894,10169

test suite34
bestAPFD:0.854266
bestSuite:522,12099,10994,2252,5960,325,8025,9597,6103,6408,1714,7404,5959,3577,9348,10481,10473,3099,1001,10065

test suite35
bestAPFD:0.859696
bestSuite:9620,8093,11128,11007,8195,2136,3740,11675,9549,12491,3776,5541,12556,8419,3280,11336,1065,10492,5414,2396

test suite36
bestAPFD:0.834853
bestSuite:13112,5723,3052,3280,2351,6714,6742,9242,1347,9235,3384,13356,4306,3533,1346,12510,4041,8732,5492,8288

test suite37
bestAPFD:0.851351
bestSuite:5519,9552,64,5985,13409,13401,12373,364,12198,11838,11543,144,3238,539,1648,13203,2269,11788,10293,13232

test suite38
bestAPFD:0.875171
bestSuite:7907,2564,8715,121,4928,3253,13385,13407,12535,4573,12730,12548,8183,6908,3361,4585,2345,329,10185,10074

test suite39
bestAPFD:0.839554
bestSuite:11414,6976,8532,1201,1452,1681,5477,13521,7127,12560,5370,7194,11224,1875,11534,11830,10392,12817,1738,3179

test suite40
bestAPFD:0.847451
bestSuite:5698,12006,3597,7055,2413,9013,8368,6428,4546,11180,4407,12807,12879,2539,3312,13409,13297,11169,7945,2754

test suite41
bestAPFD:0.897822
bestSuite:2267,1499,3711,3922,11195,9997,13010,56,9424,7883,13202,10955,11192,905,3357,3550,9267,5160,7384,10088

test suite42
bestAPFD:0.837243
bestSuite:6101,703,6944,6540,12670,3002,125,9041,816,12565,11843,12485,12294,3408,11650,11970,5572,9666,13281,4938

test suite43
bestAPFD:0.903237
bestSuite:1084,8497,5480,9473,7892,2469,9464,578,2636,11937,9986,11934,11851,8657,4416,7227,673,10406,10180,10118

test suite44
bestAPFD:0.876225
bestSuite:908,11043,12739,9847,3741,10362,9695,5193,11667,2707,1327,11731,9722,5177,1373,5254,9959,7575,7674,5343

test suite45
bestAPFD:0.860918
bestSuite:4922,128,3903,4458,12969,1719,9956,6822,4635,11582,7950,7503,5362,1912,4448,4826,9714,1886,9769,1756

test suite46
bestAPFD:0.873017
bestSuite:9123,4986,10135,8302,3377,11030,5102,5579,2718,12358,12156,3244,5836,10932,7287,5191,10847,8584,10416,2219

test suite47
bestAPFD:0.883166
bestSuite:5483,4167,7060,2816,7662,13116,3449,11092,12622,12883,1426,9989,1290,11671,12140,1991,12841,8828,5367,9818

test suite48
bestAPFD:0.828907
bestSuite:11426,12361,5265,11149,3308,5026,932,4672,765,5990,11586,10377,7442,6479,11294,10651,9622,11335,5232,3152

test suite49
bestAPFD:0.875000
bestSuite:2902,11397,8108,3728,730,3123,2347,12741,12165,724,7994,11813,12575,4989,10814,2916,87,8883,8152,3376

test suite50
bestAPFD:0.869792
bestSuite:701,5241,1702,12587,2099,6195,7581,12733,8124,3200,7489,11145,1893,6767,6440,2802,62,6741,6125,10022

test suite51
bestAPFD:0.863712
bestSuite:2134,1540,6609,2299,8111,7425,9255,4244,5058,12231,9507,6788,6732,2895,12527,11058,12876,4581,9290,10232

test suite52
bestAPFD:0.891023
bestSuite:6809,2958,11639,2422,3872,11310,2587,1897,40,4044,5667,7297,2163,4799,12254,2011,13271,1080,11355,10663

test suite53
bestAPFD:0.874290
bestSuite:9925,2673,8126,277,2313,11762,11384,9421,13522,4300,9996,5823,8389,2773,8084,11258,13280,7970,9883,13244

test suite54
bestAPFD:0.879407
bestSuite:11603,10137,4431,10129,9501,3925,9148,2537,4224,10597,11700,2749,9344,4849,8333,421,4089,5608,8277,144

test suite55
bestAPFD:0.846643
bestSuite:7824,2733,71,362,652,3394,9779,12929,10956,2874,8140,2128,11544,12495,10431,11388,1962,10419,10731,3907

test suite56
bestAPFD:0.863661
bestSuite:5948,658,12603,2064,11630,2988,3815,683,9114,5064,3485,12704,5447,11186,3801,8895,3709,3043,1328,1477

test suite57
bestAPFD:0.858220
bestSuite:3566,7284,7268,2031,354,7306,3475,8092,8460,8884,12316,13183,11299,10541,2492,5968,6168,9776,13300,10233

test suite58
bestAPFD:0.876487
bestSuite:11502,1150,5471,3196,2688,11120,2097,4688,6494,7392,10916,4052,9684,7797,10552,10481,549,9863,9911,9596

test suite59
bestAPFD:0.858552
bestSuite:445,3769,2379,4621,9296,11228,2307,9604,6826,11294,11980,12618,7619,2917,1172,13201,1565,11876,10271,5939

test suite60
bestAPFD:0.874398
bestSuite:3683,4170,8235,1867,3002,55,12158,9179,4339,9496,12225,11093,7883,2148,2428,916,7478,8197,10202,10182

test suite61
bestAPFD:0.853201
bestSuite:2126,11427,6160,1812,3464,8735,9114,12075,5004,9857,5892,12087,9728,1051,1217,13375,10596,10261,8588,12962

test suite62
bestAPFD:0.847156
bestSuite:12915,1907,2578,13103,8376,5141,2591,3649,4671,3637,11182,2339,3159,12505,12404,4494,8171,1168,265,10450

test suite63
bestAPFD:0.854325
bestSuite:5884,2203,1023,12770,13506,3900,12305,12613,10131,1126,13366,2150,11471,4216,10324,3156,6870,233,2410,2042

test suite64
bestAPFD:0.866975
bestSuite:2002,12365,3422,4500,9538,13411,9792,9976,12779,5504,7755,9420,12580,8280,11773,10128,1817,8249,179,5985

test suite65
bestAPFD:0.847101
bestSuite:3414,2745,236,4430,3381,12902,12359,1800,8900,12873,9525,11382,598,10883,10603,9689,3513,10,4109,10009

test suite66
bestAPFD:0.868922
bestSuite:8632,3375,4587,411,4486,2867,12217,3791,1816,2818,9877,4469,1210,12274,4458,1034,2186,9214,6127,10174

test suite67
bestAPFD:0.833039
bestSuite:6764,876,2133,5613,6560,4815,12214,13099,7577,12742,8671,12546,3237,3186,2523,11198,8323,8717,9945,10243

test suite68
bestAPFD:0.857923
bestSuite:5519,6136,2837,6999,3978,2854,8085,3707,4244,1261,1934,7972,11925,6096,9703,4015,3482,11724,3904,2806

test suite69
bestAPFD:0.859215
bestSuite:318,4435,12720,8278,326,1559,11125,5812,2042,9375,4589,1126,11001,4965,4280,13491,10341,11754,3204,10201

test suite70
bestAPFD:0.864550
bestSuite:11049,1257,10147,2422,7460,6412,11681,1937,4372,6839,12841,1289,8057,957,8386,7221,13203,3570,10697,746

test suite71
bestAPFD:0.870024
bestSuite:4009,9587,58,3316,3754,703,2028,12339,12797,12357,9928,2936,5302,10823,3007,9684,415,10576,4821,8414

test suite72
bestAPFD:0.859444
bestSuite:4137,10039,1900,7014,5447,11602,1789,969,461,5711,11497,5816,8790,13150,1043,3159,12139,813,8312,1696

test suite73
bestAPFD:0.870079
bestSuite:1084,189,6914,6428,9632,6255,7765,3630,12204,11953,3764,3894,7471,678,11449,1345,10898,5947,10874,2330

test suite74
bestAPFD:0.887860
bestSuite:287,9466,1639,3664,1129,8571,11095,4118,2463,620,2833,3000,9961,13267,4602,3916,3263,9220,795,9901

test suite75
bestAPFD:0.832652
bestSuite:8186,7113,4056,9513,3135,4689,225,12344,7603,11684,513,13408,6662,3077,11164,6883,10145,10425,1703,10757

test suite76
bestAPFD:0.868580
bestSuite:6967,9908,6657,7727,9236,5121,8719,9840,6584,9003,8588,4366,7525,2408,6992,2728,4177,8971,9454,10185

test suite77
bestAPFD:0.864392
bestSuite:7264,2602,5619,7812,7102,12472,5608,2494,2057,12101,12210,9233,11449,13009,11549,2290,5200,10758,1250,10239

test suite78
bestAPFD:0.866761
bestSuite:2197,8624,11433,9151,8476,6677,3371,1887,2266,2480,912,10051,11110,11773,3430,10618,6681,6858,10250,3148

test suite79
bestAPFD:0.861551
bestSuite:11491,10367,6117,3209,4536,6274,4573,3529,3312,2985,7759,8023,1688,13155,8083,12156,11352,10533,8945,2345

test suite80
bestAPFD:0.892466
bestSuite:8332,4744,7285,7914,8004,7247,7486,3454,5959,7119,6589,138,5074,11456,6785,9651,2922,6309,9566,10071

test suite81
bestAPFD:0.859024
bestSuite:12967,3938,4502,13363,4891,9909,1515,8948,3722,4517,13190,12490,6125,8656,8769,1530,2393,8011,10873,6605

test suite82
bestAPFD:0.862298
bestSuite:2300,4837,7098,1399,8516,8305,3159,11794,393,2591,6820,10374,7566,4926,5073,9730,3740,1695,10223,10106

test suite83
bestAPFD:0.878490
bestSuite:1901,6790,6012,12908,12236,249,101,5756,1232,7797,4255,6788,692,2078,1840,903,6465,4882,1234,9240

test suite84
bestAPFD:0.845282
bestSuite:389,12632,8931,8636,3008,3627,1647,7128,232,2379,12664,11576,11710,12188,7377,7929,11802,2981,5623,5374

test suite85
bestAPFD:0.853279
bestSuite:5233,2056,2392,12392,4676,739,12300,1758,7338,13067,12964,5489,5841,7736,2393,13160,10633,2200,8173,8717

test suite86
bestAPFD:0.855714
bestSuite:12654,7215,9715,7617,4005,4808,3491,4952,4794,2801,984,5375,1144,11774,11104,11193,8435,9861,13475,10986

test suite87
bestAPFD:0.860542
bestSuite:11016,7756,1321,2687,1620,4982,12736,5450,3444,5876,10136,3160,35,10621,3740,1030,7161,4438,9319,3800

test suite88
bestAPFD:0.860868
bestSuite:2435,4727,4740,3387,7667,8350,11561,4382,2685,11700,12488,369,2579,5404,5433,2894,12808,13126,8513,1826

test suite89
bestAPFD:0.855892
bestSuite:492,10048,13322,7176,13504,992,8297,7053,4889,1535,8100,6452,7989,9542,7660,7231,12870,7410,2959,10165

test suite90
bestAPFD:0.877100
bestSuite:3290,6995,8114,8747,5774,5514,6848,5970,12031,10727,1780,10584,9782,8046,11134,647,4481,13308,300,7680

test suite91
bestAPFD:0.850878
bestSuite:8233,3006,3879,3315,4425,12793,4262,2867,9443,7121,12642,9746,6252,2601,5650,8272,1868,10582,9188,4377

test suite92
bestAPFD:0.853876
bestSuite:2751,12602,12766,8695,6250,7836,4766,8581,3785,7441,6068,4680,7955,5252,8453,2697,1517,8450,3857,10981

test suite93
bestAPFD:0.873485
bestSuite:9673,1448,6959,5004,383,759,4187,10378,4874,12031,6306,13056,4765,10754,9612,692,7026,7831,10098,13228

test suite94
bestAPFD:0.835918
bestSuite:7264,8501,2352,1151,2842,3741,11001,8997,1694,1083,7452,1595,11525,8594,9823,11717,12300,6945,10457,5804

test suite95
bestAPFD:0.861624
bestSuite:814,6898,12459,9200,9391,3327,7886,12670,7769,12285,9460,7499,3272,742,3772,7214,5793,5565,13295,9127

test suite96
bestAPFD:0.859494
bestSuite:11491,10367,6176,3879,5471,760,8746,5050,4029,1684,8784,5697,11398,2011,12060,10940,3401,10655,4286,13267

test suite97
bestAPFD:0.846406
bestSuite:8236,12957,5755,11824,12761,8138,13196,12470,9568,5005,11555,1703,13448,3134,13298,1654,8892,5865,6955,4586

test suite98
bestAPFD:0.853376
bestSuite:1896,2037,3030,3420,5106,4079,8175,166,6535,5970,11078,6548,7581,4221,12554,310,10120,8473,9690,12823

test suite99
bestAPFD:0.886244
bestSuite:3866,11868,4321,206,3352,9029,1442,4348,186,9221,6890,12093,12733,6244,6502,823,4183,1165,795,8281

test suite100
bestAPFD:0.853291
bestSuite:5814,2635,9470,9222,4845,3055,5966,3070,11319,13367,5839,12068,11880,1580,11884,11328,4607,13436,9130,6837

test suite101
bestAPFD:0.854580
bestSuite:7704,6795,4583,3969,972,2152,9241,993,11018,12064,7469,5376,4486,9498,145,5857,12833,10715,6253,7184

test suite102
bestAPFD:0.846997
bestSuite:10967,1166,1849,2924,8579,1974,4436,12588,993,4569,11286,5018,9918,6845,10843,3712,8212,13452,2123,10187

test suite103
bestAPFD:0.847496
bestSuite:2943,6044,9628,2607,1240,5658,8643,2397,3764,5861,9770,2747,1280,3520,12740,10765,6047,3763,3001,13226

test suite104
bestAPFD:0.836830
bestSuite:5601,12149,5312,11842,5625,7849,4733,3925,2500,3030,5836,8583,13133,11640,12135,3354,10891,5198,2039,12813

test suite105
bestAPFD:0.867434
bestSuite:9505,261,11154,12291,4297,2670,6916,12327,8969,3085,377,6402,2262,12123,12203,2488,11870,2941,10278,4422

test suite106
bestAPFD:0.861980
bestSuite:1835,9547,3888,9007,5065,9098,2006,4187,3461,12585,4597,2984,5010,8297,10567,5019,4388,4591,13270,2277

test suite107
bestAPFD:0.869534
bestSuite:13391,2300,5265,11638,6210,9505,12414,3752,1086,8533,9,9591,12035,2931,6392,12844,608,10197,10192,10084

test suite108
bestAPFD:0.879341
bestSuite:4016,8540,14,1423,3865,9915,5517,459,40,11564,8385,3893,1470,8171,8037,4141,1919,8120,10873,9211

test suite109
bestAPFD:0.857253
bestSuite:566,8375,7812,3726,9230,8325,11504,12020,12926,5495,12048,2148,11061,10801,1740,161,7459,10654,5349,9140

test suite110
bestAPFD:0.874369
bestSuite:11519,256,12439,9172,13359,6115,3766,11984,1402,12556,12614,11561,10261,6587,6934,10043,2431,2614,8937,13251

test suite111
bestAPFD:0.886495
bestSuite:1084,9763,5222,11656,11850,8332,6129,2509,8843,9497,795,12187,11083,11448,5154,5260,2408,13495,13449,4049

test suite112
bestAPFD:0.855503
bestSuite:12478,1847,12891,7044,8642,2820,1629,1050,10963,12389,2553,6348,5864,4341,3557,5370,5048,3928,8794,2278

test suite113
bestAPFD:0.866267
bestSuite:3457,4549,5964,381,12195,6186,3495,9983,9285,7912,11706,11087,9893,12016,7656,8099,11758,4300,6214,6888

test suite114
bestAPFD:0.864147
bestSuite:3855,13066,11764,3806,4057,9090,11608,735,5566,2141,11673,12937,6499,7324,9527,3474,8755,3715,9628,9738

test suite115
bestAPFD:0.864932
bestSuite:7520,18,597,12796,5960,8616,11652,11679,1184,8843,10523,8248,12309,8686,7315,6006,1138,10701,10696,1467

test suite116
bestAPFD:0.823706
bestSuite:9795,13519,5193,611,6229,3776,13367,9120,8731,10996,12085,3696,11693,13166,10843,12526,10854,7531,4181,10173

test suite117
bestAPFD:0.863450
bestSuite:4891,6707,12330,538,4678,6317,834,9555,9958,8274,7292,12448,10910,5529,7016,9604,1147,12697,6499,849

test suite118
bestAPFD:0.879461
bestSuite:3850,1113,9931,11719,6591,3860,11284,1011,7258,8437,6226,8239,11347,4953,1785,9216,10259,390,8628,13250

test suite119
bestAPFD:0.852676
bestSuite:9322,5020,9666,11075,430,12883,10039,5716,7692,7622,12732,10463,11391,12290,10802,2555,9208,3643,8722,10073

test suite120
bestAPFD:0.847934
bestSuite:5802,2836,9936,1709,9280,7984,6604,8089,13099,9902,5979,568,629,4845,1501,4301,2744,13128,2932,10749

test suite121
bestAPFD:0.863065
bestSuite:2994,7002,646,6575,4605,1494,6230,6312,1535,7023,3335,5816,11829,13319,2488,12530,5754,11287,3586,9845

test suite122
bestAPFD:0.867403
bestSuite:2995,6557,4171,4255,1976,12344,3965,12705,4141,2153,399,2693,11958,7717,10563,7125,8451,1008,7214,13488

test suite123
bestAPFD:0.856294
bestSuite:11422,364,9883,11759,4884,12587,9130,8085,6882,11582,2609,6364,11469,2969,1493,13306,10510,11257,2,12962

test suite124
bestAPFD:0.910455
bestSuite:1289,12152,7658,5687,2793,1582,8130,993,13318,3996,10916,1954,9991,8513,10913,2833,6214,8111,8767,410

test suite125
bestAPFD:0.876473
bestSuite:5698,4332,7395,1807,1960,7359,381,7375,11666,9867,3804,6767,10882,3466,5339,11350,5145,4362,9767,3272

test suite126
bestAPFD:0.859105
bestSuite:11013,356,13395,9432,1362,8950,8466,7765,11931,4666,6373,1795,190,4843,8105,12754,3471,11114,8810,1549

test suite127
bestAPFD:0.854652
bestSuite:8651,6588,12417,5739,8111,12542,12167,12687,7017,1705,7173,2846,8665,3820,8508,5052,10641,5070,8218,8131

test suite128
bestAPFD:0.856732
bestSuite:5151,2211,13431,12711,14,938,7229,9020,11787,5647,8471,3940,11651,9569,9243,13092,9143,1482,5930,9949

test suite129
bestAPFD:0.871813
bestSuite:12475,4268,4496,7904,9724,2529,8415,418,6405,8048,8796,12479,2752,4460,3087,12820,13401,8945,5593,10175

test suite130
bestAPFD:0.844727
bestSuite:8233,8091,5171,13373,2970,5061,560,40,2275,5050,3098,3176,5103,11236,11983,10589,5582,5562,1220,8461

test suite131
bestAPFD:0.865134
bestSuite:2051,8481,513,12965,11850,9138,6779,7865,4370,4118,11209,6670,1490,3977,4030,12869,6144,5017,7499,1696

test suite132
bestAPFD:0.876058
bestSuite:4639,6031,2958,12895,4411,428,6148,282,2663,4738,163,6810,9207,9526,2153,12619,8537,2314,11453,8442

test suite133
bestAPFD:0.867120
bestSuite:8789,11048,12788,7465,1974,7424,1284,3343,7398,9540,1444,7594,7456,8903,12894,11903,11645,8787,7273,234

test suite134
bestAPFD:0.863640
bestSuite:8271,3254,704,5434,7571,9517,4411,12497,5311,11582,5227,549,6501,3050,11091,5156,1189,5888,4781,13247

test suite135
bestAPFD:0.855269
bestSuite:1987,2024,13399,4250,7831,85,6328,11041,5454,3875,12760,7165,7435,7163,10934,8858,679,4642,10676,9837

test suite136
bestAPFD:0.866260
bestSuite:8622,11778,13510,12125,7126,8756,1383,9780,9447,5573,3828,11457,1221,12583,12829,10831,1545,4074,2418,2556

test suite137
bestAPFD:0.871810
bestSuite:8929,2061,9812,11594,6249,117,3191,4734,6876,7306,6666,12537,3078,11674,5812,5701,7000,10955,3403,7032

test suite138
bestAPFD:0.872669
bestSuite:11027,7658,13430,8694,9230,778,8336,4035,4614,3663,11024,8440,9937,233,11352,7039,490,3158,8970,9652

test suite139
bestAPFD:0.846462
bestSuite:12461,6050,145,8117,9035,4059,4655,6986,6535,8967,4452,12697,2967,2827,1607,312,2349,1814,10303,3148

test suite140
bestAPFD:0.867960
bestSuite:13046,4176,3342,9571,9021,6394,462,6707,1088,5319,7293,10867,237,2825,922,948,8812,1285,3887,10234

test suite141
bestAPFD:0.877110
bestSuite:12458,13509,6349,4117,7106,121,12751,4741,4272,849,789,11130,9592,7505,6712,11226,10568,10638,1863,10238

test suite142
bestAPFD:0.839330
bestSuite:8663,4334,8817,9043,3764,5132,7557,11622,9709,8988,5632,1156,12287,11842,7028,12736,9595,9994,2731,13407

test suite143
bestAPFD:0.845268
bestSuite:9123,8454,6079,9541,7481,1532,6392,4580,10035,8588,13013,3245,3146,7744,3826,2651,11018,1674,5122,10463

test suite144
bestAPFD:0.854794
bestSuite:7397,1811,5011,3330,13352,6807,11504,585,3511,6234,12713,8440,1545,2064,2727,11533,10792,1032,13464,3181

test suite145
bestAPFD:0.863355
bestSuite:4948,6339,8952,5305,5420,5463,11008,7509,1928,7537,9588,6612,5603,3744,9488,10052,915,12178,12101,913

test suite146
bestAPFD:0.858333
bestSuite:4268,9387,9099,9157,5974,6278,4224,111,7024,7663,6708,9750,8809,4887,8268,2977,12298,10873,10327,4631

test suite147
bestAPFD:0.884931
bestSuite:9229,12103,6012,8645,274,2786,5290,9800,8677,11927,7350,6975,193,5380,2878,9563,2275,9782,3226,2189

test suite148
bestAPFD:0.878183
bestSuite:3479,3850,11605,2549,5782,7818,9047,9288,7204,13019,1659,11142,5819,11655,12339,8864,6014,5705,8183,2585

test suite149
bestAPFD:0.863964
bestSuite:4658,5519,6994,11261,2871,6817,6160,12663,12638,12717,1335,1359,11552,4063,3345,7369,4272,3426,1777,1984

test suite150
bestAPFD:0.859954
bestSuite:9435,1874,935,6238,4030,6390,3694,8868,13144,4878,12727,9586,12200,6585,796,214,10561,5462,6775,7994

test suite151
bestAPFD:0.874038
bestSuite:5915,5171,3367,9442,4727,9309,2157,6408,11922,9646,4847,1996,7108,9738,9270,3618,4452,7580,6386,10329

test suite152
bestAPFD:0.895462
bestSuite:2051,6220,12926,12889,375,214,1523,1496,10463,4533,3839,9671,5775,9937,7623,5975,3638,9141,5599,10157

test suite153
bestAPFD:0.860801
bestSuite:2896,11808,2403,445,6657,12313,12289,3940,12937,13434,7404,5615,4590,6942,6461,6125,12532,8286,13486,10112

test suite154
bestAPFD:0.870764
bestSuite:4817,11517,6271,4574,6171,3659,4197,4004,11081,1248,11797,809,8595,13185,6950,3219,152,10594,3043,7433

test suite155
bestAPFD:0.853982
bestSuite:512,1258,5536,3347,7463,11988,9047,3013,12689,8836,7169,8535,8769,1523,4742,12810,1350,6888,8266,10226

test suite156
bestAPFD:0.853381
bestSuite:7620,2253,1321,1555,7837,3160,11843,4647,589,6133,1422,10369,2506,10566,4902,2046,6299,448,7225,10983

test suite157
bestAPFD:0.865258
bestSuite:9432,4915,2359,4828,9903,628,9719,3968,6590,7499,11106,8859,5083,12352,12761,3759,10921,8461,11939,11322

test suite158
bestAPFD:0.840968
bestSuite:197,12881,2607,3571,1848,6459,6629,2032,9777,6222,560,11596,8842,1232,1822,12196,9334,6492,7920,587

test suite159
bestAPFD:0.868075
bestSuite:2533,10035,13395,2507,11970,6400,483,3830,13347,9889,3272,9809,172,7482,3369,6340,3812,8699,7115,2065

test suite160
bestAPFD:0.854470
bestSuite:8321,5769,8486,8837,7460,7360,11692,1120,571,12464,2881,12296,3576,12871,7644,12806,10589,10507,4704,7434

test suite161
bestAPFD:0.840872
bestSuite:5163,6216,13053,11047,7814,5779,11675,5003,892,1116,7057,5062,12312,713,3943,10835,11251,9063,13259,10828

test suite162
bestAPFD:0.867942
bestSuite:778,12044,6695,5360,8595,3986,5584,9927,13513,2230,10552,5861,3298,5028,5749,9415,13205,3441,1826,4160

test suite163
bestAPFD:0.873754
bestSuite:5423,7857,2386,12795,2131,12789,12718,9994,1400,984,10486,9279,10850,3635,4680,5886,10717,8,1760,4881

test suite164
bestAPFD:0.867003
bestSuite:8422,1395,8037,7820,11014,3959,13024,8738,146,6744,9505,1952,11303,8812,3671,3727,253,7567,13494,12838

test suite165
bestAPFD:0.877000
bestSuite:9170,8601,6450,9844,11929,1099,12075,3458,5545,1487,11058,13212,6919,13149,10728,9265,11726,6961,10858,6700

test suite166
bestAPFD:0.875164
bestSuite:8237,1640,3637,2537,4580,6707,7467,6130,10851,1767,6470,3722,10648,6006,5583,5185,8032,9178,2265,7109

test suite167
bestAPFD:0.843664
bestSuite:34,5229,2385,6272,5219,1036,4588,4599,13147,5951,11651,8086,4445,4914,191,12506,3445,10907,12298,1534

test suite168
bestAPFD:0.875310
bestSuite:4321,9559,4329,4404,11860,1813,7710,11704,8652,3577,1883,867,10435,9109,9074,2097,12822,10282,5803,10320

test suite169
bestAPFD:0.864092
bestSuite:4191,11040,9300,8036,6295,5938,1815,9043,13406,3078,6756,9314,10145,8416,7005,10587,3920,3961,8204,11321

test suite170
bestAPFD:0.895475
bestSuite:8190,5101,10997,12970,12377,7955,5978,1750,715,1047,1485,571,164,2125,10402,10396,1496,929,10117,13253

test suite171
bestAPFD:0.890782
bestSuite:3300,4753,12787,5253,2014,8529,8201,6502,1228,11258,1924,2115,3973,12516,4011,2855,1235,2178,8026,10115

test suite172
bestAPFD:0.865635
bestSuite:5282,9055,7254,2725,5486,8694,975,4643,1394,3062,12402,238,7814,7862,7656,11900,7651,10868,1615,4497

test suite173
bestAPFD:0.874854
bestSuite:6894,4332,8664,4597,4054,6297,2908,9966,9634,5865,7997,9181,11459,9206,5951,1501,11934,12579,10388,4811

test suite174
bestAPFD:0.860919
bestSuite:3137,8310,3543,2332,6365,13394,5834,3464,3742,2742,9604,4033,7090,3816,2254,12353,513,3993,1137,11991

test suite175
bestAPFD:0.850310
bestSuite:6869,4915,340,8838,3122,630,1009,11984,3450,12888,8319,9102,7580,8937,6166,892,3308,3358,10700,8538

test suite176
bestAPFD:0.859808
bestSuite:856,10962,2615,12409,4484,997,229,5353,6444,1002,5785,5504,7151,12143,7257,10943,7200,7388,13484,7184

test suite177
bestAPFD:0.852183
bestSuite:9807,899,332,3497,12378,11853,13521,8112,3384,11141,8389,11541,11326,4273,11252,7849,12824,6742,3167,11047

test suite178
bestAPFD:0.881107
bestSuite:11492,13105,3535,3928,4358,5967,9999,1343,8544,7566,8466,13212,6222,6164,7769,9524,11731,378,5580,4033

test suite179
bestAPFD:0.872885
bestSuite:10967,2741,5876,6448,3830,6410,10376,1783,11932,12359,12994,12370,6963,8773,13346,1591,442,7611,9023,8436

test suite180
bestAPFD:0.884217
bestSuite:2943,5331,8861,11508,6255,2867,9046,8066,4068,8223,3056,4562,1052,4441,573,8423,2508,1620,6345,839

test suite181
bestAPFD:0.859621
bestSuite:9094,8035,9079,11450,9787,6224,4858,11661,7072,2224,13478,6000,7619,3661,10769,2129,11213,9961,10177,378

test suite182
bestAPFD:0.846764
bestSuite:602,4197,3949,4889,763,2020,9267,11030,11672,6435,7835,1665,532,5498,10767,10649,1785,2306,1450,7090

test suite183
bestAPFD:0.849745
bestSuite:660,10380,5967,3346,6281,12350,2754,7782,8369,11518,6314,11462,847,484,5636,8477,7527,11232,7150,10787

test suite184
bestAPFD:0.854235
bestSuite:9121,1380,2807,2472,2504,6222,11578,3389,13470,13181,5065,13415,2130,3992,7047,13493,4234,7929,10894,10018

test suite185
bestAPFD:0.890514
bestSuite:11016,1734,1408,1515,6734,11820,11830,12976,11881,10798,233,9402,8937,11195,2266,1452,2576,3220,12850,3223

test suite186
bestAPFD:0.865447
bestSuite:4211,11433,6206,6816,3231,9270,9494,6974,13374,13171,335,5011,8641,5857,6743,5678,10647,11752,5872,13242

test suite187
bestAPFD:0.862334
bestSuite:10139,12517,11896,13520,12053,4578,7297,9094,7634,2382,9085,10879,4883,4651,9253,1,7738,10827,10244,7216

test suite188
bestAPFD:0.865605
bestSuite:2487,1946,530,243,3151,1218,13403,9765,6591,2922,4176,5033,12849,567,3172,1086,5037,3548,10237,11856

test suite189
bestAPFD:0.878311
bestSuite:7982,358,12914,824,5183,7656,761,6336,3416,4136,11380,11205,4656,10545,1334,1687,8703,9033,1176,7278

test suite190
bestAPFD:0.892150
bestSuite:1212,3300,808,6956,2343,12539,11676,7580,2780,2123,815,2471,11015,763,5875,3683,7715,6955,17,4300

test suite191
bestAPFD:0.859878
bestSuite:5443,384,7504,12217,12681,2442,5796,722,9167,4058,8,9692,11742,2289,667,7455,10641,11186,2110,6480

test suite192
bestAPFD:0.868759
bestSuite:7817,10968,6438,8119,11234,6633,11075,5155,13518,3499,13193,9206,3839,7578,5342,11732,3676,10599,361,12021

test suite193
bestAPFD:0.887825
bestSuite:4911,9888,8189,7140,5058,11291,12233,2068,5329,590,10425,12317,2868,1924,6027,3363,9845,10219,7031,2264

test suite194
bestAPFD:0.880638
bestSuite:5546,13349,11137,2540,9893,6349,2826,11641,6670,547,1470,10611,1017,9701,8772,2498,6063,10701,3073,10737

test suite195
bestAPFD:0.848282
bestSuite:4000,9438,3669,5618,975,9675,9774,8,11960,9263,587,7159,12455,9483,5564,10550,9178,1144,1981,700

test suite196
bestAPFD:0.851964
bestSuite:13119,6667,222,11422,2416,12937,7286,3027,7512,1023,7105,10617,1449,9339,5252,9141,4877,12879,2445,8737

test suite197
bestAPFD:0.854781
bestSuite:2900,5396,2444,1963,9571,11846,2321,9142,10386,11662,1351,3278,13132,7078,8654,6607,7671,9814,8513,832

test suite198
bestAPFD:0.881894
bestSuite:6075,2633,1860,8063,8265,4072,11965,1247,5096,6516,4140,6135,1617,7428,1182,10630,11379,3797,10410,10018

test suite199
bestAPFD:0.882178
bestSuite:8012,4337,919,12591,5890,9980,13365,12638,1674,11823,6007,4608,10803,2664,3796,6621,1647,10468,9865,6958

test suite200
bestAPFD:0.870238
bestSuite:403,8438,2079,13392,2312,8702,131,5813,7031,309,8637,5087,9241,1975,1449,2996,11149,13501,4545,10201

test suite201
bestAPFD:0.857887
bestSuite:12979,7550,9619,1493,4427,10980,12441,1497,3603,200,9528,410,8649,9611,5795,8551,6893,5649,10310,10895

test suite202
bestAPFD:0.845570
bestSuite:8479,11023,11340,2491,1284,6210,1309,8204,9540,10506,10486,8676,10433,10477,1651,3630,2890,5946,5139,10758

test suite203
bestAPFD:0.852106
bestSuite:1885,5568,7436,1573,12088,587,2168,5296,7168,10375,4408,6076,2947,7221,13442,11744,7669,10844,2901,5279

test suite204
bestAPFD:0.871566
bestSuite:3001,6639,5714,8503,2694,7379,4553,3421,7946,11359,9841,7960,10382,11730,151,3581,10893,4204,271,10024

test suite205
bestAPFD:0.861178
bestSuite:8242,8964,1238,11633,9901,5693,2507,12562,7894,11595,11799,9123,9321,303,1972,10917,5744,4853,10779,10007

test suite206
bestAPFD:0.870166
bestSuite:1605,8527,5388,4252,1919,4537,5426,7930,2750,4421,5564,5646,2344,473,656,11786,677,2901,8744,10220

test suite207
bestAPFD:0.846782
bestSuite:11515,3210,2542,12432,9834,4095,1547,12176,3721,3333,11207,1751,9476,11517,12735,6831,3917,3650,3302,13234

test suite208
bestAPFD:0.834867
bestSuite:9340,13377,11499,1622,1010,6914,2564,8705,9674,7435,3383,8665,4265,13158,10444,12260,11837,3565,8250,4424

test suite209
bestAPFD:0.850704
bestSuite:7525,9599,6355,8614,3628,5647,227,225,3085,176,11459,10833,5068,1271,11338,716,450,1137,10692,10332

test suite210
bestAPFD:0.856591
bestSuite:5513,4114,13105,1197,8707,7888,12709,1678,5415,6197,646,11643,5557,3916,11740,8732,7040,3857,4724,610

test suite211
bestAPFD:0.876184
bestSuite:7968,1380,9346,2323,8129,6924,4567,1304,794,11283,4368,8048,4143,151,8802,8198,13209,10837,12298,9186

test suite212
bestAPFD:0.854969
bestSuite:1292,12026,8086,9158,6531,6877,12369,1765,7456,2394,1788,4366,10898,733,1782,10880,11753,12465,10677,10864

test suite213
bestAPFD:0.869310
bestSuite:11423,1874,8103,8896,1957,1174,7381,12411,5276,1118,5688,8742,2371,5887,11321,6505,1185,2413,1094,11979

test suite214
bestAPFD:0.859279
bestSuite:13342,3038,758,316,9945,5916,7003,1215,6254,2399,12085,9618,4905,4666,276,11117,4559,8726,10308,10178

test suite215
bestAPFD:0.840339
bestSuite:7030,3187,6578,8972,8765,12767,8006,9958,5283,5156,6963,10569,12855,10861,12879,2129,10170,10733,10112,6988

test suite216
bestAPFD:0.864377
bestSuite:2448,7099,1273,13032,10983,226,11457,7610,12294,6316,12194,8399,8157,5180,10871,13217,10693,13268,8737,3582

test suite217
bestAPFD:0.878183
bestSuite:505,6921,6910,11567,4420,12140,8855,5168,8356,1420,7070,10478,4914,7830,8757,9819,12803,5919,5207,2089

test suite218
bestAPFD:0.865957
bestSuite:5698,11569,12396,1955,10146,9966,3379,11601,4199,2010,10937,13183,1248,11618,6375,3825,2701,10434,4134,5080

test suite219
bestAPFD:0.874694
bestSuite:13380,6824,6404,3999,11868,8724,12621,6177,3460,9544,10494,12065,10144,12935,11252,10349,5484,8005,12981,8935

test suite220
bestAPFD:0.878804
bestSuite:3517,12910,2472,11043,2869,7784,3313,3822,10377,9754,10582,5205,8604,11734,12111,3235,10815,6945,3743,9828

test suite221
bestAPFD:0.882290
bestSuite:9694,1015,13116,4864,8499,2530,1897,8006,5927,6064,1824,6165,10647,10633,13301,2372,7389,10725,8259,1279

test suite222
bestAPFD:0.866667
bestSuite:13027,6356,3505,12044,7993,1976,7452,1116,7889,13407,4217,2853,12566,12101,9261,7083,7576,8213,2821,9104

test suite223
bestAPFD:0.877578
bestSuite:8366,7751,1557,9526,12044,12620,12358,1555,6978,438,12929,1494,1775,9942,11078,2940,1242,1074,338,4975

test suite224
bestAPFD:0.888825
bestSuite:5379,13420,11250,2399,8200,4095,6392,8372,9254,3623,8390,7521,6568,7068,7408,329,7094,10190,228,367

test suite225
bestAPFD:0.862078
bestSuite:6556,12383,7758,12340,8220,12932,13143,10051,9463,7441,2247,9134,1490,6169,2304,1350,642,11958,7664,956

test suite226
bestAPFD:0.883249
bestSuite:1016,4114,7122,6692,2225,32,1856,3079,6278,6099,11377,5951,1178,8518,1163,7859,3581,2016,1000,7544

test suite227
bestAPFD:0.869251
bestSuite:5574,5106,8791,12470,1739,6674,6501,11548,3211,7887,5034,3064,9637,9053,1640,2059,13217,3234,5100,10394

test suite228
bestAPFD:0.866972
bestSuite:2882,13341,9515,6,5634,7761,12231,2895,5131,3733,3009,12609,8281,6610,11977,9324,4581,4548,1075,4272

test suite229
bestAPFD:0.881269
bestSuite:4625,8789,6407,3702,6333,6066,8522,5489,9240,7411,2226,6863,4336,7671,11871,11249,11530,12848,13267,10084

test suite230
bestAPFD:0.846930
bestSuite:3264,7148,11621,4240,8664,9815,1610,12147,9247,6385,805,10143,3860,11160,10626,6191,10560,8875,60,725

test suite231
bestAPFD:0.866163
bestSuite:9891,4457,4325,7135,11610,12911,9832,6501,10944,10565,9369,10719,10893,6952,4126,945,8812,13266,173,10215

test suite232
bestAPFD:0.878033
bestSuite:2073,5020,9980,3345,5134,4821,730,9061,9582,4854,8173,9989,5373,834,435,450,4412,2717,2071,10107

test suite233
bestAPFD:0.859554
bestSuite:9949,8076,4253,3763,9644,3592,1456,8148,4358,5489,4207,2008,5632,8803,4480,9591,10504,8792,2969,3051

test suite234
bestAPFD:0.867217
bestSuite:13018,709,2695,9349,6226,7047,555,4053,8126,11077,12440,3733,11957,7971,10262,9257,4387,6241,5581,4165

test suite235
bestAPFD:0.854394
bestSuite:7264,4185,2621,7790,285,885,10949,2021,1180,6089,2009,6221,12773,11922,1229,12440,5221,10681,2502,10167

test suite236
bestAPFD:0.847321
bestSuite:1137,13158,11004,1284,12344,7845,1897,1692,8826,11463,12031,727,6194,12477,1928,10600,10895,2473,4008,12258

test suite237
bestAPFD:0.865459
bestSuite:3926,2178,11734,8336,8872,6231,1612,5593,9546,9510,9233,12066,5807,9877,11547,12980,491,496,3862,9949

test suite238
bestAPFD:0.874659
bestSuite:2092,12955,173,2156,11037,1664,2971,13504,6355,6455,9276,5082,6227,3728,7419,8255,6801,10864,677,10003

test suite239
bestAPFD:0.865469
bestSuite:8527,4380,8149,10966,7080,6495,9674,2243,12499,6862,8788,10126,7067,7009,5616,8429,10872,4926,2917,10672

test suite240
bestAPFD:0.881878
bestSuite:9891,9284,8567,11675,4449,990,8437,9582,1122,12158,10607,118,11715,4755,7039,2708,1752,3320,9315,3661

test suite241
bestAPFD:0.843974
bestSuite:5969,4329,207,7080,8371,12605,2812,9054,11979,6420,12963,9142,39,12840,7315,10867,10879,13437,10869,10230

test suite242
bestAPFD:0.883966
bestSuite:107,5611,5241,6206,8584,1387,9242,7357,8922,7753,2212,8990,11785,918,1154,6381,185,10953,6417,12024

test suite243
bestAPFD:0.874611
bestSuite:4524,1874,206,1417,11035,11588,6262,6912,2311,9428,4222,705,11664,8333,9497,11135,5583,7494,3277,2728

test suite244
bestAPFD:0.862417
bestSuite:533,7167,5292,6563,12617,669,8061,12167,12526,3471,2443,3975,11784,6343,11007,13486,6844,450,1696,7462

test suite245
bestAPFD:0.851930
bestSuite:9908,12385,11911,3188,449,5137,1796,5289,12613,2184,2473,9241,202,3990,5560,4643,10495,10415,10511,13478

test suite246
bestAPFD:0.846986
bestSuite:7699,5338,395,196,8842,6489,8347,5653,12265,6198,3980,2246,5599,10870,11695,11409,504,2929,4770,2681

test suite247
bestAPFD:0.859796
bestSuite:8635,7916,11706,3730,2034,4654,4857,11787,65,8718,1101,8108,2614,9552,520,1986,10288,8121,12867,1827

test suite248
bestAPFD:0.877983
bestSuite:11635,10965,8275,8814,6911,2985,8386,13512,4051,11792,12285,2266,5861,6224,13299,2269,12875,10278,11731,3393

test suite249
bestAPFD:0.852451
bestSuite:1353,5906,3175,7686,11657,11988,8569,12158,12601,11520,11980,5518,7174,7862,8871,968,1279,7698,4629,7384

test suite250
bestAPFD:0.862405
bestSuite:5170,203,3346,1385,4046,7551,6296,11965,4195,5736,471,12084,10918,11160,12133,4814,9735,10269,6866,10116

test suite251
bestAPFD:0.872933
bestSuite:13118,8931,13519,7181,204,2505,5223,998,221,931,8079,1105,5887,11277,7424,1522,7021,12073,6807,8966

test suite252
bestAPFD:0.886939
bestSuite:4005,2098,4915,5308,7876,6503,9252,6210,4740,3326,694,890,1211,7344,1604,12848,5638,8473,9576,2016

test suite253
bestAPFD:0.863050
bestSuite:10989,4971,6734,4406,11614,7467,12664,12746,2063,11296,796,7455,9104,10797,8004,5427,11199,8892,4214,8859

test suite254
bestAPFD:0.876070
bestSuite:3865,11155,4245,4261,6228,11320,1653,4590,6360,5719,10428,11309,4246,2954,4653,11323,3749,2071,6582,8639

test suite255
bestAPFD:0.853779
bestSuite:9015,6335,2276,9703,1017,2461,11371,1645,3908,5172,1422,9100,7291,1287,2450,10453,975,10275,10737,10003

test suite256
bestAPFD:0.877152
bestSuite:1907,12643,7491,4649,11484,7492,11868,12750,10932,1394,1221,10643,9310,7741,4676,10306,3821,10219,5355,5414

test suite257
bestAPFD:0.884701
bestSuite:1835,5282,9558,6282,977,4790,6623,8612,7674,2587,8061,6958,12302,982,726,3081,7828,6830,10679,5878

test suite258
bestAPFD:0.873485
bestSuite:6378,8341,11686,8097,1803,8036,5744,7921,9524,7904,8042,11360,11336,5359,11011,6876,10659,1118,5658,10199

test suite259
bestAPFD:0.840723
bestSuite:2995,9528,4058,12629,13378,11104,12605,6301,6382,11718,6419,2425,12528,11732,6861,2215,6989,4456,10059,10334

test suite260
bestAPFD:0.879921
bestSuite:6999,7779,2863,1980,10136,13070,9048,2477,620,3150,9402,3909,10623,9118,3831,7573,2110,6833,3252,10794

test suite261
bestAPFD:0.872240
bestSuite:12475,3386,7572,12972,1394,3911,1094,9612,5973,6105,2642,7602,8996,12219,11894,10591,10501,1140,10732,10008

test suite262
bestAPFD:0.863018
bestSuite:7631,6097,1544,4923,6212,12321,6213,4093,5477,12307,9751,8609,3544,5488,4570,6961,8959,7578,7292,10402

test suite263
bestAPFD:0.852076
bestSuite:1725,6255,1926,5796,56,5266,4732,7220,7443,9618,12490,6926,8653,30,9480,1554,4086,13205,10175,10073

test suite264
bestAPFD:0.862159
bestSuite:8207,8907,698,7287,9233,5646,7220,362,11869,11817,11257,5459,8432,6440,4748,10796,7214,10638,2693,4327

test suite265
bestAPFD:0.847893
bestSuite:332,5218,3164,6045,3997,9134,5292,7609,918,9131,2192,8994,11869,12762,7822,11886,2759,7676,10800,1217

test suite266
bestAPFD:0.889519
bestSuite:3926,5337,5227,2607,3114,1958,1011,1025,5439,6863,3358,5554,6654,6958,12249,7434,12525,7542,10095,10082

test suite267
bestAPFD:0.856520
bestSuite:173,5171,928,5562,11696,7594,13145,6362,11708,9529,4217,12607,10540,1623,5705,9669,6552,147,9465,4975

test suite268
bestAPFD:0.855789
bestSuite:5313,12001,1479,2285,2761,3040,8396,6141,8145,12976,9633,6298,7677,12681,638,5954,12626,269,8282,7140

test suite269
bestAPFD:0.872295
bestSuite:8678,6053,4200,4379,3058,4062,2531,2042,2716,9130,4801,9714,7927,10995,1290,4271,235,303,9315,2639

test suite270
bestAPFD:0.838489
bestSuite:8185,13416,7857,1843,5024,1614,3986,4411,6552,617,4031,8212,5579,7381,4376,3270,6874,8593,5639,10283

test suite271
bestAPFD:0.876293
bestSuite:5483,6407,7207,4623,2169,354,4231,10904,7140,13470,9269,7740,10767,13487,2107,9263,177,3812,1774,1617

test suite272
bestAPFD:0.876586
bestSuite:13004,8715,12404,8424,4517,7626,380,8227,13520,12183,2915,4362,13049,4867,259,6109,905,5025,6837,10001

test suite273
bestAPFD:0.861326
bestSuite:247,7572,3169,6165,11279,758,6238,2679,9067,2827,6182,995,3713,5093,11858,8823,13473,8808,4992,10730

test suite274
bestAPFD:0.869666
bestSuite:10139,386,3546,854,1348,11621,2491,12076,5502,4571,4064,4643,2477,436,7587,12380,12346,10479,13479,12223

test suite275
bestAPFD:0.867966
bestSuite:7389,1790,5231,4136,7749,8691,7959,5296,9253,8813,97,3237,11167,534,2916,10811,4570,7960,13308,8790

test suite276
bestAPFD:0.855799
bestSuite:4179,1459,3767,1238,1935,1295,5013,8047,13368,644,3286,6713,11544,10498,2825,10838,10265,7883,10060,10065

test suite277
bestAPFD:0.859875
bestSuite:2900,1223,1075,5599,3625,931,4048,5511,3545,10972,727,5085,11448,11455,11262,9601,10711,10344,1415,13238

test suite278
bestAPFD:0.893522
bestSuite:3808,9050,1539,8644,9832,1718,8204,1226,5924,5614,8245,8099,8187,7440,4368,11264,20,12807,10286,10118

test suite279
bestAPFD:0.886811
bestSuite:7358,11419,11853,779,4834,9289,4400,3407,2340,4416,6082,3937,3156,4873,847,6758,3647,10894,6890,2278

test suite280
bestAPFD:0.856754
bestSuite:84,723,5444,3180,6500,12654,13148,13429,2424,13524,1502,10949,1344,4202,9788,516,12884,7301,1301,5858

test suite281
bestAPFD:0.866667
bestSuite:5230,4179,4307,3315,30,6536,3764,432,8765,7512,2903,12610,10428,12045,10473,13499,6957,10195,6885,10060

test suite282
bestAPFD:0.842244
bestSuite:5282,5650,9840,8981,3957,2936,1707,9797,3018,1833,683,12386,11524,1508,3073,9033,11060,8647,11083,8073

test suite283
bestAPFD:0.892253
bestSuite:8202,13514,5862,13082,5188,1241,4836,9604,5255,3987,40,2173,5210,5485,550,6799,224,3278,9592,1413

test suite284
bestAPFD:0.868396
bestSuite:4461,7648,7509,1133,12135,8672,9880,4756,13352,12236,11655,11171,6821,4366,7001,11349,4678,1653,2545,1907

test suite285
bestAPFD:0.855569
bestSuite:3808,7864,13153,8628,9795,1994,7418,187,7527,4240,3232,1163,10925,12147,8334,2273,2877,8290,3019,2485

test suite286
bestAPFD:0.848232
bestSuite:9024,9859,6956,1750,6228,537,6730,6530,2575,11645,6689,9371,7838,8812,4232,9515,7396,7932,1126,10260

test suite287
bestAPFD:0.855476
bestSuite:381,12102,4454,6471,2805,2034,3468,7767,7965,8749,47,7627,11800,8998,11452,9445,6429,5638,12153,10192

test suite288
bestAPFD:0.875405
bestSuite:5679,6335,4508,12197,5201,1510,6559,1390,8704,5788,12058,10797,11936,11995,682,7263,10508,11900,10807,8305

test suite289
bestAPFD:0.860117
bestSuite:7453,5097,1394,6705,8458,1199,4101,2465,9705,4604,8519,4320,10545,8248,8880,5670,13472,8254,8866,10390

test suite290
bestAPFD:0.874455
bestSuite:11604,3855,6370,12449,12197,8338,4027,1167,5383,3061,8583,5902,8358,7,11240,10784,7036,929,9146,8856

test suite291
bestAPFD:0.864746
bestSuite:12905,76,12667,1208,7921,4797,7147,6336,7802,2016,4346,52,2054,4902,11362,12007,4473,9037,10320,7152

test suite292
bestAPFD:0.855404
bestSuite:1881,4782,104,11422,9084,5795,1830,9068,2885,11298,4305,12399,17,3177,9800,6337,10685,10657,3500,12962

test suite293
bestAPFD:0.871261
bestSuite:8552,4317,10971,10148,2249,12707,7114,12076,405,2288,2455,9787,3521,3550,12980,6100,11169,1072,12516,6996

test suite294
bestAPFD:0.833243
bestSuite:3205,3640,9046,224,2927,4431,6924,7472,9486,1783,3335,8724,3127,11529,10645,6605,6899,12165,13451,6538

test suite295
bestAPFD:0.844040
bestSuite:11484,11024,6590,13379,7726,11105,5913,789,11207,4140,13129,1910,1563,8118,1424,4989,7365,5299,10158,1104

test suite296
bestAPFD:0.875958
bestSuite:9346,4833,9019,5773,3971,12776,1442,6728,5355,11699,5454,5502,9959,1660,1840,4280,9485,2611,10820,10097

test suite297
bestAPFD:0.839478
bestSuite:1877,247,2454,1776,7693,8665,8148,11990,4440,12442,7016,5609,304,3661,10572,11475,10787,6849,10778,2209

test suite298
bestAPFD:0.858729
bestSuite:13118,8821,6745,3497,4427,13052,2563,2168,6638,6222,12075,5648,1950,1429,11708,8762,6822,3533,11062,10219

test suite299
bestAPFD:0.864160
bestSuite:11436,241,3853,8223,2447,2246,7167,162,3381,8124,7342,2113,13102,11824,1599,4283,743,11268,270,10248

test suite300
bestAPFD:0.853221
bestSuite:4548,12400,94,8216,12779,2872,2484,5689,12474,12624,3060,7558,804,4751,13146,8300,11753,5361,8318,5279

test suite301
bestAPFD:0.880512
bestSuite:9891,492,7470,1409,1630,6028,12953,963,13083,9760,2355,8220,11337,1602,533,1309,7859,8894,3052,4220

test suite302
bestAPFD:0.871082
bestSuite:210,5898,9486,12700,8777,1146,3239,4746,4281,5867,5706,3491,3028,12757,10824,10917,13452,584,10416,10019

test suite303
bestAPFD:0.852391
bestSuite:13360,1690,9644,724,845,4655,9539,1708,6691,9276,5641,11935,11011,11946,12280,7615,3096,3963,10840,1994

test suite304
bestAPFD:0.851462
bestSuite:649,9619,4067,6428,615,4063,7716,11184,12450,9569,13408,6505,7039,10497,5445,12995,123,13218,10309,6292

test suite305
bestAPFD:0.863010
bestSuite:3313,4405,7146,6322,2707,12783,4269,4582,9766,10937,6584,1684,7669,6410,10474,7256,791,271,10216,8194

test suite306
bestAPFD:0.852429
bestSuite:2847,3446,12722,3686,12322,12391,11672,309,11292,11834,7178,6187,803,2114,11814,1572,6950,10282,6038,7647

test suite307
bestAPFD:0.845370
bestSuite:2800,4456,9214,13375,8750,8643,8088,1891,6582,5877,641,7361,12464,13073,1118,12218,10447,2595,10711,5460

test suite308
bestAPFD:0.849368
bestSuite:9097,304,3584,10961,1200,12645,10128,2542,5741,9038,10915,7198,5945,12403,10361,6424,11445,10799,10349,11374

test suite309
bestAPFD:0.886460
bestSuite:4664,6718,23,8908,13081,1092,591,10120,1565,120,663,1041,6083,13446,610,5319,394,6496,7671,7218

test suite310
bestAPFD:0.855078
bestSuite:9756,4744,12890,6255,8097,4886,9231,4787,9488,3807,9627,11780,4763,281,6006,8070,10462,11300,270,10024

test suite311
bestAPFD:0.861694
bestSuite:3847,6200,2863,9689,7209,12470,4970,4490,3907,7917,1941,1248,10057,3458,1894,5888,10917,5872,3492,4131

test suite312
bestAPFD:0.875862
bestSuite:11600,9338,1671,1983,11734,9137,5241,3394,1870,2910,2408,3360,12280,5194,11517,8535,1541,13173,3691,2127

test suite313
bestAPFD:0.884190
bestSuite:5379,12703,304,8165,13045,7730,10930,11090,3918,9285,494,9896,3028,6283,13475,8173,8876,6346,2850,2489

test suite314
bestAPFD:0.851142
bestSuite:492,6531,5658,3985,7190,9875,94,612,11765,5844,12552,5654,12506,13157,42,10818,10618,13290,3762,13254

test suite315
bestAPFD:0.858231
bestSuite:11034,9092,2736,1136,715,2703,8313,8152,11695,9898,936,6919,6555,1041,10610,11991,8866,4129,8120,10243

test suite316
bestAPFD:0.821434
bestSuite:8830,7878,11028,5749,10996,2324,12635,9235,9539,261,9242,4305,8634,4541,12772,7194,5780,10571,7809,10237

test suite317
bestAPFD:0.850272
bestSuite:11040,9035,1864,7060,7869,7287,1757,5201,2379,12399,12719,5555,2848,8480,8647,9869,5585,5767,6100,860

test suite318
bestAPFD:0.865185
bestSuite:6981,12190,2300,6059,5281,9171,7003,3237,1538,7769,6784,12,4663,4901,10789,3951,10050,2598,13464,811

test suite319
bestAPFD:0.858386
bestSuite:1731,16,5469,10147,4514,12974,9413,5070,5725,10777,11314,2582,2469,619,8974,13345,6112,3158,5107,2075

test suite320
bestAPFD:0.878367
bestSuite:2949,7002,8217,9424,1269,5906,13127,2547,1713,7307,7773,8231,393,8810,7870,3242,2815,11712,10315,10981

test suite321
bestAPFD:0.873017
bestSuite:7795,12787,9298,310,6455,6239,12710,4152,7200,11847,9752,5114,1246,4025,8749,10515,447,8970,5177,3581

test suite322
bestAPFD:0.833041
bestSuite:7739,3723,4279,2912,8606,261,12635,987,6699,9247,7357,6696,11080,5230,63,12868,11252,614,700,1027

test suite323
bestAPFD:0.888658
bestSuite:5590,5258,3793,2155,7778,11069,5448,4073,3437,1094,9860,6956,6478,9665,8608,8183,6922,1902,10170,10745

test suite324
bestAPFD:0.864788
bestSuite:9694,13090,3545,295,7444,13463,1290,12367,9007,5185,11929,3085,10552,11271,12296,9269,645,3345,805,8024

test suite325
bestAPFD:0.878731
bestSuite:7871,3321,10388,5998,2695,3049,12395,6549,1085,2700,5808,1468,3033,9278,848,5009,6802,10394,10453,10185

test suite326
bestAPFD:0.855207
bestSuite:3566,7596,9743,13113,5363,11416,6978,755,7865,162,12999,3407,7472,10878,8171,1797,2246,10678,861,10099

test suite327
bestAPFD:0.860893
bestSuite:4661,233,9320,11850,3501,7959,7294,8145,5144,9827,6404,5267,8114,2676,8156,7724,7161,10679,13268,10231

test suite328
bestAPFD:0.864919
bestSuite:5513,7054,12789,4502,4307,3175,7767,512,12031,10868,810,3403,7700,7867,11289,4244,11107,4227,1585,6187

test suite329
bestAPFD:0.875672
bestSuite:2267,12459,7727,5869,472,4583,12664,12504,3434,6969,1492,852,889,13471,12316,10506,10738,1033,2277,5388

test suite330
bestAPFD:0.842483
bestSuite:7153,4924,11176,11065,2856,8551,2056,11928,969,6734,623,11204,4709,10484,4947,4865,4962,5754,10294,336

test suite331
bestAPFD:0.878226
bestSuite:5825,210,1839,4864,5437,7598,11227,1419,6846,71,66,10570,8204,6331,8386,4995,10648,13492,12,2776

test suite332
bestAPFD:0.855267
bestSuite:1853,937,13426,5579,4571,1490,1775,1515,27,8515,3286,9643,3334,2524,5887,11443,10475,12026,8442,9932

test suite333
bestAPFD:0.855357
bestSuite:5903,8178,763,10978,5816,8175,9331,12554,10380,4152,12862,7959,2742,9480,438,8051,2868,9709,9182,13247

test suite334
bestAPFD:0.873925
bestSuite:8251,13342,7784,9056,8681,12154,1650,6610,2066,13386,12886,7190,6916,10595,10659,5029,12829,5257,6027,4443

test suite335
bestAPFD:0.851328
bestSuite:8485,10388,9172,8882,12449,4147,831,5390,13127,3905,11980,9893,5056,4847,10454,2480,11279,3525,2275,13483

test suite336
bestAPFD:0.858589
bestSuite:6984,3966,4428,5920,12459,1552,11400,2956,4455,9492,1422,4582,6499,3022,1377,4291,10642,9958,3340,2896

test suite337
bestAPFD:0.888073
bestSuite:11636,5258,7734,3422,4491,218,8471,3954,1796,4029,2540,2056,88,142,8491,1812,1664,5422,2919,4883

test suite338
bestAPFD:0.866694
bestSuite:8181,28,2302,13026,1122,6260,4171,8085,3643,4596,204,8278,4311,264,11151,12004,716,7378,4711,11194

test suite339
bestAPFD:0.887715
bestSuite:13387,1384,1397,11909,3316,8383,9916,2323,3897,803,1936,6371,5451,5604,185,7354,8297,8288,10202,7425

test suite340
bestAPFD:0.851688
bestSuite:8209,11611,6484,9060,7185,12779,5084,5726,4930,1515,12449,10961,1651,8769,352,8296,10393,9342,10238,1621

test suite341
bestAPFD:0.885550
bestSuite:6336,6154,1173,11972,5364,3542,11065,8766,1610,6962,1055,6848,7209,6871,3490,642,875,10689,945,3395

test suite342
bestAPFD:0.858333
bestSuite:6665,1449,9824,1304,9412,1599,1117,795,6841,945,12057,9243,8194,10600,11147,2410,5673,7399,12866,13217

test suite343
bestAPFD:0.869790
bestSuite:10379,6352,145,12956,13327,11273,7769,2267,12572,8046,6306,9530,8668,2894,11901,6552,9645,7358,7200,7108

test suite344
bestAPFD:0.878440
bestSuite:3157,12936,12707,4262,233,5865,6073,2171,4715,2376,8240,12109,2571,7721,3964,9705,7214,7827,3395,1511

test suite345
bestAPFD:0.887153
bestSuite:6379,3830,1847,8722,93,13369,8659,4341,8049,83,5358,10987,4208,642,3646,1886,2783,8655,10114,7944

test suite346
bestAPFD:0.898124
bestSuite:1471,6026,9790,5347,2677,2531,3586,11123,1717,9130,2324,946,9608,13209,8308,6049,7670,10206,6233,95

test suite347
bestAPFD:0.862520
bestSuite:6361,6351,7135,6289,1398,8200,11484,12754,9376,7740,7826,7298,7573,6287,9194,11215,12812,547,61,9779

test suite348
bestAPFD:0.859167
bestSuite:11413,3440,9461,1973,13399,4418,3955,3331,4898,7172,11058,12858,843,6383,2063,9919,10592,13267,10405,10752

test suite349
bestAPFD:0.861863
bestSuite:5757,13418,204,1795,3253,4150,3468,9294,12174,8885,5085,5421,11830,1848,12172,10970,10650,10636,10330,5125

test suite350
bestAPFD:0.848478
bestSuite:6614,6746,6360,4446,8341,4165,5876,6632,1189,9493,2145,13174,9077,4655,506,11181,6331,13445,10234,10101

test suite351
bestAPFD:0.860220
bestSuite:2211,12892,9414,11246,6759,11643,8192,2067,3036,11404,9291,5033,10491,8071,2899,3810,2856,13301,4867,5797

test suite352
bestAPFD:0.853166
bestSuite:243,12974,8220,3160,10120,12128,3049,8389,11564,13166,12193,10784,6407,10622,11035,4173,8726,7474,11408,1338

test suite353
bestAPFD:0.839640
bestSuite:6101,13068,7138,7987,2229,8203,2341,6314,817,5400,11033,6949,4090,6316,6877,2840,11354,4726,5364,11419

test suite354
bestAPFD:0.889750
bestSuite:11627,7829,7703,3227,1582,4711,4252,12621,5776,12183,2325,4869,11054,11741,10918,3533,11219,4993,10672,10111

test suite355
bestAPFD:0.860546
bestSuite:11424,9713,5964,13222,4501,6947,675,9297,4020,11826,12763,809,6517,7352,5422,10251,892,7173,10185,10017

test suite356
bestAPFD:0.840285
bestSuite:991,99,9929,7602,916,718,4218,72,6419,4249,1822,1655,7097,9582,11370,659,1662,10276,13304,10697

test suite357
bestAPFD:0.868165
bestSuite:1376,13042,6195,8506,2694,3,7690,4480,4847,12043,7174,12635,10469,11320,4673,10393,10183,10066,10061,10010

test suite358
bestAPFD:0.892808
bestSuite:13061,1616,3505,9520,7326,10991,12409,11477,2758,4555,618,9694,1112,7191,6789,3652,7097,9023,2408,6384

test suite359
bestAPFD:0.885651
bestSuite:6482,11605,1726,9041,11919,6773,5248,3488,11576,7816,4390,713,11759,11877,12059,10708,5584,11192,6386,10111

test suite360
bestAPFD:0.874580
bestSuite:6798,12405,12611,3645,6131,1739,3411,7871,8205,9070,4812,2580,7948,4515,6973,10043,7094,8408,3658,3678

test suite361
bestAPFD:0.856908
bestSuite:11010,12942,592,2838,4140,5074,11882,12694,5955,8272,1472,3461,7670,8477,11139,12877,10719,12803,2445,584

test suite362
bestAPFD:0.867602
bestSuite:386,9838,2087,3802,9604,3896,493,4405,6917,1091,10143,5056,11378,8042,4788,621,8452,1671,769,858

test suite363
bestAPFD:0.845698
bestSuite:6606,12953,5181,11226,4620,5402,7690,1915,2062,11820,13183,3202,8259,8241,883,10452,7366,10267,2592,10089

test suite364
bestAPFD:0.890476
bestSuite:8904,2937,6650,683,607,2794,11532,9695,6076,2989,12161,559,2160,12087,1599,8636,6400,1422,7689,13312

test suite365
bestAPFD:0.856424
bestSuite:9076,1142,1341,5210,8720,509,1017,12983,6608,1117,850,12178,5256,3554,1232,1271,13490,9553,5670,4076

test suite366
bestAPFD:0.870101
bestSuite:9700,8689,432,7295,9192,4988,10995,10521,4316,577,627,4073,515,13026,10802,10655,3119,6194,10940,1793

test suite367
bestAPFD:0.870969
bestSuite:2973,10134,11508,1697,1367,8814,6924,5704,1852,9727,7025,6826,2579,9469,2506,1131,9863,10574,10173,10002

test suite368
bestAPFD:0.861630
bestSuite:2973,9556,908,5700,6375,6182,6696,74,9496,5458,7049,12992,8890,1747,12015,1316,5735,852,13461,12816

test suite369
bestAPFD:0.891338
bestSuite:402,6351,6999,12748,2704,823,4530,11433,4569,11025,13352,5139,11301,7881,1235,577,5049,720,6310,4602

test suite370
bestAPFD:0.842026
bestSuite:12669,6452,12595,739,12887,7693,7047,8725,6159,6856,1480,5653,11986,7804,10456,8324,7679,10294,12245,761

test suite371
bestAPFD:0.886368
bestSuite:1239,7776,702,11039,7764,4351,2704,7643,9726,2827,9893,11242,8042,1878,4933,1274,4634,2017,9290,9782

test suite372
bestAPFD:0.865169
bestSuite:6247,9128,12337,12793,12512,3201,13116,9414,3671,10912,6475,475,7537,10626,13286,4821,2596,8588,9777,13239

test suite373
bestAPFD:0.870950
bestSuite:9918,9501,3006,7646,5666,6383,7879,11576,46,5709,6207,4255,25,10523,8163,8184,7479,11140,6624,2907

test suite374
bestAPFD:0.873057
bestSuite:4713,7430,12444,7256,7996,2839,7121,5511,9331,6103,8434,1981,4947,10852,2147,2283,4129,10227,4919,3063

test suite375
bestAPFD:0.885167
bestSuite:8958,5465,33,11113,4991,1937,11449,1003,2261,735,12866,1594,13303,7963,1072,7343,2858,5367,1780,8661

test suite376
bestAPFD:0.861834
bestSuite:387,3446,12195,12307,12120,11909,3599,3774,12466,7216,2012,6970,399,4463,10520,4315,11231,11752,8910,1849

test suite377
bestAPFD:0.865895
bestSuite:9265,13429,426,36,3827,4501,6991,12630,10145,865,8569,4759,9565,13297,12873,10763,662,5367,6988,9311

test suite378
bestAPFD:0.870211
bestSuite:11612,3386,12661,6539,798,7698,12755,13331,6983,115,13280,6329,3837,10858,2520,623,7676,7484,1529,4376

test suite379
bestAPFD:0.891065
bestSuite:2923,7860,7375,13040,4172,6725,7738,11695,8107,10521,103,681,1504,4339,9084,13210,9589,6791,5481,1804

test suite380
bestAPFD:0.862963
bestSuite:8242,11494,672,3007,3551,9402,8464,12692,9660,12622,5755,11876,9769,3364,12818,5678,10519,1869,10305,4181

test suite381
bestAPFD:0.848591
bestSuite:3723,2351,3292,6489,1349,773,4547,1412,2743,1486,6514,4052,2412,4402,1098,11362,7165,9196,8508,1882

test suite382
bestAPFD:0.871033
bestSuite:9322,9509,6517,3765,12899,4686,540,3485,8361,11945,12084,249,4660,5155,4543,9577,848,8542,3487,13079

test suite383
bestAPFD:0.863384
bestSuite:3866,11896,1376,4119,1533,5738,13151,6095,11921,513,1356,9970,2616,9737,9591,6453,1322,8124,725,9140

test suite384
bestAPFD:0.875460
bestSuite:1689,5383,11026,12633,6695,6554,1969,13407,4031,6042,3725,10867,10796,6514,1621,9766,10310,7819,4229,13238

test suite385
bestAPFD:0.875733
bestSuite:5150,709,12361,6503,2270,11022,896,11390,11675,4623,5084,4188,4746,2875,12170,8671,10911,2409,12210,2408

test suite386
bestAPFD:0.859639
bestSuite:11421,4005,8001,8900,503,2809,13156,13108,2769,11180,7459,2235,2891,8870,1887,8383,12116,1054,3796,2377

test suite387
bestAPFD:0.897539
bestSuite:6416,8559,1108,6731,3045,6716,12884,5320,3689,5953,12869,7669,7484,9453,8731,5713,13261,7184,2052,10155

test suite388
bestAPFD:0.848746
bestSuite:11631,9897,5535,2314,2077,6231,6347,4941,5463,8471,8098,7989,9798,9124,3155,894,12732,2019,12747,6979

test suite389
bestAPFD:0.876118
bestSuite:173,2263,12766,9494,558,7266,12157,2880,12058,355,11692,2210,12045,4493,13303,4951,13264,3600,1470,9278

test suite390
bestAPFD:0.858548
bestSuite:5072,6544,4722,1620,7002,2279,6452,5588,5450,11976,11434,6285,3356,10634,7958,10657,8317,1655,8590,1153

test suite391
bestAPFD:0.860176
bestSuite:7087,5773,9489,1683,6608,7131,6634,6144,5561,9016,5008,8229,4824,12250,2230,9980,685,2944,1599,204

test suite392
bestAPFD:0.857857
bestSuite:5986,9055,1137,7496,5781,5204,9668,1547,6970,1637,7579,13172,8664,11293,10592,3486,9879,12077,2033,2595

test suite393
bestAPFD:0.881556
bestSuite:9251,5485,11778,9386,3091,10977,67,1158,6290,10970,855,6847,673,7405,12031,3635,925,5285,9127,10701

test suite394
bestAPFD:0.842965
bestSuite:5746,655,7075,4143,950,5323,12949,4516,382,6862,7015,5591,6187,7626,12085,11680,10548,3819,3523,707

test suite395
bestAPFD:0.876687
bestSuite:5628,1440,337,734,11873,8112,3676,7536,10492,11042,2238,6353,3226,1703,6681,9492,12872,848,6601,13239

test suite396
bestAPFD:0.836056
bestSuite:6995,8906,15,7864,4959,4054,1050,9141,7357,8382,5080,2249,3470,11656,10780,10835,10518,7105,10457,6567

test suite397
bestAPFD:0.860464
bestSuite:1618,4160,1107,11632,9908,13406,4259,11889,4931,7929,8584,1517,4607,4699,940,225,1248,10317,5942,4169

test suite398
bestAPFD:0.862811
bestSuite:10983,8353,6970,2862,5847,9818,6258,8263,8166,6952,5616,9506,325,8683,5936,6933,10920,5785,10462,5765

test suite399
bestAPFD:0.864105
bestSuite:1865,1493,3423,7818,973,1144,13187,1620,7274,4234,1332,9792,12750,7688,519,6000,1463,7327,4122,6460

test suite400
bestAPFD:0.889877
bestSuite:5574,45,9192,8646,5450,6882,3561,5900,2655,4483,10859,9613,2652,13040,4059,3309,1451,763,1089,13290

test suite401
bestAPFD:0.856006
bestSuite:6711,5020,13330,6995,1040,7594,5044,2711,3674,4611,8334,8042,3560,11071,8591,9529,795,10395,1677,54

test suite402
bestAPFD:0.848910
bestSuite:6650,1920,4189,5141,6737,2857,43,13072,6078,3608,1614,9600,2819,8001,4190,11409,4850,9748,2567,10183

test suite403
bestAPFD:0.883793
bestSuite:7271,900,6806,5473,4009,2108,3507,1427,7920,4969,11237,6872,7479,6786,5362,3482,1828,999,8503,8941

test suite404
bestAPFD:0.873571
bestSuite:2079,12149,2577,51,4662,8195,1616,10380,4202,3130,5148,1254,11353,1485,11998,1809,9806,9254,12826,3213

test suite405
bestAPFD:0.876976
bestSuite:9720,11617,6484,6574,11044,7892,12199,783,8460,6384,11564,12291,12416,2075,1920,4377,11307,5678,10671,3867

test suite406
bestAPFD:0.868036
bestSuite:3913,8357,1498,5435,11047,9171,12008,454,758,13521,2323,1297,4222,11771,7496,12248,988,10786,878,10004

test suite407
bestAPFD:0.855597
bestSuite:13119,7085,3420,12914,5533,3244,1209,4133,9067,778,11666,5249,10509,8000,7488,7262,11026,1593,2853,11369

test suite408
bestAPFD:0.858233
bestSuite:1978,9192,10972,643,2960,5354,6260,2082,3528,11303,6492,8356,9972,11855,1776,6104,12000,6006,13299,725

test suite409
bestAPFD:0.857692
bestSuite:7759,4858,3573,616,7418,9614,11142,1580,2979,8928,11093,3074,11547,11465,10467,4620,4669,879,3277,13250

test suite410
bestAPFD:0.832864
bestSuite:34,7995,13000,9504,3602,11696,3734,9051,12744,8099,3623,12556,7839,13190,2860,10534,2582,4904,8465,1949

test suite411
bestAPFD:0.869170
bestSuite:8226,7824,11046,4370,2121,9812,11122,8188,12146,6942,9419,6589,3853,9799,12087,7636,11360,10241,2485,10163

test suite412
bestAPFD:0.865492
bestSuite:11501,12312,5670,9331,12232,11946,6711,9125,11823,8782,10520,4037,13159,9286,13259,13479,7832,2316,10183,8543

test suite413
bestAPFD:0.869787
bestSuite:8904,8815,7148,12421,2196,12540,9173,12295,3406,4023,5678,5399,3998,10775,4471,7402,4434,9444,5856,7100

test suite414
bestAPFD:0.879904
bestSuite:2573,9414,8663,630,3048,6026,5695,4991,13346,1830,9613,5455,7674,6740,1453,2592,2993,3765,2851,8075

test suite415
bestAPFD:0.844043
bestSuite:8664,5000,2249,9761,7212,2437,8267,9912,3689,9489,3136,12970,6217,1772,10584,10487,10806,13436,10712,4570

test suite416
bestAPFD:0.876140
bestSuite:13043,823,5340,10360,4852,8083,11985,12629,1998,11658,11797,12753,11802,8876,9027,10447,4789,13488,6840,10109

test suite417
bestAPFD:0.855840
bestSuite:4290,9585,6644,2863,1930,2322,9260,9034,13047,6374,4229,13522,7898,8691,6969,11138,4324,1945,11170,5472

test suite418
bestAPFD:0.851954
bestSuite:9631,6323,5136,4069,9882,1889,8823,5602,7393,12613,3558,4937,12363,6,815,10572,450,3573,13282,1984

test suite419
bestAPFD:0.840954
bestSuite:4625,5048,921,4530,11242,3409,12935,817,11677,800,3811,5501,12940,12473,4519,2147,9679,4627,9211,10589

test suite420
bestAPFD:0.881992
bestSuite:5170,2274,13074,6578,2996,6565,5127,6004,8812,12920,1399,3059,11233,10805,8465,7841,9462,6288,10238,10101

test suite421
bestAPFD:0.874587
bestSuite:210,8919,5946,11508,1200,4843,11943,13522,5349,6662,12583,7887,1936,9783,5917,9793,11067,4944,7483,13132

test suite422
bestAPFD:0.876774
bestSuite:2315,13330,12251,8941,2542,6391,12921,500,7203,2091,7270,8553,8488,5713,10516,2502,4322,911,10164,9069

test suite423
bestAPFD:0.857504
bestSuite:5621,8723,2963,7305,11581,2304,12945,12447,7154,9247,6695,2913,10470,3226,614,3158,5708,3035,2729,2456

test suite424
bestAPFD:0.859731
bestSuite:9418,2900,100,7062,8191,166,3841,1631,12107,12072,5216,11164,5854,13186,12071,10858,12828,4730,10709,2093

test suite425
bestAPFD:0.875666
bestSuite:3050,6817,4952,588,3725,12381,9318,11911,4794,12101,1294,7436,4134,11809,6955,4867,918,10796,1996,10209

test suite426
bestAPFD:0.882964
bestSuite:6474,11584,11036,7418,1963,4104,11812,11207,9991,8122,4093,5534,1009,12059,9646,396,3334,10357,6830,5011

test suite427
bestAPFD:0.864801
bestSuite:5150,430,1088,6736,6936,13462,12306,4201,12303,7143,7685,9779,11466,12532,1476,7288,2224,3342,7433,9338

test suite428
bestAPFD:0.840476
bestSuite:11437,1289,6115,3675,1345,4885,4319,12679,13127,6061,7017,4368,8715,4949,7726,4751,12087,10751,10597,5645

test suite429
bestAPFD:0.872262
bestSuite:7535,4345,13069,11463,7240,6819,8833,3454,6009,10043,2392,1058,1178,5723,10734,13436,10249,4438,4887,498

test suite430
bestAPFD:0.857277
bestSuite:13392,6632,6972,2764,10387,1959,8098,5504,3889,4787,12990,11419,8066,1265,12268,4673,12943,9344,8970,3441

test suite431
bestAPFD:0.859900
bestSuite:5187,3605,1295,9647,10388,592,9830,7298,3224,702,8095,9955,3672,11448,11388,12146,2721,6310,10329,3825

test suite432
bestAPFD:0.849439
bestSuite:5313,5344,4861,5048,12939,1576,841,9081,8329,2650,7677,12379,8317,12457,11817,10506,5252,5859,1891,7957

test suite433
bestAPFD:0.873629
bestSuite:1992,4915,9165,9947,6949,9305,7416,7783,13015,11914,11832,510,2956,496,9468,11221,1366,7051,5124,5690

test suite434
bestAPFD:0.857712
bestSuite:1830,9021,6143,7798,4637,2019,2383,2173,11398,6782,13498,12757,8526,312,1553,415,9374,10805,7288,3340

test suite435
bestAPFD:0.875883
bestSuite:8326,10962,4491,895,6011,9956,833,3998,5951,3542,11999,10133,11897,4934,7724,4375,7463,12033,435,11856

test suite436
bestAPFD:0.869786
bestSuite:5313,5208,9354,5618,7147,681,9403,13372,9158,12540,4646,5518,12588,12352,12543,13305,1359,11204,3076,8796

test suite437
bestAPFD:0.867047
bestSuite:7320,3227,1527,2786,4153,5245,12145,796,4105,8437,9188,13047,12566,10540,1686,2433,9678,9469,8219,8666

test suite438
bestAPFD:0.854493
bestSuite:9635,8665,2554,9575,4088,2667,8013,7037,11833,3866,5109,5973,8924,12416,11815,5026,6547,11329,10888,3042

test suite439
bestAPFD:0.873276
bestSuite:7075,3687,3652,13356,1211,13325,11925,11681,3579,218,7324,13019,1490,5262,3099,10692,10467,3812,7256,2645

test suite440
bestAPFD:0.861661
bestSuite:8841,3276,1790,7008,8947,9818,73,13373,711,10385,9373,5877,9736,7262,10575,1270,2575,13359,3568,6470

test suite441
bestAPFD:0.872170
bestSuite:3952,4833,2695,7824,11448,3841,616,2982,5929,7773,11338,623,1506,7232,5542,11058,2677,3559,1969,1270

test suite442
bestAPFD:0.885049
bestSuite:1866,7776,7147,8223,13394,7101,5252,12531,6076,336,11007,11197,3233,2029,303,2858,8543,2934,9855,7940

test suite443
bestAPFD:0.849556
bestSuite:2734,4079,6610,6046,12386,8276,12288,9942,4192,13408,5569,9736,12058,12185,1214,12834,3095,12871,5584,10003

test suite444
bestAPFD:0.868582
bestSuite:9891,4344,8563,9990,2982,2873,6355,3406,4592,3460,11763,11525,7906,4936,6907,3303,9875,10703,4244,10081

test suite445
bestAPFD:0.869035
bestSuite:1161,9283,13121,11486,8141,2675,10362,3436,12254,11905,7921,4934,2297,11179,2047,1575,7105,8605,2902,10227

test suite446
bestAPFD:0.871413
bestSuite:5630,6586,12645,5872,7765,7864,160,10058,11579,2008,5721,7630,1797,1292,12814,9263,6902,9669,9449,212

test suite447
bestAPFD:0.857888
bestSuite:1690,5676,3472,2729,8782,1172,3562,4216,7558,2255,7411,12045,4351,10583,6741,59,1519,12569,13292,10018

test suite448
bestAPFD:0.880594
bestSuite:1045,9763,3275,4646,12142,6326,4077,11253,7672,2050,5319,6261,11151,9402,9692,3548,6455,3976,10694,5220

test suite449
bestAPFD:0.860814
bestSuite:8059,124,5799,4813,2075,6066,9017,354,5748,633,8927,11530,2402,13197,673,9894,1513,4369,6465,13244

test suite450
bestAPFD:0.865568
bestSuite:9558,8353,4700,12356,12935,888,10132,514,5620,4312,8925,7715,1407,8243,12559,2855,5326,3410,11359,13240

test suite451
bestAPFD:0.859707
bestSuite:7982,4325,390,13421,9787,3516,616,5533,798,5035,6512,10844,11078,1588,11648,5255,10808,11099,7100,10226

test suite452
bestAPFD:0.863482
bestSuite:13429,2879,4359,396,2627,2425,6016,846,9745,11826,7821,7062,8248,8473,2488,13183,2604,2851,9653,13233

test suite453
bestAPFD:0.864119
bestSuite:8707,5572,12717,4832,11503,8019,9146,1224,12039,7407,11369,556,10746,9642,9610,4443,4227,4214,645,13237

test suite454
bestAPFD:0.885647
bestSuite:2845,5510,5947,13433,1105,2152,5584,4815,8807,8998,12353,6473,12835,12240,7005,9454,8215,5239,5287,4836

test suite455
bestAPFD:0.862008
bestSuite:13031,5348,1806,6360,12991,3158,3505,4857,2647,8313,7788,7396,10616,7629,8523,6441,472,3581,4560,13246

test suite456
bestAPFD:0.885413
bestSuite:4001,9380,1811,11970,11632,7655,5969,5267,7668,5962,3693,12268,6088,6900,9176,1726,6711,4728,4039,3902

test suite457
bestAPFD:0.866724
bestSuite:1652,11873,5403,5584,1129,6523,13099,6721,9843,9379,3538,9991,12463,11143,7398,12235,1290,1475,3591,5472

test suite458
bestAPFD:0.870903
bestSuite:8563,3794,11486,763,13433,2265,899,11931,1804,4450,5043,13332,437,9600,8790,6129,3158,3615,10696,8253

test suite459
bestAPFD:0.876607
bestSuite:3952,12114,6335,9765,11129,42,11191,11791,9489,8355,11036,5536,3294,9611,9845,5925,10637,9446,8211,3990

test suite460
bestAPFD:0.834665
bestSuite:6614,8774,5440,9657,697,7768,1199,4590,5091,12657,12499,8984,11486,10910,10900,9114,11105,4751,1293,13476

test suite461
bestAPFD:0.879310
bestSuite:3206,2753,2216,12263,12769,11868,3941,6501,5061,4455,5936,2572,9270,13055,5228,1317,5612,2041,2934,10008

test suite462
bestAPFD:0.861489
bestSuite:7358,285,6387,4289,6743,4735,3605,773,11133,820,10592,2181,6322,12065,2846,10781,10734,8654,8288,8005

test suite463
bestAPFD:0.858146
bestSuite:7397,8749,12724,10135,6903,8799,7149,3220,1035,9301,6034,1497,2808,12786,6951,11902,889,11920,7451,10423

test suite464
bestAPFD:0.858224
bestSuite:4325,10968,9370,12332,3286,9834,12106,3871,10878,1940,10550,10564,1680,3501,9347,11374,2884,6679,2677,6654

test suite465
bestAPFD:0.834293
bestSuite:1045,9549,9620,3793,687,7217,7012,12899,2228,4982,4888,3900,8753,12259,8408,12116,12538,12168,3615,4144

test suite466
bestAPFD:0.847374
bestSuite:5628,5468,449,5019,5559,8902,7346,2246,12620,4104,11239,9159,5132,11135,9137,10524,6527,10415,9505,4360

test suite467
bestAPFD:0.867109
bestSuite:3516,1331,13506,8963,2694,12231,12668,12277,11554,83,862,12901,1825,3787,1962,11160,4391,11544,10777,3705

test suite468
bestAPFD:0.891006
bestSuite:11629,9949,6549,12661,3145,1265,831,10147,11703,6583,9293,2834,6889,2641,10416,9329,649,1373,2454,6958

test suite469
bestAPFD:0.852891
bestSuite:3144,12629,8775,3806,12389,1321,4226,6829,1251,6879,11951,4451,1542,6487,5788,6166,13516,11813,11466,10596

test suite470
bestAPFD:0.885656
bestSuite:6661,12511,12392,15,3142,8950,5,8160,2531,4850,4172,10600,10542,3603,4847,9452,2557,3224,343,10097

test suite471
bestAPFD:0.874916
bestSuite:3180,8352,7781,1614,174,5124,11243,8645,1977,3140,4732,1234,12063,5538,7716,1754,12065,12823,13444,10076

test suite472
bestAPFD:0.859413
bestSuite:11502,609,11020,5995,2924,6472,12903,4644,230,12207,12266,2555,1077,7720,4314,10496,3759,2583,3016,10400

test suite473
bestAPFD:0.874824
bestSuite:315,1980,4133,8189,12148,5080,1813,7795,6978,10931,7358,7705,10665,9560,662,10413,10846,9096,2142,10010

test suite474
bestAPFD:0.844021
bestSuite:126,10985,2072,3091,3936,8223,3115,4358,9616,4232,7065,1875,1169,13189,10783,147,13385,10806,2486,2856

test suite475
bestAPFD:0.859137
bestSuite:13380,2444,3066,2337,1453,5271,10876,12236,6650,12534,2952,10584,10640,10425,8021,4054,9866,3454,12914,2344

test suite476
bestAPFD:0.893445
bestSuite:1509,3446,5681,7607,859,4128,7155,3961,12202,2571,7312,8706,9289,7455,7830,929,9369,13464,10662,5926

test suite477
bestAPFD:0.887700
bestSuite:6407,13363,3815,1847,11868,7425,3762,11135,8608,8537,5202,684,1704,2897,11091,11213,4591,6464,2932,5497

test suite478
bestAPFD:0.858572
bestSuite:5150,13090,8502,6566,1839,9294,7491,5795,9905,7926,4529,7069,12504,1324,11642,9445,7451,8895,11392,5220

test suite479
bestAPFD:0.885074
bestSuite:11034,517,13222,13416,2022,2882,12362,1736,4893,9250,7352,12568,11809,1163,7625,9359,6916,11107,4683,7531

test suite480
bestAPFD:0.865073
bestSuite:7631,7230,6619,4380,12594,617,4453,9165,3606,12864,3127,9900,11980,5256,12620,6181,1492,7732,10721,3064

test suite481
bestAPFD:0.857481
bestSuite:9862,1137,9948,4538,11617,4802,6829,9937,5719,5717,10938,656,11557,3438,3664,10928,9408,10403,10756,2142

test suite482
bestAPFD:0.871919
bestSuite:3947,2244,4330,8109,2597,2055,1797,7464,9367,475,9306,12549,8746,12017,9472,1488,10283,4497,10524,4961

test suite483
bestAPFD:0.874920
bestSuite:9083,701,2870,11510,9323,10147,346,10138,7879,9958,782,2625,9895,3496,11017,1864,11347,13482,3419,10199

test suite484
bestAPFD:0.887039
bestSuite:3863,3125,9378,2226,9102,5254,1598,9396,10624,936,10584,10575,4519,7203,10474,10470,3883,3401,3263,10219

test suite485
bestAPFD:0.861760
bestSuite:2734,5852,8948,13121,12728,144,6687,13463,1613,3710,2559,5569,3473,3212,1065,12831,13276,8055,8200,5690

test suite486
bestAPFD:0.861089
bestSuite:7847,11828,8157,149,12583,10364,272,330,11518,9460,2801,4028,7370,4229,481,6672,10454,4603,7832,2316

test suite487
bestAPFD:0.877654
bestSuite:3432,12673,3698,12252,2494,987,13371,7638,8899,11196,9898,10871,4064,816,3712,1873,6093,8364,4220,8448

test suite488
bestAPFD:0.885855
bestSuite:11637,3845,5247,11131,13433,6135,3354,12540,3773,12524,5551,5777,13160,13484,3995,4938,11669,1297,8115,6204

test suite489
bestAPFD:0.884900
bestSuite:8841,4114,3969,4959,4914,6818,4084,8390,3173,102,12157,12685,7077,10447,617,5853,6645,12423,11722,10080

test suite490
bestAPFD:0.874914
bestSuite:7712,7798,4990,5933,1973,11694,4208,9291,2159,11085,7477,6019,1061,9582,8876,12520,1400,5780,6408,808

test suite491
bestAPFD:0.826461
bestSuite:8941,3477,3012,7546,5749,8029,5489,9409,2299,8909,8564,12136,575,12393,12624,3762,11867,12021,11186,7255

test suite492
bestAPFD:0.868683
bestSuite:5745,7719,3462,1920,12402,1767,2107,1552,13149,2714,2392,728,2801,11240,123,1777,12013,10032,9710,6835

test suite493
bestAPFD:0.869801
bestSuite:4349,3446,273,1967,1612,12687,9849,8496,12110,6027,578,11795,3949,3901,2272,858,2640,5947,6300,8570

test suite494
bestAPFD:0.854734
bestSuite:1866,4250,7364,5489,4018,6348,2122,4237,11594,12005,3675,13,3456,8244,2820,7854,10247,9779,13034,5116

test suite495
bestAPFD:0.863536
bestSuite:1877,170,4158,11515,1865,652,12585,8834,5635,12499,6088,4770,6942,12371,7157,4956,9335,1785,7032,7969

test suite496
bestAPFD:0.848308
bestSuite:12905,3413,3867,1165,1241,2111,2374,275,2538,11655,7056,11520,13165,194,3133,10336,3148,13292,5591,13227

test suite497
bestAPFD:0.872297
bestSuite:2079,1933,6816,12003,575,5946,3802,5980,2195,8788,6544,8152,12520,11929,10609,7521,5758,2999,7475,4144

test suite498
bestAPFD:0.888051
bestSuite:3654,5130,8353,6430,3709,8491,4845,9311,2133,1706,3735,1583,11784,8605,1609,12068,11280,2526,7101,7066

test suite499
bestAPFD:0.868532
bestSuite:11486,1935,9521,6333,6090,12341,12560,9066,8709,9044,3756,10529,5417,4127,1203,3946,10050,5878,10741,4135

test suite500
bestAPFD:0.865491
bestSuite:672,10045,2439,2075,1372,7400,9856,5240,7580,4555,6025,8255,7931,11551,8890,11981,2853,7225,5046,4082

