test suite1
bestAPFD:0.868759
bestSuite:3866,13393,11883,8221,8278,8754,4592,9441,2587,12464,12229,10938,10743,12986,8316,5111,1207,4782,2901,8495

test suite2
bestAPFD:0.857743
bestSuite:7971,8754,8210,11970,2175,13195,13505,3579,11717,13155,1816,2285,6332,804,11807,12197,2018,2101,10110,10475

test suite3
bestAPFD:0.873544
bestSuite:7544,856,12227,11627,2192,7346,5913,8104,2062,5749,12011,12758,1412,7596,9243,1852,5283,9727,9032,1569

test suite4
bestAPFD:0.878927
bestSuite:12457,9509,11344,3509,149,6669,912,4175,4468,3865,5664,293,12234,3534,4278,5739,8439,263,8082,5504

test suite5
bestAPFD:0.869166
bestSuite:12663,8336,11688,7873,9452,6494,7059,12504,3592,9319,8537,12294,9507,13277,9839,2519,2123,187,7061,1237

test suite6
bestAPFD:0.874416
bestSuite:7598,12402,4284,11009,9077,10748,30,7050,3650,10477,13257,10640,5367,922,5042,4143,2534,949,9488,392

test suite7
bestAPFD:0.852203
bestSuite:2589,12700,3739,7400,4593,3934,13325,13117,5057,10274,1444,4530,13469,8631,980,7363,10725,4834,7080,5499

test suite8
bestAPFD:0.875836
bestSuite:11495,1098,7889,1540,12618,7725,2739,11849,8984,2802,1993,11674,6001,13292,10175,128,6245,7444,7410,4785

test suite9
bestAPFD:0.881201
bestSuite:9607,5123,3850,3034,8585,12897,11504,6101,10853,13281,12833,1699,1575,11926,9305,434,6486,4942,3238,6092

test suite10
bestAPFD:0.879162
bestSuite:10972,4409,5989,7596,10755,3371,7081,9022,6321,10365,12516,11854,8997,8391,4913,1382,9581,6084,7906,10113

test suite11
bestAPFD:0.862282
bestSuite:3688,2865,11424,11137,3227,10699,7316,5414,4148,8896,10780,10760,6567,8160,9543,20,4902,2463,10823,8440

test suite12
bestAPFD:0.851598
bestSuite:2166,5126,6897,9056,2837,1554,12379,3082,10542,12517,7689,7794,5112,284,10256,12866,6547,4560,6948,10381

test suite13
bestAPFD:0.871624
bestSuite:5630,4549,3949,11563,8207,12369,8594,3295,12651,11784,12813,6762,5857,6230,7227,9840,9964,6505,5496,3902

test suite14
bestAPFD:0.887866
bestSuite:11437,3885,5378,236,11141,12920,11005,5865,13284,12818,4719,6435,605,1017,6196,4531,6712,1755,2719,6956

test suite15
bestAPFD:0.874849
bestSuite:4250,5577,1710,13145,12109,6829,561,8691,9910,4445,12634,3572,10720,671,10187,10478,11741,663,9710,10114

test suite16
bestAPFD:0.870784
bestSuite:1217,1475,12441,1468,9299,7359,8714,7083,4918,13117,1594,1135,10747,77,3213,4182,572,4301,5082,3354

test suite17
bestAPFD:0.880941
bestSuite:5517,11516,6659,9373,10776,12550,4932,11943,352,4080,924,2443,2587,13002,5470,7568,5586,9351,1701,40

test suite18
bestAPFD:0.876991
bestSuite:2366,868,10777,2412,4236,7921,9583,12413,2040,8066,10918,6074,13448,477,8297,9004,5021,9208,212,11785

test suite19
bestAPFD:0.884904
bestSuite:9346,3556,6188,12656,8307,5852,6720,2773,8122,3995,6919,2383,5237,1288,9334,1033,3179,6598,519,4204

test suite20
bestAPFD:0.881247
bestSuite:8563,319,3805,10778,5764,12768,7959,3545,2376,11048,1869,7950,1738,11821,826,7252,2535,2847,781,901

test suite21
bestAPFD:0.836142
bestSuite:6197,11575,3161,3375,1707,6682,5206,3082,5240,8324,11460,10439,12843,1821,782,7322,3838,4651,7167,6703

test suite22
bestAPFD:0.891111
bestSuite:2037,2909,13042,11681,10924,3842,1735,12833,6388,3553,13244,813,10482,4699,7017,1474,5899,667,6364,10929

test suite23
bestAPFD:0.866677
bestSuite:3006,8718,3672,5286,1806,6007,11158,8540,2545,3114,9167,7898,8788,1066,2248,8145,5011,2584,5973,1860

test suite24
bestAPFD:0.897020
bestSuite:11006,7797,6155,11917,9861,9795,6479,10412,8076,10208,7003,244,9246,3524,5851,9924,6805,4586,2117,3810

test suite25
bestAPFD:0.881675
bestSuite:4268,2949,8384,10505,4587,11670,11049,950,12391,4783,7188,2519,12188,11813,2325,11950,102,7302,10469,4426

test suite26
bestAPFD:0.870825
bestSuite:441,13311,11615,5022,3698,7895,12217,10932,1854,12378,173,3945,8351,9799,4542,8339,12005,2920,8359,10521

test suite27
bestAPFD:0.874761
bestSuite:4828,1808,11395,9830,9692,8317,12438,6660,1165,9932,10885,12169,12852,8132,2875,12190,3366,10909,3772,4033

test suite28
bestAPFD:0.874354
bestSuite:11483,4447,4191,3692,578,10099,6466,6610,10460,13382,1326,7425,3613,3606,7873,9783,8649,7853,9779,9843

test suite29
bestAPFD:0.868021
bestSuite:9885,5420,10126,8017,11418,5334,8738,13192,11844,7744,9636,12600,7792,10783,11175,10359,8730,13175,1314,1639

test suite30
bestAPFD:0.836370
bestSuite:2338,3810,4890,5992,8491,13411,2713,10872,12101,9570,11192,10636,1932,1271,12142,8405,11263,8717,697,13187

test suite31
bestAPFD:0.874743
bestSuite:1447,576,11503,12771,1360,10417,5482,7000,11125,1546,1445,1870,3099,2395,4880,7946,13022,1277,1279,10303

test suite32
bestAPFD:0.886003
bestSuite:1416,3866,9065,2962,12602,7325,13518,4292,7370,4373,4864,7485,7287,3441,9900,9061,7639,2488,2060,12267

test suite33
bestAPFD:0.865327
bestSuite:8479,12226,2978,9673,8494,3896,1554,7297,11680,8637,10169,10736,6515,11953,11775,2894,3448,4623,3817,13169

test suite34
bestAPFD:0.873501
bestSuite:2252,6408,10994,8025,522,7404,325,9348,10481,1001,12099,5960,1714,5959,10065,9597,3577,10473,6103,3099

test suite35
bestAPFD:0.856683
bestSuite:12556,11007,8093,9549,2136,11128,10492,5541,11675,3776,11336,3740,12491,5414,2396,1065,3280,8419,8195,9620

test suite36
bestAPFD:0.869887
bestSuite:13112,9242,2351,1346,6742,3384,3533,12510,13356,3052,8288,9235,5492,3280,4306,8732,6714,4041,5723,1347

test suite37
bestAPFD:0.865127
bestSuite:5519,11543,64,13401,539,12373,1648,364,12198,144,5985,9552,13203,13409,10293,2269,11788,3238,13232,11838

test suite38
bestAPFD:0.864728
bestSuite:4585,8715,12548,7907,121,4573,2564,3253,6908,12730,10074,12535,13385,2345,3361,10185,13407,8183,329,4928

test suite39
bestAPFD:0.861579
bestSuite:13521,11414,1681,8532,5370,1452,6976,11534,12817,10392,1738,11830,7127,12560,1201,3179,7194,5477,1875,11224

test suite40
bestAPFD:0.860348
bestSuite:8368,5698,7055,6428,3312,11180,4546,4407,3597,13409,13297,12006,12879,12807,2413,7945,2539,9013,11169,2754

test suite41
bestAPFD:0.889947
bestSuite:1499,2267,9997,3711,11195,7384,9424,3922,7883,10955,13202,9267,10088,905,3550,56,3357,5160,11192,13010

test suite42
bestAPFD:0.863611
bestSuite:6540,9666,11843,12670,6944,816,13281,12565,703,11650,12294,6101,3408,11970,5572,125,12485,3002,4938,9041

test suite43
bestAPFD:0.899077
bestSuite:8497,1084,8657,2636,11851,2469,10180,578,5480,7892,10118,9473,673,9464,9986,4416,11934,11937,7227,10406

test suite44
bestAPFD:0.875558
bestSuite:11043,7575,10362,12739,5193,3741,9722,9847,11667,5254,7674,2707,908,1373,9695,9959,11731,5343,5177,1327

test suite45
bestAPFD:0.888138
bestSuite:4922,1719,128,11582,1912,9769,4448,9714,4635,1756,3903,4458,4826,5362,7950,9956,6822,1886,7503,12969

test suite46
bestAPFD:0.870976
bestSuite:11030,12358,9123,4986,10932,2219,3377,8302,2718,10135,5579,5102,10847,10416,7287,5191,5836,3244,8584,12156

test suite47
bestAPFD:0.886869
bestSuite:4167,2816,5483,11092,12883,13116,7662,12622,12140,7060,12841,9989,1426,8828,9818,3449,5367,1991,1290,11671

test suite48
bestAPFD:0.853692
bestSuite:5990,12361,6479,932,5265,11586,5232,9622,4672,11294,11426,11149,10651,3308,10377,3152,11335,7442,5026,765

test suite49
bestAPFD:0.868457
bestSuite:3728,11397,8108,2902,11813,2347,8883,2916,12575,12741,3376,7994,724,3123,10814,4989,12165,730,87,8152

test suite50
bestAPFD:0.874771
bestSuite:5241,701,6767,8124,6195,3200,12733,1702,62,12587,2802,6125,7489,6440,1893,2099,11145,6741,7581,10022

test suite51
bestAPFD:0.877816
bestSuite:6609,2134,1540,5058,12876,2299,12527,9255,6732,12231,10232,4581,7425,9507,4244,2895,8111,9290,6788,11058

test suite52
bestAPFD:0.894973
bestSuite:6809,2958,11639,2422,11355,12254,11310,7297,13271,2011,3872,1080,10663,40,2587,4044,1897,2163,4799,5667

test suite53
bestAPFD:0.877225
bestSuite:9925,2673,9421,11384,8126,8084,13522,277,4300,2773,2313,13280,11258,7970,5823,9883,13244,11762,9996,8389

test suite54
bestAPFD:0.876604
bestSuite:10137,4849,11603,2749,9148,4431,3925,11700,9501,2537,10597,9344,4089,8333,8277,421,5608,144,10129,4224

test suite55
bestAPFD:0.861267
bestSuite:362,3907,2733,8140,11388,12929,12495,10956,11544,10431,1962,3394,71,7824,10419,652,9779,10731,2874,2128

test suite56
bestAPFD:0.875219
bestSuite:5447,658,11630,12603,9114,683,2064,3485,3801,11186,1477,8895,12704,3709,1328,3043,2988,5064,3815,5948

test suite57
bestAPFD:0.872849
bestSuite:7284,354,2031,3566,10541,5968,12316,13183,7306,2492,13300,11299,7268,9776,8092,8884,10233,8460,3475,6168

test suite58
bestAPFD:0.873483
bestSuite:4688,11502,5471,1150,11120,7392,7797,9911,10481,2097,10916,6494,9596,2688,3196,9684,549,4052,9863,10552

test suite59
bestAPFD:0.858861
bestSuite:1172,11228,2307,3769,9604,4621,12618,9296,10271,6826,13201,1565,11980,11294,5939,2379,445,11876,7619,2917

test suite60
bestAPFD:0.871889
bestSuite:3002,3683,55,4170,11093,9179,1867,8235,2148,12158,12225,4339,10182,7478,8197,2428,9496,916,10202,7883

test suite61
bestAPFD:0.877168
bestSuite:11427,13375,10596,8735,6160,9728,5892,5004,8588,12075,2126,3464,10261,1217,9114,12087,9857,1051,12962,1812

test suite62
bestAPFD:0.874547
bestSuite:12915,1907,13103,12404,3637,2591,3649,4671,8376,10450,265,12505,2578,2339,1168,11182,5141,4494,8171,3159

test suite63
bestAPFD:0.866457
bestSuite:5884,3900,1023,2203,12770,13366,2150,10131,2410,12613,12305,11471,10324,13506,4216,1126,3156,233,6870,2042

test suite64
bestAPFD:0.861205
bestSuite:9976,2002,9538,12365,10128,13411,12779,3422,7755,11773,5985,179,12580,5504,1817,8249,9792,4500,8280,9420

test suite65
bestAPFD:0.837249
bestSuite:12359,4430,3414,11382,8900,12873,1800,4109,236,12902,3381,10603,2745,10009,10883,598,10,3513,9525,9689

test suite66
bestAPFD:0.867375
bestSuite:4587,2186,9877,3375,4486,2867,4469,8632,1210,411,3791,10174,12217,6127,9214,1816,2818,12274,4458,1034

test suite67
bestAPFD:0.859300
bestSuite:876,9945,7577,12214,13099,2133,8671,3186,10243,2523,11198,3237,12546,8717,6764,12742,6560,5613,4815,8323

test suite68
bestAPFD:0.878109
bestSuite:3707,6136,5519,9703,3978,4015,6999,1261,2837,2854,3904,2806,1934,11925,6096,7972,8085,11724,4244,3482

test suite69
bestAPFD:0.864114
bestSuite:326,4435,12720,1126,8278,4589,9375,10341,318,11125,13491,5812,2042,3204,1559,4280,11001,11754,4965,10201

test suite70
bestAPFD:0.869750
bestSuite:7460,10147,11049,1289,1257,11681,6412,12841,7221,746,10697,13203,4372,8386,6839,8057,3570,957,2422,1937

test suite71
bestAPFD:0.870476
bestSuite:9928,9587,58,4009,12339,10576,703,2028,3007,12797,10823,9684,5302,8414,2936,3316,415,12357,3754,4821

test suite72
bestAPFD:0.876212
bestSuite:7014,11602,10039,4137,1789,11497,1043,1696,5816,13150,1900,12139,813,8312,3159,461,5447,969,5711,8790

test suite73
bestAPFD:0.879995
bestSuite:189,6255,1084,678,9632,6428,10874,3894,3764,11953,6914,11449,12204,3630,2330,7765,7471,1345,10898,5947

test suite74
bestAPFD:0.892147
bestSuite:287,11095,9466,1129,3664,4118,620,795,2833,13267,9220,8571,1639,2463,3263,3916,9961,4602,3000,9901

test suite75
bestAPFD:0.859650
bestSuite:8186,13408,7113,4056,10757,11684,513,10145,12344,6883,4689,1703,225,11164,10425,9513,3077,6662,7603,3135

test suite76
bestAPFD:0.880209
bestSuite:7727,6967,9003,6657,9236,7525,6584,4177,5121,10185,8719,9840,2728,8588,9908,6992,4366,8971,2408,9454

test suite77
bestAPFD:0.857591
bestSuite:11449,5619,2602,2290,12472,7102,10758,9233,7812,2494,7264,10239,12101,11549,1250,13009,5608,12210,5200,2057

test suite78
bestAPFD:0.881233
bestSuite:8624,2197,11433,6677,11110,10051,8476,10250,6681,3148,11773,3430,2480,3371,9151,2266,1887,912,6858,10618

test suite79
bestAPFD:0.889480
bestSuite:10367,11491,13155,4573,6117,8083,10533,3529,11352,12156,3209,8945,2345,8023,1688,7759,2985,3312,6274,4536

test suite80
bestAPFD:0.899227
bestSuite:8332,7285,4744,6785,7247,2922,3454,7914,11456,8004,6309,5959,5074,7486,10071,6589,7119,9651,9566,138

test suite81
bestAPFD:0.866616
bestSuite:12967,3938,8656,4502,13190,13363,8948,12490,9909,10873,4517,6605,8769,1515,4891,3722,8011,2393,1530,6125

test suite82
bestAPFD:0.876783
bestSuite:7098,4837,3740,8516,11794,10374,4926,2300,1695,9730,8305,5073,10106,1399,6820,3159,393,10223,7566,2591

test suite83
bestAPFD:0.874088
bestSuite:1232,6790,2078,5756,12908,1901,101,692,249,4255,12236,1234,4882,6465,6788,903,1840,7797,9240,6012

test suite84
bestAPFD:0.863134
bestSuite:12664,8931,389,12632,8636,7929,7377,11576,3008,11802,5623,3627,2379,11710,12188,1647,5374,7128,232,2981

test suite85
bestAPFD:0.875833
bestSuite:739,2392,5233,12964,12392,13160,1758,10633,5841,12300,8173,5489,13067,7338,8717,4676,7736,2200,2056,2393

test suite86
bestAPFD:0.859664
bestSuite:12654,4808,7215,7617,9715,11774,4005,4952,9861,11193,13475,2801,3491,4794,11104,5375,1144,8435,10986,984

test suite87
bestAPFD:0.880535
bestSuite:7756,11016,12736,5450,10136,3444,4438,35,10621,2687,9319,7161,3160,4982,5876,3740,3800,1030,1321,1620

test suite88
bestAPFD:0.863732
bestSuite:2435,4740,3387,11561,7667,4382,2894,12808,13126,5404,12488,1826,8350,11700,369,2685,8513,2579,5433,4727

test suite89
bestAPFD:0.873314
bestSuite:10048,6452,492,13322,13504,10165,7989,8100,7053,7231,12870,7176,9542,2959,8297,7410,992,1535,7660,4889

test suite90
bestAPFD:0.882045
bestSuite:8747,6848,6995,3290,8114,11134,5514,10727,4481,300,647,10584,5970,8046,7680,5774,12031,9782,1780,13308

test suite91
bestAPFD:0.865822
bestSuite:3006,12793,8233,9746,3315,4262,7121,5650,6252,1868,12642,9443,2601,4377,9188,10582,4425,8272,3879,2867

test suite92
bestAPFD:0.873480
bestSuite:6068,12602,7441,2697,12766,4680,5252,7955,1517,8695,3857,2751,6250,8453,8450,10981,7836,4766,8581,3785

test suite93
bestAPFD:0.872627
bestSuite:759,1448,9673,5004,12031,4874,10378,6306,7831,13056,692,10754,4187,13228,9612,10098,6959,4765,383,7026

test suite94
bestAPFD:0.861760
bestSuite:7264,3741,8501,7452,6945,11717,8594,9823,5804,1151,12300,1694,1595,8997,2352,10457,2842,11525,11001,1083

test suite95
bestAPFD:0.868098
bestSuite:6898,814,12459,9200,9391,3272,5793,742,12670,9460,12285,7769,7499,3327,13295,7886,3772,7214,5565,9127

test suite96
bestAPFD:0.880449
bestSuite:11491,10367,11398,6176,12060,5471,3401,5050,4029,13267,2011,10940,3879,760,8784,8746,10655,5697,4286,1684

test suite97
bestAPFD:0.841162
bestSuite:5755,9568,11824,5005,13196,12470,12761,4586,12957,8138,13298,11555,13448,5865,1703,8892,6955,8236,3134,1654

test suite98
bestAPFD:0.871138
bestSuite:1896,2037,11078,3420,4079,6548,166,10120,5106,5970,7581,3030,12554,12823,8175,4221,9690,6535,8473,310

test suite99
bestAPFD:0.878525
bestSuite:823,206,3866,11868,9029,4348,12733,8281,4321,12093,6890,4183,6244,3352,9221,6502,1165,186,1442,795

test suite100
bestAPFD:0.885011
bestSuite:5814,2635,13367,11319,5839,3055,3070,12068,13436,1580,6837,4607,11880,11328,9470,9222,4845,11884,9130,5966

test suite101
bestAPFD:0.871048
bestSuite:4583,7704,4486,3969,2152,11018,12833,12064,6253,9498,145,7184,972,993,9241,10715,6795,5376,5857,7469

test suite102
bestAPFD:0.868741
bestSuite:10967,2924,5018,1849,11286,1974,3712,8579,10843,12588,10187,8212,9918,993,4436,4569,2123,6845,1166,13452

test suite103
bestAPFD:0.875484
bestSuite:2943,2607,6044,3764,12740,8643,10765,2747,9628,1240,3520,3001,6047,1280,9770,3763,5861,13226,5658,2397

test suite104
bestAPFD:0.863772
bestSuite:5601,3925,12149,4733,5312,11640,11842,13133,10891,3354,3030,12135,5625,5836,2039,7849,8583,2500,5198,12813

test suite105
bestAPFD:0.862131
bestSuite:4297,11154,377,6402,261,3085,12327,6916,2670,12291,9505,12123,12203,4422,11870,8969,2941,10278,2488,2262

test suite106
bestAPFD:0.866364
bestSuite:2006,3888,9547,1835,12585,2984,5019,13270,4187,4597,9098,4591,9007,2277,4388,5010,5065,8297,10567,3461

test suite107
bestAPFD:0.861240
bestSuite:13391,8533,2300,9,12414,1086,11638,6210,5265,12035,3752,2931,12844,6392,10084,10192,608,10197,9505,9591

test suite108
bestAPFD:0.894337
bestSuite:3865,4016,8540,3893,14,11564,9915,10873,459,8385,1470,8171,8037,9211,1423,5517,40,8120,4141,1919

test suite109
bestAPFD:0.835996
bestSuite:1740,7812,566,3726,12048,8375,12926,12020,8325,10801,9230,11061,2148,10654,5495,9140,5349,7459,161,11504

test suite110
bestAPFD:0.868892
bestSuite:11519,3766,256,12614,13359,6115,12439,9172,2614,11561,6934,11984,10043,10261,2431,8937,13251,6587,1402,12556

test suite111
bestAPFD:0.877518
bestSuite:8332,1084,11656,8843,5222,12187,4049,11850,9763,2509,5260,6129,11448,795,13495,13449,9497,5154,2408,11083

test suite112
bestAPFD:0.866064
bestSuite:12478,1847,12891,12389,2820,4341,10963,5864,3557,7044,5370,2553,8642,6348,1050,5048,3928,8794,1629,2278

test suite113
bestAPFD:0.864744
bestSuite:381,6186,3457,12195,5964,11706,9893,11087,9983,7656,7912,9285,4549,3495,8099,11758,4300,6214,6888,12016

test suite114
bestAPFD:0.850945
bestSuite:12937,3806,3855,11764,3474,13066,11673,11608,5566,9628,735,7324,8755,4057,9738,3715,9090,9527,2141,6499

test suite115
bestAPFD:0.859144
bestSuite:7520,5960,11679,10523,18,12796,8843,1184,8248,597,10701,7315,8616,12309,1138,11652,8686,6006,10696,1467

test suite116
bestAPFD:0.846154
bestSuite:9795,13519,11693,9120,13166,7531,611,13367,12085,6229,10843,10996,3696,3776,10854,12526,5193,8731,4181,10173

test suite117
bestAPFD:0.850793
bestSuite:538,6317,4891,6707,12330,10910,12448,8274,9604,834,7016,9555,5529,6499,1147,9958,7292,12697,849,4678

test suite118
bestAPFD:0.870026
bestSuite:7258,1113,3860,8437,11719,3850,6226,6591,1785,9931,4953,11284,390,11347,8628,9216,13250,1011,8239,10259

test suite119
bestAPFD:0.853930
bestSuite:9322,10039,5020,9666,11075,430,12732,12883,10802,11391,2555,12290,10463,3643,5716,10073,9208,7692,7622,8722

test suite120
bestAPFD:0.872234
bestSuite:13099,7984,2836,629,9936,5979,8089,10749,13128,568,6604,2744,9902,2932,1501,4301,9280,4845,1709,5802

test suite121
bestAPFD:0.872210
bestSuite:7002,9845,6575,646,2994,4605,5816,12530,5754,3586,6312,3335,11287,1535,1494,11829,7023,2488,13319,6230

test suite122
bestAPFD:0.873976
bestSuite:2995,4171,4255,1976,2153,12705,399,6557,7125,12344,3965,7214,7717,11958,10563,1008,13488,2693,4141,8451

test suite123
bestAPFD:0.862779
bestSuite:11422,11759,364,11582,9883,12587,11469,2,12962,1493,8085,6364,2969,13306,4884,9130,2609,6882,10510,11257

test suite124
bestAPFD:0.908879
bestSuite:8767,7658,10916,5687,12152,9991,1582,1289,993,13318,10913,1954,2793,8513,6214,8130,3996,8111,410,2833

test suite125
bestAPFD:0.867815
bestSuite:3272,4332,7395,9867,11666,7359,9767,11350,5145,381,7375,10882,1960,4362,3804,1807,5339,5698,3466,6767

test suite126
bestAPFD:0.871373
bestSuite:11931,9432,1362,11114,8950,7765,356,8466,12754,3471,6373,13395,1549,11013,190,1795,8810,8105,4843,4666

test suite127
bestAPFD:0.855178
bestSuite:6588,5739,8651,12417,12167,5052,12687,5070,7017,8508,10641,3820,8111,12542,7173,1705,8131,8665,8218,2846

test suite128
bestAPFD:0.858579
bestSuite:13431,5151,12711,8471,14,2211,11651,13092,9243,5647,9020,3940,9569,9949,938,7229,9143,5930,1482,11787

test suite129
bestAPFD:0.893813
bestSuite:4268,12475,4496,4460,8415,2752,12820,8796,8945,7904,13401,2529,8048,10175,12479,3087,9724,6405,5593,418

test suite130
bestAPFD:0.855737
bestSuite:3176,5562,8091,13373,5171,10589,5050,1220,5061,11236,8233,11983,560,8461,5103,2970,5582,40,3098,2275

test suite131
bestAPFD:0.882826
bestSuite:4370,12965,6670,2051,513,11850,4118,5017,9138,12869,7499,11209,4030,6144,1696,1490,3977,8481,6779,7865

test suite132
bestAPFD:0.891425
bestSuite:2314,2958,12619,6031,4738,9526,12895,8537,11453,428,2663,4411,4639,6810,6148,8442,163,2153,282,9207

test suite133
bestAPFD:0.859754
bestSuite:1284,7465,12894,12788,3343,1444,11048,11645,8789,1974,11903,7456,7424,9540,7398,7594,8787,234,7273,8903

test suite134
bestAPFD:0.870149
bestSuite:704,8271,7571,5434,12497,3254,5227,11091,11582,4411,5156,6501,9517,4781,1189,3050,5888,13247,549,5311

test suite135
bestAPFD:0.856699
bestSuite:6328,7831,2024,1987,12760,5454,13399,11041,7435,3875,10934,7163,85,4250,10676,4642,9837,8858,7165,679

test suite136
bestAPFD:0.867947
bestSuite:8622,13510,12125,3828,7126,1383,12583,11457,10831,4074,2556,8756,2418,9780,1545,11778,5573,1221,9447,12829

test suite137
bestAPFD:0.891990
bestSuite:8929,9812,11594,12537,2061,3078,3403,10955,6876,7000,3191,11674,7032,4734,5701,117,7306,6249,5812,6666

test suite138
bestAPFD:0.887392
bestSuite:778,9230,8336,7039,8694,11024,7658,13430,8970,11352,4614,11027,490,9652,9937,8440,4035,233,3663,3158

test suite139
bestAPFD:0.867491
bestSuite:9035,6050,12461,6986,6535,8117,312,1814,8967,3148,10303,1607,4655,145,4059,2967,2827,12697,4452,2349

test suite140
bestAPFD:0.865309
bestSuite:1088,462,7293,6394,3342,6707,9571,13046,10867,9021,4176,3887,1285,922,2825,10234,237,8812,948,5319

test suite141
bestAPFD:0.871271
bestSuite:12458,7106,6349,121,4741,13509,4272,10638,12751,789,11226,10238,6712,4117,10568,1863,849,9592,7505,11130

test suite142
bestAPFD:0.845108
bestSuite:5632,11842,8663,4334,3764,8988,12736,11622,2731,5132,1156,13407,7557,7028,9595,9043,9994,8817,9709,12287

test suite143
bestAPFD:0.863576
bestSuite:4580,6079,9123,2651,3826,8454,1532,5122,1674,10035,3245,7481,3146,6392,11018,8588,13013,7744,9541,10463

test suite144
bestAPFD:0.858833
bestSuite:1545,7397,1811,3330,12713,8440,11504,13352,2064,6234,1032,11533,13464,5011,10792,3181,6807,585,2727,3511

test suite145
bestAPFD:0.881795
bestSuite:4948,8952,5420,5305,9588,7509,11008,6339,5603,915,12101,6612,10052,913,12178,1928,9488,3744,5463,7537

test suite146
bestAPFD:0.889689
bestSuite:4268,9387,4224,111,6278,9157,12298,9099,8268,7663,10327,4631,10873,9750,2977,8809,6708,5974,4887,7024

test suite147
bestAPFD:0.892026
bestSuite:9229,6012,8645,6975,2786,193,8677,274,3226,2275,12103,9800,2878,2189,5290,9782,7350,5380,9563,11927

test suite148
bestAPFD:0.877462
bestSuite:7204,3479,9288,2549,9047,11605,11142,6014,12339,11655,13019,1659,5819,7818,3850,5782,8864,5705,2585,8183

test suite149
bestAPFD:0.869037
bestSuite:6994,4658,1359,5519,6817,12638,4063,11261,11552,12663,6160,1335,7369,2871,1984,1777,4272,3426,3345,12717

test suite150
bestAPFD:0.881664
bestSuite:9435,1874,13144,6238,10561,5462,4030,3694,12200,8868,6585,9586,796,4878,214,6390,6775,935,7994,12727

test suite151
bestAPFD:0.888784
bestSuite:5171,5915,3367,9309,4452,4727,3618,11922,7580,4847,6386,10329,2157,7108,6408,9270,1996,9646,9738,9442

test suite152
bestAPFD:0.893960
bestSuite:2051,6220,12926,5975,375,5775,12889,1523,10463,9671,214,1496,5599,3638,4533,10157,9141,3839,7623,9937

test suite153
bestAPFD:0.873867
bestSuite:2896,11808,445,3940,12937,6657,6942,4590,12532,8286,12289,6125,7404,13486,13434,6461,5615,10112,12313,2403

test suite154
bestAPFD:0.884241
bestSuite:4817,6171,11517,809,11081,4197,13185,1248,6271,3043,11797,8595,3659,4004,6950,10594,152,7433,3219,4574

test suite155
bestAPFD:0.874662
bestSuite:512,1258,12689,3013,5536,1523,4742,11988,9047,8535,7463,12810,8266,3347,8769,1350,7169,10226,8836,6888

test suite156
bestAPFD:0.879963
bestSuite:2253,11843,7837,7620,10369,10566,448,10983,1555,4902,2046,2506,1321,6133,1422,3160,7225,6299,4647,589

test suite157
bestAPFD:0.878303
bestSuite:9432,4915,6590,3968,4828,12761,5083,12352,628,10921,11939,3759,11322,2359,9719,9903,7499,8461,8859,11106

test suite158
bestAPFD:0.875733
bestSuite:3571,197,1848,12881,11596,8842,6492,2607,6629,1232,12196,560,9334,7920,1822,587,6222,9777,2032,6459

test suite159
bestAPFD:0.866647
bestSuite:3830,2533,2507,13347,10035,11970,13395,483,3272,7115,7482,3369,9809,8699,9889,6340,172,3812,2065,6400

test suite160
bestAPFD:0.874055
bestSuite:8321,8486,8837,5769,11692,3576,12464,7460,10589,4704,12871,12296,7434,7360,10507,571,2881,1120,7644,12806

test suite161
bestAPFD:0.856843
bestSuite:13053,5163,5003,11047,3943,11675,713,13259,7057,5062,12312,5779,10828,1116,892,9063,7814,6216,11251,10835

test suite162
bestAPFD:0.875943
bestSuite:778,3986,12044,13513,3298,4160,9927,5584,6695,2230,10552,5028,5749,8595,9415,13205,1826,5861,5360,3441

test suite163
bestAPFD:0.880141
bestSuite:2386,1400,2131,7857,9279,10486,5886,12795,10717,5423,9994,8,4680,984,10850,12718,4881,3635,1760,12789

test suite164
bestAPFD:0.890722
bestSuite:13024,8422,1395,11014,3671,12838,3727,8037,3959,11303,13494,7567,146,9505,6744,8812,1952,253,8738,7820

test suite165
bestAPFD:0.875107
bestSuite:8601,9265,6450,1099,6919,13149,11058,6700,6961,9170,12075,10728,10858,11929,3458,13212,11726,5545,9844,1487

test suite166
bestAPFD:0.875226
bestSuite:8237,1640,6707,3637,5583,1767,7467,10648,2537,6130,5185,6006,8032,7109,4580,10851,3722,9178,2265,6470

test suite167
bestAPFD:0.889487
bestSuite:34,5229,4588,6272,11651,12298,13147,12506,4914,5951,4445,10907,2385,1534,4599,191,3445,1036,5219,8086

test suite168
bestAPFD:0.866485
bestSuite:7710,9559,11704,8652,4404,3577,1813,4321,11860,10282,10435,1883,2097,12822,10320,9074,867,9109,4329,5803

test suite169
bestAPFD:0.890172
bestSuite:11040,4191,9300,13406,10145,5938,3920,6756,8036,10587,3961,6295,1815,9043,3078,8204,8416,7005,9314,11321

test suite170
bestAPFD:0.897262
bestSuite:10997,12377,1750,8190,12970,7955,571,5101,929,5978,10402,164,10117,1496,1485,715,1047,13253,10396,2125

test suite171
bestAPFD:0.872291
bestSuite:2014,4753,8026,5253,1228,12787,8201,3300,6502,8529,2855,2115,12516,2178,11258,10115,3973,1235,1924,4011

test suite172
bestAPFD:0.887280
bestSuite:5282,12402,9055,7656,4643,8694,238,4497,7814,11900,7651,1394,3062,10868,7862,1615,7254,2725,5486,975

test suite173
bestAPFD:0.891704
bestSuite:4332,6894,4597,11459,9206,8664,6297,12579,9966,10388,11934,5865,9634,4811,7997,5951,1501,2908,4054,9181

test suite174
bestAPFD:0.877796
bestSuite:3137,8310,12353,13394,9604,3543,6365,1137,3816,3464,5834,513,7090,2332,2742,2254,11991,3742,3993,4033

test suite175
bestAPFD:0.852561
bestSuite:4915,8838,6869,11984,3122,1009,340,630,12888,8937,8319,3450,892,10700,9102,3308,7580,8538,3358,6166

test suite176
bestAPFD:0.861866
bestSuite:5353,856,2615,12409,10962,5504,1002,7151,7388,13484,10943,7200,4484,6444,5785,7184,12143,229,997,7257

test suite177
bestAPFD:0.865418
bestSuite:899,11853,332,3384,4273,13521,3497,12378,12824,11141,9807,8389,3167,7849,11541,6742,11252,11047,11326,8112

test suite178
bestAPFD:0.871605
bestSuite:1343,11492,13105,3928,6164,9999,5967,7566,4033,4358,3535,7769,8466,13212,378,6222,11731,5580,9524,8544

test suite179
bestAPFD:0.874224
bestSuite:10967,11932,5876,6448,3830,10376,1783,9023,12370,2741,6410,6963,7611,8436,13346,442,12359,12994,1591,8773

test suite180
bestAPFD:0.888176
bestSuite:5331,2867,2943,8861,11508,2508,8423,573,8223,1620,8066,9046,4562,1052,839,6345,6255,4441,4068,3056

test suite181
bestAPFD:0.863517
bestSuite:7072,8035,6224,9079,13478,11450,11661,4858,9961,10769,7619,9094,2129,6000,10177,378,11213,3661,9787,2224

test suite182
bestAPFD:0.867350
bestSuite:602,3949,4889,6435,2020,10767,11672,5498,7835,763,10649,9267,2306,532,1785,4197,11030,7090,1665,1450

test suite183
bestAPFD:0.865610
bestSuite:10380,5967,7782,6281,7527,660,11518,11462,12350,10787,3346,847,8369,5636,11232,484,8477,2754,7150,6314

test suite184
bestAPFD:0.873889
bestSuite:9121,1380,3389,11578,6222,2472,13415,7929,13470,10894,7047,2807,2130,13493,13181,10018,4234,5065,3992,2504

test suite185
bestAPFD:0.885142
bestSuite:6734,11016,1515,1734,11195,10798,9402,11830,1408,233,1452,12976,12850,3223,11881,11820,3220,2266,8937,2576

test suite186
bestAPFD:0.853254
bestSuite:335,11433,5857,6206,5872,13171,6743,5011,3231,10647,9494,6816,13374,4211,11752,5678,8641,9270,6974,13242

test suite187
bestAPFD:0.871981
bestSuite:10139,13520,4578,9085,11896,7634,10879,12517,7738,10244,12053,10827,1,4883,7216,4651,7297,2382,9253,9094

test suite188
bestAPFD:0.891210
bestSuite:243,3151,1946,13403,4176,3172,12849,9765,11856,1218,2922,3548,10237,530,5037,6591,5033,1086,567,2487

test suite189
bestAPFD:0.887687
bestSuite:358,7982,12914,7278,7656,4136,10545,11380,824,1687,1176,5183,11205,8703,1334,6336,761,4656,3416,9033

test suite190
bestAPFD:0.866243
bestSuite:2123,808,1212,11676,6956,7580,12539,2343,763,11015,2780,7715,4300,5875,6955,3683,2471,815,17,3300

test suite191
bestAPFD:0.865263
bestSuite:5443,2442,384,722,12681,2289,5796,7504,7455,12217,9167,8,11186,6480,10641,11742,667,2110,9692,4058

test suite192
bestAPFD:0.873996
bestSuite:6633,10968,7817,13193,5342,11234,13518,361,11075,9206,7578,6438,8119,3839,5155,12021,3676,10599,11732,3499

test suite193
bestAPFD:0.885984
bestSuite:9888,4911,11291,2068,7140,12317,12233,10425,8189,5058,10219,6027,5329,3363,7031,1924,2868,2264,590,9845

test suite194
bestAPFD:0.861713
bestSuite:11137,5546,11641,13349,2826,2540,6349,10737,6670,10611,547,10701,1017,9893,9701,8772,6063,2498,3073,1470

test suite195
bestAPFD:0.882756
bestSuite:4000,9438,12455,9483,9774,10550,975,7159,5564,9263,11960,9675,8,3669,1144,9178,587,700,5618,1981

test suite196
bestAPFD:0.874603
bestSuite:13119,6667,222,1023,10617,2416,11422,1449,5252,7512,7105,12937,12879,9339,4877,3027,8737,9141,7286,2445

test suite197
bestAPFD:0.878453
bestSuite:2900,2444,11662,9142,6607,9571,7078,13132,11846,10386,1963,5396,9814,2321,3278,7671,8654,1351,832,8513

test suite198
bestAPFD:0.891200
bestSuite:6075,8063,8265,1860,4140,11379,2633,1182,11965,10410,6135,10630,5096,4072,1617,6516,7428,10018,1247,3797

test suite199
bestAPFD:0.866029
bestSuite:8012,12591,919,5890,9980,12638,1674,13365,10803,11823,6007,10468,9865,6621,4608,1647,2664,3796,6958,4337

test suite200
bestAPFD:0.880829
bestSuite:8438,403,2079,8702,1449,10201,131,5813,1975,13392,13501,11149,5087,4545,2312,9241,8637,309,2996,7031

test suite201
bestAPFD:0.866277
bestSuite:12979,7550,10980,9619,6893,1493,12441,8649,10895,3603,9611,8551,5649,1497,10310,4427,9528,200,410,5795

test suite202
bestAPFD:0.857754
bestSuite:11023,2491,11340,8479,1284,6210,2890,5139,10758,10486,8204,5946,9540,3630,10477,8676,10433,1309,10506,1651

test suite203
bestAPFD:0.872211
bestSuite:1573,5296,6076,10375,1885,13442,7436,7669,4408,2947,12088,2901,10844,7221,11744,7168,5279,587,2168,5568

test suite204
bestAPFD:0.886226
bestSuite:3001,5714,3421,6639,2694,10382,7379,10893,11359,4553,8503,9841,3581,7946,11730,151,271,10024,7960,4204

test suite205
bestAPFD:0.862946
bestSuite:12562,9123,8964,11633,8242,5693,2507,9321,11595,1972,10779,303,10007,5744,1238,7894,4853,11799,9901,10917

test suite206
bestAPFD:0.879705
bestSuite:656,8527,1605,5388,8744,2750,5426,4421,1919,677,473,7930,5646,4252,11786,5564,4537,2901,2344,10220

test suite207
bestAPFD:0.873301
bestSuite:11517,3210,4095,1547,6831,11207,1751,12432,12735,3721,9834,13234,2542,9476,12176,3650,11515,3302,3917,3333

test suite208
bestAPFD:0.868363
bestSuite:11499,13158,2564,13377,9340,11837,9674,3383,1010,6914,8705,8250,7435,3565,1622,4265,8665,12260,10444,4424

test suite209
bestAPFD:0.871191
bestSuite:7525,9599,6355,10833,11459,8614,3085,227,716,5647,1271,10332,11338,450,225,10692,176,3628,5068,1137

test suite210
bestAPFD:0.869951
bestSuite:1197,5513,7888,12709,6197,11643,13105,646,8707,1678,7040,5557,8732,4724,3916,4114,5415,3857,610,11740

test suite211
bestAPFD:0.882331
bestSuite:7968,1380,11283,4567,2323,4143,13209,6924,794,9346,8129,151,8198,12298,9186,4368,10837,8802,1304,8048

test suite212
bestAPFD:0.858923
bestSuite:6531,1292,12026,9158,12369,1788,12465,10898,10864,7456,8086,11753,1782,1765,4366,733,6877,2394,10880,10677

test suite213
bestAPFD:0.876921
bestSuite:1874,11423,1174,12411,8103,1957,11321,5688,7381,11979,1094,8896,2371,5276,2413,1185,6505,5887,1118,8742

test suite214
bestAPFD:0.876817
bestSuite:1215,13342,3038,11117,2399,9945,4905,5916,276,316,10308,4559,12085,10178,8726,9618,6254,758,4666,7003

test suite215
bestAPFD:0.856378
bestSuite:8006,3187,6578,7030,12767,12855,8972,9958,10569,5283,10733,6988,5156,10112,10861,8765,10170,2129,12879,6963

test suite216
bestAPFD:0.865038
bestSuite:1273,2448,10983,7099,7610,8157,11457,226,13032,12294,6316,10871,13217,12194,13268,8737,8399,10693,5180,3582

test suite217
bestAPFD:0.874982
bestSuite:6910,4420,6921,505,1420,11567,5207,12140,8356,7070,10478,12803,5168,8757,5919,9819,2089,4914,8855,7830

test suite218
bestAPFD:0.861894
bestSuite:4199,10146,1955,5698,11569,12396,3379,2010,10937,2701,11601,13183,6375,10434,1248,3825,4134,5080,9966,11618

test suite219
bestAPFD:0.867068
bestSuite:13380,11252,6824,6404,12621,8935,6177,10494,8724,11868,10144,3460,10349,12935,9544,12981,8005,12065,5484,3999

test suite220
bestAPFD:0.869866
bestSuite:11043,12910,7784,3517,10815,2869,2472,9754,10582,5205,12111,10377,3822,9828,3313,3235,6945,3743,11734,8604

test suite221
bestAPFD:0.894427
bestSuite:9694,1015,13116,10647,13301,5927,4864,6064,2372,1897,7389,10725,1824,6165,2530,10633,8499,8006,1279,8259

test suite222
bestAPFD:0.853200
bestSuite:13407,13027,6356,3505,7452,9261,12044,7889,12566,1116,7576,7993,4217,8213,1976,2821,9104,12101,7083,2853

test suite223
bestAPFD:0.878284
bestSuite:7751,8366,12620,1557,1555,1494,12929,1074,12044,9526,1242,11078,6978,4975,338,438,12358,1775,2940,9942

test suite224
bestAPFD:0.877871
bestSuite:13420,5379,4095,9254,3623,11250,8390,7094,2399,10190,7521,367,6392,7408,6568,329,8372,7068,228,8200

test suite225
bestAPFD:0.867109
bestSuite:6556,12383,12932,6169,8220,1350,7441,956,13143,11958,10051,1490,2304,9134,12340,9463,7664,2247,7758,642

test suite226
bestAPFD:0.884265
bestSuite:4114,7122,1016,2225,5951,6692,1856,1163,11377,1000,6099,3581,2016,8518,3079,7859,32,7544,6278,1178

test suite227
bestAPFD:0.840530
bestSuite:1739,11548,12470,7887,8791,5574,3064,3234,5106,6674,13217,6501,1640,5100,9637,5034,10394,9053,3211,2059

test suite228
bestAPFD:0.870588
bestSuite:4548,6,13341,12609,12231,5634,8281,11977,3009,4581,3733,9515,2882,2895,5131,9324,7761,4272,1075,6610

test suite229
bestAPFD:0.886655
bestSuite:4625,6407,8789,9240,11871,6333,11530,4336,3702,2226,11249,5489,8522,12848,13267,7411,6863,7671,10084,6066

test suite230
bestAPFD:0.869740
bestSuite:8664,7148,12147,8875,11621,9247,3264,4240,6385,10626,10143,3860,725,11160,60,10560,9815,6191,1610,805

test suite231
bestAPFD:0.863820
bestSuite:4457,9891,6501,11610,7135,12911,10565,10893,9832,173,10215,10944,6952,4126,9369,10719,4325,945,8812,13266

test suite232
bestAPFD:0.885086
bestSuite:5020,9980,2073,5134,2717,5373,4854,9989,4412,2071,4821,435,730,9582,9061,3345,8173,834,450,10107

test suite233
bestAPFD:0.866093
bestSuite:1456,3763,10504,9949,8148,3592,4358,8076,4207,4480,5632,3051,2008,2969,9644,8803,5489,9591,4253,8792

test suite234
bestAPFD:0.869644
bestSuite:8126,7971,709,3733,13018,2695,9349,10262,12440,11077,11957,4053,4165,555,4387,9257,6226,6241,7047,5581

test suite235
bestAPFD:0.842738
bestSuite:12440,4185,7264,285,11922,2621,5221,12773,1180,7790,6089,10949,885,10167,1229,2021,10681,6221,2009,2502

test suite236
bestAPFD:0.857097
bestSuite:13158,1137,1284,12344,12477,1897,11004,2473,10600,7845,4008,11463,10895,1692,8826,12258,727,12031,1928,6194

test suite237
bestAPFD:0.859387
bestSuite:2178,3926,6231,1612,8336,5593,9546,9233,9510,11734,11547,5807,9877,12066,12980,8872,491,496,3862,9949

test suite238
bestAPFD:0.883631
bestSuite:13504,12955,2092,6227,2156,2971,7419,6355,8255,6455,10864,173,1664,3728,6801,10003,5082,677,9276,11037

test suite239
bestAPFD:0.877059
bestSuite:4380,8149,8527,5616,12499,10126,6495,6862,2917,10966,7009,10872,4926,8429,9674,7080,7067,10672,8788,2243

test suite240
bestAPFD:0.879669
bestSuite:9284,11675,9891,8437,118,8567,10607,4755,990,9582,12158,9315,11715,1752,3320,1122,4449,3661,7039,2708

test suite241
bestAPFD:0.848636
bestSuite:4329,6420,2812,12605,8371,207,10879,9054,9142,11979,10869,39,7080,7315,10230,10867,12963,5969,12840,13437

test suite242
bestAPFD:0.891011
bestSuite:5611,107,6206,7357,5241,8990,9242,918,8922,12024,6417,2212,8584,11785,7753,1154,10953,6381,185,1387

test suite243
bestAPFD:0.873474
bestSuite:5583,11588,6262,1874,206,6912,4222,11135,7494,4524,11035,705,2728,11664,1417,2311,8333,9497,3277,9428

test suite244
bestAPFD:0.867199
bestSuite:5292,669,12167,11007,12617,6563,8061,1696,7167,7462,3471,533,3975,13486,11784,6343,450,6844,2443,12526

test suite245
bestAPFD:0.882240
bestSuite:2184,449,5137,12385,12613,3188,2473,3990,10495,202,13478,11911,5289,10511,5560,10415,1796,9241,4643,9908

test suite246
bestAPFD:0.855297
bestSuite:4770,7699,5338,6489,11409,395,2246,10870,11695,6198,3980,8347,5599,504,2681,12265,196,5653,2929,8842

test suite247
bestAPFD:0.873469
bestSuite:8635,11706,8108,1101,11787,8718,1986,4857,7916,10288,4654,12867,2034,3730,520,9552,8121,65,1827,2614

test suite248
bestAPFD:0.886059
bestSuite:11635,10965,12285,8814,8275,2269,13512,6224,13299,12875,8386,11792,2985,3393,11731,10278,4051,2266,5861,6911

test suite249
bestAPFD:0.860397
bestSuite:3175,11657,8569,1353,7862,12601,11980,5906,968,12158,7698,4629,7686,11520,7384,5518,1279,8871,11988,7174

test suite250
bestAPFD:0.875436
bestSuite:5170,203,5736,471,3346,4195,1385,12133,11160,11965,6866,10269,4046,6296,4814,7551,12084,10918,10116,9735

test suite251
bestAPFD:0.874934
bestSuite:13118,13519,11277,5223,8931,5887,221,998,8966,204,7021,7424,1522,1105,2505,12073,931,8079,6807,7181

test suite252
bestAPFD:0.887015
bestSuite:890,2098,4915,4005,7876,12848,6503,6210,1211,7344,1604,9252,4740,5308,5638,3326,9576,8473,2016,694

test suite253
bestAPFD:0.859582
bestSuite:9104,11614,7455,6734,10989,4406,2063,11296,12664,5427,4971,10797,796,12746,11199,8892,4214,7467,8859,8004

test suite254
bestAPFD:0.875214
bestSuite:6228,4590,4245,1653,4246,5719,11309,11155,4261,11320,6360,2071,11323,3749,6582,8639,3865,2954,4653,10428

test suite255
bestAPFD:0.858200
bestSuite:1017,9015,7291,2276,10737,3908,10453,9703,11371,9100,1287,975,2461,6335,1422,1645,5172,10003,2450,10275

test suite256
bestAPFD:0.867067
bestSuite:1907,7491,12643,7492,10932,11484,1394,11868,4649,12750,7741,10643,5355,4676,9310,10219,1221,3821,5414,10306

test suite257
bestAPFD:0.882017
bestSuite:6958,5282,8061,982,1835,9558,6282,4790,10679,7828,12302,6830,977,726,3081,8612,7674,5878,6623,2587

test suite258
bestAPFD:0.880635
bestSuite:8036,8097,11686,8341,1803,6378,10659,11011,1118,11360,7921,10199,5744,6876,5658,8042,11336,7904,5359,9524

test suite259
bestAPFD:0.851036
bestSuite:2995,9528,11718,11104,4058,2215,4456,12629,10334,13378,6989,6301,6419,12528,10059,2425,11732,6861,6382,12605

test suite260
bestAPFD:0.859201
bestSuite:7779,9048,10623,1980,9118,2863,10136,3252,3909,13070,3150,10794,9402,2477,2110,620,7573,3831,6833,6999

test suite261
bestAPFD:0.886817
bestSuite:12475,2642,3386,7572,10591,10732,12219,8996,6105,12972,1394,9612,1140,5973,1094,3911,10008,7602,10501,11894

test suite262
bestAPFD:0.887406
bestSuite:9751,1544,12307,3544,6097,4923,8609,6213,10402,7292,12321,5488,8959,6212,7578,4093,7631,4570,5477,6961

test suite263
bestAPFD:0.874664
bestSuite:30,5796,1725,12490,6255,1554,9480,8653,6926,4086,7220,13205,5266,10175,56,4732,10073,9618,7443,1926

test suite264
bestAPFD:0.853073
bestSuite:698,9233,7287,8907,362,10638,7220,8207,5646,4748,2693,11257,7214,10796,11869,5459,11817,6440,4327,8432

test suite265
bestAPFD:0.879443
bestSuite:6045,5218,332,12762,2192,5292,3164,1217,7676,10800,9134,8994,11869,2759,918,7609,11886,3997,9131,7822

test suite266
bestAPFD:0.879183
bestSuite:2607,3114,3926,12525,1025,5337,5227,6863,1958,10082,3358,10095,5439,6958,12249,7434,1011,7542,6654,5554

test suite267
bestAPFD:0.864100
bestSuite:173,5171,13145,11708,928,9529,12607,10540,9669,6362,5562,4975,147,4217,6552,7594,1623,5705,11696,9465

test suite268
bestAPFD:0.876171
bestSuite:2761,5313,12001,12976,6298,9633,12681,3040,12626,1479,7140,5954,6141,7677,2285,8282,638,8145,8396,269

test suite269
bestAPFD:0.889079
bestSuite:8678,3058,2042,10995,4200,9130,4801,2716,4379,6053,9315,2531,4062,9714,4271,1290,7927,235,303,2639

test suite270
bestAPFD:0.863763
bestSuite:6874,13416,8185,4411,7857,5024,8212,7381,1614,3986,10283,1843,6552,8593,3270,5639,4031,4376,5579,617

test suite271
bestAPFD:0.884459
bestSuite:5483,6407,354,9269,10904,7140,10767,1617,4231,4623,3812,7740,13487,2107,7207,13470,9263,177,1774,2169

test suite272
bestAPFD:0.867910
bestSuite:8715,4517,13520,2915,8424,7626,13049,12404,259,380,13004,5025,12183,8227,4867,6109,4362,10001,905,6837

test suite273
bestAPFD:0.863324
bestSuite:2679,7572,247,2827,758,5093,6182,11279,13473,11858,6165,8808,10730,995,9067,8823,3169,4992,3713,6238

test suite274
bestAPFD:0.868304
bestSuite:2491,5502,11621,1348,10139,4571,3546,386,436,854,12076,12380,4064,12223,13479,12346,7587,4643,2477,10479

test suite275
bestAPFD:0.882856
bestSuite:1790,7389,8813,5296,7749,2916,7960,97,10811,9253,534,5231,3237,4570,4136,7959,8790,13308,8691,11167

test suite276
bestAPFD:0.860052
bestSuite:1238,1459,5013,4179,13368,1935,11544,10265,3767,1295,10498,7883,8047,6713,644,10065,2825,10838,10060,3286

test suite277
bestAPFD:0.892314
bestSuite:2900,931,1223,10972,11448,9601,10344,4048,11262,3545,10711,1075,5599,3625,13238,5511,11455,5085,727,1415

test suite278
bestAPFD:0.903704
bestSuite:3808,1539,9050,9832,1226,4368,11264,8187,12807,10286,20,8245,8204,10118,8099,7440,1718,5614,5924,8644

test suite279
bestAPFD:0.884953
bestSuite:11853,7358,4416,4400,779,3407,11419,10894,2340,2278,847,3937,4834,4873,6890,6082,3156,9289,3647,6758

test suite280
bestAPFD:0.859223
bestSuite:12654,84,723,3180,13148,5444,10949,13524,1344,6500,2424,9788,13429,12884,5858,4202,1502,1301,7301,516

test suite281
bestAPFD:0.873594
bestSuite:4179,3315,30,5230,12610,6536,2903,13499,12045,432,10473,7512,8765,6957,3764,10428,4307,6885,10060,10195

test suite282
bestAPFD:0.865288
bestSuite:683,12386,5282,3957,8981,5650,1833,11060,8073,3073,9033,9840,11524,1707,9797,2936,8647,11083,3018,1508

test suite283
bestAPFD:0.894075
bestSuite:13514,6799,5862,3987,13082,5255,4836,5210,5485,9604,8202,40,224,1241,550,3278,5188,1413,2173,9592

test suite284
bestAPFD:0.871003
bestSuite:4461,7648,1133,8672,2545,11655,13352,7509,9880,4678,4756,1653,12135,11349,7001,1907,4366,11171,6821,12236

test suite285
bestAPFD:0.865631
bestSuite:9795,8628,2877,13153,10925,1994,7864,4240,3808,12147,8290,7527,3019,2273,1163,3232,8334,187,7418,2485

test suite286
bestAPFD:0.889317
bestSuite:6956,9024,6228,11645,9515,1750,8812,10260,4232,9371,2575,6530,6689,537,1126,7932,6730,7838,9859,7396

test suite287
bestAPFD:0.866385
bestSuite:6471,381,12102,3468,7627,2805,7965,8749,11452,9445,7767,11800,10192,6429,5638,8998,2034,47,4454,12153

test suite288
bestAPFD:0.884570
bestSuite:5679,4508,12197,6335,1390,6559,7263,11936,10797,12058,10508,10807,11995,8704,682,5201,1510,5788,11900,8305

test suite289
bestAPFD:0.877505
bestSuite:1394,5097,7453,6705,4320,8248,10545,13472,8458,4604,2465,8519,4101,10390,8866,9705,8880,8254,1199,5670

test suite290
bestAPFD:0.874670
bestSuite:3855,5383,6370,12449,8856,11604,8358,11240,4027,8338,8583,7,5902,10784,9146,12197,929,1167,7036,3061

test suite291
bestAPFD:0.868745
bestSuite:76,12905,2054,1208,10320,7921,12007,52,11362,12667,6336,7152,7147,4902,7802,4473,4346,9037,4797,2016

test suite292
bestAPFD:0.871864
bestSuite:11422,1881,4782,11298,5795,2885,3500,3177,6337,4305,12399,12962,9084,17,9800,9068,10685,1830,104,10657

test suite293
bestAPFD:0.871946
bestSuite:4317,10971,8552,12707,2249,2455,10148,9787,405,3521,12980,12076,2288,6996,12516,3550,1072,6100,7114,11169

test suite294
bestAPFD:0.864549
bestSuite:3127,4431,3640,6899,3205,8724,9046,7472,224,13451,10645,12165,3335,6605,9486,2927,6538,1783,6924,11529

test suite295
bestAPFD:0.847290
bestSuite:11484,11024,11207,6590,5913,1910,7365,13129,4140,5299,789,4989,13379,1424,11105,8118,1104,7726,1563,10158

test suite296
bestAPFD:0.872253
bestSuite:9019,3971,9346,1840,4833,12776,11699,5454,9485,6728,9959,5355,2611,10097,5502,4280,1660,1442,5773,10820

test suite297
bestAPFD:0.863209
bestSuite:247,1877,4440,7016,10778,304,8148,12442,10572,8665,7693,11990,11475,2454,1776,10787,3661,6849,5609,2209

test suite298
bestAPFD:0.852481
bestSuite:8762,13118,6745,8821,6638,3533,11708,2168,1429,3497,4427,12075,1950,11062,13052,10219,6222,2563,6822,5648

test suite299
bestAPFD:0.856590
bestSuite:11268,11436,241,3853,8124,2113,10248,13102,7167,7342,2447,11824,270,162,743,3381,4283,2246,1599,8223

test suite300
bestAPFD:0.851251
bestSuite:4548,12400,8216,5689,94,13146,3060,12474,12779,804,7558,4751,5279,8318,2872,5361,8300,11753,12624,2484

test suite301
bestAPFD:0.887245
bestSuite:492,2355,7470,8894,8220,12953,13083,1409,11337,1602,1630,6028,9891,963,4220,533,3052,9760,1309,7859

test suite302
bestAPFD:0.868408
bestSuite:1146,210,12700,3239,8777,5898,5867,10917,4746,4281,9486,3491,13452,10824,5706,3028,584,10019,10416,12757

test suite303
bestAPFD:0.884335
bestSuite:13360,1690,9276,4655,11011,5641,724,12280,1994,10840,11946,845,3096,6691,9644,3963,11935,9539,1708,7615

test suite304
bestAPFD:0.841150
bestSuite:7039,9619,4063,615,12995,12450,9569,6428,10497,6505,649,11184,10309,13408,5445,6292,13218,123,7716,4067

test suite305
bestAPFD:0.873232
bestSuite:3313,7146,1684,6584,4405,12783,9766,10216,7669,10474,4582,8194,6322,2707,6410,7256,4269,271,791,10937

test suite306
bestAPFD:0.863832
bestSuite:3446,1572,12722,11672,309,2847,12391,803,6187,6950,10282,11834,6038,11292,2114,12322,7647,11814,3686,7178

test suite307
bestAPFD:0.851227
bestSuite:13375,4456,9214,8643,7361,12464,8750,8088,12218,2800,641,10711,5460,13073,10447,1118,6582,5877,1891,2595

test suite308
bestAPFD:0.854180
bestSuite:304,1200,9097,5741,12645,11445,10961,12403,10128,6424,7198,2542,11374,9038,10349,5945,10799,10361,3584,10915

test suite309
bestAPFD:0.883180
bestSuite:13081,10120,8908,1092,610,6718,6083,1041,4664,6496,23,1565,13446,5319,7218,7671,663,120,394,591

test suite310
bestAPFD:0.871223
bestSuite:8097,9756,12890,6255,8070,11780,9231,10462,11300,270,4886,4763,6006,10024,4744,9488,281,9627,4787,3807

test suite311
bestAPFD:0.885931
bestSuite:2863,3847,10057,12470,9689,10917,1941,3458,1248,4131,4490,7917,3907,1894,5872,6200,5888,4970,3492,7209

test suite312
bestAPFD:0.887791
bestSuite:5241,9338,11734,3394,11600,12280,11517,5194,1983,13173,1671,3691,2910,2408,1870,9137,2127,3360,1541,8535

test suite313
bestAPFD:0.880540
bestSuite:5379,12703,304,7730,10930,3028,8165,13045,9285,6346,6283,13475,8876,11090,9896,3918,8173,494,2489,2850

test suite314
bestAPFD:0.875197
bestSuite:492,3985,5658,42,11765,13157,12552,10618,5844,7190,5654,13254,13290,9875,3762,12506,94,612,10818,6531

test suite315
bestAPFD:0.862487
bestSuite:8313,11034,9092,1041,11695,2703,10610,2736,1136,6919,8866,8120,4129,6555,936,715,9898,11991,8152,10243

test suite316
bestAPFD:0.848451
bestSuite:11028,12772,8830,261,9235,12635,4305,7878,10571,8634,4541,9242,10237,5780,7194,10996,5749,2324,7809,9539

test suite317
bestAPFD:0.852548
bestSuite:11040,7287,12719,9035,7869,1757,12399,2848,5767,5201,860,1864,5585,8647,5555,7060,9869,8480,6100,2379

test suite318
bestAPFD:0.859417
bestSuite:6059,2300,6981,9171,4901,7003,12190,1538,2598,13464,5281,3951,10789,12,3237,6784,7769,811,4663,10050

test suite319
bestAPFD:0.875610
bestSuite:1731,5469,10777,9413,11314,12974,13345,10147,8974,6112,5725,5070,2075,2469,4514,3158,2582,5107,619,16

test suite320
bestAPFD:0.886225
bestSuite:8217,1269,7002,13127,1713,2949,9424,2815,10981,10315,8810,7307,393,8231,5906,7870,3242,2547,11712,7773

test suite321
bestAPFD:0.877822
bestSuite:9298,12787,10515,5177,9752,310,7200,7795,4152,6455,5114,1246,8749,4025,11847,8970,6239,3581,12710,447

test suite322
bestAPFD:0.855160
bestSuite:8606,5230,3723,12635,9247,7357,7739,11080,1027,261,6696,11252,12868,614,6699,4279,63,987,2912,700

test suite323
bestAPFD:0.897265
bestSuite:3437,5258,11069,5590,1094,3793,1902,6922,10745,8183,5448,8608,9860,2155,6956,10170,4073,6478,9665,7778

test suite324
bestAPFD:0.882971
bestSuite:13090,3545,13463,295,9694,9269,3085,12296,12367,805,10552,8024,3345,11271,9007,7444,11929,5185,645,1290

test suite325
bestAPFD:0.879536
bestSuite:2695,5998,10388,7871,12395,848,1085,3321,6549,10453,6802,10185,9278,5808,5009,2700,3033,10394,3049,1468

test suite326
bestAPFD:0.862846
bestSuite:3566,7596,11416,9743,7472,13113,755,8171,10878,6978,162,5363,2246,10678,12999,10099,3407,861,7865,1797

test suite327
bestAPFD:0.879623
bestSuite:9320,4661,6404,9827,10231,3501,7294,8156,11850,8145,5144,8114,13268,233,10679,5267,7959,2676,7161,7724

test suite328
bestAPFD:0.863653
bestSuite:512,12789,7867,7054,4307,3403,1585,3175,6187,10868,4502,11107,810,11289,5513,7767,7700,4227,4244,12031

test suite329
bestAPFD:0.890088
bestSuite:2267,7727,12664,12459,12316,6969,10738,5869,12504,13471,10506,472,1492,2277,889,4583,3434,5388,1033,852

test suite330
bestAPFD:0.855485
bestSuite:4924,6734,11176,4709,8551,11065,623,10294,4865,4947,2056,5754,7153,10484,969,11204,4962,336,2856,11928

test suite331
bestAPFD:0.877404
bestSuite:5437,1839,5825,10570,210,4864,11227,71,66,6846,13492,12,10648,4995,6331,8386,2776,7598,1419,8204

test suite332
bestAPFD:0.870153
bestSuite:937,5579,1853,1515,13426,27,11443,3286,10475,12026,9932,5887,8515,9643,1775,8442,3334,1490,2524,4571

test suite333
bestAPFD:0.859713
bestSuite:10978,5816,5903,9480,12862,8175,7959,8178,2868,2742,12554,763,9331,10380,4152,13247,8051,438,9709,9182

test suite334
bestAPFD:0.868214
bestSuite:13342,8681,4443,9056,2066,7190,10659,1650,10595,12886,12829,13386,6610,8251,6916,5257,7784,5029,12154,6027

test suite335
bestAPFD:0.857628
bestSuite:4147,8485,10388,5390,13127,9893,3905,12449,8882,9172,10454,11279,2275,13483,831,11980,3525,2480,4847,5056

test suite336
bestAPFD:0.876466
bestSuite:12459,3966,2896,4428,11400,10642,9492,3022,6499,1552,6984,4582,1422,5920,4291,2956,1377,3340,9958,4455

test suite337
bestAPFD:0.886328
bestSuite:11636,5258,218,7734,4491,1664,2540,4029,88,8471,1812,2056,3954,3422,5422,4883,8491,2919,1796,142

test suite338
bestAPFD:0.882890
bestSuite:8181,28,2302,4311,4171,4596,8278,3643,264,8085,13026,11151,716,12004,1122,6260,7378,204,4711,11194

test suite339
bestAPFD:0.880961
bestSuite:1397,3316,11909,13387,2323,1384,1936,9916,803,7354,8288,3897,6371,185,7425,5451,8297,5604,10202,8383

test suite340
bestAPFD:0.868353
bestSuite:9060,6484,12779,11611,7185,5084,12449,10961,8296,352,8209,1515,9342,10238,4930,10393,1651,8769,5726,1621

test suite341
bestAPFD:0.889771
bestSuite:6154,3542,11972,5364,6871,11065,3490,1173,875,8766,6336,6848,642,6962,1610,10689,1055,3395,7209,945

test suite342
bestAPFD:0.886055
bestSuite:6665,9412,1304,10600,1117,12057,13217,9243,1599,11147,2410,6841,7399,12866,8194,9824,5673,1449,945,795

test suite343
bestAPFD:0.869526
bestSuite:10379,12956,6352,2267,13327,11901,6306,11273,12572,9530,7200,8668,7358,145,7108,6552,2894,8046,9645,7769

test suite344
bestAPFD:0.866534
bestSuite:6073,12936,3157,12707,4262,233,7214,4715,2171,5865,7827,3395,12109,9705,3964,1511,2376,8240,7721,2571

test suite345
bestAPFD:0.902198
bestSuite:6379,1847,3830,3646,13369,8722,4341,10987,642,83,4208,7944,10114,5358,93,8659,1886,8655,2783,8049

test suite346
bestAPFD:0.895160
bestSuite:1471,5347,3586,6026,2531,2677,6233,11123,10206,13209,9608,95,1717,8308,2324,6049,7670,946,9790,9130

test suite347
bestAPFD:0.850943
bestSuite:1398,6351,7135,6361,8200,9376,11215,547,12754,7298,7740,6287,9779,11484,9194,7826,6289,61,7573,12812

test suite348
bestAPFD:0.866561
bestSuite:13399,3440,9461,11413,3331,1973,2063,11058,10592,10405,12858,10752,4418,7172,6383,843,9919,4898,13267,3955

test suite349
bestAPFD:0.885924
bestSuite:5757,3468,13418,8885,9294,5421,204,12174,10970,10330,1848,5125,10650,11830,1795,5085,12172,4150,3253,10636

test suite350
bestAPFD:0.870506
bestSuite:6746,6614,6632,13174,6331,8341,9077,6360,10234,5876,10101,13445,506,1189,11181,9493,2145,4165,4446,4655

test suite351
bestAPFD:0.851695
bestSuite:5797,11246,12892,8192,3036,9291,11643,13301,9414,11404,6759,2211,3810,10491,2067,5033,8071,4867,2856,2899

test suite352
bestAPFD:0.861596
bestSuite:243,3160,10622,12974,11035,6407,3049,10784,13166,11564,4173,10120,12193,7474,12128,11408,1338,8726,8389,8220

test suite353
bestAPFD:0.877634
bestSuite:11033,5400,7987,13068,6949,11354,6316,4726,11419,5364,6101,8203,817,7138,6877,2229,4090,2341,6314,2840

test suite354
bestAPFD:0.890036
bestSuite:11627,7829,10918,3227,12621,4711,11741,3533,11054,5776,11219,7703,4252,10672,1582,10111,12183,2325,4869,4993

test suite355
bestAPFD:0.859193
bestSuite:6517,9713,4020,13222,12763,11424,6947,10251,7352,4501,11826,9297,892,10017,675,809,5422,5964,7173,10185

test suite356
bestAPFD:0.886585
bestSuite:991,99,4218,7097,718,6419,11370,13304,1655,10697,4249,1822,659,10276,9582,1662,72,9929,7602,916

test suite357
bestAPFD:0.865292
bestSuite:2694,1376,6195,7174,8506,12635,13042,4673,10469,12043,11320,4847,7690,10183,3,10061,10010,4480,10066,10393

test suite358
bestAPFD:0.893608
bestSuite:10991,1616,13061,3505,12409,1112,4555,9694,11477,6384,7326,618,7191,2408,9520,3652,2758,7097,6789,9023

test suite359
bestAPFD:0.885781
bestSuite:713,6482,11919,5248,11605,11576,4390,10708,7816,12059,6773,11192,6386,3488,11877,11759,1726,5584,9041,10111

test suite360
bestAPFD:0.876621
bestSuite:6798,12611,3645,2580,3411,1739,12405,9070,4812,4515,7094,10043,3658,8205,7871,6973,7948,3678,8408,6131

test suite361
bestAPFD:0.854392
bestSuite:12942,2838,3461,5074,12877,592,11010,12694,5955,11882,4140,584,12803,10719,2445,8477,1472,7670,8272,11139

test suite362
bestAPFD:0.880900
bestSuite:9838,11378,10143,4405,493,3802,1091,858,3896,2087,8042,6917,769,1671,9604,386,8452,4788,621,5056

test suite363
bestAPFD:0.861071
bestSuite:5181,2062,7366,12953,11820,3202,6606,13183,5402,10267,1915,883,11226,10452,8259,10089,8241,4620,7690,2592

test suite364
bestAPFD:0.892662
bestSuite:607,8904,2937,6650,11532,12087,2989,2794,8636,683,6400,13312,7689,1599,12161,1422,2160,9695,6076,559

test suite365
bestAPFD:0.869521
bestSuite:12983,1341,1142,1232,8720,850,9076,5256,5210,1117,1271,12178,13490,509,6608,4076,1017,3554,9553,5670

test suite366
bestAPFD:0.882211
bestSuite:8689,9700,9192,10521,432,10995,10940,3119,4316,627,6194,10655,515,7295,10802,1793,13026,4988,4073,577

test suite367
bestAPFD:0.877344
bestSuite:2973,1367,8814,1852,6924,5704,11508,10134,7025,1697,10574,9727,10002,9863,2506,6826,2579,10173,1131,9469

test suite368
bestAPFD:0.873861
bestSuite:2973,9556,12816,6375,5700,6182,13461,5735,9496,12992,5458,12015,74,852,6696,8890,1316,7049,1747,908

test suite369
bestAPFD:0.892569
bestSuite:823,11433,12748,6351,6999,11025,5139,5049,7881,577,11301,6310,13352,2704,402,1235,4602,720,4530,4569

test suite370
bestAPFD:0.849406
bestSuite:7693,6856,12595,12887,12669,8725,7804,6452,11986,1480,5653,739,12245,6159,10456,7679,8324,10294,761,7047

test suite371
bestAPFD:0.892795
bestSuite:7776,7764,702,11242,11039,2017,9893,4634,2704,9290,9782,1878,1239,9726,2827,1274,4351,4933,7643,8042

test suite372
bestAPFD:0.868747
bestSuite:2596,9128,12793,3201,9414,13116,6247,13286,12512,12337,8588,6475,10626,10912,475,3671,7537,9777,13239,4821

test suite373
bestAPFD:0.848924
bestSuite:4255,9501,2907,3006,25,11576,6383,9918,5666,10523,11140,7479,46,8163,7879,6207,6624,8184,5709,7646

test suite374
bestAPFD:0.889811
bestSuite:12444,4713,2839,10227,10852,9331,4129,7256,3063,5511,7430,7996,2147,7121,8434,6103,1981,2283,4947,4919

test suite375
bestAPFD:0.875434
bestSuite:4991,5465,8958,11113,1594,735,11449,2261,1780,1937,33,8661,13303,12866,1072,2858,7963,5367,7343,1003

test suite376
bestAPFD:0.869076
bestSuite:3446,12195,12466,3774,6970,7216,11909,8910,4463,399,10520,12307,387,1849,11231,2012,12120,4315,11752,3599

test suite377
bestAPFD:0.859573
bestSuite:9311,13429,4501,10145,865,3827,12630,6991,13297,36,4759,662,6988,426,12873,8569,9265,9565,5367,10763

test suite378
bestAPFD:0.857184
bestSuite:11612,12661,6329,7698,12755,3386,13280,7676,623,4376,2520,10858,1529,13331,6539,3837,7484,115,6983,798

test suite379
bestAPFD:0.880533
bestSuite:8107,2923,7375,7860,13040,10521,6725,13210,103,4172,11695,5481,4339,7738,1504,9589,9084,681,1804,6791

test suite380
bestAPFD:0.868772
bestSuite:3551,11494,8242,8464,10305,672,12692,3364,9402,10519,9660,11876,12818,5678,5755,4181,3007,1869,9769,12622

test suite381
bestAPFD:0.865839
bestSuite:1412,1098,2351,6489,3723,6514,3292,1349,1486,2412,11362,773,9196,2743,4402,8508,4547,7165,4052,1882

test suite382
bestAPFD:0.865728
bestSuite:12899,9509,540,4686,6517,11945,4660,9322,8361,13079,3487,9577,3765,3485,12084,4543,249,5155,8542,848

test suite383
bestAPFD:0.858979
bestSuite:3866,5738,4119,1376,11921,13151,2616,6095,1533,9970,9140,1356,9737,11896,9591,6453,1322,8124,725,513

test suite384
bestAPFD:0.863881
bestSuite:12633,1689,5383,13407,6695,6554,1969,3725,11026,10310,6042,4229,10867,1621,9766,10796,7819,13238,6514,4031

test suite385
bestAPFD:0.864488
bestSuite:5150,11022,2270,11675,709,5084,11390,12361,6503,10911,4623,2409,12170,4746,4188,8671,12210,2408,896,2875

test suite386
bestAPFD:0.853904
bestSuite:13156,11421,8900,4005,8001,13108,11180,2235,503,1054,2377,7459,8383,12116,3796,2891,8870,1887,2769,2809

test suite387
bestAPFD:0.885536
bestSuite:6716,7669,8559,12884,3045,6416,3689,1108,6731,12869,13261,10155,7184,8731,9453,5713,5953,2052,7484,5320

test suite388
bestAPFD:0.872046
bestSuite:2314,9897,11631,6231,894,2077,12732,6979,8471,9124,12747,6347,5535,8098,3155,7989,5463,2019,9798,4941

test suite389
bestAPFD:0.878480
bestSuite:9494,173,2263,558,2880,12766,11692,7266,4493,12058,4951,13264,3600,12157,1470,2210,9278,13303,12045,355

test suite390
bestAPFD:0.867104
bestSuite:1620,5072,7002,3356,6544,11434,8317,11976,4722,10657,6452,6285,5450,1655,2279,5588,8590,7958,10634,1153

test suite391
bestAPFD:0.891147
bestSuite:7087,9489,6634,5561,5008,2230,1683,9980,7131,12250,204,685,4824,6144,1599,9016,2944,8229,5773,6608

test suite392
bestAPFD:0.869414
bestSuite:8664,1137,5781,13172,7496,3486,10592,6970,9879,5986,5204,9055,1547,12077,2033,7579,1637,2595,9668,11293

test suite393
bestAPFD:0.873996
bestSuite:855,9251,10970,5485,9386,11778,3091,9127,67,12031,10977,10701,925,673,1158,3635,5285,6290,6847,7405

test suite394
bestAPFD:0.866035
bestSuite:5746,7075,950,3819,11680,4143,12949,10548,5323,5591,4516,6187,382,6862,707,655,3523,12085,7015,7626

test suite395
bestAPFD:0.868948
bestSuite:8112,5628,1440,337,734,2238,6353,11042,10492,3226,6681,9492,11873,6601,7536,3676,13239,1703,848,12872

test suite396
bestAPFD:0.869425
bestSuite:8906,7357,15,6995,11656,2249,5080,7864,1050,10457,6567,10518,4959,10835,4054,3470,7105,8382,9141,10780

test suite397
bestAPFD:0.858456
bestSuite:11632,1107,1618,13406,4160,1517,11889,225,10317,4259,9908,5942,940,4931,8584,7929,4607,1248,4699,4169

test suite398
bestAPFD:0.871725
bestSuite:6970,8353,10983,6258,5847,6952,8683,10920,5936,5616,9506,10462,6933,8263,2862,5785,8166,325,9818,5765

test suite399
bestAPFD:0.878983
bestSuite:1865,1493,7818,3423,1332,13187,7274,12750,1463,6460,7688,6000,973,1620,519,4122,9792,1144,4234,7327

test suite400
bestAPFD:0.877592
bestSuite:45,13040,5574,8646,6882,9192,4059,3561,3309,10859,2655,5450,1089,13290,4483,9613,763,5900,2652,1451

test suite401
bestAPFD:0.875352
bestSuite:5020,6711,13330,1040,11071,7594,4611,8042,8591,5044,9529,8334,3560,3674,1677,10395,6995,54,795,2711

test suite402
bestAPFD:0.873739
bestSuite:6650,1920,43,6078,11409,2819,13072,3608,5141,2567,9748,10183,4189,4850,6737,1614,9600,4190,8001,2857

test suite403
bestAPFD:0.894123
bestSuite:4009,900,7271,4969,6806,999,6786,8503,11237,7920,1828,8941,5473,2108,3507,1427,5362,3482,7479,6872

test suite404
bestAPFD:0.876114
bestSuite:10380,5148,1616,2577,1485,51,2079,11998,11353,4662,12826,12149,1254,8195,3130,3213,9254,9806,1809,4202

test suite405
bestAPFD:0.870116
bestSuite:8460,12199,11617,9720,6484,12416,1920,7892,11307,11564,11044,10671,2075,12291,6574,6384,4377,783,5678,3867

test suite406
bestAPFD:0.884029
bestSuite:11047,3913,13521,8357,1498,12008,4222,12248,7496,11771,10786,878,2323,1297,454,758,5435,9171,988,10004

test suite407
bestAPFD:0.867464
bestSuite:3420,13119,7085,4133,10509,11666,3244,778,5533,9067,12914,2853,1593,11026,8000,1209,7488,11369,7262,5249

test suite408
bestAPFD:0.863897
bestSuite:1978,2960,9192,6260,643,10972,11855,725,12000,3528,1776,6104,6492,9972,13299,2082,6006,8356,5354,11303

test suite409
bestAPFD:0.863557
bestSuite:7759,1580,3573,7418,616,11142,9614,11093,11547,4620,4669,2979,11465,3074,3277,4858,8928,13250,879,10467

test suite410
bestAPFD:0.854902
bestSuite:9504,7995,34,11696,2860,12556,3734,1949,3602,12744,13190,10534,13000,4904,3623,2582,8465,7839,9051,8099

test suite411
bestAPFD:0.872239
bestSuite:8226,4370,11122,2121,11046,9812,11360,9799,3853,7636,6942,7824,10241,12146,10163,9419,8188,6589,12087,2485

test suite412
bestAPFD:0.877864
bestSuite:9331,11501,12312,13159,6711,8782,11823,12232,13259,10520,13479,9125,7832,5670,4037,10183,9286,11946,8543,2316

test suite413
bestAPFD:0.873838
bestSuite:7148,4023,8815,8904,3998,12421,7100,2196,12540,7402,4471,5856,4434,3406,9173,5678,9444,12295,5399,10775

test suite414
bestAPFD:0.876588
bestSuite:5695,2573,8663,9414,13346,630,2851,4991,1453,3048,8075,2993,2592,6026,1830,6740,3765,7674,9613,5455

test suite415
bestAPFD:0.876937
bestSuite:2249,8664,9489,5000,10584,7212,10806,3689,12970,3136,10712,13436,8267,4570,10487,6217,1772,9912,2437,9761

test suite416
bestAPFD:0.881715
bestSuite:823,13043,12629,10447,5340,11658,10360,12753,11802,13488,4852,8876,1998,6840,11985,8083,9027,4789,11797,10109

test suite417
bestAPFD:0.862913
bestSuite:9585,2863,1930,7898,4290,6644,13047,2322,11138,11170,8691,5472,4229,6374,9260,13522,4324,6969,9034,1945

test suite418
bestAPFD:0.866836
bestSuite:9631,6323,1889,9882,5602,12363,3573,12613,7393,13282,3558,1984,8823,4937,10572,450,6,4069,5136,815

test suite419
bestAPFD:0.866301
bestSuite:4625,5048,12935,11677,12473,4530,817,11242,5501,4519,10589,800,4627,3409,12940,3811,9211,2147,921,9679

test suite420
bestAPFD:0.877843
bestSuite:2274,13074,5170,5127,6578,2996,6565,12920,11233,8812,9462,6004,8465,10101,10238,3059,1399,6288,7841,10805

test suite421
bestAPFD:0.884452
bestSuite:8919,210,7887,4944,1936,12583,13522,5946,11067,11508,1200,5917,11943,6662,4843,5349,13132,9793,9783,7483

test suite422
bestAPFD:0.883791
bestSuite:500,8941,13330,7270,6391,12921,8553,4322,10516,2542,2091,12251,10164,2315,5713,911,9069,7203,2502,8488

test suite423
bestAPFD:0.867995
bestSuite:12945,7305,2963,10470,11581,8723,2304,12447,9247,3226,7154,5708,3035,3158,2456,6695,5621,2729,2913,614

test suite424
bestAPFD:0.878741
bestSuite:2900,9418,166,12107,7062,1631,13186,100,8191,10858,3841,12828,2093,5854,4730,10709,12071,5216,12072,11164

test suite425
bestAPFD:0.870590
bestSuite:4794,12381,3725,6817,588,4952,1294,11911,12101,4867,9318,918,1996,7436,11809,10209,3050,6955,4134,10796

test suite426
bestAPFD:0.870228
bestSuite:11584,5011,7418,6474,11036,8122,11207,9991,1963,4104,1009,12059,396,10357,5534,6830,4093,11812,3334,9646

test suite427
bestAPFD:0.871650
bestSuite:3342,430,6736,5150,12532,13462,1088,6936,9338,7143,7433,2224,12303,7288,9779,1476,12306,7685,4201,11466

test suite428
bestAPFD:0.868265
bestSuite:1289,11437,13127,8715,12679,10751,10597,6115,4319,12087,3675,4885,7726,4368,1345,4949,5645,4751,7017,6061

test suite429
bestAPFD:0.860866
bestSuite:4345,4438,13069,11463,8833,3454,7240,5723,7535,10249,10734,498,6819,6009,1058,13436,2392,1178,4887,10043

test suite430
bestAPFD:0.880133
bestSuite:6632,12943,13392,6972,9344,10387,12990,12268,3441,11419,5504,2764,4787,4673,1959,1265,8066,3889,8970,8098

test suite431
bestAPFD:0.871103
bestSuite:5187,1295,702,3605,10329,2721,9647,9830,11388,7298,11448,3224,10388,3672,12146,3825,9955,6310,592,8095

test suite432
bestAPFD:0.866047
bestSuite:5344,5313,12939,841,4861,12457,7677,8317,7957,5252,11817,5859,1576,5048,12379,8329,2650,1891,9081,10506

test suite433
bestAPFD:0.874811
bestSuite:9165,9947,4915,1992,11221,510,6949,11914,5690,7416,13015,5124,496,11832,7783,9468,2956,7051,9305,1366

test suite434
bestAPFD:0.876629
bestSuite:9021,11398,2383,7798,12757,13498,312,6143,415,8526,4637,1830,6782,10805,9374,1553,7288,2019,3340,2173

test suite435
bestAPFD:0.883370
bestSuite:8326,10962,9956,5951,11856,4491,833,11999,10133,12033,3998,6011,435,895,7463,3542,4934,7724,4375,11897

test suite436
bestAPFD:0.880070
bestSuite:8796,9354,5208,7147,5618,9158,12540,1359,12352,3076,13305,11204,5313,13372,5518,12543,681,4646,9403,12588

test suite437
bestAPFD:0.875426
bestSuite:3227,12145,1527,4153,8437,5245,10540,13047,4105,7320,2786,9188,8666,12566,9469,796,8219,1686,9678,2433

test suite438
bestAPFD:0.888536
bestSuite:9635,2554,3866,5109,11833,11329,2667,5026,12416,7037,4088,8013,3042,8665,6547,8924,11815,5973,10888,9575

test suite439
bestAPFD:0.860794
bestSuite:2645,3687,11681,7075,13356,7256,13325,13019,10467,7324,3652,3579,10692,3099,218,11925,3812,1211,5262,1490

test suite440
bestAPFD:0.877790
bestSuite:8841,8947,1790,711,73,7008,9373,10575,13359,7262,3276,13373,10385,3568,9818,5877,2575,9736,1270,6470

test suite441
bestAPFD:0.876378
bestSuite:3952,4833,616,2695,11338,7232,11058,2677,2982,3841,1506,7824,11448,1969,7773,3559,5542,5929,1270,623

test suite442
bestAPFD:0.869348
bestSuite:7147,1866,7101,7776,11007,8223,12531,6076,5252,2858,11197,13394,8543,3233,2029,9855,303,7940,2934,336

test suite443
bestAPFD:0.854481
bestSuite:6046,2734,6610,13408,4192,12386,12834,9736,5584,4079,12058,12288,12871,9942,8276,1214,5569,3095,10003,12185

test suite444
bestAPFD:0.870976
bestSuite:11525,4344,9891,2982,6355,3406,4244,3303,3460,11763,6907,4592,4936,10703,10081,2873,9875,8563,7906,9990

test suite445
bestAPFD:0.861636
bestSuite:11486,1161,9283,13121,8141,2675,10362,4934,7921,7105,12254,2297,11905,2902,10227,8605,11179,3436,1575,2047

test suite446
bestAPFD:0.875184
bestSuite:10058,6586,5630,7765,11579,160,2008,12645,12814,7630,6902,7864,212,9669,9449,1292,5721,9263,1797,5872

test suite447
bestAPFD:0.861476
bestSuite:5676,7411,2255,8782,3472,3562,1690,12045,12569,59,10018,4351,7558,13292,1172,10583,6741,4216,1519,2729

test suite448
bestAPFD:0.870847
bestSuite:4646,12142,1045,9763,11253,4077,10694,3548,3275,9692,11151,6455,2050,5319,6326,5220,9402,7672,3976,6261

test suite449
bestAPFD:0.871639
bestSuite:8059,124,4813,5799,13197,6066,354,6465,673,2075,9894,11530,9017,4369,2402,1513,5748,8927,13244,633

test suite450
bestAPFD:0.873707
bestSuite:8353,12356,3410,12935,8925,9558,5620,12559,8243,10132,4312,888,4700,1407,11359,7715,5326,13240,514,2855

test suite451
bestAPFD:0.878787
bestSuite:3516,7982,798,4325,9787,11648,6512,5035,11078,10808,10226,13421,7100,10844,616,5255,11099,1588,390,5533

test suite452
bestAPFD:0.881416
bestSuite:4359,2879,9745,13183,13429,7821,6016,2425,8248,846,396,7062,13233,2627,11826,2604,9653,2488,8473,2851

test suite453
bestAPFD:0.854460
bestSuite:8707,5572,11503,4832,9146,9642,7407,8019,11369,12717,4227,9610,13237,645,12039,4214,556,10746,4443,1224

test suite454
bestAPFD:0.880235
bestSuite:2152,13433,5510,12353,1105,12835,5947,6473,8807,4836,12240,8215,7005,5584,5239,9454,8998,5287,4815,2845

test suite455
bestAPFD:0.877176
bestSuite:5348,13031,12991,10616,3505,4857,8313,4560,7396,3158,472,3581,6441,7629,2647,1806,8523,13246,7788,6360

test suite456
bestAPFD:0.889305
bestSuite:4001,7655,1811,11632,6711,9380,11970,9176,5969,1726,5962,12268,4728,7668,5267,3693,6088,4039,3902,6900

test suite457
bestAPFD:0.872275
bestSuite:1652,5403,6721,11873,13099,6523,9843,5584,3538,1290,5472,12235,7398,1129,3591,9379,12463,9991,1475,11143

test suite458
bestAPFD:0.875168
bestSuite:11486,8563,3794,899,3158,11931,5043,10696,13433,3615,13332,763,9600,6129,8790,2265,8253,437,4450,1804

test suite459
bestAPFD:0.875169
bestSuite:9765,3952,9489,42,6335,12114,9611,11129,11191,5925,9446,10637,5536,3294,11036,9845,8211,8355,11791,3990

test suite460
bestAPFD:0.867807
bestSuite:6614,1199,12499,9657,5440,11486,10900,12657,10910,9114,4751,11105,7768,13476,4590,1293,5091,8984,8774,697

test suite461
bestAPFD:0.873653
bestSuite:2216,3941,11868,13055,5061,12263,12769,5228,5936,3206,2753,5612,1317,2934,6501,9270,4455,10008,2041,2572

test suite462
bestAPFD:0.848827
bestSuite:285,4735,7358,6743,4289,6387,11133,2846,10781,10592,6322,820,2181,773,8654,12065,8288,8005,10734,3605

test suite463
bestAPFD:0.868839
bestSuite:6903,7397,1035,8749,12724,6951,8799,6034,9301,11920,10423,7451,1497,12786,11902,7149,889,3220,2808,10135

test suite464
bestAPFD:0.869700
bestSuite:10968,9347,12332,3286,1940,9370,9834,11374,3871,10550,1680,6679,2884,12106,10878,2677,6654,4325,10564,3501

test suite465
bestAPFD:0.865465
bestSuite:687,9549,3793,2228,3900,12168,12899,3615,8408,4982,12538,7012,12259,4144,8753,12116,7217,9620,4888,1045

test suite466
bestAPFD:0.869578
bestSuite:5628,449,5468,11135,12620,5132,8902,6527,9159,9137,11239,10524,9505,10415,5559,2246,5019,7346,4360,4104

test suite467
bestAPFD:0.872333
bestSuite:1331,2694,12668,8963,13506,11160,1825,12901,12231,10777,11554,3705,83,862,1962,3787,4391,3516,11544,12277

test suite468
bestAPFD:0.874571
bestSuite:9949,6549,6583,11629,3145,12661,2454,10416,9293,10147,2641,11703,649,1265,9329,1373,2834,6889,6958,831

test suite469
bestAPFD:0.869520
bestSuite:3144,12629,8775,13516,3806,12389,4451,1321,6487,6829,11466,6166,1251,1542,10596,11813,11951,4226,6879,5788

test suite470
bestAPFD:0.873758
bestSuite:8160,5,15,3142,12392,8950,6661,12511,9452,2531,10542,4172,343,4847,3603,3224,10097,10600,2557,4850

test suite471
bestAPFD:0.886004
bestSuite:3180,174,8352,1614,1977,7716,8645,12823,5538,11243,1754,7781,4732,3140,10076,12063,12065,1234,13444,5124

test suite472
bestAPFD:0.868092
bestSuite:230,609,3016,12903,11502,2924,4644,10496,1077,12207,12266,11020,4314,10400,2583,7720,5995,6472,3759,2555

test suite473
bestAPFD:0.881401
bestSuite:5080,1980,7358,12148,6978,10931,315,1813,4133,10665,9560,9096,10413,8189,2142,10010,662,10846,7705,7795

test suite474
bestAPFD:0.862570
bestSuite:126,3091,4358,10985,147,2072,8223,13189,3936,7065,13385,1169,10783,4232,10806,9616,3115,1875,2486,2856

test suite475
bestAPFD:0.862711
bestSuite:6650,5271,2444,3454,3066,12534,4054,10876,10425,12914,10584,12236,1453,2337,13380,10640,2952,8021,9866,2344

test suite476
bestAPFD:0.874555
bestSuite:2571,1509,3446,5681,12202,5926,7607,7312,13464,859,3961,4128,9369,7155,7455,929,10662,8706,7830,9289

test suite477
bestAPFD:0.891164
bestSuite:1847,11868,13363,2897,684,3815,6407,7425,6464,11213,1704,11135,2932,5202,4591,3762,8608,5497,8537,11091

test suite478
bestAPFD:0.864262
bestSuite:13090,11642,5150,1839,7069,8502,9905,11392,7451,7491,12504,1324,6566,5220,5795,8895,4529,9294,9445,7926

test suite479
bestAPFD:0.896071
bestSuite:11034,517,13416,13222,12362,7352,2882,12568,11107,9359,9250,7531,1163,6916,11809,4893,7625,2022,4683,1736

test suite480
bestAPFD:0.870551
bestSuite:7631,6619,7230,4453,6181,12594,4380,9165,10721,12620,617,11980,12864,7732,9900,3127,5256,1492,3606,3064

test suite481
bestAPFD:0.867346
bestSuite:9862,11617,1137,4538,656,10756,3664,4802,11557,9948,9937,5719,6829,10928,10938,3438,10403,9408,5717,2142

test suite482
bestAPFD:0.859103
bestSuite:2244,4961,2597,12017,4330,8109,1797,3947,2055,4497,12549,10524,1488,8746,475,7464,9306,9472,10283,9367

test suite483
bestAPFD:0.892222
bestSuite:9083,701,11510,346,2625,10147,9895,9958,11017,13482,11347,3419,7879,782,3496,2870,10199,1864,9323,10138

test suite484
bestAPFD:0.886537
bestSuite:9378,3125,3863,10575,9102,2226,10624,1598,3401,4519,3883,5254,10470,7203,9396,936,3263,10474,10584,10219

test suite485
bestAPFD:0.860807
bestSuite:13121,2734,12728,8948,1613,13276,5852,13463,8200,144,3212,3473,3710,8055,2559,5690,1065,12831,5569,6687

test suite486
bestAPFD:0.869031
bestSuite:11828,2801,10364,272,330,12583,149,11518,8157,10454,4028,7370,9460,7832,4229,7847,4603,481,2316,6672

test suite487
bestAPFD:0.873360
bestSuite:3698,13371,1873,12673,2494,10871,3712,3432,11196,7638,987,4064,816,8899,12252,8364,6093,4220,8448,9898

test suite488
bestAPFD:0.875766
bestSuite:5247,3354,11637,13433,11131,3845,5551,12540,3995,13484,4938,11669,8115,6204,3773,1297,6135,12524,5777,13160

test suite489
bestAPFD:0.886023
bestSuite:8841,3969,12685,4959,3173,4084,6645,10447,4914,12423,102,11722,6818,12157,10080,8390,617,4114,7077,5853

test suite490
bestAPFD:0.885972
bestSuite:7712,7798,11085,4990,12520,2159,5933,11694,9582,1973,808,1061,4208,1400,8876,6408,7477,9291,5780,6019

test suite491
bestAPFD:0.867162
bestSuite:12393,8029,8909,9409,3762,3477,3012,8941,12624,11186,5489,2299,12021,12136,575,7546,7255,8564,11867,5749

test suite492
bestAPFD:0.850200
bestSuite:12013,1920,3462,7719,12402,2107,5745,10032,13149,1552,728,6835,9710,1777,2801,2392,1767,2714,123,11240

test suite493
bestAPFD:0.876076
bestSuite:8496,4349,3446,273,12110,8570,6300,9849,2272,578,12687,11795,2640,1967,6027,1612,3949,5947,858,3901

test suite494
bestAPFD:0.876669
bestSuite:1866,4250,3675,7364,12005,3456,11594,2122,4237,7854,6348,10247,4018,8244,5116,13034,13,9779,5489,2820

test suite495
bestAPFD:0.871067
bestSuite:1877,11515,170,12371,1865,4956,4158,12585,7157,8834,652,1785,4770,6942,5635,12499,7969,7032,9335,6088

test suite496
bestAPFD:0.859485
bestSuite:12905,3867,2374,1165,11655,3413,3148,5591,13165,7056,10336,1241,2111,194,11520,13227,2538,3133,275,13292

test suite497
bestAPFD:0.874252
bestSuite:2079,1933,5980,6544,5946,12003,2195,10609,12520,7475,3802,8152,11929,575,7521,6816,8788,2999,5758,4144

test suite498
bestAPFD:0.900571
bestSuite:3654,2133,8353,3735,1706,8491,11784,3709,7101,2526,12068,11280,7066,8605,4845,6430,1583,1609,9311,5130

test suite499
bestAPFD:0.860248
bestSuite:1935,6333,11486,3756,9521,10741,8709,9044,6090,12341,12560,5417,10050,3946,9066,4135,4127,1203,5878,10529

test suite500
bestAPFD:0.858372
bestSuite:1372,2853,10045,2439,2075,11981,11551,5240,6025,8890,672,4555,9856,4082,7225,7580,5046,8255,7400,7931

