test suite1
bestAPFD:0.860828
bestSuite:12464,1207,13393,3866,8495,8278,8221,8754,5111,9441,10938,4782,4592,8316,11883,12986,10743,2901,2587,12229

test suite2
bestAPFD:0.857594
bestSuite:12197,13505,11970,13155,7971,8754,11807,2018,10110,8210,1816,11717,13195,10475,804,6332,3579,2175,2101,2285

test suite3
bestAPFD:0.849779
bestSuite:8104,9032,1412,1569,2192,2062,9243,11627,9727,7346,5913,7544,12227,12011,5749,1852,856,12758,5283,7596

test suite4
bestAPFD:0.835619
bestSuite:9509,263,3534,8082,3865,293,12457,4278,5504,5739,5664,3509,8439,4175,12234,6669,149,912,4468,11344

test suite5
bestAPFD:0.838533
bestSuite:12663,9507,2519,1237,11688,8537,12294,6494,7873,9839,7059,12504,187,3592,8336,7061,13277,2123,9452,9319

test suite6
bestAPFD:0.887241
bestSuite:11009,7050,3650,7598,9077,5042,12402,392,2534,10640,4284,922,10477,9488,13257,30,5367,4143,10748,949

test suite7
bestAPFD:0.848401
bestSuite:4593,5057,12700,7400,4530,7363,13325,13117,3934,5499,980,4834,10725,1444,8631,10274,7080,2589,3739,13469

test suite8
bestAPFD:0.845799
bestSuite:6001,1540,7444,1098,7410,6245,10175,11674,7725,12618,2802,11849,128,11495,4785,13292,2739,7889,8984,1993

test suite9
bestAPFD:0.832052
bestSuite:4942,3850,10853,1575,3238,6092,8585,12897,5123,13281,9305,11504,11926,12833,434,1699,6486,3034,6101,9607

test suite10
bestAPFD:0.813141
bestSuite:6084,11854,7906,10113,5989,7081,1382,10365,10972,9022,6321,4913,4409,3371,8997,12516,7596,9581,10755,8391

test suite11
bestAPFD:0.829135
bestSuite:4902,11424,9543,3227,5414,10780,3688,10699,11137,6567,20,8896,2463,8160,2865,7316,10760,8440,10823,4148

test suite12
bestAPFD:0.838724
bestSuite:2837,9056,6547,1554,12517,10256,3082,10542,7794,5126,12379,284,12866,5112,4560,7689,2166,6897,6948,10381

test suite13
bestAPFD:0.835382
bestSuite:3902,12369,3295,4549,6505,5496,7227,11784,12651,8594,6230,9840,3949,11563,5857,12813,5630,8207,9964,6762

test suite14
bestAPFD:0.867246
bestSuite:11437,6435,6712,2719,11141,12818,1017,12920,5865,3885,13284,6196,5378,4719,236,11005,1755,6956,4531,605

test suite15
bestAPFD:0.845050
bestSuite:13145,9710,10478,1710,8691,561,11741,4445,5577,4250,9910,12634,3572,671,12109,10114,6829,663,10187,10720

test suite16
bestAPFD:0.868954
bestSuite:4918,1468,13117,12441,10747,1217,3354,3213,4182,572,1135,1475,7359,7083,4301,5082,9299,77,8714,1594

test suite17
bestAPFD:0.862674
bestSuite:352,11943,4932,6659,5470,7568,1701,11516,9373,4080,10776,924,9351,2587,40,2443,5586,5517,13002,12550

test suite18
bestAPFD:0.857516
bestSuite:868,10918,2366,8066,4236,6074,9004,9208,5021,7921,11785,9583,12413,212,477,2040,8297,10777,13448,2412

test suite19
bestAPFD:0.887543
bestSuite:6720,6188,1288,3556,12656,519,2383,8122,5852,4204,1033,6919,6598,9334,8307,3995,3179,9346,5237,2773

test suite20
bestAPFD:0.839167
bestSuite:7950,7959,3545,10778,11048,2376,826,1869,12768,781,2535,5764,7252,8563,1738,2847,3805,319,901,11821

test suite21
bestAPFD:0.819955
bestSuite:4651,1821,7167,3838,3375,8324,6682,10439,11575,782,11460,1707,5240,12843,5206,3161,6197,3082,7322,6703

test suite22
bestAPFD:0.853759
bestSuite:6388,6364,2909,667,813,13042,10929,11681,3553,13244,7017,2037,5899,1474,4699,3842,10482,12833,10924,1735

test suite23
bestAPFD:0.863249
bestSuite:2248,1860,8540,6007,8145,11158,3114,5286,8788,8718,3672,1066,5011,7898,5973,2584,3006,1806,9167,2545

test suite24
bestAPFD:0.865053
bestSuite:11917,4586,8076,10412,6155,9246,5851,3524,2117,9861,11006,9795,3810,244,6479,6805,10208,7797,9924,7003

test suite25
bestAPFD:0.862792
bestSuite:2519,10469,12391,10505,2949,950,4426,12188,11950,7188,4587,102,8384,4268,11670,11813,4783,2325,11049,7302

test suite26
bestAPFD:0.852006
bestSuite:13311,441,1854,12217,4542,10932,8351,10521,12005,3698,8339,7895,12378,2920,8359,173,3945,11615,5022,9799

test suite27
bestAPFD:0.832843
bestSuite:12438,6660,12169,2875,8317,12852,1165,10909,1808,4828,12190,11395,8132,3366,9932,9830,3772,9692,4033,10885

test suite28
bestAPFD:0.812877
bestSuite:9783,11483,3692,6466,8649,4447,7853,578,7873,10099,13382,9779,3613,4191,3606,6610,9843,10460,1326,7425

test suite29
bestAPFD:0.870217
bestSuite:13175,9885,5420,11418,10126,12600,9636,1639,10359,8017,11175,1314,8730,8738,7792,13192,11844,5334,7744,10783

test suite30
bestAPFD:0.842689
bestSuite:10636,2713,2338,8405,10872,5992,12101,8491,8717,4890,3810,9570,11263,1932,13187,11192,697,12142,13411,1271

test suite31
bestAPFD:0.861399
bestSuite:1445,13022,576,1447,7000,1279,12771,11125,10303,1360,2395,3099,10417,7946,11503,5482,4880,1277,1546,1870

test suite32
bestAPFD:0.842669
bestSuite:13518,7287,12267,7325,12602,7370,2060,3441,2962,4864,9061,4373,7639,3866,1416,2488,4292,9900,7485,9065

test suite33
bestAPFD:0.858280
bestSuite:9673,12226,11680,3448,13169,8494,2894,2978,8479,3896,3817,6515,4623,11953,11775,10736,10169,8637,1554,7297

test suite34
bestAPFD:0.838823
bestSuite:9348,12099,5960,10481,8025,10065,6103,325,10473,1001,3577,522,10994,6408,5959,9597,2252,7404,3099,1714

test suite35
bestAPFD:0.829487
bestSuite:5541,9620,10492,11128,3740,8093,11336,8419,12556,9549,3280,5414,12491,8195,1065,2396,2136,3776,11007,11675

test suite36
bestAPFD:0.864169
bestSuite:3280,2351,1347,13112,5492,1346,6714,3533,8732,3052,13356,6742,9235,3384,4306,9242,4041,12510,5723,8288

test suite37
bestAPFD:0.856334
bestSuite:5519,64,13409,12198,13401,2269,1648,11838,13203,12373,364,11543,13232,9552,10293,539,5985,11788,3238,144

test suite38
bestAPFD:0.865855
bestSuite:329,8715,8183,6908,3361,3253,121,10074,12535,4573,13407,2564,2345,4585,10185,12730,4928,13385,7907,12548

test suite39
bestAPFD:0.857768
bestSuite:1452,13521,11414,1738,1681,5370,6976,1201,3179,5477,10392,11224,8532,12560,11534,7194,11830,7127,1875,12817

test suite40
bestAPFD:0.829112
bestSuite:13409,4407,8368,2754,11169,13297,12807,12006,7055,2413,6428,5698,3312,2539,12879,11180,4546,9013,3597,7945

test suite41
bestAPFD:0.882840
bestSuite:1499,2267,7883,9997,5160,9267,13202,11195,3922,905,9424,11192,10955,7384,13010,3711,3357,56,10088,3550

test suite42
bestAPFD:0.849724
bestSuite:703,13281,12294,12670,4938,11970,3408,9041,11650,6944,3002,6101,125,12565,5572,816,6540,9666,12485,11843

test suite43
bestAPFD:0.871043
bestSuite:7227,578,9464,9473,1084,2469,11934,10406,7892,10118,4416,8657,8497,10180,11851,2636,5480,9986,11937,673

test suite44
bestAPFD:0.849183
bestSuite:11043,11667,7575,9695,5193,1373,908,5343,2707,9722,9847,5177,11731,10362,3741,7674,9959,12739,5254,1327

test suite45
bestAPFD:0.844697
bestSuite:1886,3903,1719,7950,1912,5362,4635,4922,128,6822,4448,1756,12969,11582,4458,7503,4826,9714,9769,9956

test suite46
bestAPFD:0.856157
bestSuite:2718,8302,5191,2219,5836,3377,7287,12156,3244,10135,9123,10416,10932,12358,10847,11030,5102,8584,5579,4986

test suite47
bestAPFD:0.873151
bestSuite:7662,8828,12841,1426,4167,1991,9989,7060,1290,11092,13116,5367,11671,12622,5483,3449,12883,2816,9818,12140

test suite48
bestAPFD:0.834171
bestSuite:10651,12361,11586,5990,11335,3308,7442,6479,5265,3152,5026,11426,10377,5232,4672,11149,765,11294,9622,932

test suite49
bestAPFD:0.835106
bestSuite:724,11397,2347,3728,8152,2902,730,2916,8108,3123,12165,10814,12575,11813,87,7994,8883,4989,3376,12741

test suite50
bestAPFD:0.856571
bestSuite:2099,62,701,1893,5241,6440,8124,1702,6125,12587,6767,3200,7581,6741,2802,11145,12733,10022,7489,6195

test suite51
bestAPFD:0.846288
bestSuite:6732,12527,5058,12231,10232,1540,9507,2895,7425,6788,2134,12876,4244,4581,9290,11058,2299,9255,6609,8111

test suite52
bestAPFD:0.853020
bestSuite:5667,6809,4044,11639,2163,3872,4799,2422,40,11310,2587,1080,12254,1897,2958,13271,7297,2011,11355,10663

test suite53
bestAPFD:0.838722
bestSuite:277,8389,5823,13522,9925,7970,11384,8126,8084,13280,11258,4300,13244,2773,11762,9996,9421,2313,2673,9883

test suite54
bestAPFD:0.850481
bestSuite:5608,11603,10597,4224,4431,10129,2537,8277,144,421,8333,2749,11700,10137,3925,4849,9148,9344,4089,9501

test suite55
bestAPFD:0.822867
bestSuite:3907,12929,8140,2733,9779,11388,2128,10956,71,10731,362,10419,7824,2874,10431,11544,1962,3394,652,12495

test suite56
bestAPFD:0.846496
bestSuite:3801,9114,2988,12603,5447,5948,3709,658,1477,3043,1328,11630,5064,2064,11186,3485,12704,3815,8895,683

test suite57
bestAPFD:0.843051
bestSuite:6168,7306,10541,2031,354,3475,3566,9776,2492,13183,7284,8092,5968,11299,10233,8460,7268,13300,12316,8884

test suite58
bestAPFD:0.859116
bestSuite:2097,9596,11502,10481,7392,5471,11120,9684,6494,10552,10916,7797,9863,2688,9911,1150,549,4052,3196,4688

test suite59
bestAPFD:0.838093
bestSuite:6826,3769,7619,2307,2917,11980,10271,11876,1172,4621,13201,9604,1565,12618,9296,11228,2379,11294,5939,445

test suite60
bestAPFD:0.823623
bestSuite:7883,9496,10182,8235,12158,4170,1867,2148,3683,4339,12225,55,10202,8197,7478,916,3002,9179,2428,11093

test suite61
bestAPFD:0.854239
bestSuite:1812,9728,10261,8735,8588,11427,1217,12075,5004,6160,3464,1051,13375,2126,5892,9857,10596,9114,12087,12962

test suite62
bestAPFD:0.843488
bestSuite:2339,12915,13103,4494,11182,5141,3649,4671,265,12505,12404,2591,1168,3637,10450,3159,2578,1907,8171,8376

test suite63
bestAPFD:0.831178
bestSuite:2410,13366,2042,5884,12305,3900,233,12613,1126,11471,10324,4216,2150,2203,13506,10131,1023,6870,3156,12770

test suite64
bestAPFD:0.808025
bestSuite:1817,8280,4500,10128,13411,12779,5985,9976,9420,11773,9538,179,7755,9792,12580,8249,12365,3422,5504,2002

test suite65
bestAPFD:0.809855
bestSuite:12359,10603,3414,8900,598,9689,10,12902,4109,1800,3381,11382,9525,12873,10009,2745,3513,4430,10883,236

test suite66
bestAPFD:0.841207
bestSuite:9877,1816,3375,10174,1210,4587,411,1034,3791,12274,2867,6127,8632,9214,2186,4486,2818,4458,4469,12217

test suite67
bestAPFD:0.840756
bestSuite:11198,2133,3237,12214,10243,13099,9945,7577,3186,6764,876,4815,8671,8323,5613,12546,2523,6560,12742,8717

test suite68
bestAPFD:0.879516
bestSuite:5519,6096,4015,3904,6999,3978,7972,6136,1261,3482,3707,1934,11724,11925,2854,9703,2837,8085,4244,2806

test suite69
bestAPFD:0.837372
bestSuite:10201,8278,13491,1126,4965,4280,326,10341,2042,9375,4589,11001,1559,4435,12720,318,11125,11754,3204,5812

test suite70
bestAPFD:0.848232
bestSuite:8057,7221,1257,7460,4372,13203,11049,12841,1937,8386,2422,957,6839,6412,1289,746,11681,10147,3570,10697

test suite71
bestAPFD:0.842299
bestSuite:4821,10823,5302,4009,2028,9684,58,2936,703,3754,12797,9587,9928,8414,10576,3007,12357,415,3316,12339

test suite72
bestAPFD:0.810556
bestSuite:5447,1043,13150,813,969,11602,7014,1789,1696,12139,4137,3159,10039,8312,5711,11497,5816,8790,1900,461

test suite73
bestAPFD:0.866667
bestSuite:6914,9632,11953,6428,3764,6255,3630,1084,10898,5947,12204,1345,189,10874,7765,678,7471,3894,2330,11449

test suite74
bestAPFD:0.844604
bestSuite:2463,3263,9220,9901,620,9961,795,1639,287,4602,11095,9466,13267,3664,3000,1129,8571,4118,2833,3916

test suite75
bestAPFD:0.841742
bestSuite:3135,4056,11164,10757,6662,9513,7603,13408,10425,7113,225,10145,12344,8186,6883,11684,513,1703,4689,3077

test suite76
bestAPFD:0.876208
bestSuite:6657,9908,6992,4366,4177,9454,8971,5121,8588,6967,6584,7525,9236,9003,10185,2408,7727,9840,8719,2728

test suite77
bestAPFD:0.842136
bestSuite:12472,12101,5608,13009,10758,7102,5619,2494,1250,7264,12210,9233,2602,7812,11549,11449,2057,5200,10239,2290

test suite78
bestAPFD:0.858199
bestSuite:6677,11110,3148,3371,912,6681,8624,10618,2197,6858,2266,11433,10250,9151,10051,2480,8476,3430,1887,11773

test suite79
bestAPFD:0.861155
bestSuite:13155,10533,4573,6117,11352,6274,1688,3209,12156,4536,3529,7759,10367,11491,2985,8083,8023,8945,2345,3312

test suite80
bestAPFD:0.892808
bestSuite:6589,4744,11456,7247,8004,3454,8332,5959,7914,7119,9651,10071,138,2922,9566,7285,5074,7486,6785,6309

test suite81
bestAPFD:0.810429
bestSuite:13190,4517,9909,1530,3938,3722,13363,4502,8011,6125,2393,8769,8948,12967,1515,6605,8656,12490,4891,10873

test suite82
bestAPFD:0.829531
bestSuite:6820,4926,11794,8305,8516,1399,10106,10223,7098,3740,393,3159,4837,2591,5073,2300,9730,7566,10374,1695

test suite83
bestAPFD:0.863312
bestSuite:9240,4255,12908,5756,7797,4882,249,903,2078,1840,12236,1234,692,101,1901,6788,1232,6790,6465,6012

test suite84
bestAPFD:0.831092
bestSuite:7128,12632,11802,7377,2379,12188,232,8931,7929,3627,11576,2981,5623,12664,11710,5374,389,1647,8636,3008

test suite85
bestAPFD:0.848934
bestSuite:5489,2392,5233,12964,12392,2056,2393,8173,13067,7338,4676,12300,10633,13160,739,2200,1758,5841,7736,8717

test suite86
bestAPFD:0.848857
bestSuite:12654,4005,1144,4808,11104,2801,7215,11193,4952,10986,9715,4794,13475,5375,3491,9861,984,8435,11774,7617

test suite87
bestAPFD:0.860467
bestSuite:10621,7756,3160,12736,3444,1030,7161,10136,2687,11016,1620,5876,1321,5450,4982,3800,3740,4438,9319,35

test suite88
bestAPFD:0.840438
bestSuite:8350,369,2579,5404,4740,12808,8513,11561,5433,2894,3387,4727,7667,12488,2435,11700,13126,4382,1826,2685

test suite89
bestAPFD:0.853662
bestSuite:6452,2959,992,4889,7989,7410,492,7176,9542,1535,7053,7231,7660,10165,8297,13322,10048,12870,8100,13504

test suite90
bestAPFD:0.846405
bestSuite:3290,4481,13308,5970,8114,8747,1780,11134,12031,6995,647,10727,9782,5774,6848,8046,7680,5514,10584,300

test suite91
bestAPFD:0.836985
bestSuite:2601,3879,8233,3315,4377,6252,2867,3006,1868,5650,12642,9443,12793,4262,7121,9188,10582,8272,4425,9746

test suite92
bestAPFD:0.865204
bestSuite:12602,8453,7836,10981,7955,8695,3857,2751,12766,8450,3785,8581,6068,4766,1517,5252,6250,2697,4680,7441

test suite93
bestAPFD:0.867692
bestSuite:6306,759,10378,4187,10754,9673,7831,9612,692,1448,5004,383,4874,13056,12031,7026,10098,13228,6959,4765

test suite94
bestAPFD:0.824842
bestSuite:1083,12300,5804,8997,11717,11525,6945,7264,11001,3741,7452,1694,8594,10457,1595,2842,1151,8501,2352,9823

test suite95
bestAPFD:0.840924
bestSuite:12670,7499,7886,3327,742,12459,7769,9460,9200,7214,3772,9127,5565,13295,5793,9391,6898,12285,814,3272

test suite96
bestAPFD:0.845174
bestSuite:4029,10655,8746,3401,1684,760,4286,2011,10367,12060,5471,6176,13267,3879,11398,5050,11491,8784,5697,10940

test suite97
bestAPFD:0.823736
bestSuite:8138,13448,13196,8236,8892,1703,5005,5755,12957,12761,12470,5865,11824,1654,9568,4586,13298,6955,11555,3134

test suite98
bestAPFD:0.855305
bestSuite:3420,11078,8473,310,2037,3030,4079,6548,5970,9690,10120,1896,166,12554,5106,6535,8175,7581,4221,12823

test suite99
bestAPFD:0.837360
bestSuite:1165,4348,4183,6890,1442,6502,3352,206,11868,6244,4321,186,9221,12733,9029,12093,3866,795,823,8281

test suite100
bestAPFD:0.881154
bestSuite:4607,9222,13436,3070,11880,11884,12068,6837,5966,5814,5839,2635,3055,4845,13367,11319,1580,9470,9130,11328

test suite101
bestAPFD:0.849474
bestSuite:12833,5376,10715,4583,9241,3969,145,5857,11018,972,7704,4486,7469,9498,6795,12064,993,7184,2152,6253

test suite102
bestAPFD:0.848273
bestSuite:10843,5018,2924,1974,9918,10967,1166,2123,8579,993,4569,8212,1849,10187,6845,11286,4436,13452,3712,12588

test suite103
bestAPFD:0.836556
bestSuite:13226,3001,3520,6047,2747,8643,2607,10765,12740,9770,6044,2943,1280,3763,3764,5861,5658,9628,1240,2397

test suite104
bestAPFD:0.848659
bestSuite:5625,4733,3030,5836,3354,13133,5198,5601,2039,11842,12149,5312,11640,7849,3925,10891,12813,8583,12135,2500

test suite105
bestAPFD:0.843668
bestSuite:4422,2262,2941,9505,2488,12291,6402,12123,8969,11154,11870,4297,6916,377,10278,12327,2670,261,12203,3085

test suite106
bestAPFD:0.855508
bestSuite:4187,2277,2006,9098,12585,4597,3888,4591,5019,9547,3461,1835,13270,5010,5065,2984,9007,10567,4388,8297

test suite107
bestAPFD:0.826045
bestSuite:13391,608,12414,11638,9591,8533,2931,9505,12844,3752,10197,1086,10084,5265,6392,9,12035,6210,2300,10192

test suite108
bestAPFD:0.868891
bestSuite:4016,4141,8540,8385,5517,8037,3865,14,9915,8120,40,3893,10873,1919,1470,9211,459,11564,8171,1423

test suite109
bestAPFD:0.800527
bestSuite:10801,9140,7812,9230,11061,10654,12020,11504,8325,5495,161,7459,2148,1740,12048,12926,5349,8375,566,3726

test suite110
bestAPFD:0.829495
bestSuite:11519,13359,3766,12556,9172,10261,8937,6115,256,6934,2431,2614,12614,10043,11984,6587,13251,12439,11561,1402

test suite111
bestAPFD:0.841640
bestSuite:11656,11448,12187,5222,2509,2408,795,13495,9497,1084,11850,9763,5260,13449,5154,11083,8332,4049,8843,6129

test suite112
bestAPFD:0.822642
bestSuite:5048,3557,8794,2278,12891,4341,12478,10963,5370,2553,8642,7044,1050,3928,5864,2820,1847,12389,6348,1629

test suite113
bestAPFD:0.825773
bestSuite:6186,6214,9285,3457,11087,6888,12016,4549,11758,9983,11706,7912,3495,8099,12195,4300,7656,9893,5964,381

test suite114
bestAPFD:0.837201
bestSuite:6499,8755,2141,3474,9738,9628,5566,13066,3715,9090,4057,11764,3806,11673,9527,12937,735,11608,7324,3855

test suite115
bestAPFD:0.833968
bestSuite:597,1138,12796,12309,8616,18,1467,1184,8248,10523,11652,11679,6006,8686,10696,8843,10701,7520,7315,5960

test suite116
bestAPFD:0.827968
bestSuite:6229,10173,3696,13519,5193,10854,13166,11693,10996,611,8731,3776,9120,10843,4181,12526,12085,13367,7531,9795

test suite117
bestAPFD:0.841744
bestSuite:9555,4891,4678,9958,12330,9604,12448,834,8274,5529,538,7016,1147,6317,7292,6707,6499,12697,10910,849

test suite118
bestAPFD:0.854209
bestSuite:8239,6591,3860,1011,7258,3850,9931,11719,4953,8437,1785,390,11347,13250,9216,1113,6226,11284,10259,8628

test suite119
bestAPFD:0.835321
bestSuite:7622,9666,3643,12883,10802,2555,9322,12732,430,11075,7692,10039,9208,8722,10073,12290,10463,11391,5020,5716

test suite120
bestAPFD:0.859036
bestSuite:10749,4845,568,13128,9280,13099,9936,2836,2932,8089,629,5802,2744,9902,4301,6604,7984,5979,1501,1709

test suite121
bestAPFD:0.829194
bestSuite:1535,9845,11287,3586,1494,5816,5754,4605,3335,12530,2994,13319,7002,11829,646,7023,6312,6230,2488,6575

test suite122
bestAPFD:0.837481
bestSuite:399,2693,7125,4255,1976,8451,2153,7717,2995,10563,11958,12344,6557,12705,4171,3965,1008,7214,4141,13488

test suite123
bestAPFD:0.843440
bestSuite:8085,4884,11759,364,10510,2969,9130,13306,11257,11469,6882,12587,9883,2609,12962,11582,6364,2,1493,11422

test suite124
bestAPFD:0.901000
bestSuite:5687,12152,8130,1289,993,2833,2793,13318,6214,8767,10916,10913,8513,410,8111,1954,7658,3996,1582,9991

test suite125
bestAPFD:0.844219
bestSuite:1960,3272,7359,1807,3466,4332,11666,9867,7375,6767,5339,5698,10882,381,4362,7395,11350,3804,5145,9767

test suite126
bestAPFD:0.859265
bestSuite:11931,13395,356,7765,3471,1549,1795,4843,11114,8466,8950,190,1362,8105,6373,4666,11013,8810,12754,9432

test suite127
bestAPFD:0.845261
bestSuite:10641,5739,8218,12542,2846,8111,7173,7017,12687,8651,5052,12417,8508,5070,6588,8665,1705,8131,3820,12167

test suite128
bestAPFD:0.845015
bestSuite:5151,11787,13092,9243,9569,9143,14,5930,9949,938,11651,8471,13431,1482,7229,2211,5647,9020,12711,3940

test suite129
bestAPFD:0.882663
bestSuite:4268,8048,9724,4496,418,5593,6405,12820,2752,10175,2529,12475,7904,4460,8415,13401,8796,3087,8945,12479

test suite130
bestAPFD:0.839340
bestSuite:11236,8461,5582,40,2275,1220,5171,5103,2970,11983,3176,5061,560,8091,8233,3098,10589,5562,13373,5050

test suite131
bestAPFD:0.838545
bestSuite:513,6670,12869,7865,12965,1696,5017,7499,8481,4370,6779,9138,1490,3977,11209,4118,6144,11850,4030,2051

test suite132
bestAPFD:0.874206
bestSuite:9207,8442,2663,4738,4639,428,2958,6810,163,282,12619,6031,4411,8537,12895,9526,6148,11453,2314,2153

test suite133
bestAPFD:0.849928
bestSuite:7456,7594,8789,1284,9540,12788,11645,1444,7465,7398,3343,8903,7273,1974,12894,7424,11903,234,8787,11048

test suite134
bestAPFD:0.826085
bestSuite:5434,7571,3050,13247,4781,5888,549,12497,5156,8271,3254,1189,5311,4411,11091,5227,11582,6501,704,9517

test suite135
bestAPFD:0.826426
bestSuite:7165,7435,13399,679,1987,3875,10676,6328,4250,7163,8858,7831,12760,11041,4642,9837,85,5454,10934,2024

test suite136
bestAPFD:0.846811
bestSuite:1545,8622,3828,12829,1221,11457,2418,5573,12125,10831,8756,11778,9447,4074,13510,1383,9780,2556,12583,7126

test suite137
bestAPFD:0.876983
bestSuite:10955,9812,2061,5701,7032,4734,5812,11674,7000,3078,7306,3403,6876,6249,3191,117,12537,11594,6666,8929

test suite138
bestAPFD:0.865836
bestSuite:8694,9652,9937,9230,233,490,3158,4614,778,3663,11352,13430,8970,11027,8440,4035,8336,7039,11024,7658

test suite139
bestAPFD:0.844231
bestSuite:4655,6050,6986,312,10303,8117,2967,2349,4452,145,4059,12697,3148,9035,1814,2827,1607,12461,6535,8967

test suite140
bestAPFD:0.843320
bestSuite:6707,8812,7293,2825,10867,1088,5319,462,10234,237,4176,9021,13046,922,948,6394,3887,9571,3342,1285

test suite141
bestAPFD:0.839935
bestSuite:12458,11130,6712,9592,4117,7505,789,10568,849,10238,4272,121,6349,4741,13509,12751,1863,11226,10638,7106

test suite142
bestAPFD:0.835670
bestSuite:7557,11842,2731,8817,1156,9709,7028,11622,5132,12287,5632,12736,3764,4334,8988,9595,9994,8663,9043,13407

test suite143
bestAPFD:0.861066
bestSuite:9123,10463,1674,9541,3245,7481,6079,10035,6392,3826,11018,7744,8588,3146,1532,5122,8454,13013,4580,2651

test suite144
bestAPFD:0.848455
bestSuite:13352,5011,1545,2064,1032,6234,11504,12713,11533,6807,1811,10792,7397,3181,3330,3511,585,8440,13464,2727

test suite145
bestAPFD:0.864007
bestSuite:1928,5305,4948,7509,10052,913,8952,6612,5603,5463,11008,5420,9588,6339,12101,7537,915,3744,12178,9488

test suite146
bestAPFD:0.858643
bestSuite:4268,7663,8268,9099,4224,10873,6278,2977,8809,12298,6708,4887,10327,7024,111,5974,4631,9157,9750,9387

test suite147
bestAPFD:0.857297
bestSuite:8677,193,9229,12103,8645,274,2878,2275,2786,3226,9563,11927,5290,5380,9800,6012,2189,7350,6975,9782

test suite148
bestAPFD:0.849539
bestSuite:3850,1659,9047,12339,7818,8183,3479,11655,5705,13019,6014,9288,11605,2585,5782,8864,2549,11142,5819,7204

test suite149
bestAPFD:0.846772
bestSuite:6817,7369,2871,5519,1359,6994,1777,1984,4658,12717,12663,3426,4063,11261,11552,1335,12638,6160,3345,4272

test suite150
bestAPFD:0.857219
bestSuite:12200,6775,7994,6585,9435,5462,8868,10561,4030,796,12727,3694,4878,6390,214,935,6238,1874,13144,9586

test suite151
bestAPFD:0.847516
bestSuite:11922,10329,4727,9270,9738,1996,7580,6386,5915,5171,9309,6408,9442,9646,7108,4452,4847,3618,3367,2157

test suite152
bestAPFD:0.856507
bestSuite:3638,7623,5775,9937,5975,1496,10157,12926,375,6220,10463,9671,5599,3839,9141,12889,1523,4533,214,2051

test suite153
bestAPFD:0.818202
bestSuite:6657,3940,6942,13486,6125,7404,12289,12313,10112,12532,445,2896,6461,4590,11808,2403,13434,12937,5615,8286

test suite154
bestAPFD:0.849585
bestSuite:6271,11797,6171,13185,4574,10594,1248,3659,4197,4004,6950,11081,8595,4817,11517,3043,809,3219,152,7433

test suite155
bestAPFD:0.849384
bestSuite:5536,6888,512,3347,1350,12689,4742,12810,1523,7169,8266,8535,3013,7463,8769,10226,8836,11988,1258,9047

test suite156
bestAPFD:0.852462
bestSuite:3160,1321,2506,7225,7837,10983,589,4647,11843,10369,4902,2253,6299,7620,2046,10566,6133,448,1422,1555

test suite157
bestAPFD:0.870974
bestSuite:9903,8461,628,3968,6590,11939,7499,2359,12761,4915,3759,12352,8859,9719,9432,4828,5083,11322,11106,10921

test suite158
bestAPFD:0.841452
bestSuite:9777,560,1848,2607,1232,9334,6629,6492,8842,197,11596,2032,1822,587,12881,6222,6459,12196,7920,3571

test suite159
bestAPFD:0.848212
bestSuite:2533,9809,3830,10035,7115,8699,7482,172,6400,483,9889,3369,11970,13347,13395,3272,2065,6340,2507,3812

test suite160
bestAPFD:0.822045
bestSuite:1120,11692,7460,12296,571,2881,12806,7434,7644,12871,5769,8837,8321,8486,7360,3576,12464,10589,10507,4704

test suite161
bestAPFD:0.827012
bestSuite:713,11251,7057,6216,892,11047,9063,10835,5163,5779,11675,5003,13053,1116,13259,12312,3943,7814,5062,10828

test suite162
bestAPFD:0.859099
bestSuite:13205,4160,8595,1826,13513,5749,5360,2230,3986,9927,5584,3298,10552,5028,9415,6695,3441,778,5861,12044

test suite163
bestAPFD:0.848422
bestSuite:984,1760,2386,10717,9994,12789,5886,8,12795,9279,4881,5423,3635,4680,12718,2131,1400,10486,7857,10850

test suite164
bestAPFD:0.848183
bestSuite:11014,253,12838,146,1952,7820,9505,1395,3671,8422,3727,8738,11303,13494,6744,13024,8812,3959,7567,8037

test suite165
bestAPFD:0.858667
bestSuite:6919,11929,13212,9844,13149,1099,3458,10858,11058,9170,12075,11726,6700,1487,6961,10728,8601,9265,6450,5545

test suite166
bestAPFD:0.833949
bestSuite:6470,3722,7109,10648,1767,10851,8237,4580,6006,1640,2537,3637,7467,6130,6707,5185,5583,2265,9178,8032

test suite167
bestAPFD:0.835702
bestSuite:11651,4588,191,12506,4599,4445,1534,5951,3445,4914,5229,1036,2385,6272,8086,5219,13147,10907,12298,34

test suite168
bestAPFD:0.851589
bestSuite:8652,10435,10320,4321,11860,10282,867,3577,1813,9559,9074,4404,7710,2097,9109,11704,1883,4329,5803,12822

test suite169
bestAPFD:0.848248
bestSuite:8036,9043,1815,3078,8204,11040,9314,6756,9300,4191,10145,8416,7005,10587,3920,11321,3961,6295,5938,13406

test suite170
bestAPFD:0.871801
bestSuite:8190,12970,1496,715,1750,10396,571,10402,164,10997,10117,7955,5101,12377,1047,2125,929,13253,1485,5978

test suite171
bestAPFD:0.843289
bestSuite:2115,8529,10115,6502,3973,4011,8201,12516,8026,4753,1924,2855,1235,5253,2014,12787,11258,1228,3300,2178

test suite172
bestAPFD:0.868889
bestSuite:7254,4497,1394,975,5282,7814,2725,3062,10868,12402,9055,4643,238,1615,7656,11900,5486,8694,7651,7862

test suite173
bestAPFD:0.845233
bestSuite:4332,8664,4811,4597,9634,9966,5951,11459,12579,1501,4054,2908,5865,9181,11934,6894,10388,7997,9206,6297

test suite174
bestAPFD:0.865437
bestSuite:9604,2742,3137,6365,2332,4033,7090,3993,13394,5834,3464,3816,3742,3543,11991,12353,1137,8310,513,2254

test suite175
bestAPFD:0.813777
bestSuite:8838,892,7580,3450,10700,3358,3308,9102,4915,8319,6869,12888,6166,340,8538,1009,11984,8937,3122,630

test suite176
bestAPFD:0.835103
bestSuite:5353,12409,7257,4484,5785,7151,7200,13484,856,5504,997,10943,229,6444,12143,7388,10962,1002,7184,2615

test suite177
bestAPFD:0.819646
bestSuite:4273,332,11047,7849,12824,3167,6742,899,11252,11141,8112,11853,11541,11326,3384,3497,12378,9807,13521,8389

test suite178
bestAPFD:0.860261
bestSuite:11731,6164,3928,8466,7566,9999,1343,13105,378,4033,4358,3535,13212,6222,7769,8544,5967,9524,5580,11492

test suite179
bestAPFD:0.824924
bestSuite:12994,11932,6410,8436,13346,6963,6448,10967,1591,9023,3830,8773,1783,12359,5876,12370,7611,442,2741,10376

test suite180
bestAPFD:0.875768
bestSuite:5331,4068,2943,1620,573,1052,8423,8223,4562,6255,8861,4441,11508,9046,3056,2867,2508,6345,839,8066

test suite181
bestAPFD:0.851025
bestSuite:8035,3661,7072,9079,11661,7619,10177,4858,378,9094,13478,11450,9787,6224,6000,2129,2224,9961,11213,10769

test suite182
bestAPFD:0.830178
bestSuite:532,2020,7835,763,6435,1665,5498,11672,3949,9267,4197,10767,10649,11030,4889,7090,602,1450,1785,2306

test suite183
bestAPFD:0.838180
bestSuite:5967,3346,484,11462,10380,5636,660,7527,7782,6281,11232,10787,847,12350,8369,6314,2754,8477,11518,7150

test suite184
bestAPFD:0.854153
bestSuite:11578,13181,5065,2472,2807,13415,10894,3992,2504,7047,7929,6222,4234,13470,13493,1380,9121,10018,2130,3389

test suite185
bestAPFD:0.837732
bestSuite:12976,3220,11830,1734,233,11881,6734,3223,12850,1408,2266,2576,11016,10798,1515,9402,11195,8937,1452,11820

test suite186
bestAPFD:0.832011
bestSuite:6974,13374,6743,13242,335,3231,5678,10647,11433,6206,9270,5857,13171,5872,8641,6816,4211,11752,5011,9494

test suite187
bestAPFD:0.846440
bestSuite:12517,12053,13520,10139,7738,10244,9094,9253,4651,11896,9085,7634,7216,4883,2382,10879,4578,1,10827,7297

test suite188
bestAPFD:0.856291
bestSuite:9765,6591,3151,243,2922,567,11856,1218,3548,1086,530,4176,2487,5037,10237,5033,12849,13403,3172,1946

test suite189
bestAPFD:0.859272
bestSuite:358,11205,824,761,3416,1687,12914,1176,9033,6336,11380,7278,7982,4136,7656,8703,4656,5183,10545,1334

test suite190
bestAPFD:0.869454
bestSuite:815,808,3300,2343,7715,6956,17,2780,763,11015,12539,11676,7580,5875,4300,2471,6955,2123,3683,1212

test suite191
bestAPFD:0.838333
bestSuite:11186,9167,12681,11742,384,8,4058,10641,6480,667,5796,9692,2442,722,2110,7504,2289,5443,12217,7455

test suite192
bestAPFD:0.841568
bestSuite:10599,7817,13518,13193,3839,8119,6633,7578,12021,3499,5342,11732,10968,11234,3676,9206,11075,5155,361,6438

test suite193
bestAPFD:0.849003
bestSuite:3363,9888,8189,2068,7140,12233,6027,10425,10219,1924,11291,2264,12317,9845,5058,590,2868,5329,4911,7031

test suite194
bestAPFD:0.844652
bestSuite:3073,2826,6063,10611,11641,2540,11137,8772,5546,6670,9701,2498,547,10737,9893,13349,10701,6349,1470,1017

test suite195
bestAPFD:0.858162
bestSuite:5618,4000,12455,10550,1144,587,5564,9178,1981,9438,9774,9263,7159,975,9675,11960,9483,8,3669,700

test suite196
bestAPFD:0.853323
bestSuite:13119,7105,7512,12937,2445,6667,8737,3027,10617,9141,7286,4877,9339,2416,222,11422,12879,5252,1449,1023

test suite197
bestAPFD:0.847190
bestSuite:1963,13132,11662,8654,7671,3278,11846,1351,7078,2444,2900,832,10386,9142,2321,9571,5396,6607,8513,9814

test suite198
bestAPFD:0.856364
bestSuite:1617,6075,11379,10630,2633,6135,8063,1247,4072,4140,6516,5096,1860,7428,10410,8265,11965,1182,10018,3797

test suite199
bestAPFD:0.848165
bestSuite:2664,4608,5890,10468,6621,1647,4337,12638,1674,6958,919,8012,10803,13365,12591,6007,9865,9980,11823,3796

test suite200
bestAPFD:0.844355
bestSuite:2312,10201,9241,131,8438,2079,5813,11149,5087,1449,309,7031,13392,403,8637,4545,1975,2996,13501,8702

test suite201
bestAPFD:0.828662
bestSuite:5649,10980,12441,8649,8551,12979,10310,410,1493,10895,4427,3603,9611,6893,1497,9528,7550,200,5795,9619

test suite202
bestAPFD:0.819222
bestSuite:1284,8676,2491,5139,11340,10486,10758,8204,10433,6210,10477,1651,1309,11023,9540,8479,10506,3630,2890,5946

test suite203
bestAPFD:0.839927
bestSuite:7669,10375,587,7436,2168,12088,11744,10844,1885,5296,4408,6076,2947,1573,5568,5279,13442,7221,7168,2901

test suite204
bestAPFD:0.863191
bestSuite:5714,151,8503,10893,2694,11730,4553,4204,3421,7379,9841,6639,11359,10024,10382,3581,271,7946,3001,7960

test suite205
bestAPFD:0.834732
bestSuite:9901,10917,7894,8242,9123,9321,4853,8964,12562,303,1238,11633,5693,2507,10779,10007,1972,11799,11595,5744

test suite206
bestAPFD:0.842750
bestSuite:5646,656,7930,2344,8744,5388,8527,4537,4421,10220,1919,5426,11786,677,2750,1605,4252,5564,473,2901

test suite207
bestAPFD:0.850165
bestSuite:12735,3210,4095,12176,9834,1547,1751,3721,3333,11517,2542,11515,6831,12432,9476,3302,13234,11207,3917,3650

test suite208
bestAPFD:0.852114
bestSuite:11837,1010,3565,13158,2564,8665,13377,11499,8705,10444,8250,9674,4265,9340,1622,7435,6914,4424,12260,3383

test suite209
bestAPFD:0.815889
bestSuite:10692,176,11338,10332,1271,5068,10833,8614,11459,3628,1137,9599,6355,3085,225,716,5647,7525,227,450

test suite210
bestAPFD:0.821742
bestSuite:7888,8732,11740,4114,11643,5415,6197,4724,1197,7040,646,5513,3916,610,1678,3857,8707,12709,5557,13105

test suite211
bestAPFD:0.843443
bestSuite:9186,13209,4143,6924,8198,794,11283,9346,1304,8048,151,8802,4567,12298,8129,2323,1380,10837,4368,7968

test suite212
bestAPFD:0.835247
bestSuite:9158,6531,8086,1292,10864,2394,4366,7456,733,6877,12026,12465,10880,10898,10677,1782,11753,1765,1788,12369

test suite213
bestAPFD:0.858308
bestSuite:8103,5887,11979,7381,8742,2371,2413,1957,5688,12411,5276,1118,6505,11321,8896,11423,1874,1174,1094,1185

test suite214
bestAPFD:0.866815
bestSuite:316,4666,4905,8726,4559,2399,10308,1215,7003,758,9618,10178,11117,9945,6254,3038,5916,13342,276,12085

test suite215
bestAPFD:0.809492
bestSuite:10733,3187,8972,5283,6963,10569,7030,10861,2129,8765,6578,12879,8006,12855,10170,6988,5156,10112,12767,9958

test suite216
bestAPFD:0.854633
bestSuite:7099,13032,8399,13217,11457,8737,1273,13268,10693,10983,3582,12194,2448,226,6316,12294,8157,10871,5180,7610

test suite217
bestAPFD:0.856575
bestSuite:505,11567,5919,8855,6921,5168,6910,8757,12140,7830,4420,2089,5207,4914,9819,12803,7070,1420,8356,10478

test suite218
bestAPFD:0.843693
bestSuite:4199,3825,13183,5698,6375,1248,11569,10146,10434,5080,2010,1955,11618,12396,10937,9966,4134,3379,2701,11601

test suite219
bestAPFD:0.798047
bestSuite:3460,6177,10494,3999,10144,11252,8005,12981,6824,5484,12621,13380,10349,9544,8935,6404,11868,12065,8724,12935

test suite220
bestAPFD:0.843866
bestSuite:2472,10815,3313,3517,11043,8604,12910,10582,9828,11734,3822,6945,2869,3235,5205,12111,10377,9754,3743,7784

test suite221
bestAPFD:0.851930
bestSuite:10647,2530,1279,4864,8259,13116,1824,7389,1897,13301,9694,1015,10725,5927,6064,8499,2372,8006,6165,10633

test suite222
bestAPFD:0.840686
bestSuite:9261,3505,6356,8213,1976,9104,1116,2821,2853,7083,13027,12101,7889,4217,12044,7576,12566,7452,13407,7993

test suite223
bestAPFD:0.833281
bestSuite:2940,1494,12620,1242,6978,12929,11078,9526,12358,7751,438,8366,1555,338,1074,12044,4975,1557,1775,9942

test suite224
bestAPFD:0.849752
bestSuite:2399,8200,7521,8390,7094,7068,6568,5379,228,329,8372,13420,6392,7408,3623,9254,367,4095,11250,10190

test suite225
bestAPFD:0.826322
bestSuite:9134,12383,10051,9463,7758,642,2247,1490,6556,12340,7441,13143,6169,12932,7664,956,8220,1350,11958,2304

test suite226
bestAPFD:0.841498
bestSuite:6278,8518,1163,6692,1178,32,7544,6099,7122,1856,3079,2225,11377,1016,3581,2016,7859,5951,4114,1000

test suite227
bestAPFD:0.851929
bestSuite:8791,1739,6674,9637,3064,5574,7887,1640,6501,5100,5106,13217,10394,12470,11548,9053,3211,3234,5034,2059

test suite228
bestAPFD:0.850131
bestSuite:12609,6,9515,4581,13341,11977,4272,3009,1075,2895,2882,6610,5634,3733,8281,9324,4548,12231,7761,5131

test suite229
bestAPFD:0.839373
bestSuite:11871,8789,7671,5489,13267,9240,4625,4336,7411,3702,6407,8522,6333,6066,6863,11530,12848,10084,2226,11249

test suite230
bestAPFD:0.827193
bestSuite:10626,3860,1610,725,9815,10143,8875,11621,10560,7148,6191,805,12147,9247,3264,6385,4240,8664,60,11160

test suite231
bestAPFD:0.830814
bestSuite:4126,13266,11610,6952,7135,10215,10893,12911,9891,10565,8812,6501,10719,4325,173,9369,10944,4457,9832,945

test suite232
bestAPFD:0.852131
bestSuite:8173,435,9582,5134,2717,9989,834,9980,730,450,2071,5020,4412,5373,2073,3345,4821,9061,4854,10107

test suite233
bestAPFD:0.838854
bestSuite:3592,4358,8792,8803,3763,4480,9949,4253,5632,9644,1456,8148,3051,4207,10504,2008,5489,2969,9591,8076

test suite234
bestAPFD:0.851142
bestSuite:13018,12440,9349,6226,555,11077,5581,2695,4053,7971,6241,9257,7047,3733,4165,709,11957,8126,4387,10262

test suite235
bestAPFD:0.832197
bestSuite:5221,6089,7264,885,285,4185,1229,2009,2621,10949,1180,11922,2021,7790,10681,2502,6221,10167,12440,12773

test suite236
bestAPFD:0.818155
bestSuite:11004,11463,1928,12477,10895,1137,12344,4008,1897,6194,12031,7845,10600,1284,8826,1692,13158,727,12258,2473

test suite237
bestAPFD:0.847884
bestSuite:6231,3862,5807,496,8336,9949,9510,9877,8872,3926,1612,9233,491,2178,12066,11734,12980,5593,9546,11547

test suite238
bestAPFD:0.865870
bestSuite:8255,6355,2156,11037,10003,9276,6801,3728,6455,2092,677,6227,12955,2971,7419,1664,10864,173,5082,13504

test suite239
bestAPFD:0.862969
bestSuite:5616,7009,8527,10966,7067,6495,4380,4926,10872,8429,7080,6862,10126,8788,10672,2917,8149,12499,9674,2243

test suite240
bestAPFD:0.839915
bestSuite:4755,3320,990,1752,9315,10607,2708,9891,9582,9284,1122,3661,11675,4449,7039,12158,8567,8437,11715,118

test suite241
bestAPFD:0.851050
bestSuite:5969,7080,9142,10869,4329,11979,12605,10867,207,13437,7315,39,8371,2812,6420,12963,10230,10879,9054,12840

test suite242
bestAPFD:0.848910
bestSuite:5611,8922,11785,6206,1387,7753,107,8584,10953,12024,6417,2212,185,8990,1154,918,7357,5241,6381,9242

test suite243
bestAPFD:0.858956
bestSuite:7494,9428,11135,4222,2728,5583,6912,1417,8333,206,6262,11035,1874,3277,705,4524,11588,9497,11664,2311

test suite244
bestAPFD:0.844950
bestSuite:533,669,450,5292,11784,12526,6563,7462,3471,12617,8061,2443,13486,7167,3975,6343,12167,1696,6844,11007

test suite245
bestAPFD:0.859648
bestSuite:4643,5289,2184,449,5137,202,11911,2473,12613,3990,9908,10511,3188,5560,10495,1796,10415,12385,9241,13478

test suite246
bestAPFD:0.847750
bestSuite:12265,2929,5338,395,504,5653,7699,5599,8842,6489,10870,4770,196,11409,3980,6198,11695,2681,8347,2246

test suite247
bestAPFD:0.841944
bestSuite:7916,10288,8635,3730,8718,2614,1101,520,65,11787,9552,2034,11706,8108,8121,1827,4857,4654,1986,12867

test suite248
bestAPFD:0.838736
bestSuite:8275,6224,13299,2266,11792,6911,8814,10965,13512,3393,11731,4051,2985,11635,10278,12875,2269,12285,8386,5861

test suite249
bestAPFD:0.830801
bestSuite:11988,4629,7698,12601,7686,1353,1279,7174,12158,968,5906,3175,11520,11980,8871,7862,8569,11657,5518,7384

test suite250
bestAPFD:0.842939
bestSuite:203,6296,11965,4195,5736,10116,471,12084,7551,5170,4046,4814,3346,9735,1385,6866,12133,10269,11160,10918

test suite251
bestAPFD:0.865620
bestSuite:11277,8966,221,13118,1105,204,13519,2505,6807,931,1522,5887,998,8079,7181,7021,12073,8931,5223,7424

test suite252
bestAPFD:0.850481
bestSuite:2016,5638,4915,7344,4005,12848,9576,1604,1211,890,5308,7876,4740,8473,2098,9252,694,6210,6503,3326

test suite253
bestAPFD:0.834827
bestSuite:11296,11199,6734,4214,5427,8892,12746,4971,10797,10989,8004,7455,12664,4406,8859,2063,7467,11614,796,9104

test suite254
bestAPFD:0.858333
bestSuite:5719,3749,11309,11323,1653,4261,4245,10428,6228,6582,8639,11155,6360,2071,11320,4653,4246,4590,2954,3865

test suite255
bestAPFD:0.812023
bestSuite:6335,7291,1645,10003,3908,11371,10737,5172,2276,1422,9100,1017,2461,9703,10275,10453,2450,975,9015,1287

test suite256
bestAPFD:0.840977
bestSuite:12643,11484,10219,1907,1394,1221,4649,5355,10306,7741,9310,3821,5414,11868,10932,7491,7492,12750,10643,4676

test suite257
bestAPFD:0.837272
bestSuite:6830,12302,3081,5878,982,8612,4790,5282,7828,2587,8061,9558,6623,7674,10679,6958,726,1835,6282,977

test suite258
bestAPFD:0.881229
bestSuite:10659,5744,10199,9524,7904,11336,1803,5359,6378,11686,8097,6876,11011,1118,8036,8341,7921,5658,11360,8042

test suite259
bestAPFD:0.815387
bestSuite:12528,6382,2425,11732,6419,4058,11718,2215,2995,10334,6301,12629,13378,11104,12605,6989,4456,10059,6861,9528

test suite260
bestAPFD:0.855317
bestSuite:2863,620,9118,9402,3831,13070,6833,10623,10794,6999,7573,3150,10136,2110,1980,3909,2477,7779,9048,3252

test suite261
bestAPFD:0.877679
bestSuite:12475,10591,12219,1094,10501,7572,2642,10008,12972,11894,5973,8996,9612,3386,1140,6105,7602,10732,1394,3911

test suite262
bestAPFD:0.849347
bestSuite:7631,12321,4570,4093,6212,7578,1544,5477,7292,6097,6213,3544,12307,8609,9751,5488,4923,8959,10402,6961

test suite263
bestAPFD:0.850748
bestSuite:5796,5266,13205,9618,56,30,4086,10175,6926,7220,4732,1926,7443,1725,1554,6255,10073,12490,8653,9480

test suite264
bestAPFD:0.835754
bestSuite:9233,362,10796,7287,11869,698,8907,5459,5646,8432,7220,8207,2693,4327,10638,6440,4748,11817,11257,7214

test suite265
bestAPFD:0.854008
bestSuite:5292,6045,332,7609,7822,2192,918,3164,2759,9134,9131,11886,1217,5218,10800,3997,8994,12762,7676,11869

test suite266
bestAPFD:0.872635
bestSuite:6863,5227,5337,6654,10082,6958,3926,3114,1958,1025,7434,7542,3358,12249,5554,2607,5439,10095,12525,1011

test suite267
bestAPFD:0.823286
bestSuite:10540,9529,4975,13145,9669,6362,173,12607,5562,147,1623,9465,4217,7594,5705,5171,6552,928,11708,11696

test suite268
bestAPFD:0.850671
bestSuite:269,6298,12681,5313,8396,7677,2761,7140,8145,12001,12976,9633,12626,3040,8282,638,1479,6141,5954,2285

test suite269
bestAPFD:0.861553
bestSuite:2716,303,4200,4062,1290,2639,4271,2042,235,9130,3058,2531,4801,8678,7927,6053,9714,9315,10995,4379

test suite270
bestAPFD:0.840913
bestSuite:5579,4411,4031,3270,3986,1614,8185,7857,6552,5024,617,13416,4376,8593,6874,1843,7381,5639,8212,10283

test suite271
bestAPFD:0.861638
bestSuite:7140,7740,7207,2107,13487,3812,2169,6407,4231,9269,4623,13470,5483,1774,1617,177,9263,10767,354,10904

test suite272
bestAPFD:0.819407
bestSuite:380,13004,13049,13520,6837,12183,8424,6109,8715,4362,905,4517,10001,5025,12404,259,4867,7626,8227,2915

test suite273
bestAPFD:0.799135
bestSuite:758,8823,11858,9067,10730,4992,2827,6165,995,13473,5093,8808,2679,11279,3713,247,6182,7572,6238,3169

test suite274
bestAPFD:0.851115
bestSuite:10139,2477,4643,5502,854,4571,13479,386,12380,4064,11621,12223,12076,10479,1348,2491,3546,12346,7587,436

test suite275
bestAPFD:0.838814
bestSuite:5296,8790,1790,4570,97,7960,8691,7389,4136,7959,10811,3237,9253,11167,13308,534,2916,5231,7749,8813

test suite276
bestAPFD:0.831605
bestSuite:1238,10065,10838,5013,10265,2825,6713,10060,1459,13368,4179,3767,8047,1935,3286,11544,10498,1295,7883,644

test suite277
bestAPFD:0.870768
bestSuite:10972,3625,5085,13238,5511,9601,11262,11455,1223,4048,5599,2900,727,1415,1075,11448,10344,10711,3545,931

test suite278
bestAPFD:0.887774
bestSuite:9832,8204,8187,10118,12807,3808,1539,20,4368,5614,5924,8245,1226,7440,10286,9050,8099,8644,11264,1718

test suite279
bestAPFD:0.874803
bestSuite:3407,779,3937,6082,4834,2340,2278,6890,6758,4873,4400,10894,3156,3647,4416,9289,7358,11853,11419,847

test suite280
bestAPFD:0.853642
bestSuite:13148,2424,84,12654,3180,516,6500,1301,13429,5444,723,5858,1344,10949,13524,9788,12884,4202,1502,7301

test suite281
bestAPFD:0.821742
bestSuite:432,2903,7512,3315,10473,8765,4307,6885,6536,30,4179,5230,3764,10428,6957,10195,10060,13499,12610,12045

test suite282
bestAPFD:0.805157
bestSuite:3957,683,8647,8073,3073,1707,8981,1833,9797,1508,9033,11060,5650,3018,12386,9840,2936,5282,11083,11524

test suite283
bestAPFD:0.844012
bestSuite:1241,4836,5210,1413,5255,5188,2173,13514,550,6799,40,9604,13082,224,3278,5485,3987,8202,9592,5862

test suite284
bestAPFD:0.835450
bestSuite:8672,11171,6821,11349,2545,11655,1653,7648,4366,9880,4756,13352,7001,1133,1907,12236,7509,12135,4678,4461

test suite285
bestAPFD:0.835976
bestSuite:3019,8628,2273,12147,7527,1994,8334,13153,3808,8290,7864,2485,2877,1163,4240,9795,7418,10925,187,3232

test suite286
bestAPFD:0.863103
bestSuite:537,6228,8812,9024,10260,6689,11645,9859,6730,7838,4232,6956,1126,9371,6530,2575,7396,9515,1750,7932

test suite287
bestAPFD:0.831349
bestSuite:4454,3468,5638,6429,10192,7767,6471,8998,47,2034,11800,7627,381,7965,11452,12102,9445,8749,12153,2805

test suite288
bestAPFD:0.875971
bestSuite:1510,11900,5679,1390,6335,11936,4508,10797,8704,10807,8305,11995,7263,6559,5201,10508,12197,12058,682,5788

test suite289
bestAPFD:0.832776
bestSuite:6705,2465,8880,9705,4604,5097,8248,8458,1199,8866,8254,8519,4320,1394,13472,10545,4101,10390,7453,5670

test suite290
bestAPFD:0.871573
bestSuite:12449,11604,5902,7036,929,3855,8358,11240,8583,9146,5383,8338,10784,1167,4027,7,12197,6370,8856,3061

test suite291
bestAPFD:0.840342
bestSuite:12007,6336,1208,10320,52,7802,2054,4797,4473,12667,4902,7921,7152,11362,12905,7147,76,4346,9037,2016

test suite292
bestAPFD:0.818624
bestSuite:17,9800,10685,1881,3500,4782,3177,10657,12962,11298,9084,1830,2885,9068,4305,104,5795,6337,12399,11422

test suite293
bestAPFD:0.832111
bestSuite:12707,7114,6996,3521,9787,12516,4317,12980,11169,8552,12076,10148,10971,2455,1072,2288,2249,6100,405,3550

test suite294
bestAPFD:0.853227
bestSuite:3127,4431,224,13451,11529,12165,3205,9486,8724,3335,2927,3640,6605,6538,10645,7472,6924,9046,6899,1783

test suite295
bestAPFD:0.833526
bestSuite:11207,789,7365,13379,5299,13129,1424,11105,6590,8118,4989,11484,7726,11024,4140,5913,1910,10158,1563,1104

test suite296
bestAPFD:0.822125
bestSuite:1442,3971,5502,4280,1660,9959,11699,6728,10820,10097,2611,5454,1840,5355,9485,9346,5773,4833,9019,12776

test suite297
bestAPFD:0.816493
bestSuite:7693,10787,247,8148,7016,10572,1877,12442,304,11990,6849,1776,2454,8665,10778,2209,11475,4440,5609,3661

test suite298
bestAPFD:0.846369
bestSuite:6638,6745,13052,5648,1950,3533,4427,8762,12075,11708,10219,1429,2168,3497,13118,8821,6822,2563,6222,11062

test suite299
bestAPFD:0.862099
bestSuite:8124,2113,3853,11824,743,7167,8223,270,4283,7342,241,10248,1599,2246,11268,13102,11436,162,3381,2447

test suite300
bestAPFD:0.830598
bestSuite:2872,5689,804,8300,2484,12779,3060,8216,11753,94,8318,4548,12400,5279,12624,4751,5361,12474,7558,13146

test suite301
bestAPFD:0.871661
bestSuite:9760,3052,1602,7470,6028,1309,13083,533,11337,7859,1630,4220,12953,492,8894,963,9891,8220,1409,2355

test suite302
bestAPFD:0.847022
bestSuite:3491,10416,5706,3239,210,10917,4746,8777,10019,4281,12757,3028,1146,5898,12700,13452,584,5867,10824,9486

test suite303
bestAPFD:0.843071
bestSuite:13360,11946,1994,845,10840,12280,6691,9644,724,5641,1690,3963,9539,1708,11935,11011,7615,4655,3096,9276

test suite304
bestAPFD:0.842231
bestSuite:6505,10309,5445,10497,13408,6428,615,123,4063,6292,4067,12995,13218,7039,12450,11184,9619,9569,7716,649

test suite305
bestAPFD:0.840986
bestSuite:9766,6584,7256,271,4582,4269,6322,7669,10937,791,7146,4405,1684,8194,6410,10474,3313,10216,12783,2707

test suite306
bestAPFD:0.821865
bestSuite:12722,11292,12322,11834,803,6038,7647,2114,6950,7178,2847,3686,12391,11814,1572,3446,11672,309,6187,10282

test suite307
bestAPFD:0.844333
bestSuite:13375,2800,5460,8088,8643,4456,1118,7361,12464,2595,13073,641,8750,10447,6582,5877,1891,12218,9214,10711

test suite308
bestAPFD:0.813856
bestSuite:12403,1200,9038,10961,3584,10799,5945,6424,10349,10915,12645,5741,9097,7198,11374,11445,10128,10361,304,2542

test suite309
bestAPFD:0.866405
bestSuite:610,1565,4664,1041,591,10120,23,13446,7218,5319,8908,6718,663,7671,1092,6083,6496,120,13081,394

test suite310
bestAPFD:0.836628
bestSuite:11780,12890,6006,4763,4886,9488,4787,9231,10024,270,8097,9756,10462,11300,281,8070,3807,9627,4744,6255

test suite311
bestAPFD:0.860537
bestSuite:1941,7209,4970,12470,6200,3907,3492,4131,5888,10057,10917,3458,7917,9689,5872,2863,4490,3847,1248,1894

test suite312
bestAPFD:0.871003
bestSuite:11517,1671,2408,8535,3360,3691,11734,1983,5241,3394,2127,9137,11600,9338,12280,2910,5194,1870,1541,13173

test suite313
bestAPFD:0.832321
bestSuite:9285,5379,12703,11090,2850,304,8173,2489,494,6283,10930,8165,7730,8876,6346,3918,3028,13475,9896,13045

test suite314
bestAPFD:0.847835
bestSuite:10618,7190,94,612,11765,13157,492,6531,10818,5654,12506,5658,13290,3762,3985,13254,12552,42,9875,5844

test suite315
bestAPFD:0.841231
bestSuite:10243,11034,9092,8152,8120,1041,715,6919,11695,10610,936,8313,6555,11991,4129,8866,2736,9898,1136,2703

test suite316
bestAPFD:0.832284
bestSuite:9539,8634,12635,10237,9242,2324,8830,7194,261,5780,11028,10571,9235,7878,4305,12772,10996,4541,5749,7809

test suite317
bestAPFD:0.825622
bestSuite:8480,2848,5201,1757,7869,7287,8647,9869,11040,5555,6100,1864,2379,860,5767,5585,12719,9035,12399,7060

test suite318
bestAPFD:0.832419
bestSuite:811,13464,1538,3237,12190,4663,6981,5281,2300,4901,7003,9171,6784,12,3951,7769,10050,6059,2598,10789

test suite319
bestAPFD:0.841297
bestSuite:5070,16,2075,2582,619,10777,11314,1731,9413,4514,2469,13345,12974,6112,5725,5107,5469,3158,8974,10147

test suite320
bestAPFD:0.860017
bestSuite:3242,5906,2547,1713,9424,2815,13127,7870,8217,1269,10315,7773,8810,7002,11712,393,7307,2949,8231,10981

test suite321
bestAPFD:0.832414
bestSuite:9752,12710,4025,8970,5177,6455,12787,1246,7795,7200,10515,310,3581,8749,447,4152,6239,5114,9298,11847

test suite322
bestAPFD:0.845760
bestSuite:7739,3723,12635,5230,7357,8606,2912,261,11252,700,9247,6696,63,987,1027,4279,614,12868,6699,11080

test suite323
bestAPFD:0.876997
bestSuite:5590,5258,2155,5448,4073,8183,8608,6956,9860,1094,9665,1902,10745,10170,3437,7778,6478,3793,11069,6922

test suite324
bestAPFD:0.852124
bestSuite:12367,645,805,9269,7444,13463,1290,10552,3085,9694,11271,5185,11929,12296,3345,13090,295,8024,3545,9007

test suite325
bestAPFD:0.833043
bestSuite:10388,3033,1468,10394,5009,9278,3321,2695,6802,10185,848,5998,2700,1085,5808,12395,7871,10453,6549,3049

test suite326
bestAPFD:0.826908
bestSuite:10099,5363,7865,3566,10878,1797,755,9743,162,861,6978,12999,10678,11416,7472,8171,7596,13113,3407,2246

test suite327
bestAPFD:0.850549
bestSuite:6404,7959,8114,10679,5144,9320,7294,3501,233,11850,8145,7724,8156,9827,5267,13268,10231,7161,4661,2676

test suite328
bestAPFD:0.854113
bestSuite:4307,512,3403,1585,7767,7054,12789,4227,7867,11107,810,11289,12031,4502,4244,5513,6187,7700,3175,10868

test suite329
bestAPFD:0.843151
bestSuite:2277,12504,12316,889,5388,3434,472,6969,10506,12459,10738,4583,1033,2267,1492,12664,5869,7727,13471,852

test suite330
bestAPFD:0.843412
bestSuite:11204,5754,8551,11065,7153,4962,4924,6734,623,969,2856,4947,336,4865,10294,11928,4709,10484,11176,2056

test suite331
bestAPFD:0.855887
bestSuite:8386,7598,5825,6846,4995,10570,210,12,1839,2776,8204,5437,1419,4864,6331,13492,71,10648,66,11227

test suite332
bestAPFD:0.828302
bestSuite:3334,10475,12026,937,1490,8515,8442,1515,27,11443,1775,3286,1853,5887,13426,2524,4571,9643,9932,5579

test suite333
bestAPFD:0.836480
bestSuite:2742,13247,8175,9709,12862,9331,7959,5816,2868,10380,763,8178,4152,9182,12554,5903,10978,438,9480,8051

test suite334
bestAPFD:0.826382
bestSuite:13386,5257,8251,10595,12886,12829,6027,2066,13342,12154,7190,4443,8681,6916,7784,6610,10659,9056,5029,1650

test suite335
bestAPFD:0.832056
bestSuite:831,3525,13127,5390,9172,10388,11980,2480,4147,10454,8882,11279,13483,8485,3905,12449,9893,4847,2275,5056

test suite336
bestAPFD:0.868405
bestSuite:12459,2896,1422,9958,11400,4291,3022,2956,6984,5920,10642,1377,4428,9492,3966,1552,4455,6499,4582,3340

test suite337
bestAPFD:0.815749
bestSuite:2056,8471,3422,218,88,4883,4029,5422,1812,2540,11636,3954,142,1796,4491,2919,1664,7734,8491,5258

test suite338
bestAPFD:0.873387
bestSuite:1122,12004,4171,11194,8085,8278,13026,3643,28,4711,8181,4596,204,2302,4311,7378,264,11151,716,6260

test suite339
bestAPFD:0.865206
bestSuite:5604,7354,7425,10202,8383,1936,1384,3316,13387,185,6371,803,1397,9916,2323,8288,8297,11909,5451,3897

test suite340
bestAPFD:0.822910
bestSuite:12449,6484,352,9060,5084,11611,8769,1515,12779,8209,10393,9342,1621,1651,4930,8296,10961,5726,7185,10238

test suite341
bestAPFD:0.877569
bestSuite:11065,1610,1055,945,1173,3490,6154,6336,7209,11972,6962,6871,5364,6848,10689,642,3542,875,8766,3395

test suite342
bestAPFD:0.873833
bestSuite:5673,1599,12057,12866,13217,1304,1449,2410,795,11147,10600,8194,945,1117,6665,9243,6841,9412,9824,7399

test suite343
bestAPFD:0.858430
bestSuite:6352,7200,13327,9530,11273,7108,12956,10379,12572,9645,7769,6306,11901,7358,8668,145,8046,2894,2267,6552

test suite344
bestAPFD:0.873560
bestSuite:3157,5865,8240,2571,2171,12707,4262,3964,9705,233,12109,7214,7721,7827,12936,6073,4715,1511,2376,3395

test suite345
bestAPFD:0.871875
bestSuite:10987,1847,83,1886,13369,4208,642,2783,8655,8659,10114,5358,3830,6379,7944,3646,4341,8049,8722,93

test suite346
bestAPFD:0.870462
bestSuite:2324,5347,11123,6233,946,2677,95,6026,6049,9790,1717,3586,10206,7670,13209,2531,9608,8308,1471,9130

test suite347
bestAPFD:0.815424
bestSuite:6361,11215,7573,6289,9779,7740,7298,8200,6287,12812,1398,12754,547,9194,11484,7135,6351,7826,9376,61

test suite348
bestAPFD:0.820606
bestSuite:6383,2063,11058,7172,3955,4418,11413,843,3331,9919,4898,10405,13399,13267,9461,10592,12858,10752,3440,1973

test suite349
bestAPFD:0.856449
bestSuite:10970,12174,12172,4150,5757,3253,5421,10330,9294,3468,5125,1848,8885,1795,204,10636,10650,5085,13418,11830

test suite350
bestAPFD:0.841426
bestSuite:506,2145,6632,9493,4446,5876,8341,1189,6746,9077,6614,6360,11181,13174,13445,4655,10101,10234,4165,6331

test suite351
bestAPFD:0.832940
bestSuite:13301,9291,2067,9414,8192,3810,11246,4867,10491,11404,2856,3036,5797,12892,11643,6759,2211,5033,2899,8071

test suite352
bestAPFD:0.846834
bestSuite:3049,243,12128,10622,3160,11035,12974,8389,7474,11408,13166,8726,11564,6407,12193,10784,8220,4173,10120,1338

test suite353
bestAPFD:0.851080
bestSuite:11419,11354,7138,11033,4726,5400,2229,2840,817,6316,7987,6101,6949,5364,6314,4090,6877,13068,2341,8203

test suite354
bestAPFD:0.875454
bestSuite:7829,4993,3533,11627,4252,1582,11219,12183,10918,5776,11054,7703,11741,3227,4869,10111,12621,4711,2325,10672

test suite355
bestAPFD:0.854794
bestSuite:10251,10185,9297,675,809,13222,4020,7352,11424,4501,5422,6517,6947,5964,10017,7173,11826,9713,12763,892

test suite356
bestAPFD:0.875894
bestSuite:718,9582,1822,99,659,11370,991,1662,7602,7097,1655,4249,72,10276,9929,6419,4218,916,13304,10697

test suite357
bestAPFD:0.834435
bestSuite:10066,2694,3,4673,12043,4480,10469,1376,4847,8506,13042,7174,10010,10183,10393,11320,12635,10061,7690,6195

test suite358
bestAPFD:0.878196
bestSuite:13061,6384,12409,9520,1616,3652,11477,9694,2408,4555,7097,2758,7326,3505,10991,7191,9023,618,1112,6789

test suite359
bestAPFD:0.865757
bestSuite:11919,1726,11576,11192,713,11605,7816,3488,6482,5584,12059,10708,11877,6386,4390,9041,11759,6773,5248,10111

test suite360
bestAPFD:0.858277
bestSuite:3645,6798,3658,12611,4812,6973,7094,7948,4515,3678,8205,10043,3411,1739,9070,2580,7871,8408,6131,12405

test suite361
bestAPFD:0.817270
bestSuite:1472,11010,5074,8477,8272,2445,12694,3461,584,592,5955,11139,12877,11882,12942,7670,4140,10719,12803,2838

test suite362
bestAPFD:0.874187
bestSuite:3802,1671,3896,8042,8452,386,493,10143,6917,621,1091,858,11378,5056,4788,769,2087,4405,9838,9604

test suite363
bestAPFD:0.851055
bestSuite:7366,8259,11226,2062,10452,6606,7690,13183,12953,8241,5402,10267,4620,1915,2592,10089,883,5181,11820,3202

test suite364
bestAPFD:0.884286
bestSuite:683,8636,559,12161,6400,607,2937,6076,9695,7689,12087,8904,1422,1599,2794,2989,6650,11532,13312,2160

test suite365
bestAPFD:0.828846
bestSuite:1017,1232,509,3554,8720,1117,12983,13490,1271,9553,850,1341,6608,1142,5210,4076,5256,5670,12178,9076

test suite366
bestAPFD:0.848649
bestSuite:13026,10521,6194,1793,627,9700,7295,3119,4988,4316,10655,9192,10802,10995,8689,10940,515,432,577,4073

test suite367
bestAPFD:0.827636
bestSuite:10134,11508,10574,1852,5704,7025,9863,2579,10173,6826,9727,1131,1367,6924,2973,9469,2506,1697,8814,10002

test suite368
bestAPFD:0.861155
bestSuite:74,2973,5735,6182,6696,9556,12992,6375,5458,1316,12015,5700,9496,8890,12816,1747,13461,908,852,7049

test suite369
bestAPFD:0.862110
bestSuite:402,577,823,12748,11433,4569,6351,5049,11025,4530,5139,13352,7881,6310,1235,2704,11301,6999,720,4602

test suite370
bestAPFD:0.814137
bestSuite:5653,8725,7804,12245,12887,8324,7679,6159,12669,7047,761,7693,10294,739,10456,1480,6452,12595,6856,11986

test suite371
bestAPFD:0.865427
bestSuite:2017,2827,4933,2704,7776,7643,7764,4351,9782,11242,4634,9893,702,1274,8042,9726,1239,11039,1878,9290

test suite372
bestAPFD:0.847350
bestSuite:475,12512,13239,9414,9128,3201,2596,12793,7537,8588,13116,12337,3671,10626,4821,6475,13286,6247,10912,9777

test suite373
bestAPFD:0.846573
bestSuite:2907,9501,4255,3006,7479,6624,25,46,9918,11576,10523,5666,7879,8184,7646,8163,6207,5709,11140,6383

test suite374
bestAPFD:0.855574
bestSuite:12444,8434,10227,4947,2147,2839,10852,7430,9331,7256,1981,4129,4919,5511,4713,7996,2283,7121,3063,6103

test suite375
bestAPFD:0.872250
bestSuite:8958,4991,33,2261,5465,1780,1003,7343,13303,12866,5367,1594,735,8661,11449,7963,11113,1937,1072,2858

test suite376
bestAPFD:0.825457
bestSuite:11231,4463,12195,3599,10520,12466,3774,6970,12120,2012,387,11752,11909,3446,4315,399,12307,7216,8910,1849

test suite377
bestAPFD:0.844545
bestSuite:13429,36,9565,12873,5367,4759,10145,4501,6991,662,10763,8569,9265,3827,12630,13297,6988,426,9311,865

test suite378
bestAPFD:0.835146
bestSuite:3837,798,12661,11612,12755,10858,115,13331,3386,6983,7698,623,2520,7676,1529,13280,6329,7484,6539,4376

test suite379
bestAPFD:0.854725
bestSuite:4339,7860,8107,7738,11695,13040,2923,6725,9084,103,7375,5481,1504,9589,681,6791,1804,4172,10521,13210

test suite380
bestAPFD:0.809105
bestSuite:5678,1869,8242,672,10305,9769,4181,9402,11494,3551,11876,3007,8464,12622,12818,5755,9660,3364,12692,10519

test suite381
bestAPFD:0.839251
bestSuite:1098,1486,1882,11362,4052,3723,4402,6489,8508,2351,7165,2412,1349,3292,4547,1412,6514,2743,9196,773

test suite382
bestAPFD:0.851942
bestSuite:11945,12899,4543,540,9322,848,5155,3485,12084,6517,249,4686,8542,9577,3765,13079,8361,9509,4660,3487

test suite383
bestAPFD:0.841234
bestSuite:9591,3866,6453,1322,513,13151,1376,8124,9140,11921,725,6095,4119,9970,1356,9737,11896,5738,2616,1533

test suite384
bestAPFD:0.847393
bestSuite:6514,11026,4031,6695,6042,4229,1689,13407,1969,10867,12633,7819,5383,13238,10310,9766,6554,10796,1621,3725

test suite385
bestAPFD:0.844208
bestSuite:896,5150,2270,12210,12170,12361,2409,5084,4188,11390,4623,11022,8671,10911,11675,4746,2408,709,6503,2875

test suite386
bestAPFD:0.795030
bestSuite:11180,2891,8383,2377,13156,13108,7459,2809,12116,1887,503,2769,2235,4005,8900,3796,8870,8001,1054,11421

test suite387
bestAPFD:0.885967
bestSuite:7484,7184,8559,5713,6731,3045,12869,10155,13261,7669,5953,6716,9453,3689,6416,1108,12884,8731,2052,5320

test suite388
bestAPFD:0.839655
bestSuite:6231,8098,9124,6347,5463,5535,12747,7989,2019,2314,6979,4941,9897,12732,3155,2077,11631,8471,9798,894

test suite389
bestAPFD:0.819888
bestSuite:9494,1470,9278,173,2210,2263,3600,4493,12058,12766,13303,2880,355,7266,12045,12157,13264,4951,11692,558

test suite390
bestAPFD:0.841774
bestSuite:7002,10634,4722,10657,6544,7958,6452,1153,2279,11434,5588,3356,1655,5450,11976,1620,8317,5072,6285,8590

test suite391
bestAPFD:0.845938
bestSuite:1683,4824,6144,1599,12250,2230,6634,7131,5773,8229,9489,9980,6608,204,2944,9016,5561,7087,5008,685

test suite392
bestAPFD:0.832744
bestSuite:8664,1547,7579,1137,2033,10592,1637,9879,6970,9668,11293,3486,5986,2595,5204,7496,5781,9055,12077,13172

test suite393
bestAPFD:0.827923
bestSuite:3091,67,5485,10701,10970,5285,6290,6847,1158,11778,673,12031,925,3635,9251,9127,9386,7405,855,10977

test suite394
bestAPFD:0.846065
bestSuite:655,12085,6187,11680,7075,10548,6862,12949,7626,5323,4143,5591,382,707,3819,5746,950,4516,7015,3523

test suite395
bestAPFD:0.854840
bestSuite:11042,734,12872,3676,5628,8112,13239,2238,10492,6353,337,6681,9492,848,6601,3226,7536,1703,11873,1440

test suite396
bestAPFD:0.850825
bestSuite:5080,7357,3470,10835,8906,4959,10780,10518,11656,9141,15,7864,8382,2249,4054,7105,6995,10457,1050,6567

test suite397
bestAPFD:0.825152
bestSuite:4169,5942,11889,1618,7929,13406,4931,4160,4607,8584,1107,1248,4699,9908,225,4259,1517,10317,940,11632

test suite398
bestAPFD:0.840683
bestSuite:2862,5936,325,8166,9506,6933,5765,10462,6258,5785,6970,10983,8353,8683,5616,10920,9818,8263,6952,5847

test suite399
bestAPFD:0.855321
bestSuite:3423,4234,1144,13187,6000,973,7274,1865,12750,519,6460,4122,9792,1620,1463,1493,1332,7327,7688,7818

test suite400
bestAPFD:0.870859
bestSuite:5574,5900,4483,9192,5450,13040,4059,2655,1451,763,45,13290,1089,8646,10859,3309,9613,3561,2652,6882

test suite401
bestAPFD:0.848864
bestSuite:54,6995,1677,13330,6711,2711,8334,8042,5044,795,3674,4611,10395,9529,5020,1040,11071,3560,7594,8591

test suite402
bestAPFD:0.863863
bestSuite:43,4190,3608,9600,2819,6650,6737,2857,6078,2567,1920,4189,1614,5141,11409,4850,8001,9748,10183,13072

test suite403
bestAPFD:0.848879
bestSuite:7479,5473,8941,3482,1828,4969,7920,3507,8503,4009,6786,900,11237,2108,7271,5362,6806,999,1427,6872

test suite404
bestAPFD:0.871429
bestSuite:1485,11998,3130,12826,8195,1254,5148,1616,51,3213,2577,11353,12149,9254,1809,10380,4202,9806,4662,2079

test suite405
bestAPFD:0.869149
bestSuite:6484,3867,6574,11307,12199,5678,12416,4377,11564,2075,1920,9720,11617,8460,10671,11044,7892,12291,783,6384

test suite406
bestAPFD:0.825704
bestSuite:12248,11771,878,454,1297,12008,988,9171,7496,758,13521,8357,1498,3913,10004,11047,4222,2323,5435,10786

test suite407
bestAPFD:0.830821
bestSuite:9067,3244,10509,12914,2853,778,13119,7085,11666,1209,5533,11369,11026,7488,1593,4133,8000,3420,7262,5249

test suite408
bestAPFD:0.809511
bestSuite:8356,11303,1978,6104,5354,6006,3528,2960,2082,643,13299,10972,12000,6260,9972,6492,1776,725,9192,11855

test suite409
bestAPFD:0.858974
bestSuite:2979,7759,7418,13250,11142,4669,3573,11547,1580,4620,10467,11465,9614,8928,879,11093,3074,4858,3277,616

test suite410
bestAPFD:0.841722
bestSuite:12744,8099,7839,12556,11696,9504,13000,10534,34,13190,2582,2860,9051,7995,4904,1949,3623,3734,8465,3602

test suite411
bestAPFD:0.857586
bestSuite:7636,8188,11046,7824,3853,8226,9799,4370,11360,2485,9419,12087,10241,6589,12146,2121,9812,11122,10163,6942

test suite412
bestAPFD:0.811721
bestSuite:13159,8543,13259,9125,10183,4037,6711,13479,11501,10520,11946,7832,9286,12232,9331,11823,8782,2316,12312,5670

test suite413
bestAPFD:0.843325
bestSuite:5856,5678,4023,12295,12421,12540,9444,8815,7402,2196,9173,4471,10775,3406,5399,4434,8904,7100,7148,3998

test suite414
bestAPFD:0.862058
bestSuite:9613,2573,7674,9414,1830,2851,6026,5455,5695,3048,1453,4991,8663,3765,6740,8075,630,2592,2993,13346

test suite415
bestAPFD:0.861783
bestSuite:10584,9761,10712,10806,3689,5000,9489,10487,6217,7212,8267,2249,2437,12970,8664,9912,13436,1772,4570,3136

test suite416
bestAPFD:0.867182
bestSuite:11802,12629,10447,4789,6840,11658,823,5340,8876,10109,11985,12753,10360,13043,4852,13488,11797,1998,9027,8083

test suite417
bestAPFD:0.853168
bestSuite:2322,9585,6644,6374,2863,9034,1930,7898,11170,8691,4324,11138,5472,13047,1945,4290,13522,6969,4229,9260

test suite418
bestAPFD:0.839912
bestSuite:6323,7393,1889,8823,5602,10572,450,9882,12363,3558,9631,6,3573,4069,4937,12613,5136,815,13282,1984

test suite419
bestAPFD:0.835755
bestSuite:4625,9679,9211,4530,3409,10589,921,12940,3811,4519,5501,2147,817,11677,4627,12473,11242,5048,12935,800

test suite420
bestAPFD:0.852317
bestSuite:6288,10101,12920,6565,5170,6578,5127,8812,11233,2996,2274,7841,9462,1399,10805,13074,10238,6004,8465,3059

test suite421
bestAPFD:0.848471
bestSuite:12583,7887,11067,11508,5349,4944,5946,11943,9783,5917,9793,210,1936,13522,8919,1200,13132,6662,7483,4843

test suite422
bestAPFD:0.854814
bestSuite:7203,8553,2502,8941,10516,2315,4322,10164,7270,12251,9069,13330,5713,2542,12921,911,6391,8488,500,2091

test suite423
bestAPFD:0.830677
bestSuite:2304,11581,614,7305,3226,9247,5621,2913,2963,8723,6695,12945,5708,12447,2456,7154,3158,3035,10470,2729

test suite424
bestAPFD:0.854042
bestSuite:5216,9418,166,7062,2900,12828,12071,2093,10709,10858,3841,4730,5854,11164,8191,12072,100,13186,12107,1631

test suite425
bestAPFD:0.857446
bestSuite:4134,6817,7436,11911,10796,4794,12381,10209,4952,11809,9318,3050,1294,588,12101,6955,3725,1996,4867,918

test suite426
bestAPFD:0.825575
bestSuite:4104,1009,11207,4093,5011,6830,10357,1963,396,5534,9991,3334,11584,9646,11812,7418,6474,8122,12059,11036

test suite427
bestAPFD:0.861120
bestSuite:1088,7685,1476,5150,2224,430,7433,12532,13462,12303,6936,11466,12306,7143,6736,4201,9779,9338,7288,3342

test suite428
bestAPFD:0.836190
bestSuite:4368,4885,10751,4751,11437,13127,4319,10597,6061,5645,3675,7017,1345,7726,1289,6115,12679,8715,12087,4949

test suite429
bestAPFD:0.842874
bestSuite:6009,7240,4438,1178,5723,11463,7535,10043,13436,3454,498,10249,4345,13069,2392,10734,4887,1058,8833,6819

test suite430
bestAPFD:0.844949
bestSuite:6972,3441,12990,4787,1265,11419,9344,13392,6632,3889,12943,1959,12268,8098,8970,4673,10387,8066,5504,2764

test suite431
bestAPFD:0.837481
bestSuite:3605,592,7298,3224,9955,12146,702,5187,10388,3825,11448,9830,11388,8095,10329,3672,1295,6310,2721,9647

test suite432
bestAPFD:0.851831
bestSuite:11817,2650,4861,8329,1576,12939,5313,5344,7957,1891,5252,10506,12457,5048,841,7677,9081,5859,8317,12379

test suite433
bestAPFD:0.845887
bestSuite:1366,7416,11221,9947,13015,5124,9305,6949,9468,9165,11832,2956,496,4915,11914,7783,5690,7051,510,1992

test suite434
bestAPFD:0.855508
bestSuite:2173,9021,1830,1553,7798,4637,7288,9374,2383,415,6143,13498,11398,312,10805,8526,12757,3340,2019,6782

test suite435
bestAPFD:0.854936
bestSuite:11856,435,8326,12033,4375,11897,6011,4934,895,7463,833,10962,9956,11999,3542,10133,7724,4491,5951,3998

test suite436
bestAPFD:0.844658
bestSuite:9354,12588,12352,3076,12543,5518,13305,681,13372,12540,5618,9158,4646,1359,5208,9403,11204,5313,8796,7147

test suite437
bestAPFD:0.847992
bestSuite:5245,796,7320,10540,4105,2786,9678,1527,12566,4153,12145,9469,1686,8219,8437,13047,3227,8666,2433,9188

test suite438
bestAPFD:0.871814
bestSuite:11329,8013,8924,3866,5973,4088,9635,11833,3042,7037,10888,11815,2667,8665,5109,6547,2554,12416,9575,5026

test suite439
bestAPFD:0.856773
bestSuite:1211,13356,7075,2645,1490,11925,3652,3687,5262,7324,3812,11681,13325,218,13019,3099,10692,3579,10467,7256

test suite440
bestAPFD:0.838259
bestSuite:2575,9818,9736,6470,3276,1790,8947,13373,7262,73,711,13359,8841,10575,5877,7008,1270,3568,10385,9373

test suite441
bestAPFD:0.849135
bestSuite:3952,1270,3841,5929,11448,2695,11058,11338,7773,2982,616,3559,7232,5542,2677,623,1506,1969,4833,7824

test suite442
bestAPFD:0.845346
bestSuite:12531,6076,2029,9855,8223,5252,336,11007,7776,13394,7147,1866,7101,11197,2858,2934,3233,8543,303,7940

test suite443
bestAPFD:0.835501
bestSuite:2734,9736,12185,12058,6046,12871,12386,12834,5569,13408,10003,12288,4079,5584,9942,6610,8276,1214,4192,3095

test suite444
bestAPFD:0.846716
bestSuite:2873,11763,2982,9990,4344,10081,4244,3303,4936,3460,9875,6355,4592,10703,11525,8563,7906,9891,6907,3406

test suite445
bestAPFD:0.831279
bestSuite:10362,9283,11179,1161,2675,3436,8605,2297,7105,7921,11486,4934,2902,1575,11905,13121,10227,8141,2047,12254

test suite446
bestAPFD:0.839778
bestSuite:11579,5872,12814,9449,7765,6902,5721,9669,10058,160,5630,9263,12645,6586,7864,212,1292,1797,2008,7630

test suite447
bestAPFD:0.846035
bestSuite:1690,8782,12045,5676,2255,1519,4351,10583,7411,7558,4216,10018,13292,12569,2729,59,6741,1172,3562,3472

test suite448
bestAPFD:0.832659
bestSuite:3548,11151,4646,3275,6261,6326,4077,3976,5319,9402,9763,10694,9692,1045,11253,7672,5220,6455,12142,2050

test suite449
bestAPFD:0.834845
bestSuite:5748,9894,5799,13244,11530,1513,673,4369,9017,2075,8059,2402,6465,124,354,6066,633,8927,4813,13197

test suite450
bestAPFD:0.833347
bestSuite:1407,8925,3410,12935,5326,888,2855,13240,11359,5620,514,8243,8353,12356,4700,9558,10132,4312,12559,7715

test suite451
bestAPFD:0.836886
bestSuite:11078,1588,4325,13421,10808,3516,7982,5533,616,5255,6512,7100,798,11648,10226,390,11099,9787,5035,10844

test suite452
bestAPFD:0.876964
bestSuite:2604,4359,6016,13233,2627,11826,7062,2851,7821,9653,846,2425,9745,13183,2879,13429,2488,8248,8473,396

test suite453
bestAPFD:0.823618
bestSuite:4832,8707,645,10746,4227,11503,12717,5572,4214,11369,556,9146,8019,4443,1224,7407,12039,9642,9610,13237

test suite454
bestAPFD:0.866141
bestSuite:5510,8807,4836,1105,2152,8215,5947,7005,12353,5584,5287,13433,6473,4815,12835,5239,9454,8998,12240,2845

test suite455
bestAPFD:0.862087
bestSuite:2647,6441,3581,7629,6360,12991,472,5348,1806,3505,10616,8313,4560,8523,3158,13246,13031,4857,7396,7788

test suite456
bestAPFD:0.866157
bestSuite:11632,4039,6900,4001,5267,6711,3693,5969,1811,11970,7655,9176,12268,4728,9380,5962,3902,1726,6088,7668

test suite457
bestAPFD:0.851962
bestSuite:11143,7398,6721,9991,12463,1290,9843,1129,12235,11873,3591,1475,1652,5403,3538,6523,5584,5472,9379,13099

test suite458
bestAPFD:0.845865
bestSuite:4450,13433,8253,3158,3615,3794,2265,11486,10696,11931,1804,437,9600,8563,899,763,8790,13332,6129,5043

test suite459
bestAPFD:0.847081
bestSuite:9489,5925,3952,8211,11191,5536,6335,11129,12114,8355,3990,9446,9611,10637,11791,42,3294,9765,11036,9845

test suite460
bestAPFD:0.854313
bestSuite:13476,697,1199,5091,4590,12657,9657,12499,1293,4751,8774,11105,9114,5440,10910,8984,7768,10900,6614,11486

test suite461
bestAPFD:0.833879
bestSuite:4455,3206,2934,9270,1317,6501,5936,2041,3941,2216,13055,10008,11868,2753,12263,12769,5061,5612,2572,5228

test suite462
bestAPFD:0.843851
bestSuite:4735,10592,3605,285,8288,2846,773,10781,6387,12065,7358,6743,10734,2181,820,4289,6322,8654,8005,11133

test suite463
bestAPFD:0.855979
bestSuite:6951,1497,2808,11902,12724,7397,11920,7149,1035,8799,3220,8749,7451,6903,10135,889,10423,9301,12786,6034

test suite464
bestAPFD:0.841121
bestSuite:6679,4325,10550,9370,10968,2884,9347,10564,1940,6654,11374,2677,9834,1680,3871,12332,3501,12106,3286,10878

test suite465
bestAPFD:0.836674
bestSuite:687,12168,7012,12116,3793,1045,7217,8408,3900,4888,12538,4144,2228,12259,3615,12899,9620,9549,8753,4982

test suite466
bestAPFD:0.828653
bestSuite:8902,5628,449,4104,5019,11135,5132,7346,9505,10415,9159,4360,9137,6527,2246,12620,10524,5559,11239,5468

test suite467
bestAPFD:0.857578
bestSuite:2694,12231,4391,11544,83,3705,1331,12901,1962,1825,8963,3516,13506,3787,10777,12668,12277,11160,862,11554

test suite468
bestAPFD:0.845046
bestSuite:2454,11629,1265,9293,1373,10416,6549,2641,10147,9949,6958,12661,649,9329,6583,3145,6889,11703,2834,831

test suite469
bestAPFD:0.829297
bestSuite:12389,13516,3806,12629,1251,6487,4226,11466,11951,4451,5788,1542,3144,6829,6879,1321,8775,11813,6166,10596

test suite470
bestAPFD:0.856148
bestSuite:4850,3142,10097,3224,12392,343,12511,4172,15,10600,3603,5,6661,2557,8160,8950,2531,9452,4847,10542

test suite471
bestAPFD:0.867462
bestSuite:7716,5124,3180,12065,8352,5538,3140,7781,1754,8645,174,1614,11243,13444,12823,1234,12063,1977,10076,4732

test suite472
bestAPFD:0.804669
bestSuite:12266,5995,10400,4314,12903,2583,11020,3759,230,6472,3016,4644,11502,1077,7720,12207,609,10496,2555,2924

test suite473
bestAPFD:0.835633
bestSuite:662,10665,9560,7705,12148,10931,7795,4133,6978,315,10846,2142,8189,10010,9096,5080,10413,1980,1813,7358

test suite474
bestAPFD:0.828451
bestSuite:1875,9616,4232,147,13385,10806,126,2072,3115,13189,2486,3091,8223,1169,7065,10783,3936,4358,2856,10985

test suite475
bestAPFD:0.834876
bestSuite:12914,6650,10876,12534,2337,10640,10425,3066,8021,2444,1453,5271,4054,2344,2952,3454,10584,13380,9866,12236

test suite476
bestAPFD:0.868521
bestSuite:3446,3961,7607,8706,1509,859,7312,12202,2571,7830,13464,7455,929,9369,4128,5681,10662,5926,9289,7155

test suite477
bestAPFD:0.873490
bestSuite:11868,5202,13363,4591,6407,11213,1704,11091,5497,8608,2897,684,3762,11135,1847,3815,6464,7425,2932,8537

test suite478
bestAPFD:0.829519
bestSuite:7451,4529,5795,5150,6566,5220,9445,13090,8895,11392,1324,7926,12504,9294,11642,7491,7069,8502,1839,9905

test suite479
bestAPFD:0.870111
bestSuite:4683,11107,2022,7352,2882,11034,7625,12362,12568,517,13416,9359,7531,1736,6916,13222,9250,1163,11809,4893

test suite480
bestAPFD:0.813978
bestSuite:9900,7631,7732,12594,4380,3606,10721,4453,1492,11980,12864,6181,3064,12620,5256,9165,7230,617,6619,3127

test suite481
bestAPFD:0.811466
bestSuite:10938,3664,9408,5719,2142,656,9948,11557,9862,9937,11617,6829,3438,4802,10756,5717,10403,10928,4538,1137

test suite482
bestAPFD:0.842141
bestSuite:4961,2244,10524,4497,2597,1488,3947,10283,9367,2055,4330,475,1797,12017,9306,12549,8746,9472,7464,8109

test suite483
bestAPFD:0.845574
bestSuite:10138,3496,346,10199,3419,9958,2625,11347,9083,7879,9323,11017,1864,782,701,9895,10147,13482,2870,11510

test suite484
bestAPFD:0.872184
bestSuite:7203,10584,3863,9396,9378,10219,2226,936,9102,3125,3401,4519,10575,5254,10470,3883,10624,1598,10474,3263

test suite485
bestAPFD:0.841283
bestSuite:5569,5852,8055,13121,5690,12728,1613,8200,13276,2734,8948,3473,12831,144,1065,13463,2559,3710,6687,3212

test suite486
bestAPFD:0.845668
bestSuite:149,272,4603,6672,7370,7832,4028,481,2316,9460,10364,7847,12583,11828,2801,11518,330,4229,8157,10454

test suite487
bestAPFD:0.863784
bestSuite:8899,3712,4220,2494,3698,13371,3432,11196,7638,4064,816,8448,12252,12673,987,6093,10871,9898,1873,8364

test suite488
bestAPFD:0.853372
bestSuite:13433,8115,3995,11669,13484,12540,3773,11637,4938,3845,5551,13160,3354,1297,5777,11131,5247,6204,6135,12524

test suite489
bestAPFD:0.857779
bestSuite:12685,7077,11722,4914,8841,4084,8390,3969,10080,102,6645,10447,4114,4959,12423,12157,5853,6818,3173,617

test suite490
bestAPFD:0.856497
bestSuite:6408,4990,11085,6019,7477,5933,808,2159,4208,11694,9291,8876,7798,12520,1973,9582,5780,1061,1400,7712

test suite491
bestAPFD:0.865584
bestSuite:7546,3762,2299,12136,8941,9409,8909,12021,12393,5489,8564,575,12624,11186,11867,5749,7255,3012,3477,8029

test suite492
bestAPFD:0.789792
bestSuite:13149,3462,2392,5745,123,2107,10032,728,6835,2801,1777,2714,1552,9710,1767,12402,1920,7719,11240,12013

test suite493
bestAPFD:0.852446
bestSuite:12687,5947,3949,6027,12110,4349,858,578,8570,3901,2640,1612,6300,3446,11795,2272,273,8496,1967,9849

test suite494
bestAPFD:0.843936
bestSuite:2122,9779,3456,4237,13034,8244,6348,5489,10247,4250,3675,11594,5116,1866,4018,13,7364,2820,7854,12005

test suite495
bestAPFD:0.846893
bestSuite:11515,4770,1877,1865,7157,170,6088,8834,7969,1785,7032,12499,4158,9335,6942,5635,4956,12371,12585,652

test suite496
bestAPFD:0.810940
bestSuite:1165,2111,275,10336,3413,194,7056,2538,2374,13292,13165,3867,1241,3148,5591,11520,12905,13227,3133,11655

test suite497
bestAPFD:0.851276
bestSuite:5980,5946,11929,2195,2999,2079,7521,8788,12520,8152,3802,6816,12003,575,10609,6544,1933,7475,5758,4144

test suite498
bestAPFD:0.868474
bestSuite:2133,7066,5130,9311,1706,12068,3654,1583,7101,8353,11280,8605,3709,11784,8491,3735,4845,6430,1609,2526

test suite499
bestAPFD:0.837935
bestSuite:9066,6090,3946,5417,11486,9521,8709,10050,1935,9044,10741,5878,12560,1203,12341,10529,6333,4135,4127,3756

test suite500
bestAPFD:0.846166
bestSuite:5240,7400,4082,672,2853,1372,9856,10045,5046,7931,6025,8255,11981,2075,7580,2439,8890,4555,7225,11551

