test suite1
bestAPFD:0.873038
bestSuite:8221,3866,13393,11883,8754,12464,1207,4592,12229,8278,2901,8495,10743,10938,9441,4782,2587,5111,12986,8316

test suite2
bestAPFD:0.868842
bestSuite:13505,8754,1816,2175,2101,11717,2285,8210,11970,804,12197,13195,2018,13155,6332,11807,3579,10475,10110,7971

test suite3
bestAPFD:0.901106
bestSuite:8104,11627,856,7346,5913,12227,2062,5749,12011,1412,9243,12758,7596,2192,5283,1852,9032,9727,1569,7544

test suite4
bestAPFD:0.880518
bestSuite:9509,12234,6669,12457,149,912,4175,5504,5739,263,4468,293,8439,3534,3865,3509,5664,4278,8082,11344

test suite5
bestAPFD:0.866086
bestSuite:187,12663,11688,7873,12504,8336,7059,9507,6494,9452,13277,3592,9319,1237,12294,8537,2519,9839,7061,2123

test suite6
bestAPFD:0.896466
bestSuite:11009,12402,30,7598,4284,13257,9077,9488,10477,392,10748,4143,922,2534,3650,7050,10640,949,5042,5367

test suite7
bestAPFD:0.876526
bestSuite:3739,7080,12700,5499,13117,7400,3934,13325,5057,980,10274,13469,1444,4530,4834,8631,4593,7363,2589,10725

test suite8
bestAPFD:0.881572
bestSuite:11495,1540,1098,7889,12618,4785,11849,7725,11674,128,1993,13292,7444,8984,2739,6245,6001,7410,10175,2802

test suite9
bestAPFD:0.873257
bestSuite:11504,9607,3850,5123,8585,12897,3034,6101,12833,13281,10853,11926,4942,1699,3238,9305,1575,6486,434,6092

test suite10
bestAPFD:0.890224
bestSuite:10972,4409,7596,9022,3371,6321,7081,12516,10755,10365,8391,5989,8997,9581,11854,6084,7906,4913,10113,1382

test suite11
bestAPFD:0.868109
bestSuite:11137,2865,7316,3227,4148,11424,8896,10780,10760,4902,8440,20,6567,2463,10699,8160,3688,10823,9543,5414

test suite12
bestAPFD:0.875241
bestSuite:2837,6897,9056,5126,7794,1554,10542,12379,12866,10256,284,6948,5112,4560,12517,3082,6547,7689,2166,10381

test suite13
bestAPFD:0.877366
bestSuite:4549,5630,8207,11563,6762,12651,3949,8594,12369,9840,12813,3902,3295,5496,5857,9964,6230,6505,7227,11784

test suite14
bestAPFD:0.868538
bestSuite:4719,3885,11437,5378,236,11141,12920,605,12818,11005,1017,5865,13284,1755,6196,2719,4531,6712,6956,6435

test suite15
bestAPFD:0.856023
bestSuite:9710,4250,5577,8691,10720,13145,561,6829,671,9910,10478,12109,11741,10187,3572,1710,4445,663,10114,12634

test suite16
bestAPFD:0.894363
bestSuite:1468,12441,7359,8714,9299,4918,7083,10747,1217,572,13117,4301,1475,3213,1594,5082,77,4182,3354,1135

test suite17
bestAPFD:0.882726
bestSuite:5517,9373,12550,11516,11943,6659,4932,924,4080,352,10776,40,13002,7568,2443,2587,1701,5470,9351,5586

test suite18
bestAPFD:0.877373
bestSuite:868,7921,2366,4236,10777,2412,9208,10918,9004,9583,12413,2040,13448,8066,5021,6074,212,8297,11785,477

test suite19
bestAPFD:0.900260
bestSuite:5852,1288,2383,2773,5237,6720,12656,6919,9346,8122,3995,6188,3556,9334,4204,8307,519,6598,1033,3179

test suite20
bestAPFD:0.878561
bestSuite:319,1869,8563,5764,3805,12768,10778,7950,11048,826,7959,7252,2535,2376,781,11821,901,1738,2847,3545

test suite21
bestAPFD:0.872329
bestSuite:5240,3161,3375,11575,5206,12843,7167,6197,10439,6682,3082,8324,11460,6703,7322,1707,782,1821,3838,4651

test suite22
bestAPFD:0.896766
bestSuite:3553,2037,10924,13042,11681,2909,4699,10482,1735,813,12833,13244,6388,6364,667,10929,7017,5899,3842,1474

test suite23
bestAPFD:0.871293
bestSuite:1860,3006,8718,3672,11158,2545,9167,8145,8540,3114,6007,1066,1806,5973,7898,5286,2584,5011,2248,8788

test suite24
bestAPFD:0.902975
bestSuite:11006,6155,7797,9246,2117,10412,6479,6805,8076,3810,11917,9795,10208,7003,4586,9924,5851,9861,3524,244

test suite25
bestAPFD:0.872588
bestSuite:2949,4587,11049,11813,4268,102,950,11670,2519,8384,12391,4426,10469,7302,10505,7188,12188,2325,4783,11950

test suite26
bestAPFD:0.862654
bestSuite:12378,3698,13311,11615,441,7895,1854,8339,10521,12217,10932,5022,12005,2920,3945,8359,9799,8351,4542,173

test suite27
bestAPFD:0.876389
bestSuite:6660,11395,9830,1165,1808,9692,4828,9932,12190,10885,8132,12438,4033,10909,2875,8317,12169,3366,3772,12852

test suite28
bestAPFD:0.874498
bestSuite:6466,4191,11483,3692,4447,3613,578,3606,13382,6610,10460,9843,9783,1326,8649,7853,9779,7873,7425,10099

test suite29
bestAPFD:0.865583
bestSuite:9885,11418,12600,11175,1639,10359,8017,8738,5420,13175,11844,7792,8730,10126,7744,9636,5334,13192,1314,10783

test suite30
bestAPFD:0.864465
bestSuite:2713,13187,4890,13411,5992,2338,8491,9570,12101,10636,10872,1271,1932,11263,697,8717,12142,11192,8405,3810

test suite31
bestAPFD:0.881491
bestSuite:1447,576,5482,11125,12771,1360,4880,1445,11503,10417,7946,7000,1279,10303,2395,1277,3099,1546,1870,13022

test suite32
bestAPFD:0.894135
bestSuite:1416,3866,2962,12602,7325,7485,13518,9065,7370,4373,4864,12267,4292,2060,3441,9900,7639,2488,7287,9061

test suite33
bestAPFD:0.874680
bestSuite:9673,12226,8479,8494,13169,2978,6515,11680,3896,4623,11775,3817,10736,1554,10169,3448,8637,2894,7297,11953

test suite34
bestAPFD:0.860410
bestSuite:5960,3577,8025,522,2252,6408,10473,325,10994,7404,1714,12099,1001,9597,10481,10065,9348,3099,5959,6103

test suite35
bestAPFD:0.865144
bestSuite:8093,11007,11128,9620,9549,3776,5541,12556,10492,11675,8419,2136,3740,3280,12491,11336,1065,2396,8195,5414

test suite36
bestAPFD:0.880456
bestSuite:13112,3384,9235,2351,13356,3052,4306,12510,9242,5492,8288,3533,1347,3280,6742,4041,1346,6714,5723,8732

test suite37
bestAPFD:0.877027
bestSuite:5519,9552,12198,13401,11543,12373,539,1648,5985,364,64,144,2269,10293,13232,13203,3238,13409,11788,11838

test suite38
bestAPFD:0.874316
bestSuite:121,7907,12730,2345,8715,4573,2564,3253,13385,13407,12548,10185,12535,329,4928,10074,8183,4585,6908,3361

test suite39
bestAPFD:0.872232
bestSuite:5370,11414,1201,1681,6976,13521,10392,1875,11534,11830,11224,12560,7194,7127,5477,12817,3179,8532,1452,1738

test suite40
bestAPFD:0.869655
bestSuite:12006,5698,4546,6428,3312,4407,8368,13409,11180,7945,13297,9013,3597,7055,12879,12807,2754,11169,2413,2539

test suite41
bestAPFD:0.893554
bestSuite:9424,1499,2267,11195,3711,9997,5160,13010,9267,7883,10955,3922,10088,13202,3357,11192,3550,905,56,7384

test suite42
bestAPFD:0.872393
bestSuite:6944,6101,12670,6540,11843,12565,816,11970,3408,11650,13281,4938,3002,12294,125,5572,9666,703,9041,12485

test suite43
bestAPFD:0.909802
bestSuite:1084,7892,8497,2469,5480,578,2636,8657,11937,10406,11934,10180,9986,11851,673,9464,7227,10118,4416,9473

test suite44
bestAPFD:0.883578
bestSuite:10362,2707,11043,3741,11667,5193,12739,9722,908,9847,7575,9959,9695,7674,5254,11731,5177,5343,1373,1327

test suite45
bestAPFD:0.883824
bestSuite:3903,1912,9956,11582,4922,4448,128,9769,4635,1756,4826,5362,12969,4458,6822,1719,7503,9714,1886,7950

test suite46
bestAPFD:0.893843
bestSuite:9123,4986,2718,2219,12156,8302,5102,10135,7287,12358,5191,3377,10932,10416,10847,5579,3244,8584,5836,11030

test suite47
bestAPFD:0.886710
bestSuite:4167,5483,13116,7662,12883,12140,12622,7060,2816,12841,11092,1426,9989,8828,11671,1991,1290,5367,3449,9818

test suite48
bestAPFD:0.854107
bestSuite:6479,12361,5990,4672,9622,5265,932,11586,11149,5232,10651,11426,5026,11294,11335,7442,3152,765,3308,10377

test suite49
bestAPFD:0.868363
bestSuite:8108,11397,7994,2902,12741,3728,87,3123,12165,2347,724,8883,12575,10814,2916,11813,3376,4989,730,8152

test suite50
bestAPFD:0.882612
bestSuite:701,7489,5241,3200,2099,8124,1702,12733,12587,62,1893,11145,10022,6767,2802,7581,6125,6440,6195,6741

test suite51
bestAPFD:0.889697
bestSuite:1540,2134,6609,6732,11058,9507,2299,12876,4581,12231,12527,5058,9255,2895,7425,8111,4244,6788,9290,10232

test suite52
bestAPFD:0.908473
bestSuite:6809,2958,2422,11639,11310,12254,7297,3872,2011,13271,1080,5667,10663,11355,2163,40,1897,4799,4044,2587

test suite53
bestAPFD:0.880757
bestSuite:8126,2673,11384,9925,13522,277,8084,11258,9421,2313,13280,13244,11762,2773,5823,7970,8389,9996,4300,9883

test suite54
bestAPFD:0.878686
bestSuite:10137,10129,11603,9148,3925,2749,9501,4224,4849,2537,11700,4431,8277,4089,5608,8333,9344,144,421,10597

test suite55
bestAPFD:0.860466
bestSuite:2128,2733,3907,12929,10956,362,11544,652,11388,10431,8140,3394,9779,2874,10419,10731,1962,71,7824,12495

test suite56
bestAPFD:0.866732
bestSuite:12603,683,5948,11630,3801,2064,9114,658,3485,12704,11186,1477,8895,3815,3043,1328,2988,3709,5064,5447

test suite57
bestAPFD:0.868136
bestSuite:3566,7306,354,2492,2031,10541,13300,11299,7284,13183,10233,12316,9776,8460,5968,3475,7268,8884,8092,6168

test suite58
bestAPFD:0.892371
bestSuite:11502,10481,1150,2097,5471,9911,11120,7392,4688,10916,2688,9684,10552,9863,9596,4052,7797,6494,3196,549

test suite59
bestAPFD:0.874918
bestSuite:3769,2307,9296,9604,12618,4621,1172,2917,13201,11876,11228,10271,11294,1565,5939,7619,2379,6826,445,11980

test suite60
bestAPFD:0.884294
bestSuite:3002,4170,3683,12158,1867,11093,9179,8235,7883,7478,55,2428,10182,2148,4339,10202,12225,8197,9496,916

test suite61
bestAPFD:0.878374
bestSuite:2126,1812,11427,5004,9857,10596,8735,9114,12075,13375,8588,10261,3464,9728,1217,6160,1051,12962,12087,5892

test suite62
bestAPFD:0.870284
bestSuite:8376,12915,1907,12404,3637,2591,4671,10450,2339,12505,13103,2578,11182,1168,3159,265,8171,5141,4494,3649

test suite63
bestAPFD:0.868163
bestSuite:5884,3900,2203,2150,13366,12770,1023,10324,233,11471,13506,12613,2042,12305,2410,3156,10131,4216,6870,1126

test suite64
bestAPFD:0.876543
bestSuite:9792,3422,2002,12779,12365,9538,10128,13411,4500,12580,1817,8280,5504,7755,11773,8249,179,5985,9976,9420

test suite65
bestAPFD:0.866159
bestSuite:3414,236,12902,10883,1800,8900,2745,10603,11382,3381,4430,12873,10,12359,598,10009,9689,3513,4109,9525

test suite66
bestAPFD:0.883509
bestSuite:8632,4486,3375,4587,2867,1210,4469,12217,2186,10174,9214,4458,411,12274,2818,6127,3791,9877,1816,1034

test suite67
bestAPFD:0.869695
bestSuite:6764,2133,876,12214,13099,7577,3237,9945,2523,12742,8671,8717,10243,11198,5613,12546,3186,4815,6560,8323

test suite68
bestAPFD:0.896921
bestSuite:5519,6999,6136,9703,3978,11925,2837,1261,8085,4015,3904,7972,2854,4244,6096,2806,1934,3707,3482,11724

test suite69
bestAPFD:0.867065
bestSuite:12720,2042,4435,11125,9375,326,8278,4589,10201,13491,318,10341,5812,4965,1126,11001,4280,1559,3204,11754

test suite70
bestAPFD:0.892765
bestSuite:11049,1257,12841,6412,1289,11681,10147,3570,746,7221,13203,8386,10697,8057,1937,4372,7460,957,2422,6839

test suite71
bestAPFD:0.883057
bestSuite:9587,2028,58,12797,4009,3754,703,10576,9928,5302,10823,12357,9684,8414,415,12339,4821,3007,2936,3316

test suite72
bestAPFD:0.876481
bestSuite:1043,10039,1789,4137,11497,7014,969,13150,1696,11602,813,5816,5711,12139,461,8312,1900,8790,3159,5447

test suite73
bestAPFD:0.877222
bestSuite:1084,6255,6428,11449,678,12204,3764,3630,3894,9632,10898,2330,7471,189,11953,6914,10874,1345,7765,5947

test suite74
bestAPFD:0.883094
bestSuite:4118,287,8571,9466,2463,3664,11095,1129,3000,9220,2833,13267,4602,3263,9901,795,9961,1639,620,3916

test suite75
bestAPFD:0.858561
bestSuite:8186,12344,225,10757,4056,7603,13408,11164,4689,513,6883,10145,11684,3077,10425,1703,3135,6662,7113,9513

test suite76
bestAPFD:0.892598
bestSuite:9908,6967,6657,7525,4177,5121,9236,9003,7727,6584,10185,8719,8588,2728,2408,8971,4366,9454,6992,9840

test suite77
bestAPFD:0.863947
bestSuite:5619,2602,12101,12472,7264,13009,9233,2494,11449,10758,10239,5608,11549,1250,2290,7102,12210,5200,2057,7812

test suite78
bestAPFD:0.899475
bestSuite:2197,8624,10618,11433,8476,912,11110,6677,10250,2480,2266,6858,11773,10051,3430,3371,9151,3148,1887,6681

test suite79
bestAPFD:0.894937
bestSuite:4573,6117,11491,13155,10367,8023,10533,8083,2345,11352,12156,7759,1688,3209,8945,4536,3312,6274,2985,3529

test suite80
bestAPFD:0.911901
bestSuite:8332,4744,8004,6785,11456,9651,3454,6309,7247,5959,138,2922,5074,9566,7285,7914,10071,6589,7119,7486

test suite81
bestAPFD:0.861760
bestSuite:4502,13363,12967,3938,1530,13190,8948,10873,4517,8656,3722,12490,4891,2393,9909,6605,1515,8011,8769,6125

test suite82
bestAPFD:0.887864
bestSuite:4837,2300,7098,8516,3740,10374,11794,7566,8305,5073,1695,3159,4926,2591,10106,6820,1399,393,10223,9730

test suite83
bestAPFD:0.875162
bestSuite:12908,1901,6012,6790,1232,5756,4255,249,12236,692,4882,903,6465,9240,1234,101,6788,1840,7797,2078

test suite84
bestAPFD:0.869428
bestSuite:12632,389,7929,8931,12664,11576,3008,5374,11710,7377,232,11802,3627,5623,2981,7128,8636,12188,2379,1647

test suite85
bestAPFD:0.877705
bestSuite:5489,2392,5233,739,12392,5841,13160,12964,4676,10633,7736,2393,1758,8173,7338,13067,2056,8717,2200,12300

test suite86
bestAPFD:0.877857
bestSuite:7215,12654,4005,4808,11104,4952,9715,984,7617,13475,11774,9861,10986,5375,11193,4794,1144,3491,8435,2801

test suite87
bestAPFD:0.882455
bestSuite:3444,7756,11016,12736,4982,10136,10621,1321,7161,9319,5876,1620,3160,35,3800,5450,4438,3740,2687,1030

test suite88
bestAPFD:0.877074
bestSuite:2435,4727,11561,3387,8350,2894,7667,13126,12488,5404,2685,5433,4382,12808,1826,4740,2579,369,8513,11700

test suite89
bestAPFD:0.887341
bestSuite:492,10048,13322,2959,6452,13504,12870,7989,7410,7176,7053,9542,10165,4889,1535,8100,7660,8297,992,7231

test suite90
bestAPFD:0.881139
bestSuite:8747,6848,6995,11134,3290,8114,10584,13308,5970,5514,4481,300,12031,7680,10727,9782,647,1780,8046,5774

test suite91
bestAPFD:0.870115
bestSuite:4262,8233,3006,1868,12793,9443,5650,10582,6252,3315,2867,3879,9188,2601,12642,8272,9746,4425,7121,4377

test suite92
bestAPFD:0.881814
bestSuite:6068,12602,7441,4680,5252,12766,2751,6250,3857,8695,4766,7955,10981,1517,8453,7836,8581,2697,3785,8450

test suite93
bestAPFD:0.882665
bestSuite:7831,1448,759,4874,13056,5004,10378,10754,383,7026,692,9612,6306,4765,6959,13228,4187,9673,10098,12031

test suite94
bestAPFD:0.871044
bestSuite:8501,7264,3741,7452,1151,8594,9823,12300,10457,5804,11525,8997,11717,6945,2842,1595,11001,2352,1694,1083

test suite95
bestAPFD:0.877150
bestSuite:814,6898,9200,12670,7499,742,12285,12459,3272,9391,13295,5793,3772,5565,7769,9127,7214,7886,9460,3327

test suite96
bestAPFD:0.886946
bestSuite:10367,11491,6176,5471,11398,10940,4286,8784,5050,10655,13267,12060,8746,760,3879,1684,5697,2011,3401,4029

test suite97
bestAPFD:0.835506
bestSuite:4586,12957,12470,5005,11824,5755,13196,8138,1654,9568,1703,13298,8236,5865,13448,8892,11555,6955,3134,12761

test suite98
bestAPFD:0.876206
bestSuite:2037,166,3420,11078,310,6548,1896,4079,6535,12554,7581,12823,8473,10120,9690,5970,3030,4221,8175,5106

test suite99
bestAPFD:0.898684
bestSuite:3866,11868,9029,823,12733,4348,1165,12093,206,795,4321,186,8281,3352,4183,6890,1442,6244,9221,6502

test suite100
bestAPFD:0.889530
bestSuite:13367,2635,5839,9222,11319,5814,12068,11884,3070,11328,6837,13436,1580,4845,9130,3055,4607,11880,5966,9470

test suite101
bestAPFD:0.880931
bestSuite:7704,4583,3969,2152,11018,6253,145,12833,972,9241,4486,10715,7184,5857,7469,6795,12064,5376,993,9498

test suite102
bestAPFD:0.867417
bestSuite:1974,2924,10967,5018,1849,3712,10843,8579,8212,13452,6845,12588,10187,11286,4436,9918,993,1166,2123,4569

test suite103
bestAPFD:0.872227
bestSuite:3001,9628,2943,10765,2607,12740,8643,3764,1240,3763,2397,9770,13226,6044,6047,3520,1280,2747,5658,5861

test suite104
bestAPFD:0.869164
bestSuite:3030,4733,3354,11842,11640,5312,3925,13133,10891,12149,8583,12813,5198,5625,2039,5601,5836,7849,12135,2500

test suite105
bestAPFD:0.876069
bestSuite:261,11154,9505,2262,4297,3085,12203,10278,12291,2670,12327,6402,8969,6916,2941,4422,11870,377,2488,12123

test suite106
bestAPFD:0.876926
bestSuite:9547,1835,3888,2006,5019,4597,10567,9098,12585,5065,2277,3461,13270,8297,9007,2984,4187,4388,5010,4591

test suite107
bestAPFD:0.861576
bestSuite:6210,13391,11638,9505,5265,12414,12844,12035,6392,1086,2931,2300,10197,9,8533,10084,10192,9591,608,3752

test suite108
bestAPFD:0.911174
bestSuite:4016,8540,14,10873,11564,9915,3865,3893,8385,9211,5517,1919,8171,4141,8120,40,8037,1423,1470,459

test suite109
bestAPFD:0.852472
bestSuite:11504,8325,3726,12926,9230,12048,10654,11061,8375,566,10801,7459,7812,9140,12020,161,2148,1740,5495,5349

test suite110
bestAPFD:0.878470
bestSuite:11519,256,13359,9172,6115,12439,12556,3766,10261,11561,11984,1402,10043,6934,12614,13251,8937,2614,6587,2431

test suite111
bestAPFD:0.887862
bestSuite:5222,8332,9763,11656,1084,8843,11850,5154,12187,6129,4049,11083,11448,13495,13449,5260,795,9497,2509,2408

test suite112
bestAPFD:0.865487
bestSuite:10963,6348,7044,1847,12891,12478,12389,4341,5864,2820,5370,3928,1629,2553,5048,1050,2278,3557,8642,8794

test suite113
bestAPFD:0.863408
bestSuite:3495,12195,4300,5964,4549,11087,381,9285,11706,7656,9893,9983,7912,6888,6214,6186,11758,8099,12016,3457

test suite114
bestAPFD:0.875000
bestSuite:11764,3855,13066,11608,7324,3806,4057,12937,5566,8755,11673,9090,2141,3715,6499,9628,9527,3474,9738,735

test suite115
bestAPFD:0.872885
bestSuite:18,8843,11652,1184,5960,12796,7520,10523,7315,1138,597,11679,10696,12309,6006,10701,8686,1467,8248,8616

test suite116
bestAPFD:0.850266
bestSuite:13519,9795,611,6229,12526,13367,13166,9120,3696,11693,10843,5193,10996,7531,12085,4181,8731,10173,3776,10854

test suite117
bestAPFD:0.848798
bestSuite:5529,12330,6707,538,6317,10910,4891,4678,8274,12448,1147,9555,849,7292,12697,9604,7016,834,6499,9958

test suite118
bestAPFD:0.872727
bestSuite:9931,8437,3850,3860,1113,7258,11719,11284,1785,6226,9216,1011,10259,8239,13250,8628,11347,4953,390,6591

test suite119
bestAPFD:0.848547
bestSuite:8722,5020,9666,9208,10039,7692,11075,12883,2555,10463,12732,5716,10802,3643,430,12290,11391,9322,10073,7622

test suite120
bestAPFD:0.882374
bestSuite:13099,2836,7984,629,9936,1709,6604,13128,5802,2744,5979,2932,9902,10749,9280,1501,4845,8089,4301,568

test suite121
bestAPFD:0.879597
bestSuite:4605,646,6575,7002,2994,5816,12530,3586,11829,13319,11287,1494,1535,9845,5754,6230,7023,2488,3335,6312

test suite122
bestAPFD:0.882054
bestSuite:2995,4171,1976,4255,12344,2153,2693,12705,1008,3965,7125,10563,13488,399,6557,11958,7717,4141,7214,8451

test suite123
bestAPFD:0.866401
bestSuite:6364,364,11422,12587,11759,9883,11582,11257,10510,11469,1493,6882,2,2969,8085,9130,12962,2609,13306,4884

test suite124
bestAPFD:0.914364
bestSuite:1289,1582,7658,5687,12152,410,993,10913,8111,2793,13318,2833,8767,6214,8130,8513,9991,3996,10916,1954

test suite125
bestAPFD:0.878608
bestSuite:4332,7395,5698,11666,381,7375,1960,3272,10882,11350,7359,5339,3804,5145,9767,1807,4362,3466,6767,9867

test suite126
bestAPFD:0.881550
bestSuite:1362,9432,7765,11931,8950,356,3471,11013,12754,190,1549,8105,11114,13395,4843,4666,6373,1795,8466,8810

test suite127
bestAPFD:0.871000
bestSuite:5070,5052,6588,8111,12417,12167,12687,7017,8508,1705,7173,8651,12542,10641,8665,2846,3820,8131,5739,8218

test suite128
bestAPFD:0.878202
bestSuite:14,5151,5647,12711,3940,11787,2211,13092,9569,11651,9243,13431,8471,9020,938,5930,9949,9143,1482,7229

test suite129
bestAPFD:0.895637
bestSuite:12475,4268,4496,12820,8796,418,2752,8415,8945,8048,2529,10175,13401,7904,12479,5593,3087,6405,9724,4460

test suite130
bestAPFD:0.867944
bestSuite:8091,5562,5061,2275,5171,5103,1220,10589,13373,11983,5050,8461,3098,8233,5582,40,2970,560,3176,11236

test suite131
bestAPFD:0.885786
bestSuite:2051,5017,513,7865,11850,6144,4118,9138,12965,3977,12869,1696,11209,4030,1490,8481,6779,4370,7499,6670

test suite132
bestAPFD:0.890961
bestSuite:9207,12895,4411,2958,6031,12619,11453,4639,282,8537,6148,2663,2153,4738,9526,2314,8442,163,6810,428

test suite133
bestAPFD:0.866762
bestSuite:11048,7465,11645,12788,12894,8789,1284,7424,1974,7456,3343,9540,1444,11903,7594,234,7398,7273,8903,8787

test suite134
bestAPFD:0.860673
bestSuite:12497,8271,5434,3254,11091,11582,4411,7571,704,13247,5156,5311,3050,6501,4781,9517,1189,5888,549,5227

test suite135
bestAPFD:0.860658
bestSuite:4250,2024,1987,85,12760,7831,4642,13399,3875,6328,11041,10934,8858,10676,5454,7163,679,9837,7165,7435

test suite136
bestAPFD:0.882559
bestSuite:8622,11778,13510,1383,12583,3828,8756,9780,11457,12125,4074,7126,10831,5573,12829,2556,1545,1221,2418,9447

test suite137
bestAPFD:0.892155
bestSuite:8929,11674,2061,9812,3078,12537,11594,10955,3191,3403,4734,6876,7032,6249,5812,5701,117,7306,6666,7000

test suite138
bestAPFD:0.889630
bestSuite:9230,4035,8336,11024,9652,8694,13430,7039,11352,7658,4614,8970,11027,3663,8440,490,233,3158,778,9937

test suite139
bestAPFD:0.871615
bestSuite:6986,6535,6050,1814,8117,12461,312,3148,2827,8967,4059,4655,12697,10303,145,2349,9035,4452,2967,1607

test suite140
bestAPFD:0.877960
bestSuite:9021,1088,4176,9571,3342,462,7293,237,6707,13046,10234,10867,1285,3887,922,6394,948,8812,2825,5319

test suite141
bestAPFD:0.892127
bestSuite:12458,121,13509,7106,6349,11130,12751,9592,4741,10638,11226,10238,10568,4272,4117,789,1863,6712,849,7505

test suite142
bestAPFD:0.865031
bestSuite:8663,5132,12736,11622,4334,8817,3764,8988,12287,9709,7028,13407,5632,7557,11842,1156,2731,9994,9043,9595

test suite143
bestAPFD:0.887146
bestSuite:9123,8454,1674,2651,6079,5122,3245,11018,3826,1532,10463,13013,4580,10035,7744,8588,3146,9541,6392,7481

test suite144
bestAPFD:0.867076
bestSuite:2064,1811,7397,8440,3511,12713,11504,3330,3181,6234,11533,13352,13464,6807,585,5011,1032,2727,10792,1545

test suite145
bestAPFD:0.882573
bestSuite:4948,11008,7509,5420,9588,8952,915,6339,5305,12101,9488,5463,6612,10052,913,7537,3744,12178,5603,1928

test suite146
bestAPFD:0.886860
bestSuite:4268,9387,8809,6278,9157,12298,8268,10327,4224,4631,111,4887,9099,7024,7663,2977,6708,5974,10873,9750

test suite147
bestAPFD:0.880699
bestSuite:193,8677,8645,2786,6012,9229,6975,3226,12103,9800,9782,2189,2878,11927,5380,5290,9563,274,7350,2275

test suite148
bestAPFD:0.884045
bestSuite:1659,3479,3850,5782,11142,8864,11605,7204,12339,11655,7818,13019,6014,5819,2549,8183,2585,9047,9288,5705

test suite149
bestAPFD:0.862688
bestSuite:3426,5519,11261,12663,6817,4063,4658,11552,6994,12638,1984,1335,1359,6160,12717,1777,2871,4272,7369,3345

test suite150
bestAPFD:0.895745
bestSuite:9435,1874,13144,12200,6238,12727,10561,796,6585,4030,4878,9586,5462,935,6390,214,3694,6775,8868,7994

test suite151
bestAPFD:0.892228
bestSuite:5171,4727,3367,9309,7580,9270,10329,5915,11922,2157,3618,7108,9738,1996,6386,9442,6408,9646,4452,4847

test suite152
bestAPFD:0.895719
bestSuite:6220,2051,12926,375,5975,9937,3638,10463,12889,5775,3839,1496,4533,10157,9671,5599,214,9141,1523,7623

test suite153
bestAPFD:0.878097
bestSuite:2896,11808,445,12532,3940,13434,6657,4590,8286,12937,12289,13486,6942,5615,6461,6125,7404,10112,12313,2403

test suite154
bestAPFD:0.896096
bestSuite:4817,11517,4197,11081,6171,4004,809,13185,8595,3043,11797,10594,6271,4574,7433,3219,152,6950,1248,3659

test suite155
bestAPFD:0.856199
bestSuite:1258,8535,3013,5536,4742,12689,7463,12810,1523,11988,1350,9047,8266,8769,8836,10226,6888,7169,3347,512

test suite156
bestAPFD:0.871411
bestSuite:11843,1555,2253,2506,7620,2046,7837,10369,10983,589,10566,1422,3160,448,6133,1321,4902,6299,4647,7225

test suite157
bestAPFD:0.875644
bestSuite:628,4915,9432,4828,9903,6590,12761,3968,11322,5083,11106,8859,10921,12352,9719,7499,11939,2359,3759,8461

test suite158
bestAPFD:0.876935
bestSuite:2607,197,6629,3571,6492,11596,12196,8842,1848,6459,7920,12881,1232,560,6222,587,1822,2032,9777,9334

test suite159
bestAPFD:0.876218
bestSuite:13395,2533,2507,11970,13347,6400,10035,3272,6340,483,8699,2065,3369,9809,172,7482,3812,9889,3830,7115

test suite160
bestAPFD:0.875227
bestSuite:8321,5769,8486,8837,11692,12871,12464,10589,3576,7460,10507,7644,4704,7360,571,1120,2881,12806,7434,12296

test suite161
bestAPFD:0.858532
bestSuite:5163,11047,13053,7057,5062,5003,713,1116,11675,10835,13259,892,3943,11251,5779,9063,10828,6216,12312,7814

test suite162
bestAPFD:0.871599
bestSuite:4160,13513,6695,3986,9927,12044,778,2230,8595,5360,9415,3441,5584,5028,3298,10552,5861,5749,1826,13205

test suite163
bestAPFD:0.880150
bestSuite:1400,2131,12789,7857,2386,984,9279,5886,10717,10486,4680,10850,4881,1760,12718,3635,8,9994,12795,5423

test suite164
bestAPFD:0.898263
bestSuite:8422,11014,1395,13024,3671,11303,3727,13494,8037,12838,7567,146,9505,3959,253,7820,8738,8812,6744,1952

test suite165
bestAPFD:0.891667
bestSuite:9170,8601,6450,11058,1099,6700,13149,10858,3458,11929,11726,12075,6961,10728,13212,5545,6919,9265,1487,9844

test suite166
bestAPFD:0.880911
bestSuite:6707,2537,3637,7467,5583,6130,1767,1640,10648,6470,5185,7109,4580,8237,3722,8032,6006,10851,9178,2265

test suite167
bestAPFD:0.879538
bestSuite:5229,34,4588,13147,6272,12506,10907,4914,5951,1534,12298,3445,2385,4599,191,1036,4445,8086,5219,11651

test suite168
bestAPFD:0.880349
bestSuite:1883,9559,4321,4329,11704,7710,12822,867,10435,11860,10320,5803,8652,4404,10282,9074,2097,1813,9109,3577

test suite169
bestAPFD:0.887182
bestSuite:8036,11040,4191,13406,5938,3961,10145,10587,8204,6756,3920,6295,11321,9300,8416,9314,7005,1815,9043,3078

test suite170
bestAPFD:0.888528
bestSuite:1485,10997,12377,7955,8190,5101,571,12970,10402,1496,5978,10117,1750,2125,715,164,13253,929,1047,10396

test suite171
bestAPFD:0.890634
bestSuite:2014,4753,5253,12787,8201,2115,8529,6502,11258,4011,12516,3300,1228,3973,1235,10115,2855,1924,8026,2178

test suite172
bestAPFD:0.904524
bestSuite:5282,9055,1394,12402,975,7656,238,8694,4497,7814,11900,10868,5486,7862,2725,1615,7651,7254,4643,3062

test suite173
bestAPFD:0.889702
bestSuite:4332,6894,8664,1501,11459,12579,9966,4597,9181,6297,10388,2908,5865,9206,5951,9634,7997,4054,4811,11934

test suite174
bestAPFD:0.875075
bestSuite:13394,9604,3137,8310,12353,3742,3543,5834,3464,3816,11991,4033,1137,2332,513,3993,2254,7090,2742,6365

test suite175
bestAPFD:0.858050
bestSuite:4915,6869,11984,8838,340,12888,8937,630,1009,9102,3450,10700,3358,7580,3122,8319,6166,892,8538,3308

test suite176
bestAPFD:0.870206
bestSuite:997,856,12409,10962,2615,5504,7257,1002,13484,4484,7151,5353,7388,10943,229,6444,7200,12143,5785,7184

test suite177
bestAPFD:0.866516
bestSuite:9807,899,3497,3384,11853,13521,4273,12378,11141,11541,8389,332,12824,11252,3167,6742,8112,7849,11326,11047

test suite178
bestAPFD:0.876466
bestSuite:13105,6164,5967,3535,1343,8466,11492,5580,3928,4358,9999,8544,4033,6222,7566,13212,9524,11731,7769,378

test suite179
bestAPFD:0.866465
bestSuite:1591,10967,5876,11932,10376,3830,6448,6410,2741,12370,6963,12359,13346,9023,8773,8436,1783,12994,7611,442

test suite180
bestAPFD:0.898810
bestSuite:2943,5331,8066,11508,8423,9046,4562,8861,1620,8223,573,3056,839,1052,2508,4441,6255,6345,2867,4068

test suite181
bestAPFD:0.866877
bestSuite:9094,9079,8035,7072,11450,11661,6224,10769,4858,9961,11213,2224,3661,2129,7619,13478,9787,6000,378,10177

test suite182
bestAPFD:0.863916
bestSuite:3949,5498,2020,11672,763,7835,602,6435,10649,532,10767,4889,2306,11030,9267,1450,1785,7090,4197,1665

test suite183
bestAPFD:0.864201
bestSuite:660,3346,5967,6281,7527,10380,11518,847,11462,7782,5636,12350,484,11232,7150,10787,2754,8369,6314,8477

test suite184
bestAPFD:0.870684
bestSuite:9121,2472,2807,6222,11578,3389,4234,7929,13415,13470,10894,13181,7047,2130,13493,1380,10018,3992,2504,5065

test suite185
bestAPFD:0.901560
bestSuite:11016,1734,9402,10798,11830,6734,1408,1515,3223,11820,11195,12850,233,2266,11881,1452,2576,3220,8937,12976

test suite186
bestAPFD:0.881240
bestSuite:11433,6206,9494,13171,4211,5011,6743,13374,8641,10647,6816,5857,11752,6974,13242,9270,5872,335,5678,3231

test suite187
bestAPFD:0.876325
bestSuite:7634,12517,4578,9085,10139,11896,13520,1,10244,10879,9094,7738,2382,12053,7216,4883,4651,10827,9253,7297

test suite188
bestAPFD:0.900490
bestSuite:243,4176,3151,1946,12849,13403,2922,1218,10237,9765,3548,6591,3172,2487,11856,567,5033,1086,5037,530

test suite189
bestAPFD:0.885265
bestSuite:824,7982,358,12914,7656,11380,10545,5183,1687,8703,3416,7278,9033,6336,4656,1334,761,1176,4136,11205

test suite190
bestAPFD:0.887116
bestSuite:763,808,2780,6956,2343,11676,5875,3300,815,12539,1212,11015,2471,3683,2123,7715,17,4300,6955,7580

test suite191
bestAPFD:0.880772
bestSuite:384,7504,2289,12681,2442,722,5796,9167,11742,12217,11186,10641,9692,4058,6480,7455,5443,8,2110,667

test suite192
bestAPFD:0.877972
bestSuite:7817,10968,5155,9206,11234,3839,13518,11075,13193,361,6633,12021,3499,7578,5342,8119,3676,11732,10599,6438

test suite193
bestAPFD:0.881412
bestSuite:8189,2068,4911,11291,9888,10425,12317,7140,5329,7031,12233,2868,10219,3363,5058,9845,1924,2264,6027,590

test suite194
bestAPFD:0.874254
bestSuite:6063,11137,6670,13349,6349,1017,2540,2826,11641,547,10701,10737,5546,9893,3073,1470,10611,9701,2498,8772

test suite195
bestAPFD:0.879038
bestSuite:9774,9438,975,4000,12455,9675,10550,9483,587,7159,11960,5618,8,700,1144,1981,5564,3669,9178,9263

test suite196
bestAPFD:0.871677
bestSuite:1023,6667,13119,222,10617,12937,7105,1449,5252,2416,11422,12879,9141,2445,9339,3027,7286,7512,8737,4877

test suite197
bestAPFD:0.873321
bestSuite:9571,7078,9142,13132,2900,10386,6607,11662,3278,1963,1351,8513,8654,11846,5396,9814,832,2444,7671,2321

test suite198
bestAPFD:0.889773
bestSuite:8063,8265,6075,1247,1860,1182,11965,7428,11379,10630,10018,2633,5096,10410,3797,4072,6516,6135,1617,4140

test suite199
bestAPFD:0.870595
bestSuite:13365,919,12591,9865,9980,10803,4337,12638,1674,8012,6621,10468,6007,11823,1647,3796,5890,4608,6958,2664

test suite200
bestAPFD:0.895200
bestSuite:2079,2312,5813,403,13392,131,8702,11149,9241,13501,10201,4545,1449,8438,7031,2996,1975,5087,8637,309

test suite201
bestAPFD:0.866972
bestSuite:12441,7550,12979,9619,10980,10895,1493,8649,8551,10310,6893,9528,5795,4427,9611,1497,5649,200,410,3603

test suite202
bestAPFD:0.861287
bestSuite:11023,8676,11340,2491,1284,8479,10486,6210,10758,9540,1309,1651,10477,5139,3630,10433,5946,8204,10506,2890

test suite203
bestAPFD:0.883150
bestSuite:1885,5568,13442,6076,5296,7221,10375,7436,4408,1573,2947,7168,12088,10844,7669,587,2901,2168,11744,5279

test suite204
bestAPFD:0.881030
bestSuite:8503,5714,3001,11359,2694,10382,3421,6639,10893,271,7946,7960,3581,4204,9841,10024,151,11730,7379,4553

test suite205
bestAPFD:0.874788
bestSuite:11633,9123,1972,8964,8242,5693,12562,2507,9901,10779,9321,11595,10917,1238,7894,11799,10007,303,4853,5744

test suite206
bestAPFD:0.901704
bestSuite:1605,8527,5388,5646,2750,10220,677,1919,4421,473,8744,656,11786,5564,2901,2344,4252,7930,5426,4537

test suite207
bestAPFD:0.863119
bestSuite:1547,1751,2542,9834,4095,6831,11517,12735,3210,12432,11207,9476,13234,3333,11515,12176,3650,3917,3721,3302

test suite208
bestAPFD:0.880390
bestSuite:11499,13158,1622,2564,10444,9340,7435,13377,3383,6914,8705,3565,1010,4424,11837,12260,8665,9674,8250,4265

test suite209
bestAPFD:0.872333
bestSuite:7525,9599,227,5647,11459,225,6355,10332,10833,1137,3085,1271,176,10692,11338,8614,716,5068,450,3628

test suite210
bestAPFD:0.875606
bestSuite:646,7888,6197,13105,1197,12709,8707,7040,11643,5513,3857,8732,610,1678,5557,4114,5415,11740,4724,3916

test suite211
bestAPFD:0.876777
bestSuite:6924,151,9346,4567,2323,8198,11283,4368,7968,794,12298,1380,8129,4143,8802,13209,8048,1304,10837,9186

test suite212
bestAPFD:0.868529
bestSuite:1292,9158,12026,1782,12465,1765,12369,10880,8086,10677,7456,10864,11753,6877,2394,1788,4366,733,6531,10898

test suite213
bestAPFD:0.877656
bestSuite:11423,1874,8896,8103,12411,1957,1174,5688,11979,11321,5887,8742,7381,1185,1118,6505,1094,5276,2413,2371

test suite214
bestAPFD:0.879538
bestSuite:7003,11117,13342,3038,12085,316,9945,10308,4905,10178,4559,8726,1215,2399,276,6254,758,9618,4666,5916

test suite215
bestAPFD:0.868729
bestSuite:8006,8972,3187,12855,7030,5156,10569,9958,12767,5283,10733,6988,10861,2129,12879,6963,10112,10170,8765,6578

test suite216
bestAPFD:0.870367
bestSuite:7099,10983,2448,1273,12194,7610,13032,10871,6316,8157,13217,12294,5180,226,8737,10693,13268,8399,3582,11457

test suite217
bestAPFD:0.887228
bestSuite:505,4420,6921,11567,6910,10478,5207,1420,12140,8757,7070,12803,5168,4914,2089,8855,5919,7830,8356,9819

test suite218
bestAPFD:0.870669
bestSuite:4199,1955,12396,5698,11569,2701,10146,10937,6375,2010,11618,13183,11601,3825,9966,5080,10434,4134,1248,3379

test suite219
bestAPFD:0.884035
bestSuite:6824,6404,13380,12621,10144,6177,8724,8935,11868,12935,10494,9544,3999,12981,3460,12065,5484,10349,11252,8005

test suite220
bestAPFD:0.878571
bestSuite:2472,12910,3517,9754,10582,3313,2869,8604,3822,7784,5205,12111,10377,6945,10815,11043,3743,3235,9828,11734

test suite221
bestAPFD:0.887007
bestSuite:13116,9694,1015,10725,10647,5927,1897,2372,6064,4864,8499,2530,13301,1824,1279,10633,8006,8259,7389,6165

test suite222
bestAPFD:0.866258
bestSuite:12044,13027,7889,3505,1976,7993,7452,13407,12566,4217,7083,7576,6356,9261,2853,2821,12101,9104,1116,8213

test suite223
bestAPFD:0.875000
bestSuite:9526,8366,7751,1557,12929,11078,12620,1555,9942,12358,12044,1775,1074,6978,438,4975,1242,338,2940,1494

test suite224
bestAPFD:0.878146
bestSuite:4095,13420,5379,8390,11250,2399,7408,9254,3623,8372,367,228,10190,6392,8200,6568,329,7521,7068,7094

test suite225
bestAPFD:0.867511
bestSuite:12340,6556,10051,12932,642,13143,7441,1490,2304,1350,12383,956,9134,7664,8220,9463,7758,6169,11958,2247

test suite226
bestAPFD:0.888468
bestSuite:1016,6692,7122,4114,6278,2225,3581,11377,5951,7859,6099,32,3079,1163,8518,2016,1000,1178,1856,7544

test suite227
bestAPFD:0.872126
bestSuite:5106,5574,8791,12470,11548,6674,1739,6501,3211,7887,5100,3234,9637,10394,13217,9053,5034,3064,2059,1640

test suite228
bestAPFD:0.879363
bestSuite:13341,12609,7761,11977,4548,8281,3733,9515,12231,6,4581,2895,4272,3009,5131,9324,6610,2882,1075,5634

test suite229
bestAPFD:0.890138
bestSuite:6407,4625,8789,3702,11530,6333,2226,8522,12848,11249,7411,9240,13267,4336,11871,7671,6066,10084,6863,5489

test suite230
bestAPFD:0.871272
bestSuite:3264,11621,8664,9247,7148,10626,8875,725,3860,10143,12147,805,11160,6385,9815,1610,10560,60,6191,4240

test suite231
bestAPFD:0.863837
bestSuite:4325,4457,173,7135,11610,945,6501,10565,9891,12911,10944,9369,6952,4126,13266,9832,10893,10719,8812,10215

test suite232
bestAPFD:0.888525
bestSuite:5134,5020,834,4412,9980,2717,2073,5373,9989,2071,9582,4821,4854,3345,9061,730,450,10107,8173,435

test suite233
bestAPFD:0.873965
bestSuite:5632,9949,3763,8148,8076,10504,4207,1456,4480,4358,2969,3051,8792,9591,9644,3592,5489,2008,8803,4253

test suite234
bestAPFD:0.878892
bestSuite:13018,4053,2695,709,3733,11957,7971,12440,555,10262,9257,9349,7047,4165,6226,8126,4387,6241,5581,11077

test suite235
bestAPFD:0.850833
bestSuite:5221,4185,1229,2621,12773,7790,2009,1180,285,10949,7264,12440,10681,11922,6221,2021,885,10167,6089,2502

test suite236
bestAPFD:0.853497
bestSuite:1897,1137,12344,13158,1284,11463,12477,11004,2473,10895,1692,6194,10600,727,12031,7845,12258,1928,8826,4008

test suite237
bestAPFD:0.869763
bestSuite:8872,3926,8336,11734,9546,11547,5593,9510,3862,9949,6231,1612,496,12066,2178,5807,9877,9233,12980,491

test suite238
bestAPFD:0.890785
bestSuite:173,2092,3728,2156,8255,12955,13504,7419,6227,11037,6455,10003,9276,10864,677,6355,5082,1664,6801,2971

test suite239
bestAPFD:0.884609
bestSuite:4380,8527,8149,10126,6495,5616,12499,10966,4926,9674,8788,10872,7009,6862,7080,8429,7067,10672,2917,2243

test suite240
bestAPFD:0.887983
bestSuite:9891,9284,990,8437,11675,118,10607,8567,4755,11715,9582,4449,1752,9315,12158,2708,3661,1122,7039,3320

test suite241
bestAPFD:0.865047
bestSuite:7080,4329,12605,2812,207,10867,11979,6420,9054,13437,7315,10879,12963,5969,12840,10230,8371,10869,9142,39

test suite242
bestAPFD:0.884047
bestSuite:7357,107,5611,918,6206,9242,5241,11785,6381,10953,12024,2212,8990,8584,1154,1387,6417,7753,185,8922

test suite243
bestAPFD:0.892679
bestSuite:4524,1874,11588,6262,206,11664,4222,9428,11135,1417,5583,705,6912,2728,2311,3277,9497,7494,11035,8333

test suite244
bestAPFD:0.870116
bestSuite:533,669,8061,6563,12617,11007,5292,12167,6844,1696,11784,3471,7462,3975,12526,7167,6343,13486,2443,450

test suite245
bestAPFD:0.863591
bestSuite:12385,3188,449,2473,12613,5137,2184,9241,10495,13478,9908,10415,10511,1796,5289,11911,202,5560,4643,3990

test suite246
bestAPFD:0.852589
bestSuite:8842,196,7699,5338,395,11695,11409,10870,2246,4770,6489,2681,6198,2929,5653,5599,12265,504,8347,3980

test suite247
bestAPFD:0.876740
bestSuite:8718,2034,8108,11706,65,8635,1101,1986,4654,12867,4857,10288,520,8121,7916,1827,11787,3730,9552,2614

test suite248
bestAPFD:0.879003
bestSuite:11635,8386,8275,8814,12875,12285,13512,2269,6224,11792,13299,6911,4051,3393,10278,2985,5861,2266,11731,10965

test suite249
bestAPFD:0.868627
bestSuite:5906,11657,3175,1353,7862,12158,8569,12601,4629,968,7698,7686,11980,7384,11520,8871,1279,11988,5518,7174

test suite250
bestAPFD:0.873244
bestSuite:471,203,1385,3346,5170,11965,4195,11160,10918,10269,4814,5736,6866,4046,6296,12084,10116,7551,12133,9735

test suite251
bestAPFD:0.893998
bestSuite:13118,8931,11277,221,204,7181,998,13519,7021,5223,5887,12073,7424,1105,931,2505,1522,8966,8079,6807

test suite252
bestAPFD:0.897276
bestSuite:2098,4915,4005,7876,5308,890,6210,694,9576,7344,12848,1604,8473,5638,3326,2016,9252,6503,4740,1211

test suite253
bestAPFD:0.877358
bestSuite:11614,7455,6734,12664,4406,10989,5427,12746,796,2063,11199,9104,11296,8892,4971,8859,10797,7467,8004,4214

test suite254
bestAPFD:0.887210
bestSuite:1653,6360,4245,6228,4246,11309,4653,2071,4590,11155,8639,10428,4261,3865,3749,11320,5719,2954,6582,11323

test suite255
bestAPFD:0.854084
bestSuite:9015,2276,11371,6335,10453,9703,2461,3908,2450,975,10275,1645,5172,10737,10003,1422,1287,9100,1017,7291

test suite256
bestAPFD:0.875497
bestSuite:4649,1394,7492,11484,7491,12750,12643,1907,11868,10643,5355,10932,5414,10219,7741,4676,9310,3821,1221,10306

test suite257
bestAPFD:0.893574
bestSuite:1835,8061,9558,982,5282,7828,12302,6623,2587,726,5878,6282,6958,4790,10679,6830,7674,3081,8612,977

test suite258
bestAPFD:0.887626
bestSuite:8341,6876,11686,8097,1803,11011,10659,11360,6378,1118,9524,7921,5658,8036,10199,11336,5744,5359,7904,8042

test suite259
bestAPFD:0.849814
bestSuite:2995,6419,11104,4058,12605,2425,11718,12629,13378,4456,2215,10059,6301,6382,9528,6861,11732,10334,12528,6989

test suite260
bestAPFD:0.870238
bestSuite:620,10136,1980,2863,6999,10623,7779,13070,3150,2477,3909,7573,2110,3831,10794,9118,6833,9402,9048,3252

test suite261
bestAPFD:0.889529
bestSuite:3386,8996,12475,10591,12972,1140,7572,6105,1094,10732,12219,2642,1394,10008,10501,11894,5973,3911,9612,7602

test suite262
bestAPFD:0.888287
bestSuite:6097,7631,1544,3544,12321,9751,8609,6213,4923,8959,10402,7292,5488,6212,4570,12307,7578,6961,4093,5477

test suite263
bestAPFD:0.889203
bestSuite:6255,5796,1725,1554,12490,30,8653,6926,4732,9480,10175,9618,7220,4086,13205,56,5266,10073,1926,7443

test suite264
bestAPFD:0.869302
bestSuite:8907,698,8207,7220,4748,5646,7287,10638,362,9233,4327,11817,11257,6440,2693,11869,10796,8432,5459,7214

test suite265
bestAPFD:0.880372
bestSuite:5218,6045,332,7676,1217,12762,5292,2192,7609,8994,3997,9134,9131,2759,918,10800,11886,3164,7822,11869

test suite266
bestAPFD:0.895065
bestSuite:7542,2607,5337,5227,3926,12525,3358,6863,10082,1011,3114,10095,6654,1025,5554,6958,1958,7434,5439,12249

test suite267
bestAPFD:0.866505
bestSuite:5171,6362,12607,928,11708,173,5562,13145,147,5705,10540,9529,7594,4975,4217,9465,9669,11696,1623,6552

test suite268
bestAPFD:0.883054
bestSuite:5313,2761,12001,6298,12626,12976,5954,12681,6141,8282,8396,3040,9633,1479,8145,2285,7140,7677,638,269

test suite269
bestAPFD:0.893470
bestSuite:8678,4200,2042,6053,2716,2639,10995,9130,9315,4801,303,4062,9714,4271,235,4379,7927,2531,1290,3058

test suite270
bestAPFD:0.866276
bestSuite:13416,8593,8212,6874,10283,7857,617,3986,5579,8185,5639,5024,3270,4031,4411,7381,6552,4376,1843,1614

test suite271
bestAPFD:0.885431
bestSuite:7207,5483,7140,354,10904,6407,2107,9269,10767,7740,2169,4231,1774,13487,4623,3812,9263,1617,177,13470

test suite272
bestAPFD:0.876419
bestSuite:4517,8715,13520,13049,8424,12404,13004,7626,8227,4362,259,380,12183,4867,2915,905,6837,5025,6109,10001

test suite273
bestAPFD:0.872858
bestSuite:6238,5093,247,7572,11858,6182,2679,2827,8808,10730,11279,995,8823,6165,3169,4992,9067,758,3713,13473

test suite274
bestAPFD:0.883519
bestSuite:5502,2491,11621,386,10139,1348,10479,12380,436,4571,13479,4064,4643,12346,3546,12223,7587,2477,12076,854

test suite275
bestAPFD:0.886864
bestSuite:1790,4136,7389,97,3237,7749,2916,7960,11167,5296,9253,13308,5231,4570,8813,534,7959,10811,8790,8691

test suite276
bestAPFD:0.867396
bestSuite:3767,4179,5013,1295,10265,11544,1459,3286,6713,13368,7883,10498,10838,2825,644,8047,1935,10065,1238,10060

test suite277
bestAPFD:0.896395
bestSuite:10972,1223,2900,931,9601,11448,10711,11262,3545,10344,4048,13238,1415,5511,5085,1075,727,3625,5599,11455

test suite278
bestAPFD:0.909124
bestSuite:3808,1226,9050,9832,1539,10286,8187,11264,8644,12807,4368,5614,1718,20,8204,10118,8245,8099,7440,5924

test suite279
bestAPFD:0.904528
bestSuite:7358,11853,11419,4400,779,2340,4416,4834,2278,3937,10894,6082,6758,847,6890,3156,9289,3647,3407,4873

test suite280
bestAPFD:0.855693
bestSuite:723,13429,12654,10949,5444,3180,13148,2424,84,1344,6500,516,12884,5858,4202,13524,9788,1502,7301,1301

test suite281
bestAPFD:0.877500
bestSuite:5230,3315,30,6536,12610,432,4179,10428,10195,8765,13499,7512,6957,12045,3764,10473,6885,10060,4307,2903

test suite282
bestAPFD:0.887362
bestSuite:5650,5282,683,11060,8981,1833,11524,3073,9033,2936,8073,12386,3018,1707,9840,1508,9797,3957,11083,8647

test suite283
bestAPFD:0.883124
bestSuite:5188,5862,13514,8202,550,6799,5210,13082,4836,3278,1413,1241,224,9592,5485,40,5255,3987,2173,9604

test suite284
bestAPFD:0.875145
bestSuite:7648,1907,1133,13352,8672,7509,11655,4461,12135,7001,2545,11171,4678,6821,4366,9880,11349,12236,4756,1653

test suite285
bestAPFD:0.862317
bestSuite:3232,13153,9795,2877,3808,1994,10925,8628,7418,1163,7527,7864,3019,187,2485,2273,8290,4240,8334,12147

test suite286
bestAPFD:0.893650
bestSuite:9024,6228,9859,11645,9515,10260,2575,4232,6730,6689,7396,7932,8812,9371,7838,1126,537,6530,6956,1750

test suite287
bestAPFD:0.873095
bestSuite:7627,3468,12102,7965,2805,8749,6471,11800,11452,381,9445,6429,10192,12153,7767,5638,2034,8998,47,4454

test suite288
bestAPFD:0.895469
bestSuite:4508,5679,12197,6559,7263,10797,11936,1390,6335,5201,11995,10508,682,12058,8704,8305,5788,10807,11900,1510

test suite289
bestAPFD:0.881689
bestSuite:7453,5097,10545,8458,1394,6705,4604,4320,8519,1199,8248,2465,10390,5670,8254,13472,4101,9705,8866,8880

test suite290
bestAPFD:0.885903
bestSuite:5383,3855,12449,11604,6370,11240,8358,3061,10784,7,4027,5902,8856,9146,1167,7036,12197,8338,929,8583

test suite291
bestAPFD:0.875477
bestSuite:12905,1208,7921,76,12667,10320,2016,7147,52,7152,9037,4797,12007,11362,6336,4902,4473,7802,4346,2054

test suite292
bestAPFD:0.869246
bestSuite:2885,4782,1881,11298,5795,4305,11422,12399,1830,3177,12962,3500,9068,10685,10657,6337,9800,17,104,9084

test suite293
bestAPFD:0.879912
bestSuite:4317,8552,12707,2249,11169,10148,9787,12076,10971,12980,2455,6100,405,2288,7114,3521,3550,1072,6996,12516

test suite294
bestAPFD:0.865513
bestSuite:3335,4431,3205,3127,3640,10645,8724,13451,7472,6899,11529,9046,6605,12165,9486,224,6538,6924,1783,2927

test suite295
bestAPFD:0.859437
bestSuite:11484,11024,13379,789,13129,6590,4140,1424,7365,11207,5913,4989,7726,1910,1104,11105,10158,5299,8118,1563

test suite296
bestAPFD:0.877316
bestSuite:5454,4833,9346,9019,12776,3971,5502,11699,1840,1442,10820,9959,2611,10097,5773,6728,4280,1660,5355,9485

test suite297
bestAPFD:0.874701
bestSuite:1877,247,2454,304,12442,10572,8148,10778,4440,11475,6849,3661,1776,11990,7016,7693,10787,2209,8665,5609

test suite298
bestAPFD:0.874791
bestSuite:8821,13118,6638,1950,6745,4427,11708,1429,3533,13052,12075,2563,11062,6222,5648,2168,8762,6822,10219,3497

test suite299
bestAPFD:0.875992
bestSuite:241,3853,2447,11436,11824,7167,13102,8124,11268,2113,743,7342,10248,8223,4283,2246,162,1599,3381,270

test suite300
bestAPFD:0.855291
bestSuite:12400,94,12474,5689,2484,3060,8216,13146,12779,12624,4548,4751,5279,804,2872,8318,5361,8300,11753,7558

test suite301
bestAPFD:0.889053
bestSuite:7470,8220,492,1409,11337,2355,13083,12953,1602,6028,7859,4220,9891,3052,8894,533,1630,9760,963,1309

test suite302
bestAPFD:0.875000
bestSuite:210,12700,1146,8777,5867,3239,5898,4746,4281,10824,584,10416,13452,10917,3028,9486,10019,5706,12757,3491

test suite303
bestAPFD:0.878647
bestSuite:11011,13360,9539,1690,4655,6691,12280,724,9276,10840,1994,11935,845,5641,3963,9644,3096,1708,7615,11946

test suite304
bestAPFD:0.866308
bestSuite:9619,4063,649,6428,9569,12450,13218,13408,4067,10309,615,7039,10497,12995,6292,11184,6505,123,5445,7716

test suite305
bestAPFD:0.875255
bestSuite:4405,6410,4582,12783,10216,3313,7146,9766,6584,1684,271,10474,10937,8194,7669,7256,791,2707,4269,6322

test suite306
bestAPFD:0.860658
bestSuite:11672,3446,12722,309,1572,2847,11292,7647,803,12391,6187,10282,6038,11834,11814,2114,6950,12322,3686,7178

test suite307
bestAPFD:0.859000
bestSuite:2800,9214,12464,4456,8643,8088,7361,8750,10447,641,5460,13375,2595,1118,10711,5877,1891,12218,6582,13073

test suite308
bestAPFD:0.855609
bestSuite:9097,304,12645,1200,5741,10128,7198,10349,12403,9038,6424,11445,10915,11374,2542,5945,10361,3584,10799,10961

test suite309
bestAPFD:0.906054
bestSuite:8908,4664,6718,13081,1041,10120,1092,6083,610,23,5319,13446,6496,663,1565,7671,120,7218,591,394

test suite310
bestAPFD:0.883217
bestSuite:9756,4744,8097,4886,8070,11300,4763,12890,10462,270,11780,9627,9231,4787,3807,281,6255,10024,9488,6006

test suite311
bestAPFD:0.887727
bestSuite:3847,4970,6200,3458,2863,1941,1248,12470,1894,10917,10057,4131,5888,9689,5872,3907,7209,4490,3492,7917

test suite312
bestAPFD:0.890752
bestSuite:9338,11600,5194,11734,11517,12280,2910,5241,3691,3394,8535,1671,2127,9137,1870,1541,2408,3360,13173,1983

test suite313
bestAPFD:0.877648
bestSuite:2850,304,12703,9896,13045,8165,9285,7730,13475,3028,494,8173,6283,6346,3918,10930,8876,11090,5379,2489

test suite314
bestAPFD:0.881693
bestSuite:3985,492,6531,42,13290,12552,5658,3762,13157,5654,11765,5844,10818,94,7190,10618,612,12506,13254,9875

test suite315
bestAPFD:0.883769
bestSuite:11034,8313,9092,1041,715,2736,11695,10610,11991,4129,6555,8866,1136,936,10243,2703,8152,8120,9898,6919

test suite316
bestAPFD:0.862102
bestSuite:7878,12772,8830,4541,9539,261,9242,8634,10571,4305,11028,12635,5749,9235,7194,10237,2324,5780,10996,7809

test suite317
bestAPFD:0.863647
bestSuite:11040,9035,12399,1757,5585,7060,5201,1864,12719,2848,7869,5555,7287,6100,9869,8647,5767,8480,2379,860

test suite318
bestAPFD:0.865340
bestSuite:5281,2300,4901,6981,9171,12190,10050,6059,2598,7003,3951,13464,10789,3237,1538,4663,6784,811,12,7769

test suite319
bestAPFD:0.873180
bestSuite:1731,16,5469,10147,10777,3158,9413,2075,13345,12974,5725,2582,4514,6112,2469,619,5107,11314,5070,8974

test suite320
bestAPFD:0.900505
bestSuite:2949,7002,13127,1713,1269,10315,2815,8217,8810,7307,8231,7773,393,3242,5906,10981,2547,9424,7870,11712

test suite321
bestAPFD:0.885345
bestSuite:9752,12787,9298,310,7795,5114,4152,10515,8749,3581,7200,6239,8970,5177,12710,11847,1246,4025,6455,447

test suite322
bestAPFD:0.853582
bestSuite:987,5230,8606,7739,7357,11080,261,9247,6696,12635,2912,3723,11252,12868,614,1027,700,6699,4279,63

test suite323
bestAPFD:0.904792
bestSuite:3437,5258,5590,11069,5448,6922,1094,10745,1902,3793,10170,8183,9860,6478,7778,2155,8608,4073,9665,6956

test suite324
bestAPFD:0.881046
bestSuite:9269,13090,3545,13463,3085,645,295,10552,9694,11929,12367,12296,9007,3345,7444,5185,1290,805,8024,11271

test suite325
bestAPFD:0.877819
bestSuite:2695,10388,5998,12395,6549,5009,1085,3321,9278,6802,5808,10453,7871,848,10394,2700,1468,3033,3049,10185

test suite326
bestAPFD:0.861010
bestSuite:11416,7472,13113,9743,5363,3566,755,8171,7865,10878,861,7596,10678,162,1797,2246,10099,3407,6978,12999

test suite327
bestAPFD:0.887696
bestSuite:4661,9320,6404,11850,3501,9827,7959,8145,8114,7294,10231,7161,5144,13268,5267,2676,8156,7724,233,10679

test suite328
bestAPFD:0.874839
bestSuite:3403,12789,7054,4502,11107,4307,6187,512,7867,1585,7700,3175,10868,11289,5513,4227,12031,7767,810,4244

test suite329
bestAPFD:0.898782
bestSuite:2267,12459,7727,12664,10506,6969,13471,889,5869,12316,12504,2277,472,1492,10738,1033,852,4583,3434,5388

test suite330
bestAPFD:0.860473
bestSuite:969,11176,11928,623,6734,4924,11204,11065,2056,4865,2856,10294,5754,336,10484,8551,7153,4962,4709,4947

test suite331
bestAPFD:0.888226
bestSuite:5825,210,1839,13492,6846,4864,5437,10570,4995,71,10648,6331,7598,66,1419,11227,8386,2776,12,8204

test suite332
bestAPFD:0.885456
bestSuite:1853,937,13426,3334,1515,5579,27,3286,11443,12026,10475,1490,4571,9643,2524,5887,9932,8442,1775,8515

test suite333
bestAPFD:0.867007
bestSuite:8178,9331,2742,8175,9480,5816,4152,12554,763,5903,7959,2868,12862,13247,10380,438,10978,9182,8051,9709

test suite334
bestAPFD:0.878763
bestSuite:8251,8681,13342,1650,9056,12886,6916,10659,7190,10595,2066,6610,12154,7784,12829,5257,5029,6027,13386,4443

test suite335
bestAPFD:0.859901
bestSuite:12449,9172,10388,2275,3905,4147,9893,11279,13127,11980,5390,8882,13483,2480,10454,3525,8485,5056,831,4847

test suite336
bestAPFD:0.886426
bestSuite:2896,5920,12459,11400,10642,1552,6984,4428,4455,6499,3340,9492,3022,4291,9958,4582,1377,2956,1422,3966

test suite337
bestAPFD:0.886621
bestSuite:5258,11636,1796,4491,2540,7734,8471,4029,3422,88,218,1664,2056,8491,2919,142,3954,5422,4883,1812

test suite338
bestAPFD:0.893226
bestSuite:8181,28,8278,2302,4171,4711,4596,264,12004,13026,11151,4311,8085,6260,3643,1122,11194,204,7378,716

test suite339
bestAPFD:0.898368
bestSuite:13387,1384,3316,1397,803,5451,9916,8288,5604,1936,11909,10202,8297,8383,7354,3897,2323,185,7425,6371

test suite340
bestAPFD:0.858039
bestSuite:6484,11611,9060,10961,7185,10393,4930,12449,352,8296,9342,8209,10238,1651,5726,8769,1515,1621,5084,12779

test suite341
bestAPFD:0.891055
bestSuite:3490,3542,11065,6154,5364,11972,6848,6962,6871,1173,10689,875,8766,1610,642,3395,945,6336,1055,7209

test suite342
bestAPFD:0.891500
bestSuite:6665,9412,10600,9824,11147,12057,7399,12866,2410,1117,1599,9243,13217,1449,795,6841,8194,945,1304,5673

test suite343
bestAPFD:0.877243
bestSuite:6352,2267,12956,10379,12572,6552,13327,7358,11273,2894,7200,9530,6306,7769,8668,9645,7108,145,8046,11901

test suite344
bestAPFD:0.875960
bestSuite:233,4715,4262,2571,6073,12707,3157,7827,12936,1511,5865,12109,3395,8240,7214,7721,3964,2171,2376,9705

test suite345
bestAPFD:0.894184
bestSuite:10987,8659,13369,1847,8722,6379,2783,642,7944,8655,3830,83,10114,5358,4341,1886,4208,93,3646,8049

test suite346
bestAPFD:0.888787
bestSuite:2677,6026,5347,1471,11123,1717,8308,9608,6233,10206,95,9790,13209,946,9130,2324,7670,6049,2531,3586

test suite347
bestAPFD:0.869976
bestSuite:6351,11484,8200,12754,7135,12812,9376,11215,547,6361,7298,7573,1398,6289,7826,9194,9779,7740,61,6287

test suite348
bestAPFD:0.874242
bestSuite:3440,11413,9461,3955,2063,10592,11058,10752,6383,4418,13399,10405,9919,4898,1973,843,13267,3331,7172,12858

test suite349
bestAPFD:0.889331
bestSuite:5757,13418,4150,12172,9294,3468,10330,5125,10650,5421,8885,1848,10970,204,11830,3253,5085,10636,12174,1795

test suite350
bestAPFD:0.881410
bestSuite:6614,6632,8341,13174,6360,6746,9077,4655,5876,13445,4446,10234,506,1189,2145,9493,11181,6331,4165,10101

test suite351
bestAPFD:0.860770
bestSuite:2211,9291,12892,11246,9414,11643,11404,8192,3036,3810,8071,5033,2067,6759,5797,4867,10491,2899,13301,2856

test suite352
bestAPFD:0.855925
bestSuite:10622,6407,12974,243,8220,11564,10784,3049,13166,10120,11408,12193,1338,11035,3160,8726,4173,12128,7474,8389

test suite353
bestAPFD:0.883000
bestSuite:13068,5400,4726,6949,7987,11354,11419,11033,5364,7138,4090,817,6877,2229,6101,2341,2840,6314,6316,8203

test suite354
bestAPFD:0.875454
bestSuite:11054,3227,11627,7703,7829,1582,12621,5776,11219,10672,11741,2325,10918,4993,12183,4252,4711,4869,10111,3533

test suite355
bestAPFD:0.878909
bestSuite:9713,9297,11424,4020,13222,12763,6517,6947,10251,7173,10185,11826,675,7352,5422,892,5964,10017,809,4501

test suite356
bestAPFD:0.884512
bestSuite:7602,991,7097,4218,11370,4249,718,10276,9582,99,13304,1822,916,10697,659,72,6419,9929,1662,1655

test suite357
bestAPFD:0.877155
bestSuite:8506,1376,2694,6195,13042,4480,10469,12635,10061,7174,4673,12043,11320,10393,10183,10010,4847,7690,3,10066

test suite358
bestAPFD:0.898288
bestSuite:1616,13061,11477,12409,7326,10991,7191,3505,9694,1112,6789,9023,7097,9520,3652,4555,618,6384,2758,2408

test suite359
bestAPFD:0.894542
bestSuite:7816,9041,11919,713,6482,11605,4390,3488,10708,12059,11192,1726,11576,5584,6386,11877,6773,10111,5248,11759

test suite360
bestAPFD:0.879958
bestSuite:2580,6131,3645,12611,1739,4515,12405,6798,4812,7871,9070,7948,10043,8408,7094,3678,3658,8205,3411,6973

test suite361
bestAPFD:0.862418
bestSuite:5074,12942,2838,592,11010,12877,12803,12694,5955,1472,11882,3461,584,10719,2445,4140,8477,11139,8272,7670

test suite362
bestAPFD:0.888902
bestSuite:9838,4405,10143,11378,3802,3896,1671,493,8042,858,1091,8452,2087,769,386,4788,9604,5056,621,6917

test suite363
bestAPFD:0.868912
bestSuite:5181,12953,5402,6606,7366,13183,3202,11820,883,10267,1915,8241,4620,10452,10089,8259,2592,7690,2062,11226

test suite364
bestAPFD:0.904683
bestSuite:8904,2937,6650,2160,607,12161,8636,11532,2989,683,559,2794,6400,13312,1422,1599,7689,9695,6076,12087

test suite365
bestAPFD:0.863216
bestSuite:3554,1142,5210,509,8720,12983,5256,1232,1271,850,9076,4076,1017,13490,6608,1117,5670,12178,1341,9553

test suite366
bestAPFD:0.877280
bestSuite:432,9192,8689,4316,9700,10521,10802,10995,6194,10655,515,10940,3119,7295,1793,627,13026,577,4073,4988

test suite367
bestAPFD:0.876395
bestSuite:8814,2973,1367,5704,11508,6826,10574,1852,7025,1131,1697,9863,6924,10002,9469,10173,9727,2506,2579,10134

test suite368
bestAPFD:0.880142
bestSuite:2973,9556,5700,6375,12015,6182,12816,8890,74,5458,12992,6696,13461,852,5735,1747,9496,908,1316,7049

test suite369
bestAPFD:0.886248
bestSuite:823,11025,12748,13352,4569,6351,6999,402,5049,5139,7881,11301,4530,2704,11433,4602,1235,720,577,6310

test suite370
bestAPFD:0.847034
bestSuite:12595,12887,6452,739,6856,6159,1480,10294,7804,12669,7679,5653,8725,10456,8324,12245,7693,761,7047,11986

test suite371
bestAPFD:0.896368
bestSuite:7776,7764,1274,702,11242,11039,1239,9290,9893,4351,4634,2704,9782,2827,9726,7643,8042,2017,1878,4933

test suite372
bestAPFD:0.873618
bestSuite:9128,12512,3201,12793,2596,9414,13116,12337,6247,3671,6475,10626,13286,13239,8588,475,4821,9777,10912,7537

test suite373
bestAPFD:0.880296
bestSuite:3006,46,25,9501,7646,9918,11576,6383,4255,2907,10523,5666,8184,6624,8163,11140,6207,7879,7479,5709

test suite374
bestAPFD:0.896115
bestSuite:4713,12444,2839,7256,9331,10852,7430,4129,2147,10227,4919,8434,7121,6103,7996,2283,3063,4947,1981,5511

test suite375
bestAPFD:0.884333
bestSuite:5465,4991,8958,11449,1594,2261,11113,735,1937,12866,8661,33,1072,7963,7343,2858,1003,1780,5367,13303

test suite376
bestAPFD:0.878501
bestSuite:12195,3446,3599,12466,3774,6970,7216,1849,12307,11909,387,2012,399,12120,11231,4463,8910,11752,4315,10520

test suite377
bestAPFD:0.874843
bestSuite:13429,9265,10145,6991,4501,3827,36,4759,12630,12873,10763,9565,5367,13297,865,662,9311,6988,8569,426

test suite378
bestAPFD:0.873214
bestSuite:3386,11612,12661,6539,623,13280,7698,6329,12755,798,4376,13331,6983,7676,10858,3837,2520,1529,115,7484

test suite379
bestAPFD:0.896649
bestSuite:2923,7860,6725,11695,7375,8107,4172,9084,4339,10521,7738,103,5481,681,9589,13040,6791,1804,1504,13210

test suite380
bestAPFD:0.875154
bestSuite:11494,3551,8242,3364,8464,12622,10305,10519,9660,12692,5755,4181,9402,3007,1869,12818,5678,9769,11876,672

test suite381
bestAPFD:0.870089
bestSuite:3723,3292,2351,1882,6514,6489,8508,1349,4547,1412,2743,11362,7165,9196,773,4052,1098,4402,1486,2412

test suite382
bestAPFD:0.880372
bestSuite:9509,8361,3765,4686,540,6517,11945,12899,13079,4660,3485,9322,12084,9577,5155,3487,848,8542,4543,249

test suite383
bestAPFD:0.868579
bestSuite:3866,1376,4119,11896,6095,1533,13151,1356,2616,513,9140,5738,9591,9737,1322,11921,6453,8124,725,9970

test suite384
bestAPFD:0.868405
bestSuite:1689,6554,5383,13407,6042,11026,10310,12633,4229,7819,10867,6695,10796,13238,9766,6514,4031,1621,3725,1969

test suite385
bestAPFD:0.870821
bestSuite:5150,2270,709,896,11675,4623,12361,5084,10911,2875,12170,8671,2408,11390,4188,12210,11022,4746,2409,6503

test suite386
bestAPFD:0.869804
bestSuite:11421,4005,8900,11180,13156,12116,13108,8001,503,7459,1054,8383,2377,3796,2809,2891,2235,8870,1887,2769

test suite387
bestAPFD:0.876382
bestSuite:9453,12884,5953,8559,6416,1108,12869,6716,3045,5713,6731,13261,2052,3689,7484,8731,7184,5320,7669,10155

test suite388
bestAPFD:0.872257
bestSuite:11631,5535,2077,9897,894,5463,12732,6979,2314,6231,8471,3155,4941,6347,9124,2019,9798,8098,12747,7989

test suite389
bestAPFD:0.879313
bestSuite:2263,558,355,173,12766,2880,9494,11692,13303,4493,3600,4951,12157,13264,12058,7266,2210,1470,9278,12045

test suite390
bestAPFD:0.864032
bestSuite:8317,6452,4722,7002,5072,1620,3356,6544,5588,5450,10634,10657,8590,11434,2279,1153,1655,6285,7958,11976

test suite391
bestAPFD:0.887563
bestSuite:7087,6144,7131,6634,2230,9980,5008,204,5561,9489,685,12250,5773,1599,4824,1683,6608,8229,2944,9016

test suite392
bestAPFD:0.879962
bestSuite:5986,9055,7496,1137,1547,9879,10592,3486,6970,13172,12077,1637,11293,5204,9668,2033,7579,8664,2595,5781

test suite393
bestAPFD:0.865205
bestSuite:1158,10970,9251,7405,3091,9386,12031,855,5485,673,3635,11778,10977,6290,10701,9127,925,67,6847,5285

test suite394
bestAPFD:0.876908
bestSuite:5746,950,7626,5323,4143,7075,11680,5591,10548,12949,6187,3819,707,3523,382,7015,6862,655,4516,12085

test suite395
bestAPFD:0.884147
bestSuite:1440,5628,8112,337,2238,11873,11042,9492,6353,10492,1703,12872,3676,13239,7536,6681,6601,848,3226,734

test suite396
bestAPFD:0.870462
bestSuite:3470,8906,6995,11656,15,7357,10518,2249,1050,7105,10780,7864,6567,4959,8382,4054,10835,10457,9141,5080

test suite397
bestAPFD:0.867237
bestSuite:9908,1618,1107,940,11632,4259,4160,13406,4931,5942,11889,225,4607,4169,8584,1517,1248,10317,4699,7929

test suite398
bestAPFD:0.877407
bestSuite:6970,8353,10983,325,8166,9506,5847,5936,10920,6258,10462,6933,2862,5765,8263,5785,6952,9818,8683,5616

test suite399
bestAPFD:0.875169
bestSuite:13187,9792,7274,1493,3423,7688,1865,12750,973,4122,1332,519,1620,4234,6000,7327,1144,1463,7818,6460

test suite400
bestAPFD:0.881288
bestSuite:45,5574,8646,9192,10859,4483,763,3561,1451,5450,13290,9613,1089,2655,5900,13040,3309,2652,4059,6882

test suite401
bestAPFD:0.885471
bestSuite:6711,13330,5020,3560,11071,9529,5044,10395,54,8591,3674,8334,1677,4611,795,8042,1040,2711,6995,7594

test suite402
bestAPFD:0.871573
bestSuite:3608,1920,5141,1614,2819,6078,13072,11409,4850,43,9748,2857,10183,4190,6737,6650,8001,2567,9600,4189

test suite403
bestAPFD:0.905172
bestSuite:7271,900,6806,3507,4969,2108,6786,8503,999,11237,7920,1828,5362,6872,4009,7479,3482,1427,8941,5473

test suite404
bestAPFD:0.883095
bestSuite:10380,2079,1485,2577,5148,1616,51,4662,12149,12826,1254,11353,11998,3130,9254,4202,9806,1809,8195,3213

test suite405
bestAPFD:0.884119
bestSuite:9720,6574,11617,12416,11044,3867,6484,12199,4377,2075,11564,12291,5678,1920,11307,783,10671,8460,6384,7892

test suite406
bestAPFD:0.877426
bestSuite:3913,13521,8357,5435,12008,7496,12248,878,2323,11047,4222,10786,988,9171,1297,10004,758,11771,454,1498

test suite407
bestAPFD:0.864851
bestSuite:12914,13119,3420,7085,778,4133,10509,11666,11369,1593,3244,5533,9067,7488,7262,11026,5249,1209,8000,2853

test suite408
bestAPFD:0.872594
bestSuite:10972,1978,11303,643,2960,6260,9192,9972,3528,6492,12000,13299,725,8356,6104,5354,6006,11855,2082,1776

test suite409
bestAPFD:0.862500
bestSuite:3573,11093,7759,616,7418,11465,9614,1580,2979,4620,8928,11547,4669,11142,4858,10467,3277,13250,3074,879

test suite410
bestAPFD:0.864818
bestSuite:34,13000,11696,9504,12744,7995,13190,3602,12556,4904,3734,1949,8465,2582,3623,2860,9051,8099,7839,10534

test suite411
bestAPFD:0.876570
bestSuite:8226,11046,4370,3853,7824,11122,2121,9799,12146,10241,11360,9812,7636,9419,10163,12087,2485,8188,6589,6942

test suite412
bestAPFD:0.887377
bestSuite:11501,5670,13259,8782,6711,13159,11823,10520,12232,12312,13479,9331,9286,8543,2316,10183,11946,7832,9125,4037

test suite413
bestAPFD:0.882425
bestSuite:7148,8815,3998,3406,8904,12540,10775,12421,7402,5856,4471,7100,12295,5678,9173,4023,9444,5399,4434,2196

test suite414
bestAPFD:0.894534
bestSuite:9414,2573,630,8663,13346,4991,3048,2993,7674,9613,6026,3765,8075,2851,1830,5695,5455,2592,6740,1453

test suite415
bestAPFD:0.875870
bestSuite:7212,8664,10487,5000,9489,3136,13436,2249,4570,10712,10806,1772,10584,2437,6217,3689,8267,12970,9912,9761

test suite416
bestAPFD:0.890065
bestSuite:13043,12629,823,5340,10447,12753,10360,11985,11658,8083,6840,13488,1998,4852,10109,9027,11797,11802,8876,4789

test suite417
bestAPFD:0.856527
bestSuite:8691,9585,4290,1930,6644,9260,11138,13047,6374,7898,2322,2863,6969,4324,11170,9034,4229,5472,13522,1945

test suite418
bestAPFD:0.855064
bestSuite:5136,4937,9631,6323,1889,6,12363,5602,12613,8823,10572,13282,3573,7393,3558,4069,450,815,9882,1984

test suite419
bestAPFD:0.867236
bestSuite:4625,5048,4530,11677,12473,817,12935,11242,10589,9211,2147,5501,4627,3811,9679,12940,3409,921,800,4519

test suite420
bestAPFD:0.888659
bestSuite:6578,13074,5170,2274,5127,6565,12920,10101,10805,10238,11233,8465,7841,2996,9462,3059,6004,6288,1399,8812

test suite421
bestAPFD:0.898636
bestSuite:210,5946,12583,11508,8919,7887,1936,11067,13522,1200,13132,6662,4944,9793,5349,11943,5917,7483,4843,9783

test suite422
bestAPFD:0.883024
bestSuite:9069,8941,4322,13330,6391,7270,500,12921,7203,10516,8488,2091,2315,10164,2542,2502,8553,5713,911,12251

test suite423
bestAPFD:0.876011
bestSuite:12945,7305,2963,11581,12447,10470,8723,2456,2304,9247,3035,7154,5708,3226,2913,3158,5621,614,6695,2729

test suite424
bestAPFD:0.873578
bestSuite:7062,9418,2900,12072,166,10858,13186,1631,8191,100,5854,12107,4730,11164,10709,12071,12828,2093,5216,3841

test suite425
bestAPFD:0.868261
bestSuite:3725,6817,7436,4867,4952,10209,1294,588,1996,12381,12101,4794,11809,10796,4134,6955,9318,11911,3050,918

test suite426
bestAPFD:0.889532
bestSuite:6474,7418,11584,1009,11036,1963,11207,10357,9991,11812,4104,12059,9646,6830,396,5534,3334,4093,8122,5011

test suite427
bestAPFD:0.882745
bestSuite:430,5150,6736,3342,7433,1088,2224,12532,12303,9338,13462,7685,7288,7143,6936,4201,1476,9779,12306,11466

test suite428
bestAPFD:0.872302
bestSuite:1289,11437,13127,6115,7017,10597,8715,12679,6061,7726,4319,1345,4949,4368,3675,5645,4751,4885,10751,12087

test suite429
bestAPFD:0.863084
bestSuite:13069,7535,4345,6009,3454,7240,6819,1058,8833,10043,10249,10734,2392,11463,1178,498,4438,13436,4887,5723

test suite430
bestAPFD:0.882277
bestSuite:11419,6632,6972,12990,10387,12943,9344,12268,13392,1265,4673,3441,2764,3889,4787,8970,8066,1959,8098,5504

test suite431
bestAPFD:0.876002
bestSuite:9647,10388,5187,7298,1295,11388,2721,12146,11448,3224,10329,3605,9830,592,6310,3825,3672,8095,702,9955

test suite432
bestAPFD:0.877541
bestSuite:5344,5313,12457,12939,10506,8317,841,4861,7677,7957,5048,1576,12379,9081,5252,2650,8329,1891,5859,11817

test suite433
bestAPFD:0.892742
bestSuite:1992,4915,9947,9165,6949,11914,7416,11221,510,13015,5690,9468,5124,1366,11832,7783,496,9305,2956,7051

test suite434
bestAPFD:0.885763
bestSuite:2383,4637,312,6143,12757,13498,11398,1553,2173,7798,8526,10805,2019,9374,7288,9021,1830,6782,415,3340

test suite435
bestAPFD:0.874599
bestSuite:3998,9956,8326,10962,833,11999,4491,5951,7463,435,10133,11856,6011,7724,4375,12033,895,11897,3542,4934

test suite436
bestAPFD:0.886709
bestSuite:9158,5313,5208,7147,12540,13305,12352,5518,13372,9354,1359,5618,11204,12588,8796,12543,3076,9403,681,4646

test suite437
bestAPFD:0.871929
bestSuite:7320,3227,8437,1527,12566,10540,2786,5245,9188,4153,796,12145,13047,8666,4105,9678,2433,1686,8219,9469

test suite438
bestAPFD:0.889951
bestSuite:8665,9635,11833,12416,2554,4088,3866,11329,5026,3042,9575,10888,7037,8924,6547,5973,5109,2667,8013,11815

test suite439
bestAPFD:0.875739
bestSuite:7324,7075,3652,3687,13325,11681,11925,10692,10467,218,3099,1211,13019,2645,3579,5262,7256,1490,3812,13356

test suite440
bestAPFD:0.883626
bestSuite:8841,8947,1790,10385,13359,7008,10575,73,9373,6470,3568,13373,2575,9818,711,7262,3276,9736,1270,5877

test suite441
bestAPFD:0.877123
bestSuite:4833,3952,11058,7232,2982,616,2695,1969,7824,3559,623,11338,11448,5542,7773,5929,3841,1506,1270,2677

test suite442
bestAPFD:0.858773
bestSuite:12531,7101,7776,6076,8223,11007,5252,3233,336,7147,8543,2858,11197,13394,303,2029,9855,7940,2934,1866

test suite443
bestAPFD:0.862722
bestSuite:2734,6046,6610,13408,12185,4079,12834,3095,4192,12386,9736,8276,5584,9942,10003,12871,1214,12288,5569,12058

test suite444
bestAPFD:0.891418
bestSuite:4344,2982,9891,9990,11525,3406,3303,11763,3460,6355,4936,4592,10081,10703,7906,9875,6907,8563,4244,2873

test suite445
bestAPFD:0.871311
bestSuite:9283,10362,1161,11486,8141,13121,12254,1575,4934,2675,7921,10227,2047,11179,7105,2297,8605,3436,2902,11905

test suite446
bestAPFD:0.875359
bestSuite:6586,1292,11579,7765,9449,160,12645,12814,2008,10058,5721,6902,5872,7864,1797,9669,212,9263,7630,5630

test suite447
bestAPFD:0.875918
bestSuite:3472,2255,8782,5676,1690,3562,7411,12569,4351,13292,12045,1172,7558,59,10583,4216,1519,2729,6741,10018

test suite448
bestAPFD:0.891609
bestSuite:1045,9763,2050,9692,11151,3275,6326,11253,6261,3548,7672,5319,12142,6455,10694,4077,9402,5220,3976,4646

test suite449
bestAPFD:0.872442
bestSuite:8059,5799,6066,124,4813,13197,354,11530,6465,9894,2075,13244,633,2402,673,9017,8927,1513,5748,4369

test suite450
bestAPFD:0.878005
bestSuite:8353,9558,4312,12935,10132,12356,5620,12559,2855,4700,8243,11359,888,514,3410,5326,8925,1407,13240,7715

test suite451
bestAPFD:0.883320
bestSuite:4325,9787,7982,11648,616,13421,11078,3516,1588,10226,5035,390,7100,5255,798,11099,5533,6512,10844,10808

test suite452
bestAPFD:0.897589
bestSuite:2879,13429,7821,6016,13183,846,9745,2604,11826,2627,8248,2425,8473,396,9653,7062,4359,13233,2488,2851

test suite453
bestAPFD:0.864033
bestSuite:8019,11503,5572,8707,4832,12717,4443,9642,1224,9146,10746,11369,645,12039,7407,556,9610,13237,4227,4214

test suite454
bestAPFD:0.895613
bestSuite:13433,5510,5947,12353,5287,1105,2845,5584,2152,8807,12835,5239,6473,12240,4815,8215,4836,7005,8998,9454

test suite455
bestAPFD:0.881220
bestSuite:12991,3505,10616,5348,7396,13031,7788,8313,6441,4857,3581,4560,6360,13246,472,2647,7629,8523,1806,3158

test suite456
bestAPFD:0.890620
bestSuite:6711,9380,1811,7655,11970,11632,6900,9176,4001,5267,6088,5969,5962,4728,1726,3693,7668,12268,4039,3902

test suite457
bestAPFD:0.886519
bestSuite:1129,5403,11873,6721,12463,3538,11143,3591,9843,6523,5584,13099,1290,5472,9991,1652,1475,12235,9379,7398

test suite458
bestAPFD:0.885850
bestSuite:13433,8563,11486,11931,899,3794,437,13332,10696,3615,6129,8790,763,3158,9600,5043,1804,2265,8253,4450

test suite459
bestAPFD:0.891244
bestSuite:3952,6335,42,9765,11036,9611,12114,11191,10637,5925,8355,11129,9489,8211,9845,11791,3990,5536,3294,9446

test suite460
bestAPFD:0.870927
bestSuite:9657,6614,5440,11486,12499,4590,12657,11105,7768,10910,9114,697,4751,13476,10900,1199,1293,8984,8774,5091

test suite461
bestAPFD:0.869052
bestSuite:12263,3206,2216,13055,3941,5936,12769,11868,10008,5061,5228,2041,2572,9270,4455,2934,1317,5612,6501,2753

test suite462
bestAPFD:0.858172
bestSuite:6743,285,6387,11133,4289,4735,820,773,7358,2846,3605,10592,10781,6322,8654,10734,12065,8288,2181,8005

test suite463
bestAPFD:0.877247
bestSuite:7397,6951,8749,12724,1035,6903,8799,10135,6034,1497,11920,12786,7451,2808,11902,889,7149,9301,3220,10423

test suite464
bestAPFD:0.862561
bestSuite:4325,10968,3286,9370,9834,10550,3871,9347,3501,1940,6679,1680,12332,12106,11374,10564,2677,2884,10878,6654

test suite465
bestAPFD:0.864862
bestSuite:7012,687,9549,12168,3900,2228,12899,1045,3793,12538,12259,3615,8753,7217,8408,12116,4144,4888,9620,4982

test suite466
bestAPFD:0.871575
bestSuite:9159,5468,6527,449,8902,12620,9505,11135,2246,4360,10524,11239,9137,5019,5628,5132,5559,10415,4104,7346

test suite467
bestAPFD:0.881016
bestSuite:8963,1331,12668,1825,13506,12277,2694,11160,10777,11554,3516,12901,862,11544,3787,3705,83,12231,4391,1962

test suite468
bestAPFD:0.881098
bestSuite:9949,11703,6549,11629,10147,12661,2454,3145,9293,831,2834,2641,6889,649,9329,10416,1373,6958,6583,1265

test suite469
bestAPFD:0.866094
bestSuite:3144,12629,8775,3806,4226,1321,4451,1251,6829,12389,11466,11813,13516,1542,5788,6879,6487,6166,10596,11951

test suite470
bestAPFD:0.882869
bestSuite:8950,5,8160,12392,15,12511,4850,3142,6661,2531,343,10600,2557,4847,10542,3224,3603,9452,10097,4172

test suite471
bestAPFD:0.888903
bestSuite:3180,7781,8645,174,1977,4732,8352,12065,11243,1754,12823,5538,1234,13444,10076,1614,12063,3140,5124,7716

test suite472
bestAPFD:0.878690
bestSuite:609,11502,1077,11020,7720,3016,2924,12266,12903,230,10496,12207,10400,4644,3759,2555,4314,5995,2583,6472

test suite473
bestAPFD:0.880712
bestSuite:1980,7795,12148,5080,315,10931,9560,4133,9096,1813,2142,8189,10846,10665,10010,662,10413,6978,7358,7705

test suite474
bestAPFD:0.868419
bestSuite:126,10985,9616,2072,4358,147,13189,3091,13385,1169,10806,8223,4232,3115,10783,1875,7065,3936,2486,2856

test suite475
bestAPFD:0.875467
bestSuite:13380,2444,3066,1453,4054,5271,10584,6650,12534,10876,10640,2337,12914,12236,9866,8021,2952,2344,10425,3454

test suite476
bestAPFD:0.885518
bestSuite:3446,5681,1509,3961,7455,7607,12202,929,859,13464,8706,5926,7155,10662,9289,7830,9369,4128,7312,2571

test suite477
bestAPFD:0.896048
bestSuite:1847,13363,11868,11091,8608,3815,1704,5497,11213,11135,2897,684,8537,5202,6464,2932,7425,4591,3762,6407

test suite478
bestAPFD:0.871557
bestSuite:5150,13090,1839,7451,8502,7491,9905,12504,11392,11642,7069,5220,6566,1324,4529,9294,8895,5795,9445,7926

test suite479
bestAPFD:0.886778
bestSuite:11034,517,13222,2882,13416,12568,11107,9359,7352,4683,6916,2022,11809,7531,4893,1736,9250,7625,1163,12362

test suite480
bestAPFD:0.864124
bestSuite:4380,7631,12594,3127,6619,617,12864,6181,7230,9165,9900,4453,7732,12620,5256,3064,1492,3606,11980,10721

test suite481
bestAPFD:0.861692
bestSuite:4538,9862,10938,1137,9948,11617,656,3664,9937,10756,5719,4802,6829,10928,3438,11557,9408,2142,5717,10403

test suite482
bestAPFD:0.859281
bestSuite:4497,3947,2244,2597,4330,1797,8746,2055,12549,8109,7464,10524,12017,9306,9367,9472,1488,475,10283,4961

test suite483
bestAPFD:0.901874
bestSuite:9083,701,11510,9895,346,11017,10138,2625,13482,782,11347,9958,3419,10199,9323,1864,3496,10147,7879,2870

test suite484
bestAPFD:0.896068
bestSuite:3125,2226,9378,3863,10575,9102,1598,4519,10219,3263,3401,9396,3883,10474,10470,7203,936,10584,5254,10624

test suite485
bestAPFD:0.867763
bestSuite:1613,8948,13463,5852,2734,5569,12728,3710,13121,13276,3212,3473,6687,144,12831,2559,8055,5690,1065,8200

test suite486
bestAPFD:0.867051
bestSuite:10364,11828,2801,272,330,8157,12583,11518,4028,149,4229,481,7847,7370,7832,9460,4603,6672,2316,10454

test suite487
bestAPFD:0.875342
bestSuite:3432,987,11196,3698,13371,2494,12252,4064,816,10871,3712,12673,8448,7638,8899,4220,9898,8364,6093,1873

test suite488
bestAPFD:0.882155
bestSuite:3354,11637,5247,11131,5551,13433,3845,6135,12540,5777,11669,3995,13484,4938,13160,3773,6204,1297,8115,12524

test suite489
bestAPFD:0.891972
bestSuite:8841,4959,12685,3969,4084,3173,8390,4914,6645,12423,5853,10447,10080,6818,11722,12157,7077,102,4114,617

test suite490
bestAPFD:0.898236
bestSuite:7712,7798,11694,4990,11085,12520,1973,6019,808,2159,6408,1061,9291,9582,8876,1400,7477,5780,4208,5933

test suite491
bestAPFD:0.875081
bestSuite:5489,12393,8909,9409,12624,3012,3762,8564,3477,8029,8941,575,11186,2299,12136,5749,11867,7546,7255,12021

test suite492
bestAPFD:0.869299
bestSuite:7719,5745,1920,12402,1767,3462,9710,13149,1552,2107,123,10032,11240,12013,2714,1777,6835,2392,2801,728

test suite493
bestAPFD:0.887462
bestSuite:3446,4349,8496,11795,9849,578,12110,1612,6300,5947,8570,2640,2272,3949,1967,273,6027,12687,858,3901

test suite494
bestAPFD:0.858881
bestSuite:11594,4250,7854,1866,7364,4237,3456,3675,12005,13,10247,8244,9779,6348,5116,13034,2820,2122,4018,5489

test suite495
bestAPFD:0.883210
bestSuite:170,1877,1865,11515,4956,12585,7157,5635,6942,12371,7032,4158,8834,6088,7969,4770,652,12499,1785,9335

test suite496
bestAPFD:0.855752
bestSuite:2374,12905,3867,13165,3413,2111,1165,3148,11655,194,2538,275,13292,5591,10336,3133,7056,13227,1241,11520

test suite497
bestAPFD:0.879429
bestSuite:6816,2079,1933,6544,12003,5980,3802,5946,12520,2999,7475,11929,2195,8152,7521,10609,8788,4144,5758,575

test suite498
bestAPFD:0.902941
bestSuite:5130,3654,8491,8353,12068,3735,2133,3709,4845,7066,11280,1706,7101,8605,11784,9311,1609,1583,6430,2526

test suite499
bestAPFD:0.879229
bestSuite:8709,1935,9521,10529,11486,6090,12341,6333,9044,3756,10741,4127,12560,10050,5878,4135,9066,3946,5417,1203

test suite500
bestAPFD:0.869325
bestSuite:2439,1372,11551,672,10045,11981,6025,2075,7931,5240,8890,4082,7225,4555,8255,2853,7400,5046,7580,9856

