test suite1
bestAPFD:0.905938
bestSuite:8221,13393,11883,8278,8754,8316,8495,9441,12986,4592,4782,2587,1207,10938,3866,12464,5111,12229,2901,10743

test suite2
bestAPFD:0.906926
bestSuite:2175,8754,11970,1816,2285,13155,2018,11717,3579,12197,13505,11807,804,8210,7971,2101,13195,6332,10475,10110

test suite3
bestAPFD:0.919384
bestSuite:11627,8104,856,5913,9032,9727,5749,1852,12227,7346,2062,9243,1569,7544,5283,1412,2192,12758,12011,7596

test suite4
bestAPFD:0.899013
bestSuite:3865,12234,9509,11344,4175,149,912,5504,6669,12457,5664,3534,293,263,5739,4278,8439,4468,3509,8082

test suite5
bestAPFD:0.906994
bestSuite:12663,11688,8336,6494,187,7873,3592,9452,7059,2123,1237,7061,12504,12294,8537,9507,9839,2519,9319,13277

test suite6
bestAPFD:0.895615
bestSuite:11009,4284,5042,949,7598,4143,9077,3650,30,5367,9488,2534,13257,10477,392,12402,10640,7050,922,10748

test suite7
bestAPFD:0.899166
bestSuite:3739,4530,13117,5499,5057,4593,7080,7363,2589,980,12700,13325,1444,3934,7400,4834,10274,10725,8631,13469

test suite8
bestAPFD:0.901184
bestSuite:11495,8984,1540,1098,128,7725,2802,7889,7410,2739,4785,7444,12618,11849,1993,13292,6245,11674,6001,10175

test suite9
bestAPFD:0.910208
bestSuite:9607,8585,5123,434,6101,9305,3850,12897,1699,1575,11926,11504,3238,3034,6486,4942,10853,6092,12833,13281

test suite10
bestAPFD:0.919330
bestSuite:10972,4409,7596,10365,3371,7081,6321,6084,12516,5989,8997,9022,10755,8391,4913,9581,11854,1382,7906,10113

test suite11
bestAPFD:0.920484
bestSuite:11424,2865,3227,6567,8896,11137,8160,9543,4902,7316,3688,8440,4148,5414,10760,10823,2463,10780,20,10699

test suite12
bestAPFD:0.903354
bestSuite:2837,6897,9056,12517,10381,1554,6948,12379,6547,5126,3082,2166,7689,4560,7794,12866,5112,10256,284,10542

test suite13
bestAPFD:0.894461
bestSuite:4549,5630,12651,3949,8207,9840,3902,5496,6230,12369,8594,6762,11563,11784,6505,7227,9964,3295,5857,12813

test suite14
bestAPFD:0.905308
bestSuite:11437,3885,11005,5378,6956,1017,2719,6712,4531,12920,605,236,6435,6196,4719,11141,5865,1755,12818,13284

test suite15
bestAPFD:0.898776
bestSuite:4250,5577,1710,671,9710,6829,561,663,13145,3572,12634,11741,8691,12109,4445,10478,10720,9910,10187,10114

test suite16
bestAPFD:0.916561
bestSuite:1468,12441,13117,1217,9299,7083,3354,4301,5082,8714,4918,7359,1135,1594,77,572,1475,4182,3213,10747

test suite17
bestAPFD:0.913093
bestSuite:40,5517,4080,2587,11943,5586,11516,12550,5470,4932,2443,6659,352,13002,10776,924,1701,9351,9373,7568

test suite18
bestAPFD:0.922158
bestSuite:2366,2412,868,4236,2040,12413,9583,7921,9208,477,11785,13448,10777,10918,212,5021,8066,6074,8297,9004

test suite19
bestAPFD:0.917558
bestSuite:9346,5852,519,6188,5237,1288,6720,8307,6598,3556,12656,8122,9334,2773,3995,4204,1033,3179,6919,2383

test suite20
bestAPFD:0.910547
bestSuite:319,8563,11048,5764,2376,3805,3545,826,7959,901,12768,1738,7252,781,10778,2535,7950,1869,11821,2847

test suite21
bestAPFD:0.881809
bestSuite:3375,5240,3161,7167,6682,6703,5206,11575,782,1707,3082,3838,1821,4651,6197,12843,7322,10439,11460,8324

test suite22
bestAPFD:0.916537
bestSuite:13042,2037,3553,2909,10924,5899,3842,667,4699,813,6364,6388,10482,10929,11681,1474,1735,7017,12833,13244

test suite23
bestAPFD:0.907070
bestSuite:3006,8718,1860,5011,6007,9167,3114,3672,5973,1806,8788,11158,7898,5286,8540,2248,8145,2584,2545,1066

test suite24
bestAPFD:0.923258
bestSuite:11006,7003,6805,6155,2117,4586,3524,7797,6479,8076,3810,244,9861,9795,11917,9246,9924,10412,5851,10208

test suite25
bestAPFD:0.887287
bestSuite:4268,7188,2949,4587,4783,4426,8384,11813,11670,12391,2325,102,10505,2519,10469,11049,950,11950,7302,12188

test suite26
bestAPFD:0.908425
bestSuite:13311,5022,3698,7895,11615,441,12378,1854,173,8359,8339,2920,4542,9799,12005,8351,3945,12217,10932,10521

test suite27
bestAPFD:0.912084
bestSuite:1808,12190,9830,4828,9692,11395,6660,2875,12438,3772,4033,10885,1165,9932,8132,3366,10909,8317,12169,12852

test suite28
bestAPFD:0.899832
bestSuite:11483,3692,4191,4447,13382,1326,9783,9843,6610,7425,3606,9779,7873,578,6466,7853,10460,3613,8649,10099

test suite29
bestAPFD:0.901361
bestSuite:5420,11418,9885,5334,12600,11844,10126,1314,8730,1639,8017,9636,13175,13192,11175,10783,8738,10359,7792,7744

test suite30
bestAPFD:0.900767
bestSuite:1932,2338,5992,13411,4890,12142,13187,2713,697,8491,1271,10636,8405,9570,12101,11263,11192,8717,3810,10872

test suite31
bestAPFD:0.907147
bestSuite:576,1360,11503,1447,12771,1279,2395,1445,5482,1870,13022,1546,3099,11125,4880,7946,1277,7000,10417,10303

test suite32
bestAPFD:0.906236
bestSuite:1416,3866,7287,12602,2962,9065,9900,7485,4292,9061,7639,2060,7325,4864,13518,12267,7370,3441,4373,2488

test suite33
bestAPFD:0.894448
bestSuite:8479,9673,12226,1554,4623,13169,8637,2978,7297,6515,3896,3448,8494,3817,10736,11953,11680,11775,2894,10169

test suite34
bestAPFD:0.905274
bestSuite:522,12099,8025,10994,5960,2252,325,6408,1714,9597,6103,5959,7404,9348,3577,10481,3099,10473,1001,10065

test suite35
bestAPFD:0.901398
bestSuite:9549,11007,8093,3280,2136,11128,8195,3740,8419,12491,5414,11675,5541,9620,2396,12556,3776,1065,11336,10492

test suite36
bestAPFD:0.895390
bestSuite:9242,13112,2351,6742,5492,5723,1347,3384,6714,4306,3052,3280,9235,1346,3533,4041,12510,8288,13356,8732

test suite37
bestAPFD:0.899487
bestSuite:5519,9552,5985,64,13401,13409,144,12373,364,12198,11838,3238,11543,539,2269,1648,13203,11788,10293,13232

test suite38
bestAPFD:0.917103
bestSuite:7907,8715,2564,4928,121,3253,4573,13385,13407,6908,3361,12730,12535,8183,12548,4585,2345,329,10185,10074

test suite39
bestAPFD:0.898572
bestSuite:11414,6976,1681,1452,1201,8532,5477,13521,7127,7194,12560,5370,11224,1875,10392,11534,1738,3179,11830,12817

test suite40
bestAPFD:0.904962
bestSuite:5698,12006,3597,9013,7055,2413,8368,6428,4546,4407,11180,12807,12879,13297,13409,11169,3312,2539,2754,7945

test suite41
bestAPFD:0.928122
bestSuite:2267,1499,3711,3922,9424,56,13010,11195,9997,7883,11192,10955,13202,3357,905,3550,9267,5160,7384,10088

test suite42
bestAPFD:0.896849
bestSuite:6101,6944,703,3002,6540,12670,9041,125,816,3408,12565,12294,11843,12485,11650,5572,9666,11970,13281,4938

test suite43
bestAPFD:0.935984
bestSuite:1084,8497,5480,7892,578,4416,2636,9473,9464,2469,9986,11937,11934,7227,8657,11851,673,10406,10180,10118

test suite44
bestAPFD:0.913953
bestSuite:908,11043,12739,9847,3741,9695,5193,10362,1327,11667,2707,11731,9722,5177,1373,7575,5254,9959,7674,5343

test suite45
bestAPFD:0.896034
bestSuite:4922,128,3903,4458,12969,1719,6822,9956,4635,7950,11582,7503,5362,1912,4826,9714,4448,1886,9769,1756

test suite46
bestAPFD:0.921829
bestSuite:9123,4986,10135,3377,8302,5102,11030,2718,5579,12358,12156,3244,7287,5836,10932,8584,10847,5191,10416,2219

test suite47
bestAPFD:0.922201
bestSuite:5483,4167,7060,2816,7662,3449,13116,11092,12622,12883,9989,1426,1290,11671,12140,1991,8828,12841,5367,9818

test suite48
bestAPFD:0.876989
bestSuite:11426,12361,5265,11149,932,3308,5026,4672,5990,6479,765,11586,10651,10377,9622,7442,11294,11335,5232,3152

test suite49
bestAPFD:0.913297
bestSuite:2902,8108,11397,3728,3123,2347,730,724,12741,12575,12165,7994,4989,11813,10814,2916,87,8883,3376,8152

test suite50
bestAPFD:0.913086
bestSuite:701,5241,1702,3200,2099,6195,7581,12587,12733,1893,11145,8124,6767,7489,6741,62,6440,2802,6125,10022

test suite51
bestAPFD:0.913129
bestSuite:2134,1540,6609,2299,8111,7425,4244,9255,5058,2895,6788,9507,12231,12527,6732,11058,12876,9290,4581,10232

test suite52
bestAPFD:0.921459
bestSuite:6809,2958,2422,11639,3872,1897,2587,40,4044,11310,5667,4799,2011,7297,2163,12254,13271,1080,10663,11355

test suite53
bestAPFD:0.902756
bestSuite:2673,9925,8126,9421,4300,277,9883,8084,9996,2313,8389,13522,2773,5823,11762,11258,11384,7970,13280,13244

test suite54
bestAPFD:0.914574
bestSuite:11603,4431,10137,10129,9501,3925,9148,10597,9344,421,2749,11700,5608,4224,8333,4849,2537,4089,8277,144

test suite55
bestAPFD:0.887480
bestSuite:7824,71,2733,362,652,9779,3394,2874,8140,12929,10956,11544,10431,2128,12495,1962,11388,10731,10419,3907

test suite56
bestAPFD:0.899055
bestSuite:658,11630,5948,2988,5447,3709,9114,683,12603,8895,3815,3043,3485,2064,12704,5064,1328,3801,1477,11186

test suite57
bestAPFD:0.899857
bestSuite:3566,7284,7268,354,7306,3475,8092,2031,8884,8460,12316,13183,2492,11299,10541,9776,6168,5968,13300,10233

test suite58
bestAPFD:0.914257
bestSuite:11502,1150,3196,5471,2688,2097,4688,7392,6494,11120,10916,4052,7797,10552,10481,9684,9863,549,9596,9911

test suite59
bestAPFD:0.906356
bestSuite:445,4621,2307,2379,3769,6826,11228,9296,9604,12618,11294,11980,2917,1172,7619,1565,13201,11876,10271,5939

test suite60
bestAPFD:0.915926
bestSuite:3683,4170,1867,9179,8235,3002,9496,55,4339,12158,2148,916,2428,12225,8197,7883,7478,11093,10202,10182

test suite61
bestAPFD:0.907771
bestSuite:2126,11427,3464,6160,1812,8735,5004,9114,1217,12075,12087,9857,5892,1051,10261,9728,10596,8588,13375,12962

test suite62
bestAPFD:0.896071
bestSuite:12915,1907,2578,13103,8376,2591,5141,11182,3637,3159,4671,3649,2339,12505,12404,4494,8171,265,1168,10450

test suite63
bestAPFD:0.909342
bestSuite:5884,3900,1023,2203,13506,12770,12305,12613,13366,10131,11471,1126,2150,10324,3156,2410,233,4216,6870,2042

test suite64
bestAPFD:0.888906
bestSuite:3422,9792,7755,9538,2002,12365,9976,4500,9420,8280,12580,12779,179,8249,10128,1817,11773,5985,13411,5504

test suite65
bestAPFD:0.886395
bestSuite:3414,2745,236,3381,12902,4430,1800,12359,8900,10883,9525,10603,12873,11382,10,4109,598,3513,9689,10009

test suite66
bestAPFD:0.916295
bestSuite:8632,3375,4587,411,2867,3791,4486,1816,2818,12217,1034,12274,9877,6127,4469,1210,4458,2186,9214,10174

test suite67
bestAPFD:0.876808
bestSuite:6764,876,2133,6560,5613,4815,7577,8671,3237,8323,12742,13099,3186,12546,12214,9945,11198,2523,8717,10243

test suite68
bestAPFD:0.917406
bestSuite:5519,6136,2837,6999,3978,8085,1261,2854,3707,4244,7972,1934,6096,4015,11925,3904,11724,3482,2806,9703

test suite69
bestAPFD:0.911994
bestSuite:318,4435,326,12720,4589,8278,2042,4965,5812,1559,9375,11125,1126,4280,11001,13491,3204,11754,10341,10201

test suite70
bestAPFD:0.907193
bestSuite:11049,1257,2422,7460,10147,6412,6839,1937,11681,12841,4372,957,8057,8386,1289,7221,3570,746,10697,13203

test suite71
bestAPFD:0.911851
bestSuite:4009,9587,58,3316,2028,703,12339,3754,9928,12797,12357,5302,415,9684,10823,4821,8414,2936,3007,10576

test suite72
bestAPFD:0.910901
bestSuite:11602,7014,4137,10039,1789,5447,1043,1900,5816,5711,813,11497,13150,461,969,1696,12139,8312,8790,3159

test suite73
bestAPFD:0.916122
bestSuite:1084,189,6428,9632,6914,6255,3764,7765,3630,12204,3894,11953,7471,11449,678,1345,5947,10898,10874,2330

test suite74
bestAPFD:0.922544
bestSuite:287,9466,1639,1129,8571,3664,4118,620,11095,2833,3000,3916,2463,9961,3263,9901,13267,4602,795,9220

test suite75
bestAPFD:0.896520
bestSuite:8186,7113,4056,9513,225,3135,12344,4689,513,7603,13408,11684,6662,11164,6883,3077,10425,1703,10145,10757

test suite76
bestAPFD:0.907316
bestSuite:6967,9908,7727,6657,5121,9236,8719,9003,6584,9840,4366,2408,4177,6992,2728,8588,7525,8971,9454,10185

test suite77
bestAPFD:0.906961
bestSuite:7264,2602,7812,7102,5619,5608,12472,2057,2494,2290,13009,9233,12101,11549,12210,5200,11449,10758,1250,10239

test suite78
bestAPFD:0.919146
bestSuite:2197,8624,9151,11433,6677,3371,8476,1887,2266,2480,912,10051,11773,11110,6858,3430,6681,10250,10618,3148

test suite79
bestAPFD:0.906404
bestSuite:7759,6117,4536,3209,10367,6274,12156,11491,4573,8945,1688,10533,8083,13155,3529,2985,2345,11352,3312,8023

test suite80
bestAPFD:0.933590
bestSuite:8332,4744,7285,7914,8004,7486,7247,7119,3454,5959,5074,6589,138,11456,2922,6785,9651,6309,9566,10071

test suite81
bestAPFD:0.897109
bestSuite:4502,12967,8948,3938,4891,4517,13363,1515,8656,6125,1530,8011,12490,9909,3722,2393,13190,6605,10873,8769

test suite82
bestAPFD:0.920769
bestSuite:4837,7098,2300,8305,8516,3159,1399,3740,5073,7566,11794,10374,393,6820,9730,2591,4926,10223,1695,10106

test suite83
bestAPFD:0.912510
bestSuite:1901,6790,12908,6012,1232,5756,7797,101,249,4255,692,6788,12236,2078,1840,903,6465,1234,4882,9240

test suite84
bestAPFD:0.904285
bestSuite:389,12632,8931,8636,2379,3627,1647,3008,12664,7128,232,11576,11710,12188,7929,2981,7377,11802,5623,5374

test suite85
bestAPFD:0.894976
bestSuite:5233,2392,2056,12392,4676,739,12300,1758,7338,13067,5841,5489,7736,12964,10633,2393,2200,13160,8173,8717

test suite86
bestAPFD:0.906943
bestSuite:12654,9715,7215,4808,4005,7617,1144,5375,4952,2801,3491,984,4794,11193,11774,8435,9861,11104,13475,10986

test suite87
bestAPFD:0.903962
bestSuite:11016,7756,1321,2687,1620,4982,5450,5876,12736,35,3160,3444,10136,10621,1030,7161,3740,3800,9319,4438

test suite88
bestAPFD:0.898304
bestSuite:2435,4727,4740,3387,4382,11561,7667,2685,8350,12488,5404,2579,11700,369,12808,5433,2894,13126,8513,1826

test suite89
bestAPFD:0.911914
bestSuite:492,7176,13322,13504,10048,7053,992,8297,1535,4889,8100,6452,7989,9542,7231,12870,7660,7410,2959,10165

test suite90
bestAPFD:0.913152
bestSuite:6995,6848,3290,8114,8747,5774,300,5514,4481,5970,8046,7680,1780,9782,11134,13308,647,10584,12031,10727

test suite91
bestAPFD:0.902302
bestSuite:3006,5650,8233,9746,4262,6252,3315,2601,2867,12642,4425,9443,7121,1868,12793,9188,8272,4377,3879,10582

test suite92
bestAPFD:0.894601
bestSuite:2751,12602,12766,6068,7955,6250,4766,8581,3785,7441,8695,7836,4680,8453,5252,2697,1517,8450,3857,10981

test suite93
bestAPFD:0.918257
bestSuite:9673,1448,6959,5004,383,4187,759,10378,6306,4765,4874,10754,13056,9612,12031,692,7831,10098,7026,13228

test suite94
bestAPFD:0.902021
bestSuite:7264,2352,8501,1151,3741,2842,11001,8997,1083,1694,1595,8594,9823,11525,7452,11717,6945,10457,12300,5804

test suite95
bestAPFD:0.893335
bestSuite:6898,814,7499,3272,7886,5793,7214,3327,12670,12459,9200,12285,9391,9460,3772,7769,5565,742,13295,9127

test suite96
bestAPFD:0.906822
bestSuite:11491,10367,6176,3879,5471,760,8746,4029,8784,5050,1684,5697,2011,11398,10655,12060,4286,3401,10940,13267

test suite97
bestAPFD:0.888296
bestSuite:8236,12957,5755,11824,8138,9568,1703,12761,5005,12470,13196,5865,13448,11555,13298,3134,8892,1654,6955,4586

test suite98
bestAPFD:0.890083
bestSuite:3420,166,2037,5106,6535,1896,8175,9690,4079,6548,8473,310,5970,10120,4221,12554,11078,3030,7581,12823

test suite99
bestAPFD:0.908537
bestSuite:3866,11868,4321,206,4348,3352,9029,1442,186,9221,6502,823,12093,12733,6890,6244,4183,795,1165,8281

test suite100
bestAPFD:0.916419
bestSuite:9222,13367,5814,5839,11319,11328,2635,1580,11880,3070,9130,9470,12068,11884,4607,6837,5966,13436,4845,3055

test suite101
bestAPFD:0.900610
bestSuite:972,5376,7704,145,6253,11018,2152,6795,3969,7469,9241,12064,4583,4486,9498,5857,993,12833,7184,10715

test suite102
bestAPFD:0.899433
bestSuite:10967,1974,1166,1849,2924,8579,993,4436,12588,4569,5018,9918,11286,6845,8212,10843,3712,2123,13452,10187

test suite103
bestAPFD:0.905339
bestSuite:2943,6044,9628,2607,3764,8643,5658,5861,1240,2747,2397,9770,3520,1280,12740,10765,3001,3763,6047,13226

test suite104
bestAPFD:0.889058
bestSuite:5601,5625,5312,7849,12149,3030,4733,3925,11842,2500,5836,8583,11640,13133,5198,12135,10891,2039,3354,12813

test suite105
bestAPFD:0.896112
bestSuite:261,6402,9505,377,3085,2262,11154,2941,4422,6916,4297,12203,12291,2670,8969,2488,12327,12123,11870,10278

test suite106
bestAPFD:0.892386
bestSuite:1835,9098,3888,2006,9547,5065,9007,4187,3461,4597,2984,5010,8297,12585,5019,10567,4388,4591,13270,2277

test suite107
bestAPFD:0.903234
bestSuite:2300,2931,13391,9505,3752,5265,9,1086,11638,12414,12035,6392,9591,6210,608,8533,12844,10197,10192,10084

test suite108
bestAPFD:0.925461
bestSuite:4016,8540,14,3865,1423,9915,5517,459,40,11564,8385,3893,1470,8120,8171,8037,1919,9211,4141,10873

test suite109
bestAPFD:0.883546
bestSuite:566,8375,7812,9230,8325,3726,5495,12020,2148,1740,11504,161,12926,12048,7459,11061,10654,10801,5349,9140

test suite110
bestAPFD:0.911057
bestSuite:11519,256,9172,12439,13359,3766,1402,12556,11984,12614,6115,11561,6587,6934,10261,10043,2614,2431,8937,13251

test suite111
bestAPFD:0.924172
bestSuite:8332,9763,5222,11656,8843,12187,1084,11850,6129,2509,795,9497,11448,11083,2408,5154,5260,13495,13449,4049

test suite112
bestAPFD:0.903431
bestSuite:4341,1847,7044,12891,2820,1629,5864,12389,10963,1050,8642,2553,6348,5048,3557,12478,5370,8794,2278,3928

test suite113
bestAPFD:0.897708
bestSuite:4549,3457,5964,7912,3495,8099,6186,12195,11706,9893,7656,4300,6214,6888,9285,9983,11087,381,12016,11758

test suite114
bestAPFD:0.888618
bestSuite:13066,3855,9628,4057,11608,735,3806,9090,9527,11764,7324,3474,12937,5566,2141,11673,3715,9738,6499,8755

test suite115
bestAPFD:0.896741
bestSuite:7520,18,8616,5960,1184,11652,597,12796,11679,10523,8843,12309,8248,8686,6006,1138,10701,7315,10696,1467

test suite116
bestAPFD:0.889266
bestSuite:9795,5193,611,13519,13367,6229,3776,9120,8731,3696,10996,12085,11693,13166,12526,10843,10854,4181,7531,10173

test suite117
bestAPFD:0.900371
bestSuite:4891,6707,538,6317,12330,4678,834,8274,9958,7292,5529,7016,9555,10910,9604,12448,1147,12697,6499,849

test suite118
bestAPFD:0.923499
bestSuite:3850,1113,9931,6591,11719,7258,3860,1011,11284,8437,6226,8239,4953,1785,11347,10259,9216,390,8628,13250

test suite119
bestAPFD:0.899380
bestSuite:9322,5020,9666,430,11075,12883,10039,5716,7692,10463,7622,12732,12290,11391,2555,10802,9208,3643,8722,10073

test suite120
bestAPFD:0.907937
bestSuite:7984,2836,13099,8089,1709,9280,4301,9936,5979,6604,5802,4845,629,9902,13128,568,2744,1501,2932,10749

test suite121
bestAPFD:0.906524
bestSuite:2994,7002,646,6312,4605,6575,1494,1535,7023,6230,3335,5816,13319,11829,2488,5754,12530,3586,11287,9845

test suite122
bestAPFD:0.903283
bestSuite:2995,4171,4255,1976,6557,3965,12344,2153,4141,12705,399,10563,2693,7717,11958,8451,7125,1008,7214,13488

test suite123
bestAPFD:0.900043
bestSuite:11422,364,9883,11759,12587,4884,9130,6882,8085,6364,11582,1493,2609,2969,11469,13306,10510,2,11257,12962

test suite124
bestAPFD:0.927035
bestSuite:2793,12152,1289,8767,10916,7658,3996,993,5687,10913,8513,6214,8111,9991,410,1582,2833,13318,1954,8130

test suite125
bestAPFD:0.911080
bestSuite:5698,4332,7395,1960,1807,7359,381,9867,5339,7375,10882,11666,6767,3466,3804,5145,11350,4362,3272,9767

test suite126
bestAPFD:0.911251
bestSuite:356,11013,1795,11931,190,8950,7765,1362,4843,8105,8466,6373,3471,13395,11114,12754,9432,4666,8810,1549

test suite127
bestAPFD:0.897124
bestSuite:8651,6588,5739,8111,12417,12542,7173,12167,1705,2846,8665,12687,7017,10641,5070,3820,8508,5052,8218,8131

test suite128
bestAPFD:0.899981
bestSuite:13431,5151,9949,12711,3940,5647,2211,8471,13092,11651,938,9020,1482,11787,9143,9243,5930,9569,14,7229

test suite129
bestAPFD:0.923940
bestSuite:12475,4268,4496,8415,2529,7904,6405,9724,8048,418,8796,12479,2752,3087,13401,8945,4460,5593,12820,10175

test suite130
bestAPFD:0.891464
bestSuite:5171,3176,2970,40,2275,5562,8233,8091,13373,5061,5103,5582,560,3098,1220,5050,11983,8461,11236,10589

test suite131
bestAPFD:0.914132
bestSuite:2051,8481,513,9138,12965,7865,4370,11850,6779,4118,1490,6670,11209,3977,4030,5017,6144,12869,7499,1696

test suite132
bestAPFD:0.917993
bestSuite:4639,6031,2958,2663,4411,12895,428,282,9207,4738,2153,6810,163,6148,9526,2314,12619,8537,11453,8442

test suite133
bestAPFD:0.902946
bestSuite:8789,11048,12788,1974,7465,1284,3343,1444,7398,8903,7594,7424,9540,8787,7456,12894,11903,11645,7273,234

test suite134
bestAPFD:0.902231
bestSuite:8271,5434,3254,704,7571,4411,9517,5311,3050,5227,12497,6501,549,11582,5156,11091,1189,5888,4781,13247

test suite135
bestAPFD:0.893999
bestSuite:4250,1987,679,11041,7831,5454,2024,6328,3875,7435,85,8858,7165,4642,12760,10934,7163,10676,9837,13399

test suite136
bestAPFD:0.907216
bestSuite:8622,11778,13510,7126,12125,9780,1383,8756,3828,9447,5573,1221,11457,12829,12583,10831,1545,4074,2418,2556

test suite137
bestAPFD:0.917280
bestSuite:8929,2061,9812,11594,3191,117,6666,4734,6249,7306,3078,6876,12537,11674,5812,5701,7000,10955,3403,7032

test suite138
bestAPFD:0.912123
bestSuite:11027,7658,8336,13430,778,9230,4614,4035,8694,3663,233,11024,8440,490,11352,9937,3158,7039,8970,9652

test suite139
bestAPFD:0.910138
bestSuite:6986,6050,145,6535,12461,8117,4655,312,1814,4452,4059,9035,2967,8967,12697,2827,2349,10303,1607,3148

test suite140
bestAPFD:0.907349
bestSuite:13046,4176,9571,6394,9021,3342,462,6707,1088,5319,10867,7293,2825,8812,237,948,922,3887,1285,10234

test suite141
bestAPFD:0.906714
bestSuite:12458,13509,4117,6349,7106,121,4272,7505,9592,4741,12751,6712,849,789,11130,11226,10568,10638,1863,10238

test suite142
bestAPFD:0.897397
bestSuite:8663,3764,9043,4334,5132,8817,7557,8988,9709,12287,11622,1156,7028,5632,12736,11842,9595,9994,13407,2731

test suite143
bestAPFD:0.903936
bestSuite:9123,8454,6079,9541,7481,1532,6392,4580,10035,8588,13013,3245,3146,7744,3826,2651,1674,11018,5122,10463

test suite144
bestAPFD:0.904227
bestSuite:7397,1811,5011,3330,6807,585,11504,13352,3511,8440,6234,12713,1545,2064,2727,11533,10792,1032,3181,13464

test suite145
bestAPFD:0.915698
bestSuite:4948,6339,8952,5420,5463,11008,5305,7509,7537,1928,5603,9488,9588,6612,3744,10052,915,12178,12101,913

test suite146
bestAPFD:0.910540
bestSuite:4268,9387,9099,9157,5974,6278,7663,4224,7024,9750,8809,111,6708,4887,8268,2977,12298,10873,10327,4631

test suite147
bestAPFD:0.919234
bestSuite:9229,12103,274,6012,5290,8645,2786,9800,8677,11927,6975,7350,193,2878,2275,9782,9563,5380,2189,3226

test suite148
bestAPFD:0.912174
bestSuite:3479,2549,3850,7818,9047,11605,1659,5782,13019,7204,9288,6014,5819,11142,8864,11655,8183,5705,12339,2585

test suite149
bestAPFD:0.915318
bestSuite:4658,5519,6994,11261,2871,6817,6160,12663,12638,12717,11552,1335,1359,3345,7369,4063,4272,1777,1984,3426

test suite150
bestAPFD:0.901438
bestSuite:9435,1874,6238,935,4030,8868,6390,3694,13144,4878,9586,796,12727,10561,6585,12200,214,5462,7994,6775

test suite151
bestAPFD:0.926483
bestSuite:5171,5915,7108,4727,9309,7580,3367,4847,4452,1996,9270,3618,2157,6408,11922,9738,9646,9442,10329,6386

test suite152
bestAPFD:0.931815
bestSuite:2051,6220,12926,12889,1523,10463,4533,375,214,5775,7623,1496,3839,5975,9671,3638,9937,5599,9141,10157

test suite153
bestAPFD:0.910422
bestSuite:445,11808,3940,2896,6657,12289,12313,2403,13434,5615,6461,12532,6942,7404,4590,6125,12937,8286,13486,10112

test suite154
bestAPFD:0.920481
bestSuite:4817,11517,4574,6271,3659,4197,6171,4004,1248,13185,11797,8595,11081,152,6950,3219,809,10594,3043,7433

test suite155
bestAPFD:0.896801
bestSuite:512,1258,5536,9047,3347,7463,8836,7169,12689,11988,3013,1523,4742,8535,8769,1350,12810,8266,6888,10226

test suite156
bestAPFD:0.908629
bestSuite:7620,2253,1321,7837,1555,3160,11843,1422,6133,10566,589,4647,2506,4902,10369,6299,2046,448,7225,10983

test suite157
bestAPFD:0.894026
bestSuite:9432,4915,2359,9719,4828,7499,628,9903,8859,3968,6590,5083,11106,12352,12761,10921,3759,8461,11939,11322

test suite158
bestAPFD:0.897400
bestSuite:197,12881,2607,3571,6459,1848,2032,9777,6629,6222,560,8842,11596,1822,1232,12196,9334,6492,7920,587

test suite159
bestAPFD:0.896663
bestSuite:2533,10035,13395,2507,3272,6400,483,3830,9889,13347,9809,11970,172,7482,3369,6340,8699,3812,2065,7115

test suite160
bestAPFD:0.900387
bestSuite:8321,8486,8837,7460,5769,7360,1120,2881,11692,12464,12296,571,7644,3576,12871,12806,7434,10507,10589,4704

test suite161
bestAPFD:0.876510
bestSuite:5163,13053,6216,5779,11047,7814,1116,892,11675,7057,5062,5003,3943,713,13259,12312,10835,9063,11251,10828

test suite162
bestAPFD:0.907983
bestSuite:778,5360,12044,6695,9927,3986,8595,5584,13513,5861,10552,3298,2230,5749,5028,9415,1826,13205,3441,4160

test suite163
bestAPFD:0.907320
bestSuite:2386,1400,7857,5886,9994,5423,2131,12789,12718,3635,12795,10486,4881,1760,9279,984,8,4680,10850,10717

test suite164
bestAPFD:0.911010
bestSuite:8422,1395,8037,7820,3959,11014,13024,8738,6744,146,9505,1952,8812,3727,253,3671,7567,11303,13494,12838

test suite165
bestAPFD:0.914006
bestSuite:9170,6450,8601,1487,3458,11929,1099,9844,5545,10728,12075,9265,13149,6919,13212,11058,6961,11726,10858,6700

test suite166
bestAPFD:0.916544
bestSuite:8237,3637,4580,6707,1640,2537,7467,1767,10648,10851,6130,6470,3722,6006,5583,5185,8032,9178,2265,7109

test suite167
bestAPFD:0.892203
bestSuite:34,5229,5219,2385,6272,1036,4588,4599,8086,4445,191,5951,13147,12506,11651,3445,10907,4914,12298,1534

test suite168
bestAPFD:0.914640
bestSuite:4321,9559,4329,4404,7710,11860,1813,8652,10435,11704,3577,9109,9074,867,1883,2097,12822,5803,10282,10320

test suite169
bestAPFD:0.913408
bestSuite:11040,4191,9300,3920,3961,5938,8036,3078,10145,9043,6756,6295,7005,13406,9314,8204,11321,8416,10587,1815

test suite170
bestAPFD:0.920600
bestSuite:8190,5101,10997,12970,5978,715,12377,1047,1485,1750,7955,571,164,10402,10396,929,2125,1496,10117,13253

test suite171
bestAPFD:0.918448
bestSuite:3300,4753,5253,8529,2014,12787,8201,1228,3973,2855,6502,1924,4011,2178,11258,12516,2115,1235,8026,10115

test suite172
bestAPFD:0.918464
bestSuite:5282,9055,7254,5486,4643,2725,3062,975,238,1394,12402,8694,7814,7862,7656,1615,7651,10868,11900,4497

test suite173
bestAPFD:0.916512
bestSuite:6894,4332,8664,4597,4054,6297,5865,9634,2908,9966,7997,5951,9206,9181,1501,11459,12579,11934,10388,4811

test suite174
bestAPFD:0.915644
bestSuite:3543,3137,1137,5834,6365,13394,8310,2254,12353,3464,513,3742,2332,9604,11991,3993,3816,2742,7090,4033

test suite175
bestAPFD:0.890242
bestSuite:8838,3122,4915,340,6869,892,7580,8937,12888,8319,3308,630,8538,9102,1009,11984,3358,6166,3450,10700

test suite176
bestAPFD:0.906737
bestSuite:856,2615,10962,12409,4484,229,997,5353,6444,7151,5785,5504,1002,7257,7388,12143,7200,10943,7184,13484

test suite177
bestAPFD:0.897939
bestSuite:899,9807,332,11047,11853,12378,6742,3497,7849,4273,8389,13521,8112,3384,11541,11326,11252,11141,12824,3167

test suite178
bestAPFD:0.919258
bestSuite:11492,3535,13105,4358,9999,5967,1343,3928,8544,7566,6222,7769,8466,6164,13212,9524,11731,5580,378,4033

test suite179
bestAPFD:0.915973
bestSuite:10967,5876,2741,6410,3830,6448,1783,11932,10376,12359,6963,12370,8773,12994,1591,442,7611,13346,9023,8436

test suite180
bestAPFD:0.918942
bestSuite:2943,5331,8861,6255,11508,2867,9046,8066,4068,8223,4441,3056,1052,4562,2508,1620,573,8423,6345,839

test suite181
bestAPFD:0.911750
bestSuite:9787,8035,9079,6224,11450,11661,9094,4858,9961,6000,13478,378,2224,7619,3661,11213,2129,10769,7072,10177

test suite182
bestAPFD:0.900060
bestSuite:602,2020,4197,3949,9267,4889,763,11030,6435,1665,11672,7835,532,5498,10767,10649,1785,2306,7090,1450

test suite183
bestAPFD:0.893336
bestSuite:660,3346,2754,10380,5967,12350,6281,847,8369,7782,6314,484,11518,5636,11462,8477,7150,10787,11232,7527

test suite184
bestAPFD:0.908421
bestSuite:9121,1380,2807,2472,2504,3389,6222,11578,3992,13415,13181,5065,4234,13470,7929,2130,13493,7047,10894,10018

test suite185
bestAPFD:0.926516
bestSuite:11016,1734,1408,1515,6734,233,11820,12976,11830,8937,9402,11881,10798,3220,2266,1452,2576,11195,12850,3223

test suite186
bestAPFD:0.903409
bestSuite:11433,6206,4211,5872,335,5011,6743,3231,8641,9494,6974,9270,6816,13374,10647,13171,11752,5678,5857,13242

test suite187
bestAPFD:0.900624
bestSuite:10139,12517,13520,11896,12053,4578,7297,9094,7634,2382,9085,4883,4651,1,9253,10879,10827,7738,10244,7216

test suite188
bestAPFD:0.917783
bestSuite:2487,1946,1218,3151,9765,530,4176,243,13403,6591,5033,2922,1086,567,3172,12849,5037,3548,11856,10237

test suite189
bestAPFD:0.912930
bestSuite:7982,358,12914,824,3416,761,5183,6336,4136,7656,4656,1334,10545,11380,1176,8703,1687,9033,11205,7278

test suite190
bestAPFD:0.926331
bestSuite:1212,3300,808,6956,12539,7580,2343,2123,815,11676,2780,2471,11015,763,7715,5875,6955,3683,4300,17

test suite191
bestAPFD:0.910132
bestSuite:5443,384,7504,12681,12217,4058,5796,722,9692,2442,2289,10641,667,9167,8,11742,2110,11186,7455,6480

test suite192
bestAPFD:0.910988
bestSuite:6438,7817,9206,10968,11234,13518,6633,3499,11075,10599,5342,3676,3839,13193,5155,7578,11732,8119,12021,361

test suite193
bestAPFD:0.922020
bestSuite:4911,9888,8189,7140,5058,2068,11291,12233,2868,10425,1924,590,5329,12317,6027,3363,9845,7031,10219,2264

test suite194
bestAPFD:0.909019
bestSuite:5546,2826,9893,2540,13349,6349,6670,11137,1470,547,10611,9701,1017,2498,11641,6063,8772,3073,10701,10737

test suite195
bestAPFD:0.866667
bestSuite:4000,9438,5618,3669,9483,9675,975,8,9774,9263,5564,587,9178,1144,1981,7159,10550,11960,12455,700

test suite196
bestAPFD:0.905563
bestSuite:13119,6667,222,11422,2416,7286,3027,7512,12937,7105,10617,9141,1023,9339,4877,2445,1449,5252,12879,8737

test suite197
bestAPFD:0.908352
bestSuite:9571,2900,10386,2444,9142,7078,5396,1351,11846,13132,7671,1963,3278,2321,8654,11662,8513,6607,9814,832

test suite198
bestAPFD:0.915455
bestSuite:1860,8265,6075,2633,6135,4072,8063,5096,4140,6516,11965,3797,1247,7428,1617,10410,10630,11379,1182,10018

test suite199
bestAPFD:0.913257
bestSuite:8012,4337,919,5890,13365,9980,12591,1674,12638,4608,11823,6007,6621,1647,2664,9865,10803,6958,3796,10468

test suite200
bestAPFD:0.916952
bestSuite:13392,2312,2079,403,131,1449,11149,7031,5813,8702,5087,2996,8637,9241,1975,8438,309,13501,4545,10201

test suite201
bestAPFD:0.902213
bestSuite:12979,9619,1493,7550,4427,200,9528,10980,1497,3603,12441,410,8551,9611,5795,6893,8649,5649,10310,10895

test suite202
bestAPFD:0.897235
bestSuite:8479,11023,1284,2491,11340,6210,1309,8204,10506,10486,9540,10433,10477,3630,8676,2890,5946,1651,5139,10758

test suite203
bestAPFD:0.900011
bestSuite:1885,5568,7436,587,1573,12088,2168,6076,7168,7669,5296,4408,11744,10844,2947,2901,10375,13442,7221,5279

test suite204
bestAPFD:0.921097
bestSuite:3001,6639,5714,8503,2694,7379,4553,7946,9841,3421,11359,10382,151,11730,7960,4204,271,3581,10893,10024

test suite205
bestAPFD:0.913795
bestSuite:9123,8964,11633,1238,2507,5693,9901,11595,12562,7894,9321,11799,1972,4853,5744,8242,303,10917,10779,10007

test suite206
bestAPFD:0.913677
bestSuite:1605,8527,5388,4252,4537,1919,5564,2344,4421,7930,2750,5646,473,656,5426,677,2901,11786,8744,10220

test suite207
bestAPFD:0.890803
bestSuite:11515,9834,1547,3210,2542,12432,3721,4095,12176,11207,11517,3333,12735,1751,3650,9476,6831,3917,3302,13234

test suite208
bestAPFD:0.908135
bestSuite:1622,9340,13158,8250,11837,2564,11499,8705,6914,12260,13377,9674,4265,3565,3383,10444,7435,8665,4424,1010

test suite209
bestAPFD:0.912697
bestSuite:6355,7525,9599,1137,176,225,3085,8614,5647,5068,11459,227,10833,1271,10332,11338,450,10692,716,3628

test suite210
bestAPFD:0.898257
bestSuite:5513,13105,4114,8707,1197,7888,5415,6197,1678,646,12709,3916,5557,11643,11740,8732,3857,7040,4724,610

test suite211
bestAPFD:0.910522
bestSuite:9346,6924,4567,7968,794,1304,4143,8048,2323,9186,8198,8802,8129,1380,151,11283,4368,13209,10837,12298

test suite212
bestAPFD:0.892185
bestSuite:1292,8086,12026,9158,6531,6877,1765,12369,2394,4366,7456,1788,10898,733,1782,10880,11753,12465,10677,10864

test suite213
bestAPFD:0.915690
bestSuite:11423,1874,1957,8103,8896,1174,7381,5688,12411,1118,8742,5276,5887,2371,1185,11321,6505,1094,11979,2413

test suite214
bestAPFD:0.910581
bestSuite:13342,3038,316,758,5916,9945,7003,1215,6254,2399,4905,9618,12085,276,4666,11117,4559,8726,10308,10178

test suite215
bestAPFD:0.900174
bestSuite:7030,3187,6578,8765,8972,8006,12767,9958,6963,5283,5156,10569,12855,10861,12879,2129,10733,10170,10112,6988

test suite216
bestAPFD:0.914053
bestSuite:10983,7099,1273,13032,226,6316,11457,2448,8157,3582,7610,12294,12194,8399,5180,8737,13217,10871,13268,10693

test suite217
bestAPFD:0.917075
bestSuite:505,6921,6910,11567,4420,7070,12140,8855,10478,8356,5168,7830,1420,4914,9819,5919,8757,5207,2089,12803

test suite218
bestAPFD:0.908366
bestSuite:5698,12396,11569,1955,9966,3379,10146,4199,2010,11601,10937,13183,1248,11618,6375,2701,10434,4134,3825,5080

test suite219
bestAPFD:0.916120
bestSuite:13380,6824,6404,3999,11868,8724,12621,6177,3460,12935,12065,10494,9544,10144,11252,10349,5484,8005,12981,8935

test suite220
bestAPFD:0.920015
bestSuite:3517,12910,2472,11043,3313,7784,2869,9754,3822,10377,10582,8604,5205,11734,3235,12111,10815,6945,3743,9828

test suite221
bestAPFD:0.922939
bestSuite:9694,1015,4864,8499,13116,1897,2530,8006,10647,10633,5927,6064,1824,6165,13301,2372,10725,7389,1279,8259

test suite222
bestAPFD:0.882978
bestSuite:7993,12044,9104,13027,8213,1976,6356,2821,3505,1116,7452,2853,13407,7576,9261,4217,12566,7083,12101,7889

test suite223
bestAPFD:0.913742
bestSuite:8366,7751,1557,9526,6978,1555,9942,12620,12044,12358,1494,438,12929,1775,11078,2940,1242,1074,338,4975

test suite224
bestAPFD:0.924676
bestSuite:5379,13420,11250,2399,8200,4095,6392,3623,8372,8390,9254,7521,7068,6568,228,7408,367,7094,10190,329

test suite225
bestAPFD:0.906447
bestSuite:6556,7758,12383,12340,8220,13143,12932,7441,9463,10051,9134,642,2247,1490,1350,2304,6169,11958,7664,956

test suite226
bestAPFD:0.915869
bestSuite:1016,7122,4114,6692,2225,6278,1856,32,3079,5951,6099,1163,11377,7859,8518,1178,2016,1000,7544,3581

test suite227
bestAPFD:0.903544
bestSuite:5574,5106,1739,8791,12470,6501,6674,5034,11548,3211,7887,9053,9637,3064,3234,2059,5100,1640,13217,10394

test suite228
bestAPFD:0.913330
bestSuite:5131,12609,6,9515,2882,13341,4548,7761,1075,5634,2895,12231,8281,11977,6610,3733,3009,4581,4272,9324

test suite229
bestAPFD:0.917840
bestSuite:8789,4625,6407,3702,6066,6863,9240,6333,7671,8522,4336,2226,11871,11530,12848,11249,13267,5489,10084,7411

test suite230
bestAPFD:0.899632
bestSuite:7148,8664,1610,11621,8875,3264,9815,9247,12147,4240,10626,10560,805,10143,11160,6191,3860,6385,725,60

test suite231
bestAPFD:0.905185
bestSuite:4325,4457,6952,7135,9891,173,10944,11610,6501,10893,9832,10565,10719,12911,9369,4126,13266,10215,945,8812

test suite232
bestAPFD:0.924157
bestSuite:2073,5020,9980,4821,730,3345,5134,9061,9582,5373,9989,8173,4854,435,834,450,4412,2717,2071,10107

test suite233
bestAPFD:0.912956
bestSuite:4253,9949,3763,8148,4358,4207,8076,2008,1456,10504,5489,4480,3051,9591,8803,8792,3592,5632,2969,9644

test suite234
bestAPFD:0.920058
bestSuite:13018,709,2695,4053,8126,9349,7047,555,6226,11077,12440,11957,3733,10262,4387,6241,4165,9257,7971,5581

test suite235
bestAPFD:0.898250
bestSuite:7264,4185,285,7790,2621,885,1180,6221,6089,10949,1229,2009,2021,12773,11922,5221,12440,10681,2502,10167

test suite236
bestAPFD:0.891744
bestSuite:7845,11004,1137,13158,1284,11463,1928,12344,8826,12031,12477,10600,1897,12258,1692,6194,727,2473,10895,4008

test suite237
bestAPFD:0.899343
bestSuite:2178,3926,9949,11734,8336,1612,9877,6231,5807,491,496,9546,9510,9233,5593,11547,8872,12066,12980,3862

test suite238
bestAPFD:0.917308
bestSuite:6355,12955,2092,2156,173,2971,5082,11037,1664,6455,3728,8255,10864,6801,13504,6227,677,7419,9276,10003

test suite239
bestAPFD:0.908702
bestSuite:8527,4380,7080,10966,6495,8149,9674,7067,10126,2243,8429,12499,6862,8788,5616,7009,10872,4926,2917,10672

test suite240
bestAPFD:0.911945
bestSuite:9891,9284,8567,4449,990,1122,9582,118,10607,8437,11675,4755,12158,11715,2708,7039,1752,3320,9315,3661

test suite241
bestAPFD:0.888024
bestSuite:5969,4329,8371,207,7080,2812,9054,11979,12605,12963,9142,12840,39,6420,10867,10879,10869,7315,13437,10230

test suite242
bestAPFD:0.918414
bestSuite:9242,6206,8584,5241,5611,107,918,7357,8922,7753,1387,8990,10953,6417,1154,2212,12024,6381,11785,185

test suite243
bestAPFD:0.912019
bestSuite:4524,1874,206,1417,11588,6262,6912,4222,2311,11035,9428,705,5583,9497,8333,7494,3277,11664,11135,2728

test suite244
bestAPFD:0.906209
bestSuite:533,7167,5292,6563,8061,12617,669,12167,12526,2443,11784,3975,6343,3471,13486,1696,6844,450,11007,7462

test suite245
bestAPFD:0.906688
bestSuite:202,449,12385,3990,4643,13478,5137,9908,10495,10511,11911,2473,12613,1796,5560,2184,5289,3188,10415,9241

test suite246
bestAPFD:0.903704
bestSuite:7699,5338,395,6489,8842,196,8347,5653,5599,3980,12265,504,2246,6198,10870,11409,11695,2929,4770,2681

test suite247
bestAPFD:0.903098
bestSuite:8108,7916,1101,2034,11706,8718,4654,4857,65,11787,8635,1986,3730,2614,9552,520,8121,10288,1827,12867

test suite248
bestAPFD:0.915815
bestSuite:11635,8814,8275,2985,6911,10965,8386,13512,4051,5861,2266,6224,11792,12285,13299,2269,3393,11731,10278,12875

test suite249
bestAPFD:0.899910
bestSuite:3175,11657,1353,5906,7384,7698,968,7174,4629,8569,1279,5518,11988,12158,7862,7686,11520,11980,12601,8871

test suite250
bestAPFD:0.897347
bestSuite:5170,4046,3346,203,7551,1385,6296,4195,11965,5736,471,10918,12084,11160,12133,4814,9735,10269,6866,10116

test suite251
bestAPFD:0.912758
bestSuite:13118,8931,13519,204,5223,2505,7181,931,1105,5887,221,998,8079,7424,1522,11277,6807,12073,8966,7021

test suite252
bestAPFD:0.928689
bestSuite:4005,4915,2098,7876,5308,9252,6503,6210,4740,3326,1211,694,7344,890,12848,1604,5638,8473,2016,9576

test suite253
bestAPFD:0.906304
bestSuite:10989,6734,4971,7467,4406,11614,2063,12664,796,12746,10797,8004,9104,11296,5427,7455,8892,4214,11199,8859

test suite254
bestAPFD:0.923289
bestSuite:3865,11155,4245,6228,4261,10428,1653,11320,4590,5719,6360,2954,4246,11309,4653,3749,11323,2071,8639,6582

test suite255
bestAPFD:0.899845
bestSuite:9015,6335,2276,1017,9703,1645,3908,5172,11371,2461,7291,9100,1422,10453,1287,2450,975,10275,10737,10003

test suite256
bestAPFD:0.901075
bestSuite:11484,11868,4649,1394,1907,4676,12643,7741,9310,7491,7492,12750,10932,10643,5355,3821,5414,10306,10219,1221

test suite257
bestAPFD:0.922696
bestSuite:5282,1835,977,9558,8061,8612,7674,6958,4790,6623,982,12302,3081,7828,5878,2587,6282,10679,6830,726

test suite258
bestAPFD:0.899111
bestSuite:8341,6378,6876,8097,11686,7921,5658,9524,8042,7904,8036,11011,5359,1803,1118,10659,5744,11336,11360,10199

test suite259
bestAPFD:0.896182
bestSuite:2995,4058,9528,11104,12629,6301,13378,12605,6382,11718,6419,11732,12528,6861,6989,2215,2425,10059,10334,4456

test suite260
bestAPFD:0.913811
bestSuite:6999,1980,7779,2863,10136,13070,620,2477,9048,3909,3150,9402,9118,10623,2110,3252,3831,6833,7573,10794

test suite261
bestAPFD:0.922853
bestSuite:12475,7572,3386,12972,9612,6105,5973,3911,1394,2642,7602,1094,8996,12219,11894,10501,10591,1140,10732,10008

test suite262
bestAPFD:0.912709
bestSuite:7631,6097,1544,4923,6212,6213,12321,9751,4093,5477,5488,3544,12307,8609,4570,6961,7578,8959,7292,10402

test suite263
bestAPFD:0.908374
bestSuite:1725,5796,1926,6255,56,7220,4732,6926,7443,8653,9618,30,5266,12490,9480,1554,4086,13205,10175,10073

test suite264
bestAPFD:0.902882
bestSuite:8207,7287,8907,9233,698,5646,7220,362,11869,11257,5459,11817,8432,10796,4748,6440,7214,10638,2693,4327

test suite265
bestAPFD:0.899063
bestSuite:5292,5218,2759,3164,6045,9134,332,1217,7609,11886,3997,2192,918,9131,11869,8994,7822,12762,10800,7676

test suite266
bestAPFD:0.918770
bestSuite:3926,5337,3114,1011,5227,2607,1958,1025,5439,6654,3358,12249,6863,6958,5554,7434,12525,7542,10095,10082

test suite267
bestAPFD:0.895362
bestSuite:5171,173,12607,6362,5562,9529,147,1623,9669,928,4217,7594,6552,5705,11708,11696,13145,9465,10540,4975

test suite268
bestAPFD:0.900514
bestSuite:5313,2761,12001,1479,2285,3040,6141,9633,12976,8396,8145,6298,638,7677,12681,12626,5954,269,8282,7140

test suite269
bestAPFD:0.926132
bestSuite:4200,8678,3058,2042,2716,4801,4271,9315,4062,7927,9714,2531,6053,9130,235,1290,10995,303,2639,4379

test suite270
bestAPFD:0.889728
bestSuite:8185,13416,7857,1843,1614,5024,3986,4411,4031,6552,8212,4376,617,6874,8593,3270,5579,7381,5639,10283

test suite271
bestAPFD:0.926636
bestSuite:5483,354,4623,7207,6407,2169,4231,7140,10904,7740,13470,10767,2107,9269,13487,177,9263,3812,1774,1617

test suite272
bestAPFD:0.916527
bestSuite:13004,8715,8424,12404,380,4517,7626,8227,13520,4867,4362,259,12183,13049,2915,905,6109,6837,5025,10001

test suite273
bestAPFD:0.910363
bestSuite:247,7572,3169,758,6238,6165,2679,11279,9067,6182,2827,995,3713,8823,5093,11858,13473,4992,8808,10730

test suite274
bestAPFD:0.921578
bestSuite:5502,2491,10139,4643,11621,12346,1348,386,10479,12380,12076,4571,4064,854,436,2477,13479,7587,12223,3546

test suite275
bestAPFD:0.908064
bestSuite:1790,7749,3237,5231,7389,4136,7959,8813,2916,7960,8790,9253,5296,97,8691,4570,10811,11167,534,13308

test suite276
bestAPFD:0.900747
bestSuite:4179,3767,1459,1238,1935,1295,5013,13368,3286,8047,644,6713,11544,10498,2825,10838,7883,10265,10060,10065

test suite277
bestAPFD:0.915255
bestSuite:2900,1223,1075,3625,5599,931,4048,3545,5511,10972,727,5085,9601,11448,11455,11262,10711,1415,10344,13238

test suite278
bestAPFD:0.927394
bestSuite:3808,9050,8644,1539,9832,1718,8204,1226,5614,5924,8099,7440,8245,8187,4368,20,11264,12807,10286,10118

test suite279
bestAPFD:0.921926
bestSuite:7358,11419,11853,4400,3407,4834,6082,4416,2340,779,9289,4873,847,3156,3937,3647,6890,6758,10894,2278

test suite280
bestAPFD:0.889043
bestSuite:84,5444,723,3180,6500,13148,12654,2424,13429,13524,9788,1344,1502,4202,1301,516,7301,10949,12884,5858

test suite281
bestAPFD:0.902261
bestSuite:5230,4179,4307,6536,3764,30,432,3315,8765,7512,10428,10473,2903,12610,12045,6957,13499,10195,6885,10060

test suite282
bestAPFD:0.907829
bestSuite:5282,5650,3957,8981,9840,1707,2936,1833,9797,3018,12386,683,1508,3073,11524,9033,8647,11060,11083,8073

test suite283
bestAPFD:0.924739
bestSuite:8202,13514,5862,13082,5188,1241,4836,40,9604,2173,5485,5255,5210,3987,224,550,3278,6799,9592,1413

test suite284
bestAPFD:0.894161
bestSuite:7648,1907,4461,9880,4756,8672,6821,1133,7509,13352,1653,12135,4678,7001,11655,11171,12236,4366,11349,2545

test suite285
bestAPFD:0.894465
bestSuite:9795,7527,8628,3232,2273,187,1994,2877,1163,8334,13153,3808,7418,4240,7864,8290,12147,3019,10925,2485

test suite286
bestAPFD:0.902316
bestSuite:9024,9859,6956,6228,1750,537,6530,2575,6730,6689,11645,9515,7932,8812,9371,4232,7838,7396,1126,10260

test suite287
bestAPFD:0.901437
bestSuite:381,4454,12102,2805,6471,2034,7965,3468,47,7767,8749,7627,8998,11800,9445,6429,11452,5638,12153,10192

test suite288
bestAPFD:0.911237
bestSuite:5679,6335,4508,12197,5201,1510,1390,8704,6559,10797,10508,5788,12058,11995,7263,11936,11900,10807,682,8305

test suite289
bestAPFD:0.900021
bestSuite:7453,5097,6705,1199,8519,8458,4101,1394,2465,9705,4604,5670,8880,10545,13472,8254,8248,4320,8866,10390

test suite290
bestAPFD:0.913167
bestSuite:3855,5383,12449,11604,1167,6370,12197,8338,7,3061,8583,5902,8358,4027,9146,10784,11240,929,7036,8856

test suite291
bestAPFD:0.909926
bestSuite:12905,76,12667,1208,7921,7147,4797,2016,4346,7802,6336,2054,52,4902,11362,4473,12007,7152,10320,9037

test suite292
bestAPFD:0.901774
bestSuite:1881,4782,104,11422,9084,5795,9068,1830,2885,4305,11298,17,6337,12399,10685,10657,9800,3177,3500,12962

test suite293
bestAPFD:0.905315
bestSuite:4317,8552,9787,2249,6100,3550,10971,2455,7114,12707,12980,10148,12516,12076,2288,405,6996,1072,11169,3521

test suite294
bestAPFD:0.902206
bestSuite:3127,3640,224,4431,9046,6924,2927,1783,7472,3335,9486,8724,11529,10645,3205,12165,6899,13451,6538,6605

test suite295
bestAPFD:0.903828
bestSuite:11484,11024,13379,7726,6590,5913,789,11105,1910,11207,4140,13129,1563,8118,4989,1424,5299,7365,10158,1104

test suite296
bestAPFD:0.925416
bestSuite:5502,3971,9019,4833,12776,9346,5773,5454,1442,11699,6728,1840,4280,10820,5355,9485,9959,2611,1660,10097

test suite297
bestAPFD:0.890819
bestSuite:247,304,1877,2454,4440,5609,8148,3661,7016,7693,8665,1776,10572,11990,11475,2209,12442,10778,6849,10787

test suite298
bestAPFD:0.899052
bestSuite:13118,6745,8821,3497,2563,13052,2168,4427,6638,6222,1950,1429,5648,8762,6822,12075,11708,3533,11062,10219

test suite299
bestAPFD:0.904890
bestSuite:11436,241,3853,8223,3381,2447,7167,162,2246,7342,8124,2113,13102,743,11824,1599,4283,270,10248,11268

test suite300
bestAPFD:0.890515
bestSuite:94,2484,12474,3060,4548,8216,4751,12400,804,5689,8318,5361,8300,12624,5279,2872,12779,13146,7558,11753

test suite301
bestAPFD:0.901203
bestSuite:492,3052,9891,7470,2355,8220,7859,533,9760,1409,1309,1602,4220,1630,12953,13083,963,6028,11337,8894

test suite302
bestAPFD:0.912947
bestSuite:210,8777,5898,9486,12700,1146,5867,4746,3239,4281,5706,3028,12757,3491,10824,10917,13452,584,10416,10019

test suite303
bestAPFD:0.901903
bestSuite:1690,13360,724,845,9276,9539,1994,11011,3096,5641,1708,7615,3963,4655,9644,11935,11946,12280,10840,6691

test suite304
bestAPFD:0.903596
bestSuite:9619,615,4063,649,6428,6292,123,7039,13408,12450,9569,10497,12995,6505,7716,11184,5445,13218,4067,10309

test suite305
bestAPFD:0.904479
bestSuite:3313,4405,7146,12783,2707,6322,4582,4269,9766,1684,10937,7669,6584,6410,10474,7256,791,271,10216,8194

test suite306
bestAPFD:0.904595
bestSuite:3446,309,12722,3686,2847,7178,6187,1572,7647,2114,11672,11834,12391,11292,12322,11814,6038,803,6950,10282

test suite307
bestAPFD:0.890570
bestSuite:2800,9214,4456,13375,8750,8643,8088,641,5877,6582,7361,13073,1891,10447,12464,1118,2595,12218,10711,5460

test suite308
bestAPFD:0.903684
bestSuite:9097,304,3584,10961,12645,1200,10128,2542,5741,9038,5945,7198,6424,10915,12403,10361,10799,11445,10349,11374

test suite309
bestAPFD:0.909182
bestSuite:6718,4664,5319,1041,13081,591,7671,7218,8908,10120,610,1565,663,1092,23,120,6083,13446,394,6496

test suite310
bestAPFD:0.910370
bestSuite:9756,4744,6255,8097,12890,9231,4886,4787,9627,9488,3807,4763,11780,6006,281,10462,8070,11300,270,10024

test suite311
bestAPFD:0.913668
bestSuite:3847,6200,2863,7209,9689,4970,12470,4490,3907,7917,1248,3458,1941,10057,1894,5888,5872,10917,3492,4131

test suite312
bestAPFD:0.911564
bestSuite:11600,1671,1983,9338,5241,2910,3394,11734,9137,2408,1870,3360,12280,11517,5194,8535,1541,3691,13173,2127

test suite313
bestAPFD:0.923480
bestSuite:5379,304,12703,8165,13045,7730,9285,3918,10930,494,11090,9896,3028,8876,13475,6283,8173,6346,2850,2489

test suite314
bestAPFD:0.903060
bestSuite:492,6531,3985,5658,7190,94,9875,5844,612,11765,5654,12552,13157,12506,10818,42,13290,10618,3762,13254

test suite315
bestAPFD:0.912712
bestSuite:11034,9092,2736,715,1136,11695,8313,9898,8152,2703,936,10610,6555,6919,8866,4129,11991,8120,1041,10243

test suite316
bestAPFD:0.877091
bestSuite:9242,11028,2324,261,10996,12635,9539,8830,8634,4541,5749,7878,7194,7809,9235,4305,10571,5780,12772,10237

test suite317
bestAPFD:0.898622
bestSuite:11040,7287,1864,9035,5201,7869,1757,7060,2379,12399,12719,8480,5585,9869,5555,8647,2848,5767,6100,860

test suite318
bestAPFD:0.889234
bestSuite:2300,6784,5281,3237,7003,4901,6981,6059,12,3951,7769,9171,4663,1538,12190,10050,811,10789,13464,2598

test suite319
bestAPFD:0.905259
bestSuite:1731,16,5469,12974,4514,10147,9413,5725,5070,10777,11314,2582,8974,619,2469,13345,2075,6112,3158,5107

test suite320
bestAPFD:0.913960
bestSuite:2949,7002,9424,8217,5906,1269,1713,2547,8231,7307,13127,7773,393,8810,3242,7870,2815,11712,10981,10315

test suite321
bestAPFD:0.907025
bestSuite:7795,12787,310,6455,9298,4152,5114,6239,7200,12710,10515,447,9752,4025,11847,1246,8970,8749,5177,3581

test suite322
bestAPFD:0.895944
bestSuite:4279,5230,7739,7357,3723,261,12635,2912,987,6699,11080,9247,700,1027,614,63,11252,12868,6696,8606

test suite323
bestAPFD:0.919544
bestSuite:5590,5258,7778,3437,3793,2155,4073,9665,5448,6956,6478,1094,9860,8608,11069,8183,6922,1902,10745,10170

test suite324
bestAPFD:0.899356
bestSuite:9694,13090,295,5185,13463,7444,3545,11929,1290,12367,10552,3085,9007,12296,9269,11271,645,3345,805,8024

test suite325
bestAPFD:0.919045
bestSuite:7871,3321,10388,5998,2695,3049,6549,12395,1468,1085,2700,5808,9278,3033,5009,848,10394,6802,10453,10185

test suite326
bestAPFD:0.899464
bestSuite:3566,9743,7596,755,6978,11416,5363,13113,7865,12999,3407,162,7472,10878,8171,1797,861,10678,2246,10099

test suite327
bestAPFD:0.919030
bestSuite:233,6404,4661,11850,9827,9320,8114,5144,7161,7959,7294,8145,8156,13268,7724,5267,10679,10231,3501,2676

test suite328
bestAPFD:0.905133
bestSuite:3175,4502,4307,7054,5513,512,3403,12031,10868,11107,7867,12789,4244,810,7767,6187,11289,4227,7700,1585

test suite329
bestAPFD:0.919373
bestSuite:2267,12459,4583,7727,5869,472,12664,12504,3434,889,6969,12316,1492,852,13471,10738,10506,1033,5388,2277

test suite330
bestAPFD:0.885864
bestSuite:7153,4924,11176,2856,969,8551,2056,11065,11928,6734,623,4709,10484,11204,4947,4865,5754,4962,10294,336

test suite331
bestAPFD:0.923798
bestSuite:5825,1839,210,4864,7598,71,10570,6846,11227,10648,1419,66,5437,8204,8386,12,4995,6331,13492,2776

test suite332
bestAPFD:0.901419
bestSuite:1853,937,13426,1515,5579,1490,1775,4571,3286,8515,27,2524,5887,9643,10475,3334,8442,11443,12026,9932

test suite333
bestAPFD:0.896805
bestSuite:5903,8178,10978,763,5816,8175,4152,9331,12554,10380,7959,12862,438,2742,2868,8051,9480,9182,9709,13247

test suite334
bestAPFD:0.906664
bestSuite:8251,7784,13342,8681,9056,1650,13386,12154,2066,6610,12886,7190,6916,5029,6027,10595,5257,10659,12829,4443

test suite335
bestAPFD:0.894798
bestSuite:8485,10388,8882,9172,12449,3905,831,4147,2480,5390,13127,10454,11980,9893,5056,4847,3525,2275,11279,13483

test suite336
bestAPFD:0.905581
bestSuite:3966,2896,6984,12459,11400,4428,9492,4582,4291,1422,2956,3340,9958,4455,1377,6499,5920,10642,3022,1552

test suite337
bestAPFD:0.917227
bestSuite:11636,5258,7734,3422,8471,4491,4029,3954,218,2540,1796,2056,88,8491,4883,142,1664,5422,1812,2919

test suite338
bestAPFD:0.919585
bestSuite:8181,28,2302,1122,6260,13026,4171,8085,3643,204,4596,264,716,8278,4311,7378,11151,12004,4711,11194

test suite339
bestAPFD:0.926388
bestSuite:13387,1384,1397,11909,3316,9916,8383,2323,3897,803,1936,5451,6371,5604,7354,185,8297,8288,10202,7425

test suite340
bestAPFD:0.898372
bestSuite:6484,9060,1515,4930,7185,11611,5084,8209,12779,10961,8296,1621,1651,5726,12449,10393,9342,8769,352,10238

test suite341
bestAPFD:0.918848
bestSuite:6336,6154,5364,1173,1610,11972,3490,8766,3542,7209,1055,6962,11065,642,6871,6848,875,10689,945,3395

test suite342
bestAPFD:0.895510
bestSuite:6665,1449,1304,9824,9412,1599,6841,945,1117,795,12057,8194,9243,10600,7399,5673,2410,11147,12866,13217

test suite343
bestAPFD:0.908558
bestSuite:10379,6352,145,12956,13327,11273,2267,7769,9530,8046,6306,8668,12572,11901,2894,9645,6552,7358,7200,7108

test suite344
bestAPFD:0.913046
bestSuite:3157,12936,4262,233,5865,12707,6073,2171,2376,8240,4715,2571,12109,7721,3964,9705,7214,1511,3395,7827

test suite345
bestAPFD:0.914983
bestSuite:6379,3830,8722,93,1847,13369,8659,4341,8049,5358,83,10987,4208,642,3646,1886,2783,7944,8655,10114

test suite346
bestAPFD:0.929156
bestSuite:1471,9790,5347,6026,2677,2531,9130,3586,1717,946,2324,9608,8308,7670,11123,6049,13209,95,6233,10206

test suite347
bestAPFD:0.898234
bestSuite:9376,6351,11484,7135,9194,1398,6289,7298,8200,12754,6361,547,61,9779,7740,7826,6287,7573,12812,11215

test suite348
bestAPFD:0.904363
bestSuite:11413,9461,13399,3955,3440,3331,1973,4418,4898,7172,843,11058,12858,6383,9919,10405,13267,10592,2063,10752

test suite349
bestAPFD:0.910405
bestSuite:5757,204,13418,1795,3253,3468,4150,12174,9294,8885,5085,5421,1848,10650,10636,10970,11830,12172,10330,5125

test suite350
bestAPFD:0.896349
bestSuite:6614,6746,8341,6360,4446,4165,1189,5876,6632,9493,2145,13174,9077,4655,506,11181,6331,13445,10234,10101

test suite351
bestAPFD:0.897661
bestSuite:2211,12892,6759,9414,11246,8192,3036,5033,10491,11404,2067,4867,11643,9291,2899,8071,2856,13301,3810,5797

test suite352
bestAPFD:0.896040
bestSuite:243,12974,8220,10120,3160,3049,8389,12128,11564,12193,13166,10622,10784,4173,6407,11035,7474,8726,11408,1338

test suite353
bestAPFD:0.908801
bestSuite:13068,6101,4090,7987,5400,6949,11033,2229,7138,6316,6877,2840,11419,5364,817,4726,2341,8203,6314,11354

test suite354
bestAPFD:0.919453
bestSuite:11627,7703,3227,7829,1582,4711,4252,4869,2325,5776,12621,12183,3533,11741,10918,4993,11219,11054,10672,10111

test suite355
bestAPFD:0.909585
bestSuite:11424,9713,675,13222,9297,5964,6947,4020,4501,11826,809,12763,6517,7352,892,5422,10251,7173,10185,10017

test suite356
bestAPFD:0.893620
bestSuite:991,99,4218,916,9929,7602,72,4249,1822,718,7097,6419,11370,1655,9582,659,1662,13304,10276,10697

test suite357
bestAPFD:0.909517
bestSuite:1376,13042,6195,2694,8506,3,7690,4847,4480,7174,12043,10469,12635,11320,4673,10393,10183,10066,10061,10010

test suite358
bestAPFD:0.927876
bestSuite:13061,1616,3505,9520,7326,10991,12409,11477,9694,3652,2758,618,6384,4555,7191,1112,2408,6789,9023,7097

test suite359
bestAPFD:0.919727
bestSuite:7816,11605,11919,9041,1726,6482,6773,713,11759,5248,4390,3488,12059,11576,11877,5584,10708,6386,11192,10111

test suite360
bestAPFD:0.910488
bestSuite:7871,12405,12611,9070,2580,1739,6131,4515,6798,10043,8408,3658,3645,4812,8205,3678,6973,3411,7948,7094

test suite361
bestAPFD:0.896130
bestSuite:5955,5074,12942,12694,4140,2838,7670,3461,11010,592,11882,8477,2445,1472,11139,12877,12803,584,8272,10719

test suite362
bestAPFD:0.921076
bestSuite:9838,1671,386,4405,2087,3802,5056,11378,10143,8042,621,858,1091,3896,8452,6917,493,769,4788,9604

test suite363
bestAPFD:0.890552
bestSuite:6606,12953,5181,11226,1915,11820,7690,13183,5402,4620,3202,2062,8241,8259,10452,7366,883,10267,2592,10089

test suite364
bestAPFD:0.923036
bestSuite:8904,2937,6650,607,2794,683,9695,11532,6076,2989,12161,559,2160,12087,1422,8636,7689,1599,6400,13312

test suite365
bestAPFD:0.890852
bestSuite:5670,1142,1017,12983,5210,1341,8720,509,6608,1117,3554,5256,1232,850,12178,1271,13490,9076,9553,4076

test suite366
bestAPFD:0.895948
bestSuite:8689,9700,577,9192,13026,6194,4073,10995,1793,432,3119,627,4988,4316,10521,10655,10940,7295,515,10802

test suite367
bestAPFD:0.909781
bestSuite:2973,5704,8814,10134,11508,1367,1697,6924,1852,9727,7025,9469,1131,2579,6826,2506,10574,9863,10173,10002

test suite368
bestAPFD:0.919251
bestSuite:908,5700,2973,9556,6182,5735,12992,13461,9496,1316,8890,74,852,6375,12015,12816,7049,6696,1747,5458

test suite369
bestAPFD:0.929602
bestSuite:11433,823,6351,6999,12748,13352,4569,577,5139,4602,2704,4530,402,7881,5049,720,6310,1235,11301,11025

test suite370
bestAPFD:0.891188
bestSuite:12669,6452,739,7693,12887,12595,7047,8725,1480,6159,10456,6856,7804,11986,5653,7679,8324,10294,12245,761

test suite371
bestAPFD:0.930912
bestSuite:7776,7764,1239,11039,702,11242,9726,2017,4933,1878,7643,9893,4634,9782,1274,8042,2704,4351,2827,9290

test suite372
bestAPFD:0.909418
bestSuite:6247,9128,3201,12337,12512,9414,13116,12793,3671,10912,6475,475,7537,4821,13286,10626,2596,8588,9777,13239

test suite373
bestAPFD:0.906411
bestSuite:3006,46,9501,9918,5709,5666,7879,6207,6383,4255,8184,7646,11576,25,2907,7479,11140,10523,8163,6624

test suite374
bestAPFD:0.922779
bestSuite:4713,7430,12444,7256,7996,2839,5511,7121,1981,8434,6103,9331,2283,2147,4947,4129,10852,10227,4919,3063

test suite375
bestAPFD:0.927214
bestSuite:8958,5465,33,11113,1937,4991,1594,1003,735,11449,2261,12866,13303,7963,1072,8661,5367,7343,2858,1780

test suite376
bestAPFD:0.893077
bestSuite:3446,387,6970,12195,12120,1849,12307,8910,3599,12466,11909,7216,4463,4315,399,2012,3774,11231,11752,10520

test suite377
bestAPFD:0.914988
bestSuite:9265,6991,13429,426,4501,3827,36,4759,12630,865,8569,10145,9565,13297,662,5367,10763,12873,6988,9311

test suite378
bestAPFD:0.911154
bestSuite:11612,3386,12661,6539,798,7698,12755,6329,13280,13331,623,6983,115,3837,10858,2520,7676,1529,4376,7484

test suite379
bestAPFD:0.919111
bestSuite:2923,7860,13040,8107,4172,7738,10521,6725,7375,11695,4339,681,1504,9589,103,9084,6791,5481,13210,1804

test suite380
bestAPFD:0.912505
bestSuite:8242,672,11494,3007,8464,9402,3551,5755,12692,12622,9660,9769,11876,1869,10519,5678,3364,12818,10305,4181

test suite381
bestAPFD:0.907581
bestSuite:1412,1098,773,2351,3292,3723,6489,6514,1882,1349,4052,2743,11362,9196,2412,1486,4547,7165,8508,4402

test suite382
bestAPFD:0.916441
bestSuite:9322,9509,6517,12899,3765,540,4686,3485,8361,249,11945,12084,4660,9577,5155,8542,4543,848,3487,13079

test suite383
bestAPFD:0.909210
bestSuite:3866,11896,1376,4119,1533,13151,5738,6095,9970,513,1356,11921,9737,9591,6453,2616,1322,725,8124,9140

test suite384
bestAPFD:0.915512
bestSuite:1689,5383,12633,11026,6554,6695,1969,13407,6042,3725,4031,10867,1621,10796,6514,9766,4229,10310,7819,13238

test suite385
bestAPFD:0.915230
bestSuite:2270,709,12361,5150,4623,11390,2875,6503,8671,11022,11675,12170,896,10911,5084,4188,4746,12210,2409,2408

test suite386
bestAPFD:0.893904
bestSuite:4005,11421,503,8900,1054,2769,8383,8001,2891,2235,13156,12116,1887,13108,2809,11180,7459,3796,2377,8870

test suite387
bestAPFD:0.926480
bestSuite:6416,1108,8559,6731,3689,3045,7669,5320,12884,6716,5953,7484,5713,8731,9453,12869,13261,2052,7184,10155

test suite388
bestAPFD:0.892991
bestSuite:11631,9897,5535,2077,2314,8471,6231,8098,4941,7989,6347,5463,9798,9124,3155,894,2019,6979,12732,12747

test suite389
bestAPFD:0.911532
bestSuite:7266,558,2263,173,12766,9494,12157,2880,12045,9278,11692,3600,13303,4493,2210,12058,13264,4951,1470,355

test suite390
bestAPFD:0.878326
bestSuite:1620,7002,5072,6452,6544,4722,6285,7958,11434,1153,1655,5450,8317,8590,3356,11976,10634,10657,5588,2279

test suite391
bestAPFD:0.903410
bestSuite:7087,5773,1683,9489,6608,5561,7131,6144,6634,8229,5008,9016,4824,2230,9980,12250,685,2944,1599,204

test suite392
bestAPFD:0.897826
bestSuite:5986,9055,5781,7496,1137,1547,5204,6970,7579,1637,9668,10592,8664,13172,9879,11293,3486,12077,2033,2595

test suite393
bestAPFD:0.917101
bestSuite:5485,9251,10970,9386,10977,11778,6847,673,6290,3091,12031,1158,855,925,5285,3635,9127,10701,67,7405

test suite394
bestAPFD:0.900835
bestSuite:5746,5323,655,7075,4143,950,382,12949,4516,6862,7015,5591,6187,7626,12085,3819,10548,11680,3523,707

test suite395
bestAPFD:0.914718
bestSuite:5628,1440,734,11873,337,8112,7536,6353,3676,10492,3226,1703,11042,2238,6681,848,9492,12872,6601,13239

test suite396
bestAPFD:0.884243
bestSuite:6995,8906,7864,15,4959,4054,1050,9141,8382,5080,7357,2249,3470,11656,6567,10835,10780,7105,10518,10457

test suite397
bestAPFD:0.907677
bestSuite:1618,1107,4160,11632,9908,13406,8584,7929,4931,4259,11889,1517,4607,4699,225,940,1248,5942,10317,4169

test suite398
bestAPFD:0.908804
bestSuite:10983,8353,2862,6970,5847,9818,6258,8166,8263,9506,5616,6933,10462,5936,5785,8683,6952,325,10920,5765

test suite399
bestAPFD:0.905748
bestSuite:1620,13187,7688,3423,1493,1463,1865,4122,7274,1144,4234,519,973,1332,7818,12750,6000,9792,7327,6460

test suite400
bestAPFD:0.913463
bestSuite:4483,45,8646,9192,5450,3561,6882,2655,9613,4059,2652,5574,1451,763,5900,3309,13290,1089,10859,13040

test suite401
bestAPFD:0.914891
bestSuite:6995,13330,5020,6711,4611,3560,8042,9529,3674,795,8591,8334,2711,1040,11071,7594,5044,10395,1677,54

test suite402
bestAPFD:0.902660
bestSuite:6650,1920,4189,5141,6737,2857,6078,43,13072,8001,1614,9600,3608,2819,4190,4850,11409,9748,2567,10183

test suite403
bestAPFD:0.922747
bestSuite:7271,900,5473,6806,4009,2108,3507,4969,6786,1427,7920,11237,5362,1828,7479,6872,3482,999,8503,8941

test suite404
bestAPFD:0.910979
bestSuite:1616,2577,51,12149,10380,8195,1254,11353,1485,4662,1809,9254,9806,4202,2079,11998,3130,5148,3213,12826

test suite405
bestAPFD:0.907072
bestSuite:6484,9720,3867,11617,1920,7892,2075,6384,12416,8460,11564,12291,11044,6574,12199,11307,783,4377,5678,10671

test suite406
bestAPFD:0.916561
bestSuite:3913,8357,1498,5435,9171,12008,11047,454,13521,758,4222,2323,1297,11771,988,7496,12248,10786,878,10004

test suite407
bestAPFD:0.894074
bestSuite:13119,7085,3420,12914,3244,1209,4133,5533,9067,778,7488,7262,5249,10509,11026,11666,2853,8000,1593,11369

test suite408
bestAPFD:0.907638
bestSuite:1978,2960,9192,10972,5354,6260,643,2082,3528,11303,8356,1776,9972,6492,11855,6104,6006,12000,13299,725

test suite409
bestAPFD:0.911855
bestSuite:7759,616,4858,3573,7418,9614,2979,11142,10467,8928,1580,3074,11093,11547,11465,4669,4620,879,3277,13250

test suite410
bestAPFD:0.882490
bestSuite:34,13000,7995,9504,9051,3602,3734,11696,8099,7839,3623,12744,10534,12556,13190,2582,2860,8465,4904,1949

test suite411
bestAPFD:0.917953
bestSuite:4370,2121,3853,8226,7824,9812,11046,12146,11122,7636,9419,9799,12087,10241,8188,11360,6942,6589,2485,10163

test suite412
bestAPFD:0.913270
bestSuite:11501,5670,9331,12312,6711,8782,10520,9286,11946,13259,12232,9125,13159,4037,11823,7832,2316,13479,8543,10183

test suite413
bestAPFD:0.908048
bestSuite:8904,8815,7148,2196,12421,9173,12295,12540,3406,4023,5399,3998,4471,5678,10775,7402,9444,5856,4434,7100

test suite414
bestAPFD:0.919378
bestSuite:1830,6026,8663,4991,2573,630,9414,13346,7674,5695,2993,1453,3048,9613,3765,6740,2592,2851,5455,8075

test suite415
bestAPFD:0.904874
bestSuite:8664,5000,2249,7212,8267,9912,9761,2437,3689,6217,3136,12970,9489,1772,10487,10584,10806,13436,10712,4570

test suite416
bestAPFD:0.906659
bestSuite:13043,823,5340,1998,8083,4852,10360,12629,11985,11797,12753,11658,10447,11802,8876,9027,4789,13488,6840,10109

test suite417
bestAPFD:0.910535
bestSuite:4290,6644,9585,1930,2863,2322,9260,13522,6374,7898,9034,8691,13047,4229,6969,1945,4324,11138,11170,5472

test suite418
bestAPFD:0.898118
bestSuite:9631,6323,5136,9882,1889,4069,4937,6,7393,8823,10572,12613,12363,3558,3573,5602,450,815,13282,1984

test suite419
bestAPFD:0.880148
bestSuite:4625,4530,5048,921,11242,3409,12935,800,817,11677,3811,4627,12940,5501,4519,12473,9679,10589,2147,9211

test suite420
bestAPFD:0.921889
bestSuite:5170,2274,5127,6578,2996,6565,13074,6004,8812,3059,1399,12920,8465,11233,10805,7841,9462,6288,10238,10101

test suite421
bestAPFD:0.918724
bestSuite:210,8919,5946,11508,13522,11943,1200,5349,12583,6662,4843,1936,9783,7887,4944,5917,7483,9793,11067,13132

test suite422
bestAPFD:0.918150
bestSuite:2315,13330,12251,2542,8941,500,6391,12921,8553,7203,8488,2091,7270,5713,2502,10516,4322,9069,10164,911

test suite423
bestAPFD:0.899914
bestSuite:5621,7305,8723,2963,11581,2304,9247,12945,12447,3226,10470,3035,7154,614,6695,3158,2913,2729,5708,2456

test suite424
bestAPFD:0.905899
bestSuite:9418,2900,7062,100,8191,166,3841,1631,5216,12107,12072,5854,11164,10858,13186,12071,10709,4730,12828,2093

test suite425
bestAPFD:0.916181
bestSuite:3050,6817,4952,588,3725,12381,9318,11911,4794,12101,4134,6955,4867,7436,1294,11809,1996,918,10796,10209

test suite426
bestAPFD:0.911319
bestSuite:6474,11036,11584,7418,1963,4104,9991,4093,11207,5534,9646,396,1009,11812,8122,12059,3334,10357,6830,5011

test suite427
bestAPFD:0.907165
bestSuite:1088,5150,9338,3342,430,6736,13462,12303,2224,12532,12306,7288,11466,6936,7143,1476,7433,7685,9779,4201

test suite428
bestAPFD:0.892265
bestSuite:11437,1289,6115,3675,1345,4885,4319,12679,8715,13127,4368,6061,7017,4949,7726,4751,12087,10751,10597,5645

test suite429
bestAPFD:0.893496
bestSuite:4345,4438,7535,8833,1058,5723,498,13069,10043,4887,2392,3454,7240,6819,6009,1178,11463,10249,13436,10734

test suite430
bestAPFD:0.912240
bestSuite:13392,6632,6972,2764,12990,8098,10387,1959,3889,4787,8066,11419,5504,1265,4673,12268,12943,9344,3441,8970

test suite431
bestAPFD:0.898775
bestSuite:3605,5187,10388,3672,702,1295,9647,9830,12146,592,2721,11448,7298,8095,11388,6310,3825,10329,9955,3224

test suite432
bestAPFD:0.888413
bestSuite:5313,5344,5048,4861,12939,841,1576,9081,8329,2650,7677,8317,12457,12379,5252,10506,11817,5859,7957,1891

test suite433
bestAPFD:0.919489
bestSuite:1992,9947,4915,9165,9305,6949,7416,7783,13015,11914,496,2956,510,11832,9468,11221,1366,7051,5124,5690

test suite434
bestAPFD:0.900020
bestSuite:1830,6143,9021,7798,2019,4637,2173,2383,13498,12757,11398,6782,8526,415,9374,1553,7288,312,3340,10805

test suite435
bestAPFD:0.922744
bestSuite:8326,10962,6011,5951,4491,895,9956,11999,3542,833,3998,10133,11897,7724,4375,4934,7463,435,12033,11856

test suite436
bestAPFD:0.913622
bestSuite:5313,5208,9354,5618,9403,7147,9158,13372,681,5518,4646,12540,12588,12543,12352,1359,13305,3076,11204,8796

test suite437
bestAPFD:0.909902
bestSuite:1527,3227,12145,2786,7320,4153,9188,5245,4105,13047,8437,12566,1686,8219,2433,9678,796,10540,9469,8666

test suite438
bestAPFD:0.909522
bestSuite:9635,2554,8665,4088,2667,8013,9575,11833,5109,3866,5973,7037,8924,12416,11815,5026,6547,11329,3042,10888

test suite439
bestAPFD:0.920717
bestSuite:7075,3687,3652,13356,1211,13325,11925,218,11681,3579,7324,13019,1490,3099,5262,10692,3812,10467,7256,2645

test suite440
bestAPFD:0.912540
bestSuite:8841,1790,3276,7008,9818,13373,8947,73,711,5877,7262,10385,9736,9373,10575,1270,2575,3568,13359,6470

test suite441
bestAPFD:0.914037
bestSuite:3952,4833,7824,2695,2982,616,5929,3841,623,11448,2677,11338,7773,5542,1506,7232,3559,1969,11058,1270

test suite442
bestAPFD:0.920882
bestSuite:1866,7776,8223,7147,7101,13394,6076,5252,12531,336,11007,11197,2029,2858,8543,9855,7940,303,2934,3233

test suite443
bestAPFD:0.899658
bestSuite:5569,6046,12288,12386,4079,4192,2734,13408,9942,12185,6610,3095,12058,9736,8276,1214,12871,5584,12834,10003

test suite444
bestAPFD:0.907610
bestSuite:6355,4344,8563,9891,4592,3303,2982,2873,3460,11525,7906,9990,4936,9875,6907,3406,11763,10703,4244,10081

test suite445
bestAPFD:0.916194
bestSuite:1161,9283,13121,8141,11486,2675,3436,10362,12254,11905,4934,2297,7921,11179,2047,1575,7105,2902,8605,10227

test suite446
bestAPFD:0.903609
bestSuite:10058,6586,12645,7864,160,7765,5872,5630,5721,7630,9449,9263,11579,9669,2008,1292,6902,212,1797,12814

test suite447
bestAPFD:0.896296
bestSuite:1690,5676,3472,1172,2729,4216,8782,3562,2255,7558,1519,6741,10583,7411,12045,59,12569,4351,13292,10018

test suite448
bestAPFD:0.895895
bestSuite:9763,7672,1045,2050,9402,6261,6326,4646,9692,3275,5319,3976,3548,4077,6455,12142,11253,11151,5220,10694

test suite449
bestAPFD:0.906654
bestSuite:8059,4813,124,5799,6066,2075,354,5748,9017,633,8927,11530,2402,9894,13197,673,1513,6465,4369,13244

test suite450
bestAPFD:0.899102
bestSuite:8353,9558,7715,8925,12356,3410,10132,4312,11359,12935,2855,5326,1407,4700,12559,888,8243,5620,514,13240

test suite451
bestAPFD:0.923118
bestSuite:4325,7982,11648,9787,798,3516,11099,7100,616,11078,1588,13421,5255,390,10844,6512,5533,10808,5035,10226

test suite452
bestAPFD:0.909906
bestSuite:2879,13429,2425,6016,4359,2627,9745,846,7821,8473,396,13183,9653,8248,2851,7062,2604,2488,11826,13233

test suite453
bestAPFD:0.912973
bestSuite:8707,5572,4832,9146,12717,11503,1224,8019,7407,9610,10746,556,11369,4443,12039,645,4227,9642,4214,13237

test suite454
bestAPFD:0.913173
bestSuite:2845,5510,13433,5947,1105,2152,4815,8807,8998,5584,6473,12353,12835,12240,7005,8215,9454,5239,5287,4836

test suite455
bestAPFD:0.916521
bestSuite:13031,5348,3505,1806,12991,6360,4857,3158,2647,7788,10616,7629,8523,7396,8313,6441,472,3581,4560,13246

test suite456
bestAPFD:0.922534
bestSuite:6711,9380,1811,5969,11632,11970,7655,6088,5267,5962,4728,12268,3693,7668,1726,6900,3902,9176,4001,4039

test suite457
bestAPFD:0.917448
bestSuite:5403,13099,11873,12463,6523,1129,6721,1652,9379,9843,9991,5584,7398,3538,1475,1290,12235,11143,3591,5472

test suite458
bestAPFD:0.921103
bestSuite:2265,8563,11931,899,13332,11486,763,3794,13433,6129,5043,3615,437,3158,10696,1804,8253,4450,9600,8790

test suite459
bestAPFD:0.919931
bestSuite:3952,6335,9765,12114,8355,11129,11191,42,9489,5536,11791,9611,11036,9845,3294,3990,8211,10637,9446,5925

test suite460
bestAPFD:0.898385
bestSuite:6614,8774,5440,697,9657,4590,12657,7768,1199,5091,12499,10910,9114,8984,10900,11486,4751,1293,11105,13476

test suite461
bestAPFD:0.922750
bestSuite:3206,2753,2216,12263,12769,6501,11868,5061,3941,4455,13055,9270,5936,2572,5228,1317,5612,2041,2934,10008

test suite462
bestAPFD:0.891462
bestSuite:3605,285,820,6322,11133,4289,2181,7358,6743,4735,6387,773,10592,10734,8005,10781,8288,12065,2846,8654

test suite463
bestAPFD:0.907824
bestSuite:7397,6903,12724,1035,8799,8749,3220,7149,10135,6034,1497,9301,6951,2808,12786,11902,889,7451,10423,11920

test suite464
bestAPFD:0.908827
bestSuite:4325,10968,9370,12332,3286,9834,3871,12106,10878,1680,1940,10550,10564,2677,3501,11374,6679,9347,2884,6654

test suite465
bestAPFD:0.908080
bestSuite:9549,2228,1045,687,3793,12168,12899,3900,7012,8753,4982,8408,4888,9620,12116,12538,3615,12259,4144,7217

test suite466
bestAPFD:0.894702
bestSuite:5628,449,5019,5468,5559,8902,7346,4104,2246,9159,11239,12620,10524,5132,9137,11135,9505,10415,4360,6527

test suite467
bestAPFD:0.909697
bestSuite:3516,13506,8963,1331,2694,12231,12668,12277,1825,11554,1962,862,83,12901,11160,3787,4391,11544,10777,3705

test suite468
bestAPFD:0.925058
bestSuite:11629,6549,9949,12661,1265,3145,831,10147,11703,6583,2641,6889,9293,2834,1373,10416,9329,6958,649,2454

test suite469
bestAPFD:0.903275
bestSuite:3144,12629,8775,3806,1321,4226,12389,1251,6879,6829,4451,1542,5788,11951,13516,6487,6166,11813,11466,10596

test suite470
bestAPFD:0.908846
bestSuite:6661,12511,12392,3142,8950,15,5,8160,2531,10600,4850,10542,4172,3603,9452,3224,4847,2557,343,10097

test suite471
bestAPFD:0.909704
bestSuite:1977,8352,174,7781,1614,8645,11243,5124,3180,3140,4732,1234,5538,7716,1754,12065,12063,12823,13444,10076

test suite472
bestAPFD:0.912544
bestSuite:11020,609,11502,230,12903,7720,2924,1077,2555,12207,4644,6472,12266,3016,3759,10400,10496,2583,4314,5995

test suite473
bestAPFD:0.921789
bestSuite:315,1980,4133,8189,5080,7795,1813,6978,12148,9560,7358,10931,10665,9096,10413,7705,662,2142,10846,10010

test suite474
bestAPFD:0.895912
bestSuite:126,3115,10985,4358,3091,8223,3936,7065,9616,2072,1875,4232,1169,13189,10783,147,13385,2486,10806,2856

test suite475
bestAPFD:0.902600
bestSuite:13380,2444,3066,1453,2337,5271,2952,6650,10876,12534,12236,10584,10425,8021,10640,3454,12914,9866,4054,2344

test suite476
bestAPFD:0.924416
bestSuite:1509,3446,5681,7155,3961,859,4128,7607,7830,2571,7312,8706,12202,7455,9289,929,10662,9369,5926,13464

test suite477
bestAPFD:0.929510
bestSuite:8608,13363,3815,1847,11868,3762,8537,6407,11091,4591,2897,5497,684,6464,1704,2932,11135,11213,5202,7425

test suite478
bestAPFD:0.900596
bestSuite:8502,5795,5150,13090,6566,1839,7069,7926,9294,7491,9905,9445,1324,8895,11642,11392,12504,5220,7451,4529

test suite479
bestAPFD:0.925000
bestSuite:11034,517,13222,13416,2022,12362,1736,2882,12568,4893,9250,7352,9359,11809,1163,4683,6916,7625,11107,7531

test suite480
bestAPFD:0.908763
bestSuite:7631,6619,7230,4380,4453,12594,9165,3606,617,3127,12864,9900,5256,11980,7732,10721,12620,6181,1492,3064

test suite481
bestAPFD:0.901626
bestSuite:9862,9948,4538,1137,11617,4802,5717,9937,5719,6829,656,10938,9408,3438,11557,10928,3664,10403,10756,2142

test suite482
bestAPFD:0.909159
bestSuite:3947,2244,4330,8109,2597,2055,7464,9367,1797,475,12549,9306,8746,9472,1488,12017,10283,4497,10524,4961

test suite483
bestAPFD:0.926985
bestSuite:9083,11510,701,2870,9323,10147,2625,10138,7879,346,782,9958,3496,9895,1864,11017,11347,13482,3419,10199

test suite484
bestAPFD:0.920392
bestSuite:3863,3125,9378,2226,5254,9102,10624,10584,10575,9396,1598,936,10474,10470,4519,3263,7203,3401,3883,10219

test suite485
bestAPFD:0.918294
bestSuite:5569,8948,5852,13121,12728,3710,13463,2734,144,6687,3212,3473,1065,13276,1613,8055,8200,12831,5690,2559

test suite486
bestAPFD:0.891899
bestSuite:272,11828,330,2316,7847,8157,10364,2801,149,4229,7832,11518,6672,12583,481,9460,7370,4603,4028,10454

test suite487
bestAPFD:0.926561
bestSuite:3432,3698,12673,2494,12252,987,7638,13371,816,9898,11196,10871,1873,8899,4064,3712,6093,8364,4220,8448

test suite488
bestAPFD:0.917256
bestSuite:11637,5247,3845,6135,11131,3773,5777,13433,3354,12524,12540,3995,5551,13484,13160,11669,4938,8115,1297,6204

test suite489
bestAPFD:0.913697
bestSuite:8841,4114,3969,4959,4914,6818,102,8390,3173,4084,10447,617,12685,12157,7077,5853,6645,11722,12423,10080

test suite490
bestAPFD:0.914104
bestSuite:7712,7798,5933,4990,4208,1973,11694,9291,2159,7477,11085,1061,6019,9582,12520,1400,5780,8876,6408,808

test suite491
bestAPFD:0.904960
bestSuite:3012,8941,12393,3762,8909,3477,9409,8564,575,7255,2299,8029,12624,5489,12021,11867,7546,11186,12136,5749

test suite492
bestAPFD:0.910145
bestSuite:5745,7719,3462,2107,1920,1552,1767,12402,13149,2392,2714,2801,728,1777,123,11240,9710,10032,12013,6835

test suite493
bestAPFD:0.917262
bestSuite:3446,4349,8496,12110,5947,273,1612,3901,6300,9849,2640,3949,578,858,6027,12687,2272,8570,11795,1967

test suite494
bestAPFD:0.894893
bestSuite:1866,4250,7364,5489,4018,6348,4237,13,2122,3456,2820,11594,3675,12005,7854,9779,8244,10247,13034,5116

test suite495
bestAPFD:0.899618
bestSuite:170,1877,5635,1865,4158,11515,652,9335,1785,8834,4956,12371,12499,6942,6088,7157,12585,4770,7969,7032

test suite496
bestAPFD:0.890902
bestSuite:12905,3413,1165,3867,1241,2111,275,7056,2374,2538,11655,13165,11520,194,3133,3148,10336,13292,5591,13227

test suite497
bestAPFD:0.906559
bestSuite:6816,1933,2079,6544,5980,12003,11929,3802,10609,5946,2195,12520,5758,7475,7521,2999,8788,4144,575,8152

test suite498
bestAPFD:0.927468
bestSuite:3654,5130,8353,3709,8491,6430,4845,8605,1583,1609,9311,2133,1706,3735,2526,11784,11280,7101,12068,7066

test suite499
bestAPFD:0.906353
bestSuite:8709,1935,9521,6333,6090,9066,12341,10529,5417,4127,12560,11486,3756,9044,1203,10050,10741,5878,3946,4135

test suite500
bestAPFD:0.911479
bestSuite:672,10045,1372,2075,2439,7400,7580,9856,5240,4555,6025,7931,8890,5046,8255,11551,2853,11981,4082,7225

