test suite1
bestAPFD:0.896407
bestSuite:4592,13393,3866,11883,8754,8278,9441,4782,2587,5111,10938,12986,10743,1207,2901,8221,12464,8495,8316,12229

test suite2
bestAPFD:0.866498
bestSuite:8210,13505,804,3579,1816,11717,10110,2101,13155,2285,10475,11807,11970,13195,2018,6332,2175,7971,8754,12197

test suite3
bestAPFD:0.914104
bestSuite:7544,12758,856,5913,1412,9727,5749,1569,7346,2062,8104,7596,2192,1852,12227,11627,9032,12011,5283,9243

test suite4
bestAPFD:0.886189
bestSuite:4175,912,12457,9509,8082,11344,5739,6669,293,3509,3865,4468,12234,4278,5664,263,149,3534,5504,8439

test suite5
bestAPFD:0.900999
bestSuite:7873,3592,7059,9452,12663,11688,187,2123,12294,13277,2519,8336,9839,6494,8537,7061,1237,12504,9319,9507

test suite6
bestAPFD:0.910619
bestSuite:10477,10640,30,949,13257,5042,10748,5367,11009,7598,3650,4284,9488,7050,12402,2534,4143,922,392,9077

test suite7
bestAPFD:0.878543
bestSuite:4530,7400,13325,5499,4834,7363,13117,2589,8631,7080,4593,12700,10725,10274,3739,980,5057,3934,13469,1444

test suite8
bestAPFD:0.887625
bestSuite:8984,1098,11674,6001,12618,6245,7444,2802,2739,11849,7725,4785,7410,1993,10175,128,13292,7889,1540,11495

test suite9
bestAPFD:0.901613
bestSuite:9607,9305,1699,10853,11926,8585,6101,12897,11504,6486,434,5123,3238,13281,12833,4942,3034,6092,1575,3850

test suite10
bestAPFD:0.896375
bestSuite:10365,4913,9581,7081,10113,10972,7906,12516,3371,6321,9022,7596,11854,8997,1382,5989,6084,4409,10755,8391

test suite11
bestAPFD:0.896618
bestSuite:5414,3227,7316,11424,8440,11137,6567,9543,10780,10760,2865,8160,8896,4148,3688,4902,10699,20,10823,2463

test suite12
bestAPFD:0.898467
bestSuite:3082,7794,10381,10542,12379,5126,2837,9056,12517,6547,4560,12866,1554,2166,6897,5112,6948,284,7689,10256

test suite13
bestAPFD:0.861702
bestSuite:6505,9840,8594,11784,11563,6762,5630,7227,3949,6230,12369,9964,3295,3902,5496,8207,5857,12651,4549,12813

test suite14
bestAPFD:0.893436
bestSuite:2719,13284,4719,5865,6435,236,6712,1755,605,11005,1017,3885,12818,11141,4531,6196,12920,6956,11437,5378

test suite15
bestAPFD:0.867967
bestSuite:10478,1710,12109,5577,561,11741,671,13145,8691,12634,10187,9910,3572,10114,10720,9710,6829,4445,663,4250

test suite16
bestAPFD:0.903360
bestSuite:7083,13117,3354,1468,12441,77,1135,10747,4182,3213,1475,1217,4918,7359,8714,4301,572,1594,5082,9299

test suite17
bestAPFD:0.904350
bestSuite:7568,2587,4080,10776,12550,5517,11943,4932,9351,9373,40,352,2443,5470,924,11516,5586,13002,6659,1701

test suite18
bestAPFD:0.900816
bestSuite:5021,9583,13448,12413,868,9208,2366,2412,477,8297,7921,2040,11785,9004,8066,4236,10918,212,6074,10777

test suite19
bestAPFD:0.919486
bestSuite:9346,5237,5852,8122,8307,12656,4204,6598,1033,3995,519,2773,1288,6720,6188,9334,3556,2383,3179,6919

test suite20
bestAPFD:0.897075
bestSuite:11048,3545,2847,12768,826,7959,8563,3805,7950,901,781,5764,11821,2535,7252,319,10778,1869,1738,2376

test suite21
bestAPFD:0.861756
bestSuite:7322,1821,3082,1707,782,8324,11575,4651,3838,12843,6703,5206,3161,5240,10439,6682,3375,7167,11460,6197

test suite22
bestAPFD:0.915008
bestSuite:10482,10924,5899,6364,3553,1474,667,3842,13244,4699,813,2037,1735,7017,11681,12833,6388,2909,10929,13042

test suite23
bestAPFD:0.893762
bestSuite:8788,8718,3672,2545,2584,1860,11158,8540,2248,1066,8145,5011,1806,3006,7898,9167,5973,6007,3114,5286

test suite24
bestAPFD:0.923746
bestSuite:3524,11006,4586,6155,7797,244,10208,6479,10412,9246,7003,3810,8076,9924,5851,6805,2117,11917,9795,9861

test suite25
bestAPFD:0.897557
bestSuite:4783,4268,8384,12391,4426,7188,12188,102,11049,2519,950,4587,11670,11950,11813,2325,10505,7302,10469,2949

test suite26
bestAPFD:0.887972
bestSuite:173,12378,13311,10521,8339,11615,8359,10932,3698,12217,5022,441,2920,9799,8351,7895,12005,4542,1854,3945

test suite27
bestAPFD:0.893978
bestSuite:8317,9692,2875,1808,12438,9830,4828,3772,4033,3366,12190,10885,1165,12852,12169,9932,8132,11395,10909,6660

test suite28
bestAPFD:0.884799
bestSuite:7873,1326,6610,6466,4447,3613,3606,4191,9783,11483,578,7425,7853,13382,8649,10460,9779,10099,9843,3692

test suite29
bestAPFD:0.870399
bestSuite:8738,13192,8017,1314,7792,11175,9636,13175,11844,1639,7744,10126,5334,5420,10783,11418,10359,9885,8730,12600

test suite30
bestAPFD:0.867585
bestSuite:2713,1271,13187,1932,13411,3810,5992,9570,8405,12101,697,8717,2338,12142,4890,10872,11192,10636,8491,11263

test suite31
bestAPFD:0.896624
bestSuite:2395,1360,1546,7946,7000,1447,1277,1870,10303,12771,1279,11503,10417,3099,1445,5482,576,11125,4880,13022

test suite32
bestAPFD:0.861374
bestSuite:9900,7325,9061,7639,2060,3866,7485,12602,1416,4864,13518,4373,3441,7370,12267,4292,7287,2488,2962,9065

test suite33
bestAPFD:0.874840
bestSuite:2978,3448,10736,12226,11775,13169,3817,9673,8479,10169,7297,4623,2894,8494,1554,8637,11680,3896,6515,11953

test suite34
bestAPFD:0.891009
bestSuite:6408,8025,325,10481,1714,10994,3577,9597,6103,5959,10473,522,12099,3099,7404,5960,9348,10065,2252,1001

test suite35
bestAPFD:0.904923
bestSuite:8093,11128,12556,9620,11007,9549,11336,5414,2396,2136,3740,3280,12491,5541,1065,8419,10492,3776,11675,8195

test suite36
bestAPFD:0.897800
bestSuite:1347,13112,3052,2351,12510,5723,3280,3533,8732,9242,9235,4041,5492,6714,6742,13356,4306,8288,3384,1346

test suite37
bestAPFD:0.909175
bestSuite:5519,13232,12198,64,9552,11788,13401,12373,364,144,11543,5985,1648,13203,3238,2269,13409,10293,11838,539

test suite38
bestAPFD:0.903805
bestSuite:13385,3253,4585,7907,12535,2345,8183,10074,2564,3361,4573,12548,10185,8715,12730,121,13407,4928,6908,329

test suite39
bestAPFD:0.916858
bestSuite:1738,11224,12817,11830,10392,13521,6976,12560,1452,5477,11534,11414,8532,7127,5370,1681,1201,7194,3179,1875

test suite40
bestAPFD:0.897644
bestSuite:2413,9013,12006,12807,4546,6428,4407,8368,5698,3597,13409,7055,2539,7945,2754,3312,13297,11180,12879,11169

test suite41
bestAPFD:0.905082
bestSuite:3922,2267,3711,905,9424,1499,13010,5160,10088,13202,7883,7384,3550,56,3357,9997,11195,10955,9267,11192

test suite42
bestAPFD:0.891481
bestSuite:125,6944,12565,6101,703,6540,12485,11843,13281,3408,3002,11650,12670,4938,9666,5572,9041,816,11970,12294

test suite43
bestAPFD:0.896967
bestSuite:2469,11934,2636,4416,8657,5480,578,7227,10118,9464,11937,673,8497,7892,10406,1084,11851,9473,10180,9986

test suite44
bestAPFD:0.890661
bestSuite:12739,908,9722,11731,10362,1373,2707,9847,9695,3741,7674,11667,5343,11043,5177,9959,7575,5193,1327,5254

test suite45
bestAPFD:0.889692
bestSuite:1886,4448,4458,7503,1719,11582,4635,6822,9769,1756,128,5362,7950,3903,4922,4826,9956,9714,12969,1912

test suite46
bestAPFD:0.904285
bestSuite:9123,5579,5102,10416,10932,5191,8584,12156,8302,10135,7287,10847,3377,2219,2718,3244,12358,5836,11030,4986

test suite47
bestAPFD:0.864801
bestSuite:9818,1426,9989,12883,5483,5367,8828,11092,7060,12841,13116,12622,11671,4167,7662,1991,12140,2816,3449,1290

test suite48
bestAPFD:0.876497
bestSuite:5265,11294,5990,4672,3152,12361,10377,11586,5232,11335,11149,6479,765,932,11426,3308,5026,9622,10651,7442

test suite49
bestAPFD:0.869692
bestSuite:12575,3728,2916,4989,12741,10814,8883,7994,3376,724,11397,12165,730,8108,11813,8152,2347,87,2902,3123

test suite50
bestAPFD:0.890439
bestSuite:7581,3200,6440,6125,6741,11145,6767,12587,7489,2802,701,1702,2099,62,10022,5241,6195,12733,8124,1893

test suite51
bestAPFD:0.900298
bestSuite:6788,1540,9507,2299,4581,2895,9255,2134,8111,6732,11058,9290,12231,12876,4244,12527,7425,5058,10232,6609

test suite52
bestAPFD:0.894853
bestSuite:40,7297,4799,4044,3872,12254,13271,2422,5667,11355,11310,10663,11639,1897,2163,6809,2011,1080,2587,2958

test suite53
bestAPFD:0.890424
bestSuite:8389,277,13522,8126,2773,5823,11384,9996,2673,7970,13280,2313,9421,9925,9883,4300,11762,11258,8084,13244

test suite54
bestAPFD:0.898483
bestSuite:144,8333,4224,10137,11603,9501,10597,10129,9344,11700,2537,3925,4849,5608,4431,2749,421,9148,4089,8277

test suite55
bestAPFD:0.878647
bestSuite:9779,12495,362,10419,3394,3907,652,7824,2128,10431,1962,8140,2733,10956,12929,71,10731,11544,2874,11388

test suite56
bestAPFD:0.891959
bestSuite:5948,3043,5447,2064,3709,2988,5064,3485,12603,3815,683,9114,1328,8895,658,11186,1477,3801,12704,11630

test suite57
bestAPFD:0.881337
bestSuite:8884,13300,354,2031,13183,7284,12316,2492,11299,6168,7268,8460,10541,7306,3475,5968,10233,3566,8092,9776

test suite58
bestAPFD:0.900375
bestSuite:4688,1150,9596,10552,9684,7797,3196,549,10481,11120,2097,2688,9911,11502,5471,6494,10916,7392,9863,4052

test suite59
bestAPFD:0.874819
bestSuite:9604,5939,2307,9296,6826,2917,11228,2379,7619,1172,11876,1565,11980,445,4621,11294,10271,13201,3769,12618

test suite60
bestAPFD:0.894057
bestSuite:916,11093,55,7478,4170,1867,12225,2148,7883,3002,8197,2428,4339,9179,8235,3683,12158,9496,10202,10182

test suite61
bestAPFD:0.910021
bestSuite:11427,10596,5892,9728,1051,3464,2126,13375,12087,8735,12075,9114,5004,9857,1812,1217,6160,8588,12962,10261

test suite62
bestAPFD:0.894496
bestSuite:2339,2591,11182,8376,265,12915,10450,13103,8171,4671,12404,3649,3637,1907,4494,2578,12505,1168,5141,3159

test suite63
bestAPFD:0.882514
bestSuite:13506,12613,3156,12770,1126,12305,4216,6870,13366,5884,1023,10131,3900,2203,10324,233,2410,2042,11471,2150

test suite64
bestAPFD:0.882719
bestSuite:4500,1817,5504,12580,179,13411,2002,9976,7755,11773,5985,8280,8249,3422,9792,9538,9420,10128,12779,12365

test suite65
bestAPFD:0.874223
bestSuite:11382,12873,12359,12902,10883,10603,236,1800,3414,9689,4430,3381,598,10,8900,3513,2745,4109,10009,9525

test suite66
bestAPFD:0.897029
bestSuite:8632,1816,9877,12217,4486,6127,2867,12274,1034,1210,3375,3791,2186,411,9214,2818,4587,4458,4469,10174

test suite67
bestAPFD:0.883366
bestSuite:12742,6560,8671,8717,2133,5613,11198,13099,3186,8323,10243,12546,7577,876,6764,4815,2523,3237,12214,9945

test suite68
bestAPFD:0.908657
bestSuite:7972,1261,4015,6136,1934,3707,6999,2806,2837,9703,3482,2854,3904,3978,8085,11724,6096,5519,11925,4244

test suite69
bestAPFD:0.879134
bestSuite:4589,318,10201,13491,11125,11754,3204,4435,10341,9375,8278,5812,4965,4280,12720,1126,326,2042,1559,11001

test suite70
bestAPFD:0.901867
bestSuite:1937,7221,6412,4372,1289,11049,10147,11681,957,8057,12841,1257,746,6839,7460,10697,13203,8386,2422,3570

test suite71
bestAPFD:0.895604
bestSuite:703,3316,12357,8414,58,12797,2028,4009,12339,415,9928,10823,9684,4821,5302,3754,9587,3007,10576,2936

test suite72
bestAPFD:0.853217
bestSuite:969,11497,11602,1696,13150,813,461,1900,7014,1043,5816,3159,1789,8312,8790,5447,4137,10039,12139,5711

test suite73
bestAPFD:0.910474
bestSuite:6255,6914,1084,10874,5947,1345,9632,6428,189,3630,3894,7765,2330,678,11953,7471,10898,11449,12204,3764

test suite74
bestAPFD:0.901820
bestSuite:3916,9466,9220,3664,3000,11095,620,8571,2833,1129,287,9961,795,4118,3263,4602,2463,1639,13267,9901

test suite75
bestAPFD:0.900541
bestSuite:4056,9513,6883,513,11684,11164,13408,12344,3135,10425,3077,225,10145,1703,10757,4689,6662,7113,8186,7603

test suite76
bestAPFD:0.906229
bestSuite:5121,7525,6584,9236,6657,2728,9908,4366,8719,9840,9003,10185,9454,6992,8588,6967,7727,8971,2408,4177

test suite77
bestAPFD:0.876492
bestSuite:9233,2290,12101,11549,13009,2057,7102,5608,7264,10239,7812,5619,11449,12210,1250,10758,2602,12472,2494,5200

test suite78
bestAPFD:0.891258
bestSuite:8476,1887,11773,10250,6677,11110,3430,2480,6858,3371,2197,10618,6681,11433,9151,2266,8624,10051,3148,912

test suite79
bestAPFD:0.904533
bestSuite:10367,4536,8023,8945,3209,6274,2985,8083,3529,7759,11352,12156,10533,2345,1688,4573,3312,11491,13155,6117

test suite80
bestAPFD:0.920809
bestSuite:8332,8004,7486,6309,6785,2922,5959,9651,3454,5074,7914,7119,9566,7285,138,7247,6589,11456,4744,10071

test suite81
bestAPFD:0.883832
bestSuite:8948,4502,1530,6125,8769,10873,4517,9909,13190,12967,6605,8656,3938,2393,13363,3722,12490,4891,8011,1515

test suite82
bestAPFD:0.887238
bestSuite:8516,8305,7098,393,7566,3740,2591,1399,1695,4837,10374,10223,4926,5073,3159,10106,9730,11794,6820,2300

test suite83
bestAPFD:0.897874
bestSuite:12908,903,1840,6465,101,2078,1232,692,4882,6012,1234,249,9240,5756,7797,6788,4255,6790,1901,12236

test suite84
bestAPFD:0.853223
bestSuite:7128,11802,7929,11710,12664,2981,7377,12632,5623,12188,2379,232,8931,11576,3008,8636,1647,3627,5374,389

test suite85
bestAPFD:0.897972
bestSuite:5489,13067,12964,2392,7338,12300,8717,10633,12392,5233,7736,2393,2056,1758,739,13160,4676,2200,5841,8173

test suite86
bestAPFD:0.882103
bestSuite:4808,11193,3491,5375,9861,7215,8435,1144,12654,4005,11774,7617,984,10986,13475,11104,9715,2801,4794,4952

test suite87
bestAPFD:0.872307
bestSuite:1321,12736,4982,1030,1620,10136,9319,4438,35,11016,3740,10621,3160,2687,7161,5876,7756,3800,3444,5450

test suite88
bestAPFD:0.863263
bestSuite:2685,11700,2894,5433,1826,13126,8350,2435,4740,3387,12808,4727,7667,12488,369,4382,2579,11561,8513,5404

test suite89
bestAPFD:0.874722
bestSuite:12870,8100,7660,1535,7989,7410,7176,13504,9542,7231,4889,6452,10048,992,2959,492,8297,10165,13322,7053

test suite90
bestAPFD:0.903219
bestSuite:11134,7680,8747,12031,647,6995,5514,8114,5970,6848,300,13308,1780,10727,8046,3290,10584,4481,9782,5774

test suite91
bestAPFD:0.905151
bestSuite:1868,2867,3006,12642,8233,9746,12793,6252,9188,10582,3315,4262,8272,7121,2601,3879,4425,9443,5650,4377

test suite92
bestAPFD:0.886436
bestSuite:2697,12766,8581,6250,7836,10981,2751,8450,6068,8695,3785,1517,7441,5252,3857,4766,12602,7955,8453,4680

test suite93
bestAPFD:0.894590
bestSuite:9673,692,13056,4874,759,10754,12031,1448,13228,383,4187,6306,10098,10378,7026,9612,5004,4765,7831,6959

test suite94
bestAPFD:0.910449
bestSuite:3741,9823,7264,11525,10457,8594,2842,1595,8997,2352,7452,11001,11717,1151,5804,8501,1083,6945,12300,1694

test suite95
bestAPFD:0.858490
bestSuite:9460,7214,3327,9127,3772,742,5565,814,9200,7499,12285,6898,5793,7886,12459,13295,9391,3272,12670,7769

test suite96
bestAPFD:0.885653
bestSuite:10655,6176,2011,5050,10367,11398,5471,11491,1684,760,3401,3879,10940,8784,13267,4286,5697,4029,8746,12060

test suite97
bestAPFD:0.874922
bestSuite:5005,1703,1654,5865,5755,9568,13196,4586,8236,6955,11824,12761,13448,12470,12957,8892,3134,8138,13298,11555

test suite98
bestAPFD:0.892647
bestSuite:2037,9690,7581,5970,6535,8473,8175,4221,3420,10120,12554,4079,12823,3030,6548,11078,166,1896,310,5106

test suite99
bestAPFD:0.890854
bestSuite:12733,4348,1442,6244,1165,6890,4321,6502,3866,206,186,823,8281,3352,795,12093,9029,9221,4183,11868

test suite100
bestAPFD:0.892332
bestSuite:11328,5814,3055,1580,9130,9470,2635,11880,5839,4607,13436,3070,11884,6837,13367,4845,12068,5966,9222,11319

test suite101
bestAPFD:0.864636
bestSuite:972,12833,4486,7184,5376,10715,11018,9241,7469,6253,9498,6795,5857,12064,3969,4583,7704,2152,993,145

test suite102
bestAPFD:0.889607
bestSuite:1849,1166,993,11286,10843,12588,8579,1974,3712,4436,9918,10967,6845,10187,5018,2123,4569,13452,8212,2924

test suite103
bestAPFD:0.883176
bestSuite:2397,13226,3520,2607,3001,2943,6047,9628,1280,10765,6044,1240,3764,5861,2747,12740,9770,3763,8643,5658

test suite104
bestAPFD:0.865771
bestSuite:8583,3030,10891,5312,5625,3354,13133,7849,12135,11640,11842,12813,5601,12149,5198,2500,3925,4733,5836,2039

test suite105
bestAPFD:0.895387
bestSuite:10278,4422,12123,6402,377,2941,3085,261,9505,11154,2262,6916,8969,2488,12327,12203,4297,2670,12291,11870

test suite106
bestAPFD:0.873968
bestSuite:3461,3888,2277,8297,9007,2984,5010,12585,2006,13270,4187,1835,10567,5065,5019,4591,9547,4388,4597,9098

test suite107
bestAPFD:0.888296
bestSuite:9505,2300,10084,3752,2931,6392,9591,608,10197,8533,5265,1086,12414,11638,13391,9,12844,12035,10192,6210

test suite108
bestAPFD:0.886984
bestSuite:8540,459,4141,1919,10873,8120,3893,3865,8037,5517,8385,4016,8171,9211,14,9915,1423,40,1470,11564

test suite109
bestAPFD:0.882829
bestSuite:566,2148,12020,8375,3726,7812,10654,9230,5349,12926,161,5495,1740,8325,12048,9140,11504,10801,11061,7459

test suite110
bestAPFD:0.896681
bestSuite:13359,256,10261,8937,10043,11561,12439,11519,9172,2431,6115,11984,12556,6934,13251,12614,3766,6587,1402,2614

test suite111
bestAPFD:0.911889
bestSuite:13495,2408,8332,1084,6129,11850,5222,9497,9763,12187,795,13449,11448,8843,11083,4049,5260,11656,2509,5154

test suite112
bestAPFD:0.852961
bestSuite:3928,6348,1629,8642,12389,1050,2278,5048,3557,12891,1847,4341,10963,5370,2553,2820,8794,7044,12478,5864

test suite113
bestAPFD:0.894244
bestSuite:3495,11087,6214,381,5964,12016,9893,8099,12195,11758,7912,4549,9285,11706,9983,4300,6186,3457,7656,6888

test suite114
bestAPFD:0.874906
bestSuite:2141,3855,11764,735,8755,9527,11608,4057,9628,11673,13066,6499,12937,3715,3806,3474,7324,5566,9090,9738

test suite115
bestAPFD:0.893492
bestSuite:12309,597,10696,5960,8248,6006,8686,7315,18,8616,11652,11679,1467,10523,1184,10701,7520,8843,1138,12796

test suite116
bestAPFD:0.885046
bestSuite:6229,10843,13519,13367,10173,3776,611,11693,10854,5193,12526,3696,7531,4181,9795,8731,13166,9120,10996,12085

test suite117
bestAPFD:0.874505
bestSuite:4678,12330,10910,5529,8274,1147,7292,849,9604,4891,6317,834,6707,9555,12697,7016,6499,538,9958,12448

test suite118
bestAPFD:0.879854
bestSuite:390,11284,9216,1785,4953,11719,8239,1113,6591,8437,3860,8628,7258,9931,13250,11347,3850,1011,6226,10259

test suite119
bestAPFD:0.868604
bestSuite:12883,11075,10463,7692,8722,10802,5020,9208,11391,9666,10039,7622,430,12290,5716,12732,9322,3643,10073,2555

test suite120
bestAPFD:0.881698
bestSuite:2744,9936,6604,4301,10749,9280,5802,1709,2836,8089,7984,2932,9902,1501,568,4845,629,13128,5979,13099

test suite121
bestAPFD:0.883111
bestSuite:7002,2488,11287,4605,5816,11829,3586,12530,6575,1494,7023,9845,2994,5754,6230,1535,646,6312,3335,13319

test suite122
bestAPFD:0.884145
bestSuite:4141,12344,4171,12705,7214,399,2693,2995,7717,3965,13488,11958,1976,2153,6557,4255,10563,8451,1008,7125

test suite123
bestAPFD:0.897599
bestSuite:9130,6364,1493,9883,10510,11257,12962,2969,11469,364,2609,12587,6882,11759,2,4884,8085,11422,13306,11582

test suite124
bestAPFD:0.931472
bestSuite:410,5687,993,7658,2833,13318,1582,3996,1954,8513,10913,1289,2793,9991,8130,10916,8767,12152,6214,8111

test suite125
bestAPFD:0.911616
bestSuite:7395,381,9867,4332,3272,1960,10882,11666,3466,11350,5698,3804,5339,6767,7359,5145,9767,1807,4362,7375

test suite126
bestAPFD:0.897679
bestSuite:8950,190,1362,13395,1795,8105,356,6373,4843,11013,8466,1549,7765,11114,11931,8810,12754,3471,4666,9432

test suite127
bestAPFD:0.887572
bestSuite:8508,12542,5070,2846,8651,10641,8111,12167,8218,6588,7173,8131,5739,8665,12687,3820,12417,5052,7017,1705

test suite128
bestAPFD:0.875873
bestSuite:9243,9949,9569,9020,3940,5647,938,14,5151,5930,13092,12711,8471,11651,7229,9143,1482,11787,2211,13431

test suite129
bestAPFD:0.904811
bestSuite:6405,7904,12820,8945,12475,4268,3087,10175,8048,8415,418,8796,4460,4496,12479,5593,9724,13401,2752,2529

test suite130
bestAPFD:0.901206
bestSuite:8233,8461,5582,5061,5171,13373,3098,3176,40,10589,11983,2275,5103,5050,5562,8091,560,1220,2970,11236

test suite131
bestAPFD:0.910795
bestSuite:4370,11209,6779,11850,6670,7865,5017,1490,4118,3977,4030,12965,1696,2051,6144,513,7499,9138,12869,8481

test suite132
bestAPFD:0.922544
bestSuite:282,6810,11453,6148,6031,428,9526,4411,163,2958,4639,12619,2663,2314,12895,2153,4738,8442,9207,8537

test suite133
bestAPFD:0.877475
bestSuite:8789,8903,12894,12788,9540,1974,7273,8787,1444,7398,3343,7456,234,11048,7424,11903,7594,7465,11645,1284

test suite134
bestAPFD:0.858217
bestSuite:3254,5888,9517,7571,4781,13247,12497,6501,3050,5434,704,5156,4411,11091,5227,5311,1189,11582,549,8271

test suite135
bestAPFD:0.889095
bestSuite:7163,679,4642,4250,5454,2024,11041,10934,6328,7831,9837,10676,13399,7435,3875,7165,8858,12760,1987,85

test suite136
bestAPFD:0.880480
bestSuite:1221,8756,11778,2556,12583,8622,2418,7126,1383,9447,10831,1545,11457,9780,13510,12125,3828,5573,4074,12829

test suite137
bestAPFD:0.897778
bestSuite:5812,9812,6876,11594,6249,3191,8929,6666,117,11674,4734,3078,7306,10955,5701,7032,12537,2061,3403,7000

test suite138
bestAPFD:0.873787
bestSuite:7658,8694,8440,7039,9937,490,233,9230,8970,3158,13430,11027,9652,11352,4035,11024,4614,3663,778,8336

test suite139
bestAPFD:0.891513
bestSuite:145,2349,12697,3148,6535,6050,6986,2967,12461,9035,10303,4059,4655,8117,8967,1814,1607,4452,312,2827

test suite140
bestAPFD:0.910164
bestSuite:9571,13046,1088,462,9021,6394,7293,4176,3342,3887,5319,10867,6707,922,10234,8812,1285,2825,948,237

test suite141
bestAPFD:0.877198
bestSuite:9592,121,13509,1863,789,4272,10568,6349,4741,6712,12458,7505,10638,4117,12751,11226,11130,7106,849,10238

test suite142
bestAPFD:0.891803
bestSuite:9043,8663,3764,8817,4334,11622,5632,9709,12287,8988,5132,7557,9994,12736,2731,1156,13407,7028,9595,11842

test suite143
bestAPFD:0.904838
bestSuite:9541,10463,6392,2651,9123,6079,1674,8454,3245,10035,11018,7744,3826,4580,7481,1532,5122,8588,13013,3146

test suite144
bestAPFD:0.897754
bestSuite:1811,12713,11533,10792,3511,6234,11504,6807,7397,3181,8440,2064,13464,1545,13352,1032,585,5011,3330,2727

test suite145
bestAPFD:0.900928
bestSuite:7509,915,8952,12101,10052,12178,6612,7537,4948,3744,1928,5463,11008,5420,6339,9488,9588,913,5305,5603

test suite146
bestAPFD:0.899597
bestSuite:10873,4268,10327,6708,4887,9387,9099,9157,4631,7663,6278,5974,4224,8809,8268,7024,2977,9750,12298,111

test suite147
bestAPFD:0.921211
bestSuite:2786,9800,12103,8677,5290,9563,2189,274,193,11927,6012,9229,8645,2275,6975,3226,5380,9782,7350,2878

test suite148
bestAPFD:0.898746
bestSuite:5705,6014,3479,2549,7818,11142,5782,2585,11605,8183,1659,8864,5819,13019,9047,12339,3850,11655,7204,9288

test suite149
bestAPFD:0.899751
bestSuite:4658,7369,2871,12638,3345,1984,4272,1777,11261,12663,3426,6160,1335,4063,11552,5519,12717,1359,6817,6994

test suite150
bestAPFD:0.902287
bestSuite:1874,9586,13144,9435,4030,7994,10561,6775,12200,6238,8868,6585,3694,4878,935,6390,5462,214,796,12727

test suite151
bestAPFD:0.920018
bestSuite:9309,9738,5915,9646,10329,9442,5171,4727,6386,3618,6408,1996,4452,2157,3367,9270,4847,11922,7108,7580

test suite152
bestAPFD:0.912133
bestSuite:4533,375,5775,6220,5599,3638,1523,2051,12926,214,5975,7623,9937,9141,12889,1496,9671,3839,10463,10157

test suite153
bestAPFD:0.886179
bestSuite:2896,12313,445,13486,13434,4590,6657,12937,7404,5615,2403,12532,12289,6942,10112,11808,6125,6461,8286,3940

test suite154
bestAPFD:0.903085
bestSuite:4197,4817,152,7433,6950,1248,4574,11517,11797,6271,3043,8595,3659,11081,13185,10594,809,6171,3219,4004

test suite155
bestAPFD:0.886526
bestSuite:10226,11988,8535,12689,8769,5536,6888,9047,12810,7169,1258,7463,512,4742,1523,3013,8836,3347,1350,8266

test suite156
bestAPFD:0.901730
bestSuite:448,1422,10369,2046,10566,1555,6133,7225,10983,4902,7620,6299,2506,4647,1321,11843,2253,3160,589,7837

test suite157
bestAPFD:0.908340
bestSuite:11106,3759,9719,12761,7499,4828,9432,12352,2359,10921,8859,8461,6590,4915,11939,3968,5083,628,11322,9903

test suite158
bestAPFD:0.895020
bestSuite:197,11596,2032,560,6222,1848,3571,2607,9777,12881,7920,6459,6492,587,6629,1822,8842,9334,1232,12196

test suite159
bestAPFD:0.887915
bestSuite:483,172,13395,9809,6340,7482,3369,8699,2065,11970,2533,3830,2507,13347,9889,6400,3272,7115,10035,3812

test suite160
bestAPFD:0.890383
bestSuite:571,8837,3576,7434,12464,10507,5769,7460,2881,7360,8486,7644,12871,8321,4704,11692,10589,12296,12806,1120

test suite161
bestAPFD:0.880423
bestSuite:11251,5003,9063,7057,10828,11047,5779,1116,13259,5163,5062,12312,7814,6216,11675,892,3943,13053,10835,713

test suite162
bestAPFD:0.896125
bestSuite:5028,3441,6695,5360,4160,3298,8595,13205,5861,3986,778,10552,9415,1826,13513,12044,5749,9927,2230,5584

test suite163
bestAPFD:0.886561
bestSuite:12795,984,2386,9994,10850,10717,3635,2131,10486,7857,8,1400,5886,12789,4881,12718,5423,9279,1760,4680

test suite164
bestAPFD:0.908021
bestSuite:6744,8738,8812,1395,11303,13494,3727,12838,7567,146,11014,3671,8422,7820,9505,8037,1952,253,13024,3959

test suite165
bestAPFD:0.896200
bestSuite:1487,9265,13149,9844,6700,6961,3458,6919,13212,6450,10728,10858,1099,9170,8601,11929,11726,5545,12075,11058

test suite166
bestAPFD:0.904597
bestSuite:2537,5185,3722,6006,8032,3637,7467,5583,8237,6707,6130,4580,6470,2265,9178,1640,10648,7109,10851,1767

test suite167
bestAPFD:0.892884
bestSuite:2385,4445,3445,13147,12506,8086,4599,5219,34,4914,11651,191,5951,10907,1534,6272,5229,12298,1036,4588

test suite168
bestAPFD:0.912329
bestSuite:4404,7710,2097,867,9109,3577,10320,1883,8652,4321,12822,10282,9074,11704,11860,1813,9559,5803,4329,10435

test suite169
bestAPFD:0.869522
bestSuite:5938,8036,3078,1815,7005,4191,13406,8204,6756,9043,3961,3920,9300,10587,8416,9314,10145,11321,11040,6295

test suite170
bestAPFD:0.907636
bestSuite:1047,5978,8190,7955,1750,12377,1485,10117,10396,12970,164,10997,2125,1496,929,715,5101,571,13253,10402

test suite171
bestAPFD:0.899131
bestSuite:1924,10115,4753,3973,2855,12516,2115,1228,2178,3300,8529,8201,8026,4011,12787,6502,5253,2014,1235,11258

test suite172
bestAPFD:0.912843
bestSuite:7254,5486,12402,4643,1394,7656,5282,7862,1615,975,9055,238,11900,7651,4497,10868,3062,2725,8694,7814

test suite173
bestAPFD:0.894385
bestSuite:1501,8664,4054,11934,4811,9181,4597,5951,12579,11459,6297,2908,9634,7997,9206,4332,6894,10388,9966,5865

test suite174
bestAPFD:0.900579
bestSuite:3464,7090,513,2254,12353,3993,3543,3137,11991,9604,1137,2742,13394,6365,5834,3742,2332,3816,8310,4033

test suite175
bestAPFD:0.887607
bestSuite:340,1009,630,3308,11984,9102,3122,892,3450,10700,12888,4915,8319,7580,8838,8538,6166,6869,3358,8937

test suite176
bestAPFD:0.897028
bestSuite:12409,856,7388,12143,5353,7257,13484,5504,5785,10943,2615,7200,6444,10962,1002,997,229,4484,7151,7184

test suite177
bestAPFD:0.909143
bestSuite:11252,3167,9807,11047,12378,13521,11541,8389,899,12824,11853,4273,3384,3497,332,11141,11326,6742,8112,7849

test suite178
bestAPFD:0.908373
bestSuite:8544,378,6222,13105,6164,3535,1343,5967,7769,9524,4033,11492,13212,9999,11731,8466,3928,7566,4358,5580

test suite179
bestAPFD:0.881420
bestSuite:13346,9023,12994,6410,6448,3830,5876,11932,10376,6963,1783,2741,7611,12370,1591,442,12359,10967,8773,8436

test suite180
bestAPFD:0.900404
bestSuite:8861,8066,2867,6345,839,2508,2943,8423,6255,4068,3056,5331,4562,8223,573,1052,9046,4441,11508,1620

test suite181
bestAPFD:0.893355
bestSuite:9079,10769,11213,10177,2224,11450,4858,13478,9094,2129,8035,3661,9787,6000,9961,378,11661,7072,7619,6224

test suite182
bestAPFD:0.881989
bestSuite:10767,2020,7835,532,2306,10649,1450,11030,7090,602,4197,5498,4889,1665,3949,11672,1785,9267,763,6435

test suite183
bestAPFD:0.889208
bestSuite:660,7782,10380,484,847,2754,8369,5967,8477,3346,11462,6314,5636,7527,11518,6281,12350,10787,11232,7150

test suite184
bestAPFD:0.911432
bestSuite:1380,4234,11578,3992,2807,7047,6222,9121,13470,5065,13415,2472,10018,3389,13181,2504,2130,13493,7929,10894

test suite185
bestAPFD:0.903545
bestSuite:2266,1734,3223,9402,11820,10798,6734,11830,11195,12850,12976,11016,1515,11881,1408,8937,2576,3220,1452,233

test suite186
bestAPFD:0.876761
bestSuite:10647,13374,6743,13242,6206,11433,13171,6974,5857,5678,5011,11752,5872,3231,9494,8641,4211,9270,6816,335

test suite187
bestAPFD:0.894646
bestSuite:2382,11896,4651,1,10244,4578,9094,10139,12517,7297,13520,9253,7738,10879,7216,12053,4883,7634,9085,10827

test suite188
bestAPFD:0.884171
bestSuite:243,567,12849,2922,6591,3151,9765,1218,4176,5033,13403,10237,2487,3172,530,1946,5037,11856,1086,3548

test suite189
bestAPFD:0.920766
bestSuite:761,358,7982,9033,12914,1176,6336,5183,11380,8703,4136,1687,10545,1334,4656,7656,3416,7278,824,11205

test suite190
bestAPFD:0.900187
bestSuite:6956,7715,4300,5875,7580,6955,2780,2123,11676,2343,12539,763,3300,2471,808,17,1212,815,11015,3683

test suite191
bestAPFD:0.886898
bestSuite:10641,7504,9692,2442,2110,4058,9167,5796,8,7455,11186,384,2289,12681,722,667,5443,11742,6480,12217

test suite192
bestAPFD:0.885107
bestSuite:6633,11234,9206,361,3676,13518,11732,8119,13193,11075,7817,5155,5342,6438,3499,3839,10968,12021,7578,10599

test suite193
bestAPFD:0.904222
bestSuite:2068,8189,3363,6027,5329,12317,7031,2868,12233,2264,590,7140,11291,9888,5058,10425,10219,9845,4911,1924

test suite194
bestAPFD:0.887649
bestSuite:10701,11137,13349,8772,6349,6670,5546,6063,11641,10611,9701,2540,9893,2498,3073,10737,547,1017,1470,2826

test suite195
bestAPFD:0.892729
bestSuite:1144,8,12455,9263,4000,9774,9675,3669,11960,10550,975,9483,7159,5618,9438,5564,587,700,9178,1981

test suite196
bestAPFD:0.906450
bestSuite:222,10617,11422,9339,1449,2445,12879,1023,7105,7512,6667,8737,2416,5252,4877,7286,13119,12937,9141,3027

test suite197
bestAPFD:0.887495
bestSuite:1351,7671,7078,10386,9814,9142,1963,2321,9571,11662,8513,2444,13132,6607,11846,832,5396,2900,3278,8654

test suite198
bestAPFD:0.921660
bestSuite:6075,8265,10410,4140,10630,6135,1247,1182,1617,10018,3797,2633,5096,11379,8063,1860,4072,7428,11965,6516

test suite199
bestAPFD:0.894259
bestSuite:6621,4608,10803,8012,1647,5890,1674,6958,6007,12638,13365,4337,919,3796,12591,2664,9980,10468,11823,9865

test suite200
bestAPFD:0.917459
bestSuite:309,2079,8438,11149,1449,7031,10201,403,2996,131,8702,13501,5813,13392,5087,1975,9241,2312,4545,8637

test suite201
bestAPFD:0.855040
bestSuite:9619,4427,10310,5795,9611,8649,12979,6893,5649,3603,9528,410,8551,200,10980,7550,12441,1497,1493,10895

test suite202
bestAPFD:0.888512
bestSuite:5139,2890,10477,11340,8479,5946,10486,8676,9540,8204,10433,2491,10506,3630,11023,1284,1651,10758,6210,1309

test suite203
bestAPFD:0.901375
bestSuite:2947,13442,1885,587,7221,2168,1573,5279,7168,11744,2901,6076,5296,7669,10375,7436,5568,12088,4408,10844

test suite204
bestAPFD:0.887908
bestSuite:11730,7379,8503,6639,271,10024,5714,4553,2694,3581,9841,7960,3001,10893,151,11359,3421,7946,4204,10382

test suite205
bestAPFD:0.895194
bestSuite:9321,10779,11595,10007,11633,5693,8964,9123,10917,1972,7894,4853,12562,5744,303,1238,2507,8242,11799,9901

test suite206
bestAPFD:0.884655
bestSuite:656,5388,2344,7930,2750,4252,8744,677,2901,10220,11786,5564,1605,5646,5426,8527,1919,4537,473,4421

test suite207
bestAPFD:0.886259
bestSuite:4095,11517,11207,2542,12176,3650,3917,9476,3302,3721,3333,1547,3210,13234,11515,12735,6831,1751,9834,12432

test suite208
bestAPFD:0.901197
bestSuite:8705,2564,11837,9674,1010,8250,4265,9340,8665,13158,11499,4424,7435,3383,12260,3565,13377,6914,10444,1622

test suite209
bestAPFD:0.909141
bestSuite:3085,225,8614,5068,6355,5647,7525,1137,716,10332,3628,11338,227,9599,176,11459,10833,1271,450,10692

test suite210
bestAPFD:0.894921
bestSuite:5557,4114,7040,8707,610,5415,5513,11643,646,13105,3916,6197,8732,7888,11740,1197,1678,3857,4724,12709

test suite211
bestAPFD:0.896339
bestSuite:13209,8198,8802,11283,4143,9346,10837,2323,7968,6924,8048,794,1304,8129,4567,1380,9186,151,4368,12298

test suite212
bestAPFD:0.861210
bestSuite:10864,7456,2394,733,4366,10880,1765,12026,10898,1292,1782,9158,6531,10677,12369,11753,12465,8086,6877,1788

test suite213
bestAPFD:0.878175
bestSuite:5276,12411,11979,1118,5688,1174,8103,8742,1185,1957,1094,5887,2371,7381,1874,11321,11423,2413,6505,8896

test suite214
bestAPFD:0.898568
bestSuite:4905,316,9618,10178,3038,5916,12085,1215,276,9945,11117,2399,758,4559,10308,13342,7003,8726,6254,4666

test suite215
bestAPFD:0.875533
bestSuite:5283,9958,8006,6988,12767,10861,6963,10569,12879,10112,2129,10733,7030,6578,8972,10170,8765,3187,5156,12855

test suite216
bestAPFD:0.902803
bestSuite:5180,13268,13217,10983,12294,3582,8399,7099,1273,7610,12194,226,10693,13032,10871,8157,2448,6316,11457,8737

test suite217
bestAPFD:0.897753
bestSuite:1420,6910,4420,4914,6921,12140,505,2089,12803,8757,11567,10478,8356,7830,5168,5207,9819,8855,5919,7070

test suite218
bestAPFD:0.882052
bestSuite:10937,10146,6375,12396,1248,2701,10434,13183,1955,5080,11601,2010,3379,4199,11569,9966,5698,11618,4134,3825

test suite219
bestAPFD:0.874051
bestSuite:8005,10494,6177,12981,6404,13380,9544,3999,12065,11252,3460,8724,11868,10144,12621,5484,10349,12935,8935,6824

test suite220
bestAPFD:0.906917
bestSuite:9754,11043,12910,3313,3517,10582,2472,3743,6945,11734,3235,5205,3822,8604,7784,10377,9828,2869,12111,10815

test suite221
bestAPFD:0.925883
bestSuite:8259,10633,5927,2530,10647,6064,8006,1824,1015,13116,13301,9694,7389,6165,8499,1897,4864,10725,2372,1279

test suite222
bestAPFD:0.888622
bestSuite:1976,6356,8213,7993,1116,7889,2821,12101,7452,13407,12566,9261,7576,12044,4217,9104,2853,3505,7083,13027

test suite223
bestAPFD:0.875355
bestSuite:1494,1555,4975,1074,1557,1775,12929,11078,1242,9526,438,12620,12044,2940,6978,338,7751,8366,9942,12358

test suite224
bestAPFD:0.898057
bestSuite:7521,7094,5379,329,2399,9254,228,4095,13420,7068,8200,8372,7408,6568,3623,367,10190,6392,11250,8390

test suite225
bestAPFD:0.894256
bestSuite:9134,7758,2304,6556,10051,642,6169,7441,956,1350,1490,12383,8220,12340,12932,11958,9463,7664,13143,2247

test suite226
bestAPFD:0.870895
bestSuite:1016,8518,2016,3581,7859,1178,4114,5951,7122,1000,6099,11377,32,6278,6692,7544,3079,1163,2225,1856

test suite227
bestAPFD:0.875625
bestSuite:8791,5100,9637,10394,6501,5574,5106,3211,7887,1640,3064,5034,12470,3234,9053,2059,11548,1739,6674,13217

test suite228
bestAPFD:0.911371
bestSuite:6610,12231,13341,4272,9324,8281,11977,12609,7761,2895,3733,4581,5634,4548,5131,3009,9515,1075,2882,6

test suite229
bestAPFD:0.871625
bestSuite:11530,7411,6066,3702,8522,5489,6333,8789,4625,7671,6863,11871,2226,11249,10084,12848,9240,6407,4336,13267

test suite230
bestAPFD:0.876359
bestSuite:8875,11160,60,4240,10560,12147,1610,3860,6191,8664,9247,11621,805,6385,7148,10143,725,9815,10626,3264

test suite231
bestAPFD:0.883790
bestSuite:12911,4126,4457,10893,10944,10719,4325,8812,10215,6501,173,945,7135,11610,9832,10565,9891,9369,13266,6952

test suite232
bestAPFD:0.918806
bestSuite:730,5020,4821,9061,2073,4854,4412,5373,9989,435,5134,9980,3345,9582,8173,2717,10107,2071,834,450

test suite233
bestAPFD:0.883175
bestSuite:2969,5632,8148,10504,3051,4358,3592,4480,9949,8803,8792,9591,4253,1456,8076,9644,4207,3763,5489,2008

test suite234
bestAPFD:0.913736
bestSuite:13018,10262,555,4165,9349,2695,6226,3733,5581,8126,11957,7047,4387,9257,709,7971,4053,11077,6241,12440

test suite235
bestAPFD:0.885442
bestSuite:285,2621,5221,10167,2021,4185,2009,2502,6221,885,7790,7264,11922,10681,1229,12440,12773,6089,1180,10949

test suite236
bestAPFD:0.871752
bestSuite:11004,4008,1692,10600,11463,12258,1284,6194,12477,7845,2473,1928,727,10895,8826,1137,12344,1897,12031,13158

test suite237
bestAPFD:0.862275
bestSuite:5593,2178,496,9877,491,1612,9546,9949,6231,11547,11734,8872,12980,8336,9233,12066,3862,5807,9510,3926

test suite238
bestAPFD:0.908791
bestSuite:1664,6455,13504,6355,12955,8255,677,11037,2092,10864,3728,5082,6227,6801,2156,7419,9276,173,2971,10003

test suite239
bestAPFD:0.881709
bestSuite:8788,2243,10126,5616,8429,7067,4926,12499,10966,2917,8527,10672,4380,6495,7080,6862,8149,10872,7009,9674

test suite240
bestAPFD:0.885503
bestSuite:7039,990,9891,11715,4449,3320,9315,9582,1752,4755,2708,12158,3661,9284,8437,11675,1122,8567,118,10607

test suite241
bestAPFD:0.846856
bestSuite:12605,2812,10879,10867,6420,10230,7080,207,9142,5969,12963,39,11979,13437,7315,12840,8371,10869,9054,4329

test suite242
bestAPFD:0.905027
bestSuite:6381,10953,107,11785,918,6206,5241,8922,6417,12024,9242,8990,5611,8584,1154,7753,2212,7357,185,1387

test suite243
bestAPFD:0.884619
bestSuite:3277,1417,9497,11588,2311,6262,4222,7494,8333,206,11664,5583,6912,9428,1874,2728,705,11135,11035,4524

test suite244
bestAPFD:0.900165
bestSuite:3975,533,669,11784,8061,7462,5292,7167,1696,12526,6343,11007,2443,3471,6563,12617,12167,13486,450,6844

test suite245
bestAPFD:0.910131
bestSuite:449,12613,10511,3188,202,5289,5560,4643,2184,13478,11911,3990,10415,10495,2473,5137,1796,12385,9908,9241

test suite246
bestAPFD:0.901785
bestSuite:196,8842,2929,6489,11695,3980,504,395,5599,7699,10870,11409,12265,5653,8347,2246,4770,5338,6198,2681

test suite247
bestAPFD:0.888073
bestSuite:65,8121,7916,11787,8635,12867,3730,1986,2614,8718,1101,2034,4857,4654,9552,10288,8108,1827,520,11706

test suite248
bestAPFD:0.903708
bestSuite:8386,12285,3393,6224,5861,4051,11635,11731,10965,8275,8814,2266,11792,2269,13512,12875,13299,10278,2985,6911

test suite249
bestAPFD:0.892770
bestSuite:4629,8871,1353,1279,7686,5906,11980,12158,8569,7862,7698,7384,11520,3175,12601,5518,7174,968,11657,11988

test suite250
bestAPFD:0.888605
bestSuite:5170,6866,203,10116,6296,9735,4046,5736,12084,471,12133,11965,11160,10918,7551,10269,4814,1385,3346,4195

test suite251
bestAPFD:0.884440
bestSuite:7181,7021,8931,1105,7424,998,13118,6807,12073,13519,11277,1522,8966,2505,931,5223,5887,221,204,8079

test suite252
bestAPFD:0.887574
bestSuite:6210,3326,694,1604,4915,2098,890,4740,5638,2016,9576,9252,6503,12848,1211,4005,7344,7876,8473,5308

test suite253
bestAPFD:0.878743
bestSuite:6734,12746,11199,4406,4971,4214,8859,10989,796,11296,2063,9104,5427,7455,7467,12664,8892,10797,8004,11614

test suite254
bestAPFD:0.918739
bestSuite:8639,11155,11309,11320,6360,1653,4246,2954,3749,4653,6228,4261,6582,3865,5719,11323,4245,10428,4590,2071

test suite255
bestAPFD:0.876103
bestSuite:7291,1017,3908,975,1422,9015,2276,11371,6335,10737,5172,1645,9703,1287,2450,2461,9100,10453,10275,10003

test suite256
bestAPFD:0.882775
bestSuite:1394,12750,5414,10643,11868,10306,10932,4649,3821,12643,4676,1221,7492,10219,9310,11484,1907,7491,7741,5355

test suite257
bestAPFD:0.902825
bestSuite:6623,4790,9558,6282,2587,6958,6830,982,8612,5878,5282,12302,977,8061,7674,10679,1835,3081,7828,726

test suite258
bestAPFD:0.879725
bestSuite:8097,6378,5359,8042,11686,7921,8036,9524,6876,11360,5744,8341,1803,11336,10199,5658,11011,10659,1118,7904

test suite259
bestAPFD:0.857345
bestSuite:12605,10334,4456,6301,6382,6989,13378,6861,2425,2215,2995,9528,12629,6419,10059,11718,12528,11732,11104,4058

test suite260
bestAPFD:0.879002
bestSuite:7573,9048,2863,620,9118,2110,2477,3150,1980,7779,10136,10794,3909,10623,6833,3252,9402,6999,3831,13070

test suite261
bestAPFD:0.916869
bestSuite:10501,10732,10591,3911,5973,12972,12475,7572,1140,11894,1094,12219,9612,8996,6105,2642,1394,10008,3386,7602

test suite262
bestAPFD:0.889893
bestSuite:10402,7578,6097,8959,3544,9751,1544,7292,6961,4570,4923,12321,7631,8609,6213,4093,5477,12307,5488,6212

test suite263
bestAPFD:0.877378
bestSuite:9480,56,7220,4086,10073,1926,4732,8653,6255,10175,7443,13205,5266,30,12490,5796,9618,1554,1725,6926

test suite264
bestAPFD:0.866344
bestSuite:7214,362,5459,698,9233,11869,4327,11257,8432,7220,5646,7287,10796,4748,8207,10638,8907,6440,2693,11817

test suite265
bestAPFD:0.899348
bestSuite:11869,2759,7676,9131,3164,5218,11886,10800,8994,7609,2192,6045,7822,3997,5292,918,1217,9134,12762,332

test suite266
bestAPFD:0.894365
bestSuite:5439,3114,6958,5554,7434,3358,10095,1025,5337,6863,10082,6654,2607,5227,3926,12525,12249,1958,7542,1011

test suite267
bestAPFD:0.887066
bestSuite:4217,5562,9465,10540,11708,7594,13145,173,6362,6552,5705,1623,9529,147,4975,928,12607,11696,5171,9669

test suite268
bestAPFD:0.899102
bestSuite:12001,6141,638,7140,2761,5313,12976,6298,1479,3040,8145,12626,12681,2285,8396,269,8282,5954,9633,7677

test suite269
bestAPFD:0.884359
bestSuite:4200,7927,2042,1290,9714,303,9130,235,4062,2716,2639,4379,10995,2531,6053,8678,4271,3058,4801,9315

test suite270
bestAPFD:0.888349
bestSuite:4411,3270,13416,5639,7381,6552,5024,617,3986,10283,7857,5579,8185,8212,4376,8593,6874,4031,1843,1614

test suite271
bestAPFD:0.902454
bestSuite:1617,1774,7740,2107,5483,6407,10767,4231,3812,2169,9269,7207,13470,177,354,7140,9263,4623,13487,10904

test suite272
bestAPFD:0.899481
bestSuite:4517,10001,4362,259,12183,380,13004,6109,12404,13520,7626,6837,8424,2915,8227,4867,8715,5025,13049,905

test suite273
bestAPFD:0.896478
bestSuite:6182,2679,11858,5093,6238,4992,2827,6165,758,7572,9067,10730,247,8823,11279,13473,995,8808,3169,3713

test suite274
bestAPFD:0.899196
bestSuite:3546,4643,4571,4064,12223,854,2491,7587,436,12346,10479,10139,11621,2477,5502,12380,1348,386,12076,13479

test suite275
bestAPFD:0.897211
bestSuite:7960,9253,8813,1790,97,8790,534,13308,4570,5296,7749,5231,11167,2916,3237,4136,7959,8691,7389,10811

test suite276
bestAPFD:0.864406
bestSuite:5013,1935,10065,1238,8047,644,10060,10265,1459,6713,4179,1295,7883,10838,3286,2825,11544,13368,3767,10498

test suite277
bestAPFD:0.901130
bestSuite:5599,1075,11262,10344,10711,931,4048,2900,1223,13238,3545,5085,727,9601,11455,11448,1415,5511,10972,3625

test suite278
bestAPFD:0.911134
bestSuite:9832,1718,3808,7440,12807,9050,20,10286,8187,1226,1539,5614,5924,8099,8644,4368,11264,10118,8204,8245

test suite279
bestAPFD:0.906510
bestSuite:6890,779,3407,10894,2340,4834,4873,7358,9289,3647,3937,4416,3156,847,6082,2278,11419,4400,6758,11853

test suite280
bestAPFD:0.874501
bestSuite:1502,7301,12654,13429,4202,516,5444,10949,723,2424,13524,1301,5858,6500,13148,12884,1344,3180,9788,84

test suite281
bestAPFD:0.901390
bestSuite:6885,4179,432,3764,13499,2903,10195,30,8765,10473,5230,4307,6536,10060,12045,3315,7512,6957,10428,12610

test suite282
bestAPFD:0.880462
bestSuite:9797,1508,3018,3957,11524,3073,683,5650,8073,11083,9033,11060,1833,8647,5282,2936,1707,8981,12386,9840

test suite283
bestAPFD:0.901345
bestSuite:13082,9604,1241,2173,6799,8202,5210,1413,13514,550,9592,5862,5485,224,5255,3278,3987,5188,4836,40

test suite284
bestAPFD:0.896268
bestSuite:4461,11349,6821,12236,7648,8672,12135,9880,11655,1133,11171,13352,1907,4756,1653,7509,4678,2545,7001,4366

test suite285
bestAPFD:0.893668
bestSuite:9795,187,3808,1994,8628,2485,13153,8290,2273,3019,1163,3232,7527,8334,2877,10925,12147,7418,4240,7864

test suite286
bestAPFD:0.902079
bestSuite:7396,537,6689,11645,1750,9371,4232,9859,10260,7838,6730,1126,9515,6228,6530,8812,7932,6956,2575,9024

test suite287
bestAPFD:0.888051
bestSuite:8998,12153,7627,10192,7767,7965,5638,12102,11800,381,3468,4454,8749,6471,47,2034,11452,2805,9445,6429

test suite288
bestAPFD:0.891905
bestSuite:10807,5679,10508,5201,8704,5788,11936,1390,7263,12197,6335,682,12058,6559,1510,11900,10797,8305,11995,4508

test suite289
bestAPFD:0.910917
bestSuite:7453,1394,4320,10545,5097,1199,4604,8519,8880,5670,8248,4101,6705,8458,13472,9705,8866,8254,10390,2465

test suite290
bestAPFD:0.895031
bestSuite:5902,8856,11604,3061,3855,12449,11240,1167,929,12197,7,9146,8583,5383,8358,8338,6370,4027,10784,7036

test suite291
bestAPFD:0.887578
bestSuite:7802,12667,4902,10320,12007,52,76,7921,1208,12905,2054,7147,6336,7152,4473,2016,4346,11362,9037,4797

test suite292
bestAPFD:0.887582
bestSuite:12399,1830,104,11422,4782,10685,4305,9068,5795,1881,9084,17,2885,9800,3500,3177,11298,12962,10657,6337

test suite293
bestAPFD:0.899166
bestSuite:4317,6996,10971,12516,11169,2288,9787,7114,12707,3550,2455,8552,3521,12076,2249,10148,6100,12980,405,1072

test suite294
bestAPFD:0.903935
bestSuite:3205,3640,6538,4431,6899,6924,3335,10645,12165,6605,9046,1783,7472,3127,11529,8724,2927,9486,13451,224

test suite295
bestAPFD:0.885909
bestSuite:5913,4989,789,4140,11484,6590,11024,10158,11207,1563,7726,1104,5299,7365,11105,1424,13379,8118,13129,1910

test suite296
bestAPFD:0.888842
bestSuite:4833,9959,9346,5454,5502,9485,5355,10097,4280,9019,3971,1840,1442,1660,11699,10820,12776,5773,2611,6728

test suite297
bestAPFD:0.902431
bestSuite:1877,2454,10778,304,3661,247,11990,11475,12442,2209,8665,5609,10787,4440,7693,10572,8148,6849,1776,7016

test suite298
bestAPFD:0.865899
bestSuite:8762,3497,6822,2168,13052,13118,10219,12075,4427,1429,3533,6222,11708,5648,11062,8821,2563,6638,1950,6745

test suite299
bestAPFD:0.872541
bestSuite:11824,241,743,2447,2246,7342,13102,11268,8223,10248,162,3381,11436,4283,270,7167,3853,8124,1599,2113

test suite300
bestAPFD:0.878950
bestSuite:4548,12779,5279,11753,2872,3060,5689,4751,2484,12624,13146,7558,94,804,8300,5361,8318,12474,12400,8216

test suite301
bestAPFD:0.889671
bestSuite:8220,9760,11337,533,12953,9891,8894,1602,6028,1630,7470,7859,3052,492,4220,1309,13083,963,2355,1409

test suite302
bestAPFD:0.893762
bestSuite:10917,9486,5867,5898,5706,1146,13452,4746,10416,12757,3491,4281,3028,210,10824,3239,8777,12700,584,10019

test suite303
bestAPFD:0.886073
bestSuite:6691,724,9644,845,10840,4655,5641,13360,7615,11946,12280,11935,11011,3096,1708,1690,9539,3963,1994,9276

test suite304
bestAPFD:0.899113
bestSuite:4067,12450,4063,13408,7716,615,123,9619,9569,11184,7039,6428,6505,13218,12995,649,6292,5445,10309,10497

test suite305
bestAPFD:0.908140
bestSuite:3313,10474,4405,271,7669,6410,7146,10937,4269,10216,2707,9766,6322,1684,6584,8194,4582,7256,12783,791

test suite306
bestAPFD:0.899181
bestSuite:3446,12391,6950,12322,11834,2114,309,3686,12722,11672,7178,803,6187,7647,11814,11292,6038,10282,1572,2847

test suite307
bestAPFD:0.855305
bestSuite:8643,12218,2595,12464,1118,9214,5460,5877,10711,8750,641,7361,6582,13073,1891,13375,2800,10447,8088,4456

test suite308
bestAPFD:0.847086
bestSuite:10799,10961,12403,3584,5945,11374,304,10128,9097,2542,5741,9038,6424,10349,10361,11445,7198,12645,10915,1200

test suite309
bestAPFD:0.904852
bestSuite:5319,1565,1041,6496,13446,663,591,7218,13081,7671,610,23,4664,10120,120,394,8908,6083,6718,1092

test suite310
bestAPFD:0.907691
bestSuite:12890,3807,11780,6006,4886,281,4763,9488,9627,9756,4787,10462,8097,270,11300,9231,4744,10024,6255,8070

test suite311
bestAPFD:0.883570
bestSuite:4131,9689,5888,3458,7209,10057,2863,1941,3492,3847,6200,4970,1248,4490,1894,3907,5872,7917,12470,10917

test suite312
bestAPFD:0.900577
bestSuite:9338,12280,11517,1983,1541,3360,2127,1870,11734,11600,13173,8535,3394,2910,2408,3691,1671,5241,9137,5194

test suite313
bestAPFD:0.886759
bestSuite:10930,2489,9285,11090,5379,3028,12703,2850,494,7730,8876,13475,6346,8173,13045,3918,8165,6283,304,9896

test suite314
bestAPFD:0.885463
bestSuite:13157,5654,3985,5658,492,10818,12506,42,612,3762,94,9875,13290,13254,5844,12552,11765,10618,6531,7190

test suite315
bestAPFD:0.907951
bestSuite:11991,715,1136,11034,10610,8313,936,8866,6919,2703,1041,8152,10243,9092,2736,11695,8120,9898,6555,4129

test suite316
bestAPFD:0.893489
bestSuite:5749,261,9235,11028,12635,7809,10237,7878,10571,8634,9242,12772,4541,8830,9539,4305,5780,7194,2324,10996

test suite317
bestAPFD:0.901999
bestSuite:1757,9035,12399,1864,7060,12719,2848,7287,2379,9869,11040,5585,5767,860,5555,8480,6100,8647,5201,7869

test suite318
bestAPFD:0.894521
bestSuite:12190,2300,1538,6784,7769,13464,6059,2598,6981,7003,4901,9171,3237,12,5281,811,10050,4663,10789,3951

test suite319
bestAPFD:0.896218
bestSuite:9413,619,8974,5725,5070,5469,1731,13345,12974,2469,5107,3158,6112,2582,11314,10777,4514,16,2075,10147

test suite320
bestAPFD:0.897520
bestSuite:8810,13127,7773,8217,2949,393,9424,3242,2547,1713,10981,5906,2815,7870,10315,8231,7307,7002,1269,11712

test suite321
bestAPFD:0.883484
bestSuite:9298,8749,10515,6239,9752,4025,8970,4152,3581,5114,11847,7200,310,7795,447,12787,1246,6455,5177,12710

test suite322
bestAPFD:0.881398
bestSuite:5230,700,6696,3723,261,7357,8606,63,7739,11080,1027,2912,9247,614,6699,12868,987,11252,4279,12635

test suite323
bestAPFD:0.905975
bestSuite:8183,3793,1902,10170,6478,2155,7778,6956,6922,3437,1094,5258,5448,9860,8608,10745,11069,9665,5590,4073

test suite324
bestAPFD:0.886188
bestSuite:9269,3545,8024,5185,645,9007,10552,13090,3345,11271,11929,3085,295,12367,13463,9694,7444,805,1290,12296

test suite325
bestAPFD:0.883912
bestSuite:1085,6549,5998,10453,3321,3033,10394,5808,10388,2700,1468,12395,7871,3049,848,9278,10185,5009,2695,6802

test suite326
bestAPFD:0.879663
bestSuite:12999,10878,3566,10678,13113,7865,7596,11416,6978,9743,10099,7472,5363,162,755,2246,3407,8171,861,1797

test suite327
bestAPFD:0.885819
bestSuite:3501,8145,9320,7724,5267,9827,6404,7294,10231,7959,8114,10679,8156,233,2676,4661,13268,11850,5144,7161

test suite328
bestAPFD:0.899637
bestSuite:5513,12031,11107,12789,810,7867,4307,512,11289,7767,7054,4502,7700,3403,4227,6187,3175,4244,1585,10868

test suite329
bestAPFD:0.912919
bestSuite:1492,13471,472,12459,889,12664,12504,2267,852,1033,2277,10738,4583,3434,5869,5388,6969,10506,12316,7727

test suite330
bestAPFD:0.867675
bestSuite:10294,2056,7153,11176,6734,623,8551,11065,4947,2856,4962,4865,969,11204,5754,4709,10484,336,4924,11928

test suite331
bestAPFD:0.897806
bestSuite:6331,5825,10570,12,71,1839,8204,2776,6846,13492,4864,66,210,4995,11227,10648,5437,8386,1419,7598

test suite332
bestAPFD:0.885758
bestSuite:12026,5579,13426,9643,3334,8515,4571,3286,1515,1775,10475,1853,937,9932,2524,8442,27,1490,5887,11443

test suite333
bestAPFD:0.883491
bestSuite:438,5816,12862,763,2742,9331,9709,9182,13247,10380,8175,8051,8178,2868,10978,9480,7959,4152,5903,12554

test suite334
bestAPFD:0.890994
bestSuite:9056,12886,6027,12829,7190,2066,10595,5257,1650,8251,6610,10659,6916,13386,8681,12154,4443,13342,7784,5029

test suite335
bestAPFD:0.885310
bestSuite:10454,4847,13127,3525,5056,4147,8882,5390,3905,9172,2275,831,11980,12449,2480,9893,8485,10388,11279,13483

test suite336
bestAPFD:0.899341
bestSuite:3966,6984,2956,12459,10642,5920,3022,4582,11400,1422,9958,9492,4428,1377,6499,4291,4455,2896,1552,3340

test suite337
bestAPFD:0.894006
bestSuite:11636,3954,3422,1812,142,2056,4883,5258,8491,7734,218,5422,2919,88,1796,4029,8471,1664,2540,4491

test suite338
bestAPFD:0.913347
bestSuite:8278,8181,6260,1122,28,8085,4596,13026,3643,11151,4171,12004,716,4711,2302,7378,11194,4311,264,204

test suite339
bestAPFD:0.895878
bestSuite:6371,1384,8383,7425,8288,185,7354,3897,803,5451,10202,13387,1397,8297,3316,2323,9916,5604,11909,1936

test suite340
bestAPFD:0.873729
bestSuite:8769,10961,10238,5726,9342,1621,6484,1515,4930,8209,5084,12449,12779,8296,10393,1651,11611,352,7185,9060

test suite341
bestAPFD:0.921210
bestSuite:7209,11972,5364,6871,945,3395,6336,10689,6154,8766,875,1055,3542,11065,6848,1610,3490,1173,6962,642

test suite342
bestAPFD:0.894749
bestSuite:11147,5673,1449,795,2410,10600,8194,6665,12057,1599,1304,9412,6841,7399,945,12866,9824,1117,13217,9243

test suite343
bestAPFD:0.890805
bestSuite:7358,13327,12956,10379,6552,11901,2894,7200,9530,145,7108,2267,11273,7769,12572,8668,9645,6306,6352,8046

test suite344
bestAPFD:0.896254
bestSuite:12936,12707,4715,7214,2171,12109,9705,2571,233,7827,6073,3395,4262,5865,2376,3157,7721,8240,1511,3964

test suite345
bestAPFD:0.907020
bestSuite:13369,10987,10114,83,6379,7944,4341,8659,2783,93,8655,642,1886,1847,3830,5358,8049,4208,8722,3646

test suite346
bestAPFD:0.920738
bestSuite:5347,13209,3586,8308,9790,1471,6233,1717,11123,6026,7670,95,6049,946,9608,2677,2324,2531,9130,10206

test suite347
bestAPFD:0.887325
bestSuite:6351,6361,7298,12754,9194,1398,7135,9376,7826,9779,12812,8200,11484,547,6289,7573,7740,11215,61,6287

test suite348
bestAPFD:0.887143
bestSuite:13399,10752,4418,4898,3955,10592,6383,12858,2063,843,9919,10405,13267,9461,3331,3440,7172,11058,1973,11413

test suite349
bestAPFD:0.886605
bestSuite:12174,10650,1848,5085,3253,5125,3468,11830,5757,1795,204,10970,10636,13418,10330,12172,5421,8885,9294,4150

test suite350
bestAPFD:0.892827
bestSuite:6331,4446,6360,10101,6632,6614,4655,506,13174,9493,13445,2145,8341,5876,1189,6746,4165,11181,10234,9077

test suite351
bestAPFD:0.883019
bestSuite:6759,2856,2899,11643,2067,3036,9414,5033,5797,12892,8192,11404,8071,10491,11246,13301,9291,2211,4867,3810

test suite352
bestAPFD:0.854846
bestSuite:243,12128,12193,13166,11408,6407,3160,1338,7474,11035,10622,8726,12974,8220,3049,11564,10120,8389,4173,10784

test suite353
bestAPFD:0.906509
bestSuite:13068,8203,817,6101,2840,2229,6316,7987,6314,11033,4726,6949,4090,5400,11419,2341,5364,11354,6877,7138

test suite354
bestAPFD:0.886747
bestSuite:5776,11219,3533,4869,12183,3227,7829,11627,10672,4711,10111,4993,7703,11054,11741,10918,1582,2325,12621,4252

test suite355
bestAPFD:0.885239
bestSuite:7173,5964,11424,9297,892,13222,12763,10185,4501,10251,675,11826,6947,5422,4020,10017,6517,7352,809,9713

test suite356
bestAPFD:0.908340
bestSuite:4249,99,1822,9582,7602,991,9929,916,659,718,1655,72,11370,6419,13304,7097,10276,10697,4218,1662

test suite357
bestAPFD:0.864215
bestSuite:13042,12043,10469,10066,7690,2694,3,10183,8506,4480,10393,10010,11320,7174,1376,4673,6195,10061,12635,4847

test suite358
bestAPFD:0.924846
bestSuite:10991,1616,9520,7097,9023,2758,13061,6789,618,9694,7326,3505,7191,1112,12409,11477,3652,4555,6384,2408

test suite359
bestAPFD:0.925811
bestSuite:6482,11919,3488,7816,11605,11192,6386,5584,4390,6773,11877,713,5248,12059,10708,1726,11576,10111,9041,11759

test suite360
bestAPFD:0.889914
bestSuite:3658,1739,6131,4812,9070,10043,6798,3645,7948,7094,6973,3411,12611,12405,3678,2580,8205,8408,7871,4515

test suite361
bestAPFD:0.880450
bestSuite:11139,592,11010,12694,8272,5955,2445,4140,5074,2838,584,12942,3461,10719,12877,11882,1472,8477,7670,12803

test suite362
bestAPFD:0.920445
bestSuite:11378,10143,9604,2087,1671,5056,1091,769,4788,386,9838,8042,8452,6917,621,3802,3896,858,4405,493

test suite363
bestAPFD:0.891965
bestSuite:8259,13183,4620,5402,12953,3202,5181,2592,883,2062,10452,10089,7690,7366,8241,10267,6606,1915,11226,11820

test suite364
bestAPFD:0.913274
bestSuite:683,2794,6400,8636,2160,1599,12161,13312,2937,1422,11532,607,8904,6076,6650,2989,559,9695,12087,7689

test suite365
bestAPFD:0.877363
bestSuite:1117,6608,12983,1271,1142,5256,850,12178,5210,9076,5670,1017,13490,3554,1341,9553,1232,509,8720,4076

test suite366
bestAPFD:0.892234
bestSuite:577,515,10802,4073,13026,6194,8689,9700,4988,4316,10940,9192,3119,627,7295,1793,10655,10995,432,10521

test suite367
bestAPFD:0.905962
bestSuite:1852,8814,1367,10134,6924,9469,11508,10173,1697,6826,2579,9863,5704,1131,10574,9727,2973,7025,2506,10002

test suite368
bestAPFD:0.908485
bestSuite:6696,6375,5735,5458,5700,12992,1747,7049,12816,908,13461,1316,12015,9556,8890,6182,2973,74,9496,852

test suite369
bestAPFD:0.919853
bestSuite:6999,7881,6351,823,11025,577,720,5049,13352,5139,2704,402,11301,11433,4569,12748,1235,4530,4602,6310

test suite370
bestAPFD:0.882425
bestSuite:6159,6856,761,10294,12595,12669,739,1480,7693,6452,7679,12887,7047,8324,7804,10456,11986,8725,5653,12245

test suite371
bestAPFD:0.917725
bestSuite:4634,2827,1878,7776,9290,1239,2704,11242,9893,9726,4933,702,11039,2017,4351,9782,8042,7764,1274,7643

test suite372
bestAPFD:0.842298
bestSuite:10912,8588,9777,6247,7537,12337,6475,10626,13239,12793,13286,12512,9128,475,3671,4821,2596,9414,13116,3201

test suite373
bestAPFD:0.906776
bestSuite:5709,8163,6624,3006,8184,4255,6207,10523,25,9918,7879,6383,5666,11140,11576,7646,2907,46,9501,7479

test suite374
bestAPFD:0.918836
bestSuite:7121,2839,10227,5511,7430,12444,4919,4713,4129,4947,2147,8434,7996,2283,3063,1981,9331,10852,6103,7256

test suite375
bestAPFD:0.896006
bestSuite:5465,2858,735,1003,7963,8661,33,1780,13303,7343,1594,11449,12866,8958,5367,11113,4991,1072,1937,2261

test suite376
bestAPFD:0.895117
bestSuite:12307,11752,399,12195,1849,10520,7216,387,3446,3774,6970,12466,4463,4315,2012,11231,8910,11909,12120,3599

test suite377
bestAPFD:0.903041
bestSuite:6991,662,9311,8569,6988,426,865,12873,4759,9265,3827,13429,5367,10763,4501,36,13297,9565,12630,10145

test suite378
bestAPFD:0.874706
bestSuite:1529,12755,12661,798,6329,115,4376,623,11612,13331,7698,3837,10858,3386,13280,6983,7676,7484,2520,6539

test suite379
bestAPFD:0.894983
bestSuite:7375,7738,681,7860,10521,8107,13210,1804,13040,6725,6791,1504,4339,11695,9589,9084,5481,2923,103,4172

test suite380
bestAPFD:0.903953
bestSuite:9660,8242,12818,5755,12622,3007,11876,4181,9402,9769,11494,10305,3551,5678,3364,8464,672,10519,12692,1869

test suite381
bestAPFD:0.900887
bestSuite:4402,11362,4547,2743,1486,6489,2351,3292,3723,7165,6514,8508,1098,1412,2412,773,9196,1349,1882,4052

test suite382
bestAPFD:0.895012
bestSuite:12899,3485,4686,540,4660,9577,6517,11945,3487,8361,9322,3765,5155,13079,249,8542,9509,12084,4543,848

test suite383
bestAPFD:0.894714
bestSuite:3866,13151,1533,513,6095,5738,9737,2616,1356,4119,1376,725,11921,6453,9970,8124,9140,9591,1322,11896

test suite384
bestAPFD:0.894616
bestSuite:3725,5383,12633,6554,13407,10867,10310,1689,9766,6514,7819,6042,6695,4229,4031,10796,11026,1621,13238,1969

test suite385
bestAPFD:0.902812
bestSuite:2270,5150,11390,12361,709,11022,4746,8671,11675,12210,896,4188,6503,2408,5084,10911,2875,2409,12170,4623

test suite386
bestAPFD:0.874645
bestSuite:8001,13156,2891,8383,2809,2769,11180,13108,1054,2235,12116,8870,8900,3796,11421,503,7459,1887,2377,4005

test suite387
bestAPFD:0.886093
bestSuite:8731,13261,6731,2052,6416,8559,12884,5713,9453,5953,6716,7184,7669,7484,10155,12869,5320,3689,3045,1108

test suite388
bestAPFD:0.891608
bestSuite:11631,12732,5535,6347,5463,6231,9897,4941,3155,8098,2314,2077,6979,7989,9798,894,2019,9124,12747,8471

test suite389
bestAPFD:0.881919
bestSuite:12058,173,558,13303,12157,9494,2210,4951,1470,12045,2263,9278,4493,11692,355,12766,2880,7266,13264,3600

test suite390
bestAPFD:0.885505
bestSuite:8590,10634,1153,1620,8317,1655,5588,3356,4722,11976,2279,7002,6544,6452,7958,5450,6285,11434,10657,5072

test suite391
bestAPFD:0.899170
bestSuite:8229,6634,5773,1683,7131,2944,5008,12250,1599,9016,9489,7087,4824,2230,6144,9980,685,6608,204,5561

test suite392
bestAPFD:0.895633
bestSuite:1637,13172,1137,2033,8664,12077,9879,3486,9668,11293,10592,1547,2595,7579,9055,7496,6970,5781,5204,5986

test suite393
bestAPFD:0.878869
bestSuite:1158,5485,10970,10977,67,855,9386,12031,6847,6290,9127,5285,10701,9251,925,11778,3091,3635,673,7405

test suite394
bestAPFD:0.892898
bestSuite:4516,382,655,4143,12085,10548,7626,5591,12949,6862,5323,7015,3819,5746,3523,7075,11680,950,707,6187

test suite395
bestAPFD:0.902570
bestSuite:9492,5628,337,7536,10492,12872,6681,734,848,8112,1440,11042,13239,6601,3226,11873,2238,6353,3676,1703

test suite396
bestAPFD:0.889257
bestSuite:6995,4959,7357,11656,9141,10518,10835,8382,1050,7105,10457,6567,4054,5080,15,2249,8906,3470,7864,10780

test suite397
bestAPFD:0.891528
bestSuite:11889,9908,8584,4931,4160,1618,4259,940,4169,4699,1248,4607,225,11632,7929,5942,1517,10317,1107,13406

test suite398
bestAPFD:0.903019
bestSuite:10462,9818,8263,6970,8166,10920,2862,9506,8683,6952,6258,5847,8353,5936,5785,5765,6933,10983,325,5616

test suite399
bestAPFD:0.890659
bestSuite:4234,6000,1463,12750,973,7688,519,7327,1144,7274,1865,1332,3423,1620,4122,1493,7818,6460,13187,9792

test suite400
bestAPFD:0.906887
bestSuite:3561,9192,5450,2655,10859,45,8646,13040,4483,5574,5900,3309,4059,763,6882,13290,9613,1451,1089,2652

test suite401
bestAPFD:0.893537
bestSuite:3560,8591,7594,13330,6995,54,4611,8042,10395,2711,5020,8334,3674,5044,11071,795,1040,9529,6711,1677

test suite402
bestAPFD:0.901478
bestSuite:4190,13072,5141,4850,1920,9748,6737,4189,2819,10183,2567,9600,2857,11409,43,6078,1614,3608,8001,6650

test suite403
bestAPFD:0.918537
bestSuite:6786,8941,5473,7920,8503,3507,1427,7271,11237,5362,6806,4009,3482,4969,6872,2108,1828,999,900,7479

test suite404
bestAPFD:0.909025
bestSuite:2079,9806,51,11353,1616,11998,9254,1485,10380,1809,3213,5148,12149,4662,3130,8195,4202,2577,1254,12826

test suite405
bestAPFD:0.900747
bestSuite:6484,11307,9720,7892,4377,2075,5678,12291,6384,11617,1920,11564,12416,10671,6574,11044,12199,3867,783,8460

test suite406
bestAPFD:0.895328
bestSuite:3913,9171,454,10786,988,1498,4222,8357,7496,878,758,11047,12008,11771,1297,10004,5435,12248,13521,2323

test suite407
bestAPFD:0.878620
bestSuite:8000,12914,7262,11666,778,5249,5533,3244,11026,9067,2853,13119,10509,7085,1593,11369,4133,3420,7488,1209

test suite408
bestAPFD:0.876535
bestSuite:1978,5354,8356,725,6492,6006,6104,6260,10972,3528,13299,2960,643,12000,1776,11855,11303,9972,9192,2082

test suite409
bestAPFD:0.904071
bestSuite:3573,11142,9614,616,4620,13250,1580,7759,3277,4669,11093,2979,7418,8928,11547,10467,11465,879,3074,4858

test suite410
bestAPFD:0.891154
bestSuite:4904,3623,13190,8099,34,1949,12556,11696,3602,12744,3734,7995,9504,2860,7839,10534,13000,8465,9051,2582

test suite411
bestAPFD:0.894710
bestSuite:9419,12087,2121,7636,11046,2485,11360,6589,4370,6942,10241,8226,7824,8188,3853,9812,12146,9799,11122,10163

test suite412
bestAPFD:0.890769
bestSuite:12312,9286,12232,11501,8543,10520,13479,11823,13159,10183,7832,9331,13259,11946,8782,6711,5670,2316,4037,9125

test suite413
bestAPFD:0.896579
bestSuite:8815,5678,2196,9173,7402,7148,4023,7100,5856,8904,10775,4471,3406,12421,3998,12295,9444,4434,5399,12540

test suite414
bestAPFD:0.902494
bestSuite:5455,8663,2851,1453,1830,630,5695,9414,2592,8075,6740,7674,6026,13346,4991,3765,9613,3048,2993,2573

test suite415
bestAPFD:0.906345
bestSuite:6217,7212,5000,3689,3136,10712,10584,4570,10806,10487,13436,9761,12970,2249,2437,8267,1772,9489,9912,8664

test suite416
bestAPFD:0.883840
bestSuite:10109,6840,4789,8083,4852,8876,12629,1998,10360,10447,9027,823,13043,11658,13488,11985,5340,11797,11802,12753

test suite417
bestAPFD:0.903910
bestSuite:2863,9585,13522,1930,4324,6374,13047,4290,11170,1945,6644,11138,9260,8691,6969,4229,2322,5472,9034,7898

test suite418
bestAPFD:0.873451
bestSuite:815,7393,4069,4937,3573,1889,8823,9631,13282,3558,10572,9882,12613,1984,12363,450,5602,5136,6323,6

test suite419
bestAPFD:0.867169
bestSuite:11677,800,3409,9211,10589,4625,921,12940,2147,4519,4530,12473,5501,5048,817,11242,12935,3811,9679,4627

test suite420
bestAPFD:0.863066
bestSuite:10238,7841,6578,2996,11233,8812,3059,6565,6288,1399,9462,12920,10101,10805,13074,5127,5170,8465,2274,6004

test suite421
bestAPFD:0.908831
bestSuite:6662,13132,1936,7887,5349,7483,9793,11508,4944,11067,13522,11943,4843,210,5946,12583,1200,5917,9783,8919

test suite422
bestAPFD:0.920363
bestSuite:8941,500,13330,12921,10516,2091,2315,7270,2542,10164,6391,8553,5713,2502,8488,9069,12251,911,7203,4322

test suite423
bestAPFD:0.864435
bestSuite:12447,6695,2304,614,5621,3226,8723,7305,2963,3035,2913,12945,3158,5708,7154,2729,11581,10470,2456,9247

test suite424
bestAPFD:0.892944
bestSuite:2093,9418,8191,3841,13186,11164,5854,12828,1631,12072,10709,12107,100,12071,7062,4730,2900,5216,10858,166

test suite425
bestAPFD:0.881029
bestSuite:9318,1294,11911,3725,11809,1996,6817,3050,6955,4867,12381,10796,588,4794,10209,12101,4952,918,4134,7436

test suite426
bestAPFD:0.889978
bestSuite:11584,4093,1009,11207,11812,10357,6830,12059,3334,9646,6474,7418,1963,11036,396,9991,5534,8122,4104,5011

test suite427
bestAPFD:0.882184
bestSuite:430,7143,6736,13462,6936,12306,12303,11466,1088,5150,9338,3342,9779,7288,12532,4201,7433,7685,2224,1476

test suite428
bestAPFD:0.890210
bestSuite:7726,5645,4319,4885,3675,1289,4949,13127,11437,10597,7017,4368,6061,10751,12679,6115,1345,12087,8715,4751

test suite429
bestAPFD:0.868245
bestSuite:3454,1178,8833,2392,4438,10734,5723,6819,4345,4887,7240,13436,6009,498,7535,13069,10043,11463,10249,1058

test suite430
bestAPFD:0.888516
bestSuite:12268,6972,9344,4787,6632,5504,3889,1959,2764,10387,8066,1265,3441,12990,8970,13392,11419,8098,12943,4673

test suite431
bestAPFD:0.879148
bestSuite:3605,702,2721,8095,11448,5187,7298,10388,592,3672,12146,9955,1295,10329,3224,9830,6310,3825,9647,11388

test suite432
bestAPFD:0.893767
bestSuite:1891,7957,12457,841,10506,7677,9081,1576,2650,12939,5252,8317,11817,5048,5313,8329,5859,4861,5344,12379

test suite433
bestAPFD:0.891534
bestSuite:1992,9468,11832,6949,11221,5690,13015,510,7416,9165,7051,5124,7783,9947,1366,11914,9305,496,4915,2956

test suite434
bestAPFD:0.889980
bestSuite:9021,2383,7798,6782,12757,13498,9374,3340,312,7288,2019,415,1553,2173,4637,6143,10805,8526,11398,1830

test suite435
bestAPFD:0.908435
bestSuite:10133,10962,7463,3998,5951,12033,3542,4491,4375,11897,11856,833,4934,895,435,7724,8326,6011,9956,11999

test suite436
bestAPFD:0.902557
bestSuite:681,5208,12540,13305,5313,5618,4646,7147,9354,12543,12588,8796,11204,13372,1359,9158,5518,12352,9403,3076

test suite437
bestAPFD:0.898506
bestSuite:2433,796,8437,1686,12145,4153,8666,3227,7320,12566,1527,9188,2786,10540,5245,4105,9678,9469,8219,13047

test suite438
bestAPFD:0.887242
bestSuite:5026,6547,5109,2667,8924,8013,12416,11329,2554,3042,9635,7037,5973,8665,4088,10888,9575,3866,11815,11833

test suite439
bestAPFD:0.901107
bestSuite:7324,11925,3579,3812,3652,7256,1211,2645,13356,11681,218,5262,10467,3099,3687,10692,1490,13325,7075,13019

test suite440
bestAPFD:0.907576
bestSuite:9736,5877,1790,2575,3568,8841,9373,711,13359,13373,8947,6470,1270,7008,9818,7262,73,10575,3276,10385

test suite441
bestAPFD:0.905266
bestSuite:3841,7824,1969,4833,5929,2695,5542,7773,616,11058,3559,11338,1506,2982,2677,11448,7232,623,1270,3952

test suite442
bestAPFD:0.869174
bestSuite:1866,7940,7147,12531,336,2934,3233,6076,13394,9855,2029,8223,8543,7776,11007,11197,5252,303,2858,7101

test suite443
bestAPFD:0.894433
bestSuite:4192,5584,13408,2734,1214,12871,6046,8276,9942,5569,12288,12386,4079,3095,10003,12058,12834,6610,12185,9736

test suite444
bestAPFD:0.895895
bestSuite:4936,3406,9990,2982,6355,4344,11525,4592,4244,3460,7906,8563,6907,11763,10703,9875,10081,9891,3303,2873

test suite445
bestAPFD:0.876617
bestSuite:10362,11179,2902,11905,7921,9283,10227,2297,2047,7105,2675,13121,1575,12254,4934,8141,3436,1161,8605,11486

test suite446
bestAPFD:0.892848
bestSuite:7765,1292,7864,9669,9449,11579,9263,5872,5630,7630,12645,10058,5721,160,12814,1797,6586,212,6902,2008

test suite447
bestAPFD:0.892602
bestSuite:1519,4351,10018,5676,2255,7411,10583,1172,8782,1690,3562,7558,12569,3472,6741,4216,2729,12045,59,13292

test suite448
bestAPFD:0.910365
bestSuite:4077,5319,1045,3548,7672,11151,2050,9763,9402,4646,11253,10694,3976,9692,3275,5220,6261,6455,6326,12142

test suite449
bestAPFD:0.880923
bestSuite:354,9017,124,6465,673,6066,8927,13244,4369,1513,9894,5799,8059,11530,13197,4813,2402,2075,5748,633

test suite450
bestAPFD:0.896977
bestSuite:7715,9558,12559,13240,5620,8353,4312,888,514,4700,11359,5326,8925,1407,12356,12935,8243,10132,2855,3410

test suite451
bestAPFD:0.910412
bestSuite:4325,616,5533,10226,798,7100,7982,11099,10808,10844,11078,6512,9787,11648,1588,3516,13421,390,5255,5035

test suite452
bestAPFD:0.903757
bestSuite:7062,6016,2604,4359,846,2879,2851,13183,2627,9653,396,2425,7821,8473,13429,13233,11826,8248,9745,2488

test suite453
bestAPFD:0.852114
bestSuite:12039,645,8019,4214,11503,7407,9610,9146,8707,11369,9642,13237,12717,5572,1224,4832,4443,556,10746,4227

test suite454
bestAPFD:0.899099
bestSuite:8215,8998,5510,4815,2152,2845,7005,5584,5947,13433,5287,1105,12240,4836,5239,12835,6473,8807,12353,9454

test suite455
bestAPFD:0.901371
bestSuite:3505,8523,12991,6360,13031,7788,4857,4560,3581,10616,2647,5348,1806,8313,472,7629,6441,7396,3158,13246

test suite456
bestAPFD:0.924213
bestSuite:7668,4039,4728,1811,9380,5969,6711,7655,5962,1726,9176,4001,11970,3902,12268,6900,11632,6088,3693,5267

test suite457
bestAPFD:0.873317
bestSuite:7398,3591,1475,6721,13099,11143,6523,12463,9379,1290,3538,5472,5584,12235,11873,1652,5403,9843,1129,9991

test suite458
bestAPFD:0.894620
bestSuite:8563,1804,3615,2265,10696,11486,6129,13433,3158,899,8790,3794,763,4450,8253,437,13332,11931,5043,9600

test suite459
bestAPFD:0.903320
bestSuite:8211,11191,9765,9611,11129,42,9845,5536,3990,11036,6335,3952,8355,5925,3294,9446,11791,10637,12114,9489

test suite460
bestAPFD:0.883806
bestSuite:10910,1199,4590,8984,12499,12657,1293,7768,6614,9657,697,11486,13476,11105,5091,8774,10900,4751,9114,5440

test suite461
bestAPFD:0.901542
bestSuite:9270,12769,3206,4455,6501,2216,13055,3941,2753,2041,2934,10008,12263,5936,5612,1317,11868,5228,5061,2572

test suite462
bestAPFD:0.871656
bestSuite:2181,285,12065,6743,6387,10734,4289,10592,820,6322,773,11133,7358,2846,8654,4735,8005,3605,8288,10781

test suite463
bestAPFD:0.881678
bestSuite:1497,10135,889,8749,10423,6034,1035,6903,12786,7397,7149,6951,7451,3220,2808,11902,8799,12724,11920,9301

test suite464
bestAPFD:0.889086
bestSuite:3871,6654,12106,10564,10878,1940,11374,1680,6679,10968,4325,10550,12332,9834,2677,3286,3501,9347,9370,2884

test suite465
bestAPFD:0.879761
bestSuite:4982,8408,8753,3900,3615,4888,9549,12259,2228,12168,7012,12538,687,9620,7217,3793,12899,4144,12116,1045

test suite466
bestAPFD:0.890769
bestSuite:8902,449,5628,7346,5132,10524,5559,9137,4104,11135,11239,12620,6527,9505,4360,5468,5019,9159,10415,2246

test suite467
bestAPFD:0.870098
bestSuite:12277,3787,2694,4391,3516,11544,13506,10777,862,12901,12668,8963,1825,83,11160,12231,1962,3705,1331,11554

test suite468
bestAPFD:0.890330
bestSuite:12661,2454,6549,3145,6583,11629,11703,2834,9329,1373,2641,10416,9293,6958,1265,831,10147,9949,649,6889

test suite469
bestAPFD:0.875096
bestSuite:6487,1542,1251,3144,8775,3806,13516,10596,6879,1321,12629,6829,5788,11813,4451,6166,12389,11466,4226,11951

test suite470
bestAPFD:0.871202
bestSuite:12511,10097,2557,6661,8160,5,2531,4172,343,12392,3142,3224,4850,3603,10600,8950,15,4847,9452,10542

test suite471
bestAPFD:0.880381
bestSuite:3140,5538,1977,1234,13444,5124,12823,4732,7781,8645,12063,11243,174,1754,12065,3180,10076,8352,7716,1614

test suite472
bestAPFD:0.905928
bestSuite:609,6472,7720,4314,10400,2555,4644,12207,11502,11020,1077,2583,10496,3016,2924,12266,12903,3759,230,5995

test suite473
bestAPFD:0.893807
bestSuite:7358,2142,10413,12148,8189,315,7705,10665,6978,662,10010,7795,4133,1813,1980,5080,10846,9560,10931,9096

test suite474
bestAPFD:0.890990
bestSuite:13189,7065,3115,126,10985,3936,9616,10806,2072,8223,2486,2856,147,3091,4358,13385,4232,1169,1875,10783

test suite475
bestAPFD:0.902371
bestSuite:4054,3066,10876,3454,2444,2952,10584,6650,10425,13380,5271,1453,12534,2344,9866,12236,2337,8021,12914,10640

test suite476
bestAPFD:0.888468
bestSuite:5926,12202,3961,1509,10662,929,7155,7607,8706,9289,3446,9369,7830,859,13464,7312,4128,2571,7455,5681

test suite477
bestAPFD:0.918214
bestSuite:11091,5497,8608,6407,11868,4591,5202,1704,7425,2932,3762,1847,11135,684,8537,3815,11213,13363,6464,2897

test suite478
bestAPFD:0.869930
bestSuite:11642,5150,4529,7491,8502,5220,7069,8895,9905,9294,1839,1324,13090,9445,7451,6566,5795,11392,12504,7926

test suite479
bestAPFD:0.896101
bestSuite:13222,9250,1736,2882,7352,2022,11107,11034,12362,6916,4683,7531,4893,517,13416,11809,12568,9359,7625,1163

test suite480
bestAPFD:0.888988
bestSuite:7631,9900,3064,1492,12594,10721,3127,9165,7230,6619,3606,4453,617,12864,6181,11980,4380,7732,12620,5256

test suite481
bestAPFD:0.893834
bestSuite:11557,9948,5717,6829,1137,4538,9862,3438,9408,656,10403,10756,10938,5719,2142,11617,9937,10928,4802,3664

test suite482
bestAPFD:0.880975
bestSuite:9306,12549,1488,9472,9367,4330,2055,4497,12017,2244,10524,3947,10283,2597,1797,8746,7464,4961,475,8109

test suite483
bestAPFD:0.904317
bestSuite:9323,2625,3496,10138,782,11510,7879,11017,3419,11347,9083,10147,9895,346,1864,701,10199,9958,13482,2870

test suite484
bestAPFD:0.908341
bestSuite:7203,3401,10219,9378,936,3263,2226,10474,4519,10624,1598,5254,3125,9396,9102,3883,10584,10575,3863,10470

test suite485
bestAPFD:0.888935
bestSuite:8055,12728,144,8200,5690,2559,3473,13121,3710,1065,5569,8948,3212,13463,13276,12831,5852,6687,2734,1613

test suite486
bestAPFD:0.877037
bestSuite:7847,11518,481,8157,4229,11828,7832,9460,2801,149,10454,330,272,7370,6672,12583,4028,10364,4603,2316

test suite487
bestAPFD:0.906852
bestSuite:8448,12673,9898,4220,1873,12252,8899,4064,2494,10871,8364,3712,11196,6093,3432,13371,816,3698,987,7638

test suite488
bestAPFD:0.888179
bestSuite:8115,13160,12524,11131,3354,11669,13484,3995,5247,11637,3845,6204,4938,3773,5777,1297,6135,5551,12540,13433

test suite489
bestAPFD:0.908988
bestSuite:8390,7077,617,4114,5853,4084,3969,10080,102,4914,6818,8841,12685,11722,4959,10447,6645,12423,3173,12157

test suite490
bestAPFD:0.910063
bestSuite:6019,11694,11085,5933,1400,2159,7477,4990,808,9582,1061,7798,12520,6408,8876,4208,1973,7712,9291,5780

test suite491
bestAPFD:0.888458
bestSuite:5489,3477,12393,575,12136,7255,12624,8909,3762,2299,8941,12021,5749,9409,8564,3012,11186,11867,8029,7546

test suite492
bestAPFD:0.873433
bestSuite:1767,9710,1552,7719,11240,6835,2801,2107,5745,728,12402,1920,2392,3462,12013,1777,123,10032,2714,13149

test suite493
bestAPFD:0.905856
bestSuite:12687,3446,1612,578,4349,5947,2272,6027,12110,3901,273,2640,3949,8570,9849,11795,6300,1967,858,8496

test suite494
bestAPFD:0.886105
bestSuite:4250,6348,4018,9779,2820,5116,7364,2122,4237,3675,5489,13034,13,8244,11594,10247,7854,12005,3456,1866

test suite495
bestAPFD:0.873701
bestSuite:6088,7032,1877,652,4956,12371,170,9335,6942,7969,4158,5635,12585,4770,11515,8834,1785,7157,12499,1865

test suite496
bestAPFD:0.886719
bestSuite:13292,275,11520,12905,3867,3133,7056,3148,3413,1241,2111,13165,13227,10336,2374,1165,11655,194,2538,5591

test suite497
bestAPFD:0.883771
bestSuite:8788,3802,11929,5946,12003,7521,2195,6544,7475,5758,575,2079,10609,8152,12520,5980,2999,4144,6816,1933

test suite498
bestAPFD:0.923874
bestSuite:11280,7066,3654,3709,7101,8605,5130,6430,12068,3735,2133,1583,8491,9311,2526,1609,8353,11784,4845,1706

test suite499
bestAPFD:0.888814
bestSuite:11486,12560,12341,9066,6090,9521,5417,3756,1203,4127,10529,1935,5878,10741,8709,9044,4135,10050,6333,3946

test suite500
bestAPFD:0.870727
bestSuite:1372,672,4555,11981,8890,4082,7931,2853,5046,7580,5240,7400,2439,10045,9856,8255,6025,2075,11551,7225

