test suite1
bestAPFD:0.901591
bestSuite:5111,8221,11883,13393,8754,12464,4782,12986,3866,8278,8495,4592,9441,8316,2901,2587,10938,10743,1207,12229

test suite2
bestAPFD:0.915586
bestSuite:8754,13505,2175,13195,13155,11717,7971,8210,11970,804,10475,1816,12197,2018,6332,2285,10110,2101,11807,3579

test suite3
bestAPFD:0.927162
bestSuite:8104,11627,9727,7346,12227,856,1412,2062,12758,5749,1852,12011,2192,9243,9032,1569,7544,5913,5283,7596

test suite4
bestAPFD:0.907945
bestSuite:5504,9509,149,11344,12457,6669,4468,8439,4278,12234,4175,912,3509,5739,8082,263,3865,5664,293,3534

test suite5
bestAPFD:0.912739
bestSuite:12663,9452,11688,7873,8336,12504,13277,187,2519,7059,12294,6494,9319,9839,8537,2123,9507,7061,1237,3592

test suite6
bestAPFD:0.910681
bestSuite:30,11009,3650,7598,4284,10640,392,12402,10477,10748,9077,949,13257,7050,4143,2534,922,5042,5367,9488

test suite7
bestAPFD:0.909007
bestSuite:4593,3934,13117,13325,3739,12700,5057,1444,10274,13469,7400,4530,980,7363,7080,5499,8631,4834,2589,10725

test suite8
bestAPFD:0.914165
bestSuite:1540,7725,11495,1098,1993,4785,8984,11849,12618,7410,7889,11674,13292,10175,6001,6245,128,2739,7444,2802

test suite9
bestAPFD:0.917843
bestSuite:434,8585,6101,11504,5123,12897,3850,12833,3034,11926,9305,13281,9607,1699,4942,10853,6486,3238,6092,1575

test suite10
bestAPFD:0.925854
bestSuite:10972,4409,3371,5989,7081,7596,12516,6321,10755,11854,9022,7906,10365,8391,10113,9581,6084,4913,1382,8997

test suite11
bestAPFD:0.913497
bestSuite:7316,3227,8896,2865,11137,11424,4902,10760,20,10780,6567,8160,8440,4148,3688,10699,2463,10823,5414,9543

test suite12
bestAPFD:0.911302
bestSuite:9056,6897,2837,5126,12379,12517,10256,2166,1554,10381,10542,12866,4560,5112,6948,3082,284,7794,6547,7689

test suite13
bestAPFD:0.901559
bestSuite:3949,4549,5630,12651,11563,3902,9964,6762,8594,11784,3295,5857,6505,12369,12813,9840,7227,5496,6230,8207

test suite14
bestAPFD:0.919428
bestSuite:11437,236,605,11005,3885,12920,13284,5378,6956,6712,11141,12818,1017,5865,6435,6196,2719,4719,4531,1755

test suite15
bestAPFD:0.908262
bestSuite:4250,671,6829,8691,13145,561,9910,12634,12109,5577,4445,10720,10478,10187,10114,9710,3572,663,11741,1710

test suite16
bestAPFD:0.917668
bestSuite:13117,7359,12441,1468,1217,9299,7083,8714,5082,1135,10747,77,3213,572,1594,4918,3354,4182,4301,1475

test suite17
bestAPFD:0.922203
bestSuite:40,5517,12550,11516,5586,4932,11943,10776,4080,6659,9373,5470,352,2443,2587,924,7568,9351,1701,13002

test suite18
bestAPFD:0.906842
bestSuite:5021,4236,2366,9208,2412,868,10777,7921,9583,11785,12413,6074,212,10918,2040,13448,8297,8066,9004,477

test suite19
bestAPFD:0.928259
bestSuite:1288,5852,2773,2383,519,12656,5237,6720,8122,3995,8307,9334,3179,6188,6919,6598,9346,1033,3556,4204

test suite20
bestAPFD:0.919638
bestSuite:3805,319,8563,5764,12768,3545,1869,826,10778,11048,2535,11821,7950,1738,2847,7252,7959,901,781,2376

test suite21
bestAPFD:0.903361
bestSuite:3161,3375,5240,5206,11575,6197,6682,1707,12843,11460,6703,8324,10439,7167,3838,782,1821,7322,4651,3082

test suite22
bestAPFD:0.917468
bestSuite:2909,13042,2037,10924,7017,3553,11681,10929,3842,10482,6388,1735,1474,13244,12833,6364,4699,667,813,5899

test suite23
bestAPFD:0.920894
bestSuite:3006,8718,11158,9167,2545,3672,8788,3114,1806,8540,1066,7898,6007,5011,1860,2248,2584,5973,8145,5286

test suite24
bestAPFD:0.939449
bestSuite:11006,6155,2117,7797,3810,6479,9924,7003,8076,10412,5851,11917,3524,244,4586,6805,10208,9861,9246,9795

test suite25
bestAPFD:0.916736
bestSuite:4268,4587,2949,8384,11049,12391,950,11670,2325,10505,7188,2519,11950,7302,10469,4783,12188,102,4426,11813

test suite26
bestAPFD:0.904083
bestSuite:8351,5022,7895,13311,11615,1854,441,12005,12217,3698,10932,10521,3945,2920,4542,8339,9799,12378,8359,173

test suite27
bestAPFD:0.898337
bestSuite:4828,8317,9830,9692,8132,1808,6660,11395,12438,3366,10885,4033,2875,12190,1165,10909,3772,12852,12169,9932

test suite28
bestAPFD:0.917547
bestSuite:11483,4191,4447,3692,10460,578,6466,6610,3606,1326,13382,3613,9783,9843,7873,10099,7853,8649,9779,7425

test suite29
bestAPFD:0.914905
bestSuite:11418,1639,8017,9885,9636,13175,12600,8738,7744,11844,10359,11175,8730,10126,1314,10783,7792,5334,13192,5420

test suite30
bestAPFD:0.909729
bestSuite:5992,4890,13187,2713,2338,13411,8491,12101,10636,1271,9570,8717,697,10872,3810,11192,12142,1932,8405,11263

test suite31
bestAPFD:0.908983
bestSuite:5482,576,1447,12771,1360,11503,1445,4880,10303,11125,3099,13022,10417,1277,2395,1546,7000,1279,1870,7946

test suite32
bestAPFD:0.918102
bestSuite:1416,3866,9065,2962,12602,7485,7325,13518,4864,3441,7287,7370,4292,2488,4373,2060,7639,9061,12267,9900

test suite33
bestAPFD:0.913778
bestSuite:9673,4623,3896,8494,2894,2978,8479,13169,12226,11680,7297,11953,8637,6515,3448,10736,3817,1554,10169,11775

test suite34
bestAPFD:0.914974
bestSuite:522,12099,8025,6408,10481,2252,5960,1714,7404,1001,325,3577,10065,3099,10994,6103,9597,10473,5959,9348

test suite35
bestAPFD:0.912583
bestSuite:9549,11007,8093,11675,3280,11128,2136,12491,8419,10492,5541,3776,3740,8195,5414,12556,1065,11336,2396,9620

test suite36
bestAPFD:0.918684
bestSuite:2351,13112,3280,3384,4306,3533,3052,13356,9235,1346,5492,9242,6714,8288,1347,12510,5723,4041,6742,8732

test suite37
bestAPFD:0.913929
bestSuite:5519,64,12198,13401,144,539,1648,2269,11543,12373,364,9552,10293,11788,5985,13232,11838,13409,3238,13203

test suite38
bestAPFD:0.924730
bestSuite:7907,8715,121,12730,4585,2564,13385,3253,6908,12548,4928,8183,12535,4573,13407,10185,329,3361,10074,2345

test suite39
bestAPFD:0.910664
bestSuite:1875,11414,6976,1681,12560,11224,13521,5370,10392,11830,12817,8532,1738,7194,11534,3179,7127,5477,1452,1201

test suite40
bestAPFD:0.922928
bestSuite:5698,7055,6428,3597,4546,3312,11180,4407,13409,13297,12807,12879,12006,2754,2413,9013,2539,11169,7945,8368

test suite41
bestAPFD:0.926533
bestSuite:2267,1499,3711,7384,11195,56,9267,905,9997,13202,5160,10955,7883,10088,3922,11192,9424,3550,13010,3357

test suite42
bestAPFD:0.912357
bestSuite:6944,6540,6101,125,12565,11843,3408,12670,11650,13281,816,11970,3002,12485,703,12294,9041,9666,5572,4938

test suite43
bestAPFD:0.937955
bestSuite:8497,1084,673,7892,8657,5480,578,10118,9464,10406,2636,11851,10180,9473,11937,7227,4416,2469,9986,11934

test suite44
bestAPFD:0.917957
bestSuite:908,11043,10362,3741,5193,11667,12739,9695,9722,1327,9847,7575,2707,9959,5177,1373,7674,11731,5343,5254

test suite45
bestAPFD:0.907640
bestSuite:4635,4826,4922,9956,1912,1719,11582,128,6822,7950,4458,9714,4448,12969,5362,1756,3903,1886,7503,9769

test suite46
bestAPFD:0.932180
bestSuite:9123,2718,4986,8302,12358,12156,10847,10416,5102,5836,3377,10932,5579,10135,3244,11030,2219,7287,5191,8584

test suite47
bestAPFD:0.923898
bestSuite:2816,4167,5483,7060,11092,7662,13116,8828,12622,12883,12841,9818,5367,12140,1426,11671,1991,3449,1290,9989

test suite48
bestAPFD:0.887683
bestSuite:11426,5990,12361,932,9622,4672,10651,5265,5232,11149,10377,6479,11294,3152,5026,11335,7442,765,3308,11586

test suite49
bestAPFD:0.908242
bestSuite:3728,8108,11397,12165,2902,12741,2347,12575,3123,8883,7994,87,10814,724,11813,2916,8152,730,4989,3376

test suite50
bestAPFD:0.913333
bestSuite:5241,7489,3200,701,1702,6125,12733,62,6195,11145,12587,8124,6767,1893,6440,2802,6741,7581,10022,2099

test suite51
bestAPFD:0.907353
bestSuite:2299,7425,2134,1540,6609,12527,5058,2895,9507,4581,12231,11058,10232,12876,9255,6788,8111,4244,9290,6732

test suite52
bestAPFD:0.922658
bestSuite:2422,2958,11639,12254,6809,11310,3872,2011,5667,11355,1897,10663,1080,2587,4799,7297,4044,40,2163,13271

test suite53
bestAPFD:0.917979
bestSuite:2673,9421,9925,11384,13522,8126,2773,2313,8084,11258,7970,277,4300,13280,11762,9996,8389,13244,9883,5823

test suite54
bestAPFD:0.910230
bestSuite:421,10137,3925,2749,11603,4431,9501,144,4849,10597,9344,2537,8333,9148,5608,4224,10129,8277,4089,11700

test suite55
bestAPFD:0.884619
bestSuite:10431,7824,362,2733,10956,3394,11544,11388,12495,10419,12929,2128,2874,1962,10731,8140,71,652,9779,3907

test suite56
bestAPFD:0.915109
bestSuite:683,5447,12603,9114,658,11630,12704,3801,3815,5948,2064,3485,1477,11186,3709,3043,5064,1328,2988,8895

test suite57
bestAPFD:0.910609
bestSuite:354,3566,2031,7284,13183,7268,9776,10541,13300,8884,7306,8460,8092,5968,12316,10233,11299,6168,3475,2492

test suite58
bestAPFD:0.930660
bestSuite:1150,11502,2688,10552,4688,7392,5471,9911,10916,2097,9684,10481,4052,549,9863,6494,7797,3196,9596,11120

test suite59
bestAPFD:0.914875
bestSuite:2307,9604,12618,3769,2379,11294,7619,9296,4621,10271,5939,1172,11980,13201,6826,445,11228,11876,2917,1565

test suite60
bestAPFD:0.914352
bestSuite:55,2428,4170,9496,8235,1867,3683,3002,11093,12158,7478,4339,916,12225,10182,7883,2148,8197,9179,10202

test suite61
bestAPFD:0.914204
bestSuite:5004,3464,1812,2126,13375,8588,5892,10596,9114,11427,10261,9857,1217,12087,6160,9728,1051,12075,12962,8735

test suite62
bestAPFD:0.911631
bestSuite:13103,12915,4671,3637,2591,2578,10450,12404,1168,8376,11182,2339,4494,8171,265,12505,5141,3159,3649,1907

test suite63
bestAPFD:0.901830
bestSuite:4216,13366,3900,233,12770,13506,2203,10324,12305,12613,1023,2042,11471,2410,10131,2150,3156,6870,1126,5884

test suite64
bestAPFD:0.917005
bestSuite:7755,3422,9538,13411,12365,12779,2002,8280,12580,5504,11773,4500,1817,9792,179,10128,9976,9420,8249,5985

test suite65
bestAPFD:0.873443
bestSuite:8900,3414,11382,236,3381,2745,10883,12902,10603,10009,4430,9525,4109,12873,10,598,3513,12359,9689,1800

test suite66
bestAPFD:0.915347
bestSuite:3791,3375,4587,8632,4469,2186,4486,9214,411,6127,2818,4458,12217,12274,1816,9877,10174,1034,1210,2867

test suite67
bestAPFD:0.901994
bestSuite:6764,8671,2133,876,11198,13099,9945,3237,7577,12546,10243,2523,8717,8323,12214,5613,4815,6560,3186,12742

test suite68
bestAPFD:0.931091
bestSuite:5519,6136,2837,6999,9703,1261,3978,4015,7972,3904,6096,8085,11724,1934,4244,3707,3482,2806,11925,2854

test suite69
bestAPFD:0.912719
bestSuite:9375,12720,4435,4589,326,13491,2042,8278,4280,318,5812,1126,11125,10201,3204,11001,1559,4965,11754,10341

test suite70
bestAPFD:0.923611
bestSuite:11049,1257,12841,6412,10147,11681,13203,957,746,6839,8057,4372,3570,1937,10697,7460,7221,8386,2422,1289

test suite71
bestAPFD:0.917915
bestSuite:9587,3754,58,4009,12339,9928,12797,10576,703,5302,2028,10823,12357,3316,9684,8414,415,3007,4821,2936

test suite72
bestAPFD:0.907379
bestSuite:5447,1043,1789,4137,10039,11497,13150,7014,11602,1696,1900,5816,3159,12139,8790,813,5711,461,969,8312

test suite73
bestAPFD:0.919743
bestSuite:1084,3764,9632,6255,189,678,7765,3894,12204,11953,11449,7471,6914,6428,5947,1345,3630,10874,10898,2330

test suite74
bestAPFD:0.924370
bestSuite:9466,287,1129,4118,2833,3664,620,11095,2463,3916,8571,1639,13267,3263,795,9961,3000,9901,4602,9220

test suite75
bestAPFD:0.905366
bestSuite:4056,7113,10425,8186,6662,13408,513,12344,11684,11164,10145,6883,225,7603,4689,9513,1703,3077,3135,10757

test suite76
bestAPFD:0.920471
bestSuite:6657,5121,4177,6967,7727,9840,7525,8719,9003,6584,2728,9236,9908,8588,4366,9454,10185,6992,8971,2408

test suite77
bestAPFD:0.909065
bestSuite:12472,2290,2602,5619,7812,11449,5608,10758,7264,2494,9233,7102,12210,13009,5200,10239,11549,2057,12101,1250

test suite78
bestAPFD:0.924888
bestSuite:9151,2197,8624,10618,6677,11110,11433,10250,10051,3148,8476,6681,11773,3430,1887,6858,912,2480,3371,2266

test suite79
bestAPFD:0.925712
bestSuite:11491,4536,10367,6117,3209,8083,13155,7759,11352,10533,2345,2985,1688,8945,8023,4573,3529,6274,3312,12156

test suite80
bestAPFD:0.937498
bestSuite:8332,4744,5959,5074,8004,138,3454,6785,11456,6309,10071,2922,7119,7247,7285,7914,6589,7486,9651,9566

test suite81
bestAPFD:0.911303
bestSuite:4502,12967,13363,12490,3938,13190,4517,8656,6125,9909,8948,6605,10873,8769,8011,1530,1515,4891,2393,3722

test suite82
bestAPFD:0.928969
bestSuite:4837,7098,5073,8516,2300,11794,9730,393,10374,1695,2591,7566,10223,8305,3159,1399,10106,4926,6820,3740

test suite83
bestAPFD:0.914746
bestSuite:6790,2078,1901,12908,5756,6012,249,12236,101,6788,903,4255,1840,6465,4882,1232,7797,9240,692,1234

test suite84
bestAPFD:0.905155
bestSuite:8931,12632,389,3627,12664,11576,232,8636,7377,5374,12188,11710,11802,5623,2981,2379,3008,7128,1647,7929

test suite85
bestAPFD:0.917762
bestSuite:5233,2392,739,7736,1758,5489,12392,10633,4676,13160,2200,12300,12964,8717,2393,5841,13067,7338,8173,2056

test suite86
bestAPFD:0.913515
bestSuite:9715,4005,7215,12654,4808,11104,4952,4794,11193,2801,11774,1144,8435,7617,10986,9861,984,13475,5375,3491

test suite87
bestAPFD:0.916254
bestSuite:7756,35,11016,12736,5876,10136,10621,1321,3444,9319,4982,7161,5450,3800,1620,4438,1030,3160,3740,2687

test suite88
bestAPFD:0.905114
bestSuite:4727,2435,2685,13126,5404,5433,12488,11700,3387,11561,4740,2894,7667,2579,4382,8350,1826,369,8513,12808

test suite89
bestAPFD:0.919740
bestSuite:6452,492,13504,10048,8100,7989,12870,13322,8297,7410,7660,7176,7231,2959,10165,9542,4889,1535,992,7053

test suite90
bestAPFD:0.910370
bestSuite:5514,8114,8747,11134,3290,10727,13308,6848,6995,5774,647,8046,10584,4481,5970,300,12031,7680,9782,1780

test suite91
bestAPFD:0.910702
bestSuite:4262,3006,6252,3315,9746,12793,7121,5650,1868,2601,12642,2867,8233,3879,8272,4377,9188,4425,9443,10582

test suite92
bestAPFD:0.913392
bestSuite:6068,12602,3785,2751,7836,7441,4766,12766,8695,5252,10981,8453,4680,8450,3857,7955,6250,2697,8581,1517

test suite93
bestAPFD:0.926530
bestSuite:759,1448,5004,6306,9673,4874,13056,10754,4765,10378,6959,7026,9612,13228,692,7831,10098,12031,4187,383

test suite94
bestAPFD:0.917899
bestSuite:8501,7264,3741,11717,9823,7452,8594,1595,10457,8997,2842,1151,1694,5804,11001,12300,2352,6945,11525,1083

test suite95
bestAPFD:0.903054
bestSuite:7499,12670,6898,3272,3327,9127,12459,814,742,12285,9200,13295,7214,9391,3772,5565,5793,9460,7886,7769

test suite96
bestAPFD:0.922646
bestSuite:11491,6176,10367,5471,5050,11398,12060,10655,10940,13267,2011,760,8784,3401,4029,5697,4286,1684,3879,8746

test suite97
bestAPFD:0.887770
bestSuite:5005,11824,12957,13448,5865,9568,12470,8138,5755,1703,13196,4586,12761,3134,13298,11555,1654,8892,6955,8236

test suite98
bestAPFD:0.914872
bestSuite:2037,3030,1896,166,11078,12554,3420,6535,9690,6548,10120,7581,12823,310,4079,4221,5970,8473,8175,5106

test suite99
bestAPFD:0.918144
bestSuite:9029,3866,11868,4348,1442,9221,12733,12093,4321,206,6890,6244,3352,823,6502,795,186,4183,8281,1165

test suite100
bestAPFD:0.923664
bestSuite:2635,13367,5839,9222,11328,11319,12068,5814,11884,13436,1580,6837,3070,3055,4607,4845,9130,11880,5966,9470

test suite101
bestAPFD:0.919542
bestSuite:7704,4583,2152,3969,6253,9498,4486,12064,145,10715,11018,6795,972,7184,12833,993,7469,9241,5376,5857

test suite102
bestAPFD:0.906520
bestSuite:8579,1849,1974,10967,12588,5018,4436,2924,1166,10843,6845,3712,9918,8212,4569,11286,993,2123,10187,13452

test suite103
bestAPFD:0.909821
bestSuite:2607,8643,2943,9628,3764,12740,6047,6044,10765,1280,3763,2397,5658,3001,3520,9770,2747,13226,5861,1240

test suite104
bestAPFD:0.905271
bestSuite:3925,5312,3030,11842,4733,3354,12149,11640,13133,5601,12813,10891,2039,12135,5625,7849,8583,5836,5198,2500

test suite105
bestAPFD:0.919929
bestSuite:261,11154,6402,4297,377,6916,12291,9505,2488,12327,11870,3085,12123,2262,2670,12203,4422,8969,2941,10278

test suite106
bestAPFD:0.908604
bestSuite:1835,9547,3888,12585,9098,9007,5019,4597,10567,5065,2006,5010,3461,2277,4591,2984,4187,8297,4388,13270

test suite107
bestAPFD:0.911514
bestSuite:6210,13391,5265,12414,3752,11638,1086,12035,10197,2931,6392,8533,9505,608,10192,9591,10084,9,12844,2300

test suite108
bestAPFD:0.926785
bestSuite:14,8540,5517,4016,3865,3893,8171,11564,9915,10873,9211,1423,40,1919,8385,459,4141,8120,8037,1470

test suite109
bestAPFD:0.897199
bestSuite:5495,2148,9230,3726,12048,8325,11504,10654,12926,10801,7812,11061,7459,12020,5349,161,1740,9140,8375,566

test suite110
bestAPFD:0.913541
bestSuite:11519,3766,256,13359,11561,9172,6115,13251,12439,10261,12614,6587,1402,10043,12556,8937,6934,2431,2614,11984

test suite111
bestAPFD:0.925519
bestSuite:9763,1084,5222,11656,11083,8332,11448,11850,8843,4049,13449,6129,5260,5154,9497,2509,795,13495,2408,12187

test suite112
bestAPFD:0.906419
bestSuite:6348,7044,12891,12478,1847,4341,5370,10963,3928,2278,2820,12389,1629,8642,5864,1050,8794,2553,3557,5048

test suite113
bestAPFD:0.919921
bestSuite:4549,3457,5964,12195,381,11706,11087,3495,6214,9983,7656,11758,6888,4300,9285,8099,12016,6186,7912,9893

test suite114
bestAPFD:0.905574
bestSuite:735,3855,13066,11608,5566,12937,3806,11764,11673,3715,4057,8755,3474,9628,9090,2141,6499,7324,9527,9738

test suite115
bestAPFD:0.908652
bestSuite:1184,18,5960,11652,7520,8843,12796,10523,8686,597,1467,11679,12309,10701,8616,6006,8248,1138,10696,7315

test suite116
bestAPFD:0.904940
bestSuite:9795,13519,611,3696,12526,13367,6229,12085,11693,13166,10996,7531,5193,9120,3776,10854,8731,10173,10843,4181

test suite117
bestAPFD:0.908942
bestSuite:538,6317,4678,8274,12448,4891,6707,12697,12330,10910,5529,9555,849,1147,7016,9604,834,9958,6499,7292

test suite118
bestAPFD:0.921009
bestSuite:9931,3850,11719,1113,390,8437,1785,3860,11284,10259,6226,6591,1011,7258,13250,9216,8239,4953,8628,11347

test suite119
bestAPFD:0.896501
bestSuite:5020,7692,12290,10039,12883,9666,10802,10463,12732,3643,8722,11391,10073,430,9322,2555,7622,9208,5716,11075

test suite120
bestAPFD:0.917386
bestSuite:2836,7984,8089,13099,13128,6604,629,10749,5979,2744,9936,4845,4301,5802,9902,568,2932,1709,1501,9280

test suite121
bestAPFD:0.918936
bestSuite:2994,7002,12530,6312,646,6575,5816,7023,1494,11287,3586,5754,6230,2488,11829,4605,13319,3335,1535,9845

test suite122
bestAPFD:0.911410
bestSuite:4171,2995,3965,2153,12705,12344,7717,4255,10563,399,1976,7214,7125,11958,13488,1008,2693,4141,6557,8451

test suite123
bestAPFD:0.904397
bestSuite:8085,364,11422,12587,4884,11759,1493,11469,11582,10510,6364,2969,11257,2,9130,13306,6882,9883,12962,2609

test suite124
bestAPFD:0.934933
bestSuite:7658,12152,1289,1582,993,5687,10913,9991,8130,8767,13318,3996,8513,1954,2833,6214,410,10916,2793,8111

test suite125
bestAPFD:0.915971
bestSuite:7395,4332,9867,3272,9767,381,3466,7359,11666,7375,5145,5339,6767,3804,11350,1960,5698,1807,4362,10882

test suite126
bestAPFD:0.918302
bestSuite:356,1795,3471,8950,11931,1362,12754,6373,13395,9432,1549,7765,11013,8810,8466,4843,4666,8105,190,11114

test suite127
bestAPFD:0.911825
bestSuite:8651,12167,6588,5739,5052,12417,1705,12687,5070,10641,2846,8508,12542,7173,7017,8665,8131,8111,3820,8218

test suite128
bestAPFD:0.906702
bestSuite:14,5647,8471,12711,5151,5930,11787,13092,2211,9569,11651,9020,9143,938,7229,9243,9949,13431,1482,3940

test suite129
bestAPFD:0.927583
bestSuite:12475,8415,4268,4496,2752,2529,3087,8048,10175,9724,12820,4460,8945,5593,8796,12479,6405,7904,13401,418

test suite130
bestAPFD:0.916765
bestSuite:8233,8091,5171,5050,13373,10589,5562,5103,5061,1220,11236,8461,11983,560,2970,2275,3098,40,5582,3176

test suite131
bestAPFD:0.922292
bestSuite:7865,2051,12965,4118,513,3977,9138,1696,11850,11209,5017,1490,12869,6779,4370,6670,8481,4030,6144,7499

test suite132
bestAPFD:0.938798
bestSuite:4639,6031,2958,8537,4411,12619,11453,12895,9207,6148,2153,9526,428,2663,163,6810,2314,4738,8442,282

test suite133
bestAPFD:0.910636
bestSuite:7465,12788,1974,7424,1284,1444,12894,3343,11645,7273,11048,8789,8787,11903,8903,7594,9540,7398,234,7456

test suite134
bestAPFD:0.910778
bestSuite:704,5434,8271,11582,11091,3254,5311,4411,7571,12497,5227,6501,5888,1189,9517,549,5156,13247,3050,4781

test suite135
bestAPFD:0.906713
bestSuite:7831,2024,1987,85,7163,6328,12760,10934,13399,5454,3875,679,11041,10676,4250,7435,4642,8858,9837,7165

test suite136
bestAPFD:0.911089
bestSuite:8622,12125,13510,12583,7126,8756,3828,10831,4074,9780,1383,2556,11778,11457,1545,12829,9447,5573,2418,1221

test suite137
bestAPFD:0.927142
bestSuite:9812,8929,5701,2061,11594,3078,7032,12537,3403,6249,10955,11674,6876,117,7000,3191,4734,7306,6666,5812

test suite138
bestAPFD:0.926840
bestSuite:8336,8694,4035,11024,9230,13430,7039,778,11352,3663,9937,11027,4614,8970,8440,9652,233,3158,490,7658

test suite139
bestAPFD:0.918320
bestSuite:12461,6050,6986,2827,4655,6535,312,10303,2349,8117,3148,1814,8967,145,12697,9035,4059,4452,2967,1607

test suite140
bestAPFD:0.905725
bestSuite:9021,1088,6707,6394,3342,10867,9571,237,7293,1285,3887,10234,13046,948,922,5319,4176,2825,8812,462

test suite141
bestAPFD:0.914798
bestSuite:12458,12751,121,7106,13509,6349,11130,10638,11226,4741,10568,4272,7505,1863,10238,789,6712,849,4117,9592

test suite142
bestAPFD:0.909227
bestSuite:3764,11842,4334,8663,12736,11622,9994,8988,5132,2731,13407,9043,8817,9709,1156,12287,7557,9595,5632,7028

test suite143
bestAPFD:0.925087
bestSuite:9123,8454,11018,10035,1674,6079,3826,10463,3146,1532,3245,5122,7744,2651,6392,7481,9541,13013,4580,8588

test suite144
bestAPFD:0.909819
bestSuite:3330,7397,1811,2064,6234,11504,3511,12713,8440,1032,1545,11533,13352,13464,5011,2727,3181,6807,585,10792

test suite145
bestAPFD:0.915619
bestSuite:8952,4948,12101,6339,915,7509,5305,10052,5420,5603,12178,3744,11008,9588,913,6612,5463,9488,1928,7537

test suite146
bestAPFD:0.925296
bestSuite:4268,9387,8809,6278,9157,4224,10327,10873,111,8268,2977,9099,4631,7663,6708,5974,4887,7024,9750,12298

test suite147
bestAPFD:0.923805
bestSuite:2786,9229,6975,8645,6012,8677,193,9800,11927,12103,2275,3226,2878,2189,9782,5290,9563,7350,274,5380

test suite148
bestAPFD:0.925111
bestSuite:2549,3479,5782,12339,11605,7818,11142,9047,13019,9288,5705,11655,2585,3850,8864,8183,1659,6014,7204,5819

test suite149
bestAPFD:0.921097
bestSuite:4658,5519,12717,6817,12663,6994,11552,1335,4063,11261,12638,2871,1359,7369,1777,3426,6160,1984,3345,4272

test suite150
bestAPFD:0.910652
bestSuite:13144,9435,12727,1874,8868,6390,12200,10561,6775,4030,935,214,4878,3694,5462,9586,6238,796,7994,6585

test suite151
bestAPFD:0.930921
bestSuite:5171,5915,4727,3618,3367,4452,9309,11922,7580,6386,1996,10329,9270,9442,9738,7108,6408,2157,9646,4847

test suite152
bestAPFD:0.929058
bestSuite:6220,2051,12926,214,10463,3638,5975,1523,9937,3839,1496,5775,9141,4533,375,9671,10157,7623,5599,12889

test suite153
bestAPFD:0.916587
bestSuite:6657,2896,11808,445,3940,12532,12937,6125,4590,6942,7404,13486,8286,5615,13434,6461,10112,12313,12289,2403

test suite154
bestAPFD:0.923168
bestSuite:4197,11517,4817,6271,11081,7433,13185,1248,809,3043,3659,11797,6171,8595,4004,152,3219,4574,6950,10594

test suite155
bestAPFD:0.905639
bestSuite:5536,512,1523,1258,11988,12689,1350,4742,8535,7463,3013,12810,8769,3347,9047,7169,6888,10226,8836,8266

test suite156
bestAPFD:0.926579
bestSuite:2253,7620,7837,10369,10566,1555,11843,448,1422,10983,2046,6299,4647,589,1321,4902,3160,2506,7225,6133

test suite157
bestAPFD:0.912196
bestSuite:4915,5083,11939,6590,12352,9432,2359,12761,628,4828,11106,10921,8859,9719,8461,3968,7499,9903,3759,11322

test suite158
bestAPFD:0.913661
bestSuite:3571,197,11596,12196,1232,12881,8842,2032,560,9334,2607,7920,1848,6629,6492,6222,1822,587,6459,9777

test suite159
bestAPFD:0.908114
bestSuite:3830,2533,3272,9809,13347,7482,11970,8699,10035,172,7115,13395,3369,6340,3812,2507,483,9889,6400,2065

test suite160
bestAPFD:0.906741
bestSuite:8486,8321,7360,2881,5769,12464,10589,11692,3576,7460,12296,12806,8837,10507,4704,7434,571,7644,1120,12871

test suite161
bestAPFD:0.882036
bestSuite:11047,13259,5163,12312,13053,3943,5003,5062,1116,7057,5779,9063,11251,10828,6216,892,713,7814,10835,11675

test suite162
bestAPFD:0.918846
bestSuite:778,3986,12044,9927,13513,3298,1826,5584,6695,9415,8595,10552,2230,13205,4160,5360,5749,3441,5028,5861

test suite163
bestAPFD:0.910251
bestSuite:5886,2131,10486,7857,2386,1400,9279,9994,12789,8,4680,3635,5423,10850,984,12718,4881,12795,1760,10717

test suite164
bestAPFD:0.927041
bestSuite:8422,7820,1395,11303,3727,3671,11014,13024,7567,146,8037,13494,12838,3959,253,8812,1952,9505,8738,6744

test suite165
bestAPFD:0.920145
bestSuite:9265,8601,1099,6450,13149,6961,5545,6919,6700,11929,10858,9170,13212,3458,10728,12075,11726,9844,1487,11058

test suite166
bestAPFD:0.914968
bestSuite:1767,7467,6707,1640,10648,5185,10851,8237,3637,6470,8032,5583,2537,4580,3722,6130,2265,7109,6006,9178

test suite167
bestAPFD:0.907889
bestSuite:4445,4588,34,5229,11651,12506,13147,12298,4914,6272,10907,5951,5219,1534,191,1036,3445,2385,8086,4599

test suite168
bestAPFD:0.920588
bestSuite:9559,8652,4404,11860,11704,7710,10320,1883,10435,5803,12822,10282,2097,9109,867,4329,1813,9074,3577,4321

test suite169
bestAPFD:0.918253
bestSuite:11040,4191,3920,10145,5938,10587,8036,11321,9300,6756,8204,3961,9314,6295,3078,7005,9043,1815,8416,13406

test suite170
bestAPFD:0.936933
bestSuite:8190,5101,1496,12377,7955,12970,571,10997,10402,5978,1750,2125,715,929,13253,10117,1047,164,1485,10396

test suite171
bestAPFD:0.913907
bestSuite:2014,5253,11258,4753,8201,12787,2855,12516,3300,8529,6502,2115,2178,1924,3973,4011,1235,10115,1228,8026

test suite172
bestAPFD:0.934466
bestSuite:5282,9055,12402,1615,7656,238,8694,975,2725,3062,7862,10868,1394,7814,4643,5486,7254,11900,7651,4497

test suite173
bestAPFD:0.925746
bestSuite:4332,6894,8664,4597,11934,12579,10388,9206,11459,6297,5951,7997,5865,9966,9181,2908,4811,1501,4054,9634

test suite174
bestAPFD:0.922210
bestSuite:3137,13394,8310,9604,12353,2332,3742,3543,3464,3816,513,3993,5834,11991,1137,2254,6365,4033,7090,2742

test suite175
bestAPFD:0.903207
bestSuite:4915,3450,6869,8838,11984,8937,12888,1009,340,3122,630,10700,7580,3358,8319,3308,6166,8538,892,9102

test suite176
bestAPFD:0.908287
bestSuite:856,229,10962,2615,5785,12409,7388,6444,1002,7184,10943,13484,7257,5504,7200,12143,4484,997,5353,7151

test suite177
bestAPFD:0.913016
bestSuite:899,12378,9807,3497,8389,8112,4273,11853,11326,12824,3384,11541,11141,11047,7849,11252,13521,332,3167,6742

test suite178
bestAPFD:0.917328
bestSuite:4358,3928,9999,13105,11492,5967,6164,8544,6222,3535,7566,4033,13212,5580,11731,378,7769,1343,8466,9524

test suite179
bestAPFD:0.916244
bestSuite:10967,2741,12370,6410,5876,3830,9023,10376,12359,6448,12994,7611,8436,11932,1591,8773,1783,442,13346,6963

test suite180
bestAPFD:0.922148
bestSuite:5331,2867,3056,11508,573,2508,8861,8223,1620,2943,4068,4562,6345,839,8066,4441,1052,6255,9046,8423

test suite181
bestAPFD:0.908885
bestSuite:8035,9079,7072,11661,4858,6224,2129,11450,10769,6000,13478,11213,10177,378,9961,7619,3661,9787,2224,9094

test suite182
bestAPFD:0.897259
bestSuite:602,3949,4197,7835,2020,11672,532,763,10649,10767,11030,7090,1450,4889,9267,1665,1785,5498,2306,6435

test suite183
bestAPFD:0.912406
bestSuite:7527,10380,6281,5967,660,11462,11518,10787,12350,8369,3346,847,484,8477,6314,5636,2754,7150,7782,11232

test suite184
bestAPFD:0.913519
bestSuite:2807,9121,2504,3389,11578,6222,13470,7929,1380,13415,2472,10894,2130,13181,4234,3992,10018,13493,5065,7047

test suite185
bestAPFD:0.922171
bestSuite:1734,12976,11016,1408,11195,10798,1515,1452,3223,9402,11830,6734,11881,11820,3220,8937,12850,2266,2576,233

test suite186
bestAPFD:0.920995
bestSuite:4211,11433,6206,9494,6816,6743,3231,10647,13171,5011,5678,13374,11752,8641,335,9270,13242,5872,5857,6974

test suite187
bestAPFD:0.907131
bestSuite:12517,7216,11896,9094,7634,13520,9085,4578,10879,10827,7738,10139,12053,4651,1,7297,4883,9253,2382,10244

test suite188
bestAPFD:0.924462
bestSuite:1946,2487,6591,3151,12849,4176,13403,10237,243,3548,11856,5033,2922,3172,9765,5037,1086,567,530,1218

test suite189
bestAPFD:0.924643
bestSuite:358,7982,12914,9033,1687,10545,11205,11380,7656,5183,3416,4136,1176,7278,1334,4656,8703,6336,761,824

test suite190
bestAPFD:0.921333
bestSuite:7580,808,3300,12539,1212,11676,2343,763,6956,2780,5875,17,815,2471,2123,11015,4300,7715,6955,3683

test suite191
bestAPFD:0.911677
bestSuite:7504,5796,2289,12681,722,2442,11186,9167,10641,2110,12217,5443,667,9692,8,11742,4058,6480,7455,384

test suite192
bestAPFD:0.916741
bestSuite:7817,10968,8119,11234,13518,7578,13193,9206,11075,12021,5155,6633,10599,3499,6438,361,5342,3676,11732,3839

test suite193
bestAPFD:0.905585
bestSuite:7031,2068,9888,11291,4911,8189,12233,5058,7140,10219,10425,2868,9845,5329,12317,1924,3363,6027,590,2264

test suite194
bestAPFD:0.901214
bestSuite:6349,1017,13349,6063,2540,11641,10611,9893,6670,547,11137,2826,3073,1470,5546,10737,8772,10701,2498,9701

test suite195
bestAPFD:0.908284
bestSuite:4000,1981,10550,9675,9483,11960,12455,975,9438,7159,1144,9774,9178,9263,8,700,5618,3669,587,5564

test suite196
bestAPFD:0.914432
bestSuite:222,13119,1449,6667,1023,9339,12937,10617,11422,5252,4877,2416,12879,7286,2445,7105,9141,3027,7512,8737

test suite197
bestAPFD:0.912557
bestSuite:9142,10386,2900,11662,5396,9571,6607,13132,9814,7078,3278,1351,11846,8513,1963,7671,832,2444,2321,8654

test suite198
bestAPFD:0.918792
bestSuite:2633,6075,1860,8265,4072,4140,7428,10410,11379,10630,3797,6135,11965,1182,6516,10018,1247,1617,5096,8063

test suite199
bestAPFD:0.906991
bestSuite:919,6007,8012,4337,10468,13365,9980,1674,12638,12591,10803,11823,1647,4608,6621,9865,6958,5890,3796,2664

test suite200
bestAPFD:0.924572
bestSuite:8438,403,131,5813,2079,8702,11149,13392,10201,13501,4545,9241,309,5087,2312,1975,1449,8637,7031,2996

test suite201
bestAPFD:0.891274
bestSuite:7550,9619,12441,3603,10980,12979,9528,8649,10310,410,10895,5649,200,8551,5795,4427,6893,1497,9611,1493

test suite202
bestAPFD:0.908582
bestSuite:6210,11023,2890,2491,10486,8479,5139,1284,11340,5946,10433,10758,1651,8204,9540,1309,3630,10506,10477,8676

test suite203
bestAPFD:0.921050
bestSuite:6076,7436,5296,1885,13442,4408,2901,7221,12088,2947,10375,2168,11744,1573,587,7168,7669,5568,5279,10844

test suite204
bestAPFD:0.927928
bestSuite:3001,5714,8503,2694,11730,10893,10382,4553,7960,3581,3421,4204,151,6639,7379,9841,10024,271,7946,11359

test suite205
bestAPFD:0.926325
bestSuite:9123,8964,11633,8242,12562,5693,2507,11595,9321,1972,10779,10917,1238,11799,4853,10007,303,5744,9901,7894

test suite206
bestAPFD:0.922744
bestSuite:1605,2344,8527,677,5388,7930,1919,2750,11786,4421,8744,10220,5646,4537,4252,5564,656,5426,2901,473

test suite207
bestAPFD:0.906242
bestSuite:4095,3210,11517,1547,3333,11207,9476,2542,12432,9834,12735,1751,12176,3721,11515,3917,13234,3650,6831,3302

test suite208
bestAPFD:0.912776
bestSuite:6914,2564,9340,11837,13158,11499,10444,1622,13377,8250,8705,7435,4424,12260,9674,4265,3565,8665,1010,3383

test suite209
bestAPFD:0.914410
bestSuite:5647,7525,9599,227,3628,10833,3085,8614,10332,1137,11459,11338,1271,5068,225,716,10692,450,6355,176

test suite210
bestAPFD:0.913401
bestSuite:6197,13105,5557,12709,8707,7888,3857,1197,11643,7040,646,1678,8732,4114,4724,5415,11740,610,5513,3916

test suite211
bestAPFD:0.924580
bestSuite:9346,6924,2323,7968,11283,4567,151,8198,13209,794,8129,10837,12298,9186,8048,8802,1380,1304,4143,4368

test suite212
bestAPFD:0.904139
bestSuite:12465,12026,8086,1292,9158,10880,7456,12369,10898,2394,733,10864,1788,1782,10677,6877,1765,4366,6531,11753

test suite213
bestAPFD:0.922983
bestSuite:11423,1874,1957,5688,8103,12411,5887,1174,7381,11321,11979,8896,2371,6505,1185,1094,2413,1118,8742,5276

test suite214
bestAPFD:0.926888
bestSuite:3038,13342,2399,11117,5916,9945,4905,12085,276,10308,8726,10178,316,6254,758,4559,1215,4666,9618,7003

test suite215
bestAPFD:0.912064
bestSuite:7030,3187,8972,5156,8006,12767,10569,12855,9958,8765,2129,10170,6963,6988,5283,12879,10112,6578,10733,10861

test suite216
bestAPFD:0.908945
bestSuite:13032,10983,10693,1273,7099,5180,10871,11457,6316,7610,13268,12294,226,2448,13217,8157,12194,8737,3582,8399

test suite217
bestAPFD:0.911932
bestSuite:505,6910,6921,11567,5207,2089,4420,7070,10478,5168,4914,12140,12803,7830,8855,8356,9819,5919,8757,1420

test suite218
bestAPFD:0.905196
bestSuite:12396,5698,11618,1955,11569,4199,2010,10434,11601,4134,10937,6375,3379,2701,13183,3825,1248,10146,9966,5080

test suite219
bestAPFD:0.913753
bestSuite:12981,6824,6404,12621,10494,11868,12935,10144,8724,3999,10349,13380,11252,8005,6177,3460,12065,9544,5484,8935

test suite220
bestAPFD:0.916742
bestSuite:12910,11043,2472,9754,10815,2869,3313,11734,10582,10377,7784,5205,12111,8604,3743,3235,6945,3517,9828,3822

test suite221
bestAPFD:0.922680
bestSuite:7389,1015,13116,2372,10725,10647,13301,1897,6165,6064,9694,4864,5927,8259,1824,10633,2530,8006,1279,8499

test suite222
bestAPFD:0.903599
bestSuite:7993,6356,3505,7452,2853,13407,12566,7576,13027,4217,8213,7889,9104,1976,12101,2821,7083,1116,9261,12044

test suite223
bestAPFD:0.906020
bestSuite:1555,7751,12044,12929,9526,1494,12620,6978,8366,1242,4975,1074,12358,1557,438,2940,338,1775,9942,11078

test suite224
bestAPFD:0.915440
bestSuite:9254,13420,5379,2399,11250,4095,6392,3623,7094,8372,10190,6568,329,8390,7408,228,7521,7068,8200,367

test suite225
bestAPFD:0.908207
bestSuite:8220,6556,12383,13143,2304,7441,12932,9134,1490,1350,11958,9463,956,10051,2247,7664,12340,7758,6169,642

test suite226
bestAPFD:0.922825
bestSuite:4114,7122,6099,6278,2225,5951,1178,6692,3079,1163,7544,11377,7859,8518,3581,2016,32,1000,1016,1856

test suite227
bestAPFD:0.901326
bestSuite:5106,8791,12470,11548,3234,1739,6501,7887,3064,10394,5574,9637,3211,9053,13217,5034,1640,5100,2059,6674

test suite228
bestAPFD:0.922306
bestSuite:4548,5634,9515,13341,12609,11977,8281,4581,12231,2895,6610,3009,5131,4272,6,7761,3733,2882,9324,1075

test suite229
bestAPFD:0.925356
bestSuite:4625,8789,3702,2226,6407,11249,11530,9240,4336,6333,13267,11871,7671,5489,7411,8522,6863,6066,10084,12848

test suite230
bestAPFD:0.912440
bestSuite:7148,11621,3264,8664,9247,10626,8875,4240,12147,11160,3860,6385,10560,6191,805,60,10143,1610,9815,725

test suite231
bestAPFD:0.905522
bestSuite:12911,7135,4457,6952,11610,10565,10215,6501,4325,173,10719,10944,9369,13266,8812,4126,945,9832,9891,10893

test suite232
bestAPFD:0.922548
bestSuite:5020,3345,2073,5134,9980,730,2717,5373,435,4821,2071,9989,4854,9582,8173,4412,9061,450,10107,834

test suite233
bestAPFD:0.913065
bestSuite:4207,3763,1456,8148,9949,10504,3051,4358,3592,9644,8076,2969,4480,5489,5632,8792,9591,4253,8803,2008

test suite234
bestAPFD:0.923846
bestSuite:709,13018,2695,12440,7971,3733,9349,5581,10262,8126,11077,11957,6226,6241,7047,4053,555,9257,4387,4165

test suite235
bestAPFD:0.898649
bestSuite:285,7790,7264,11922,12440,1229,2621,5221,12773,2021,885,6221,4185,10681,2009,10949,2502,6089,10167,1180

test suite236
bestAPFD:0.889616
bestSuite:11004,1137,12344,12477,1692,1284,7845,10600,10895,8826,2473,11463,1928,1897,6194,12258,12031,4008,727,13158

test suite237
bestAPFD:0.909058
bestSuite:1612,2178,3926,11734,9510,8336,9546,12066,5807,5593,11547,6231,8872,3862,9949,496,9877,9233,491,12980

test suite238
bestAPFD:0.926739
bestSuite:2092,173,12955,6227,13504,6355,677,8255,7419,2156,1664,11037,6801,10864,10003,2971,9276,3728,5082,6455

test suite239
bestAPFD:0.922830
bestSuite:8527,4380,8149,12499,7009,10126,6495,9674,7080,8788,10966,7067,4926,10872,5616,10672,8429,2243,2917,6862

test suite240
bestAPFD:0.915335
bestSuite:9891,9284,118,8567,11675,1122,8437,7039,4755,10607,4449,9315,12158,1752,11715,2708,3320,990,3661,9582

test suite241
bestAPFD:0.903611
bestSuite:7080,11979,4329,39,207,13437,12605,2812,12963,6420,9054,12840,10230,10867,10869,5969,8371,7315,9142,10879

test suite242
bestAPFD:0.925853
bestSuite:107,5611,8584,6206,5241,185,7357,918,9242,2212,10953,8990,11785,1387,12024,8922,6381,1154,7753,6417

test suite243
bestAPFD:0.920091
bestSuite:4222,11588,1874,6262,4524,6912,206,5583,9428,11135,11664,2311,705,2728,8333,9497,7494,11035,3277,1417

test suite244
bestAPFD:0.918029
bestSuite:5292,669,12617,12167,1696,8061,6563,6343,7167,3471,13486,6844,11007,12526,3975,450,7462,533,2443,11784

test suite245
bestAPFD:0.917171
bestSuite:2184,449,2473,5137,3188,3990,12385,10495,12613,10511,202,5560,9241,13478,4643,1796,11911,9908,5289,10415

test suite246
bestAPFD:0.914882
bestSuite:7699,395,196,6489,3980,6198,11409,11695,10870,5599,4770,5338,2246,12265,504,5653,2929,8842,2681,8347

test suite247
bestAPFD:0.910552
bestSuite:2034,11706,8108,1101,8635,11787,4654,4857,9552,12867,10288,8718,65,7916,3730,1827,1986,8121,2614,520

test suite248
bestAPFD:0.923573
bestSuite:11635,13512,8814,10965,12875,8275,4051,13299,2269,6224,6911,11792,10278,11731,5861,2266,8386,2985,3393,12285

test suite249
bestAPFD:0.899350
bestSuite:1353,3175,12158,11657,12601,4629,8569,7686,968,7862,7174,7698,11520,1279,11980,8871,11988,5518,7384,5906

test suite250
bestAPFD:0.918725
bestSuite:203,1385,3346,5170,471,10269,11965,4195,12084,5736,11160,12133,10918,6866,7551,9735,6296,10116,4046,4814

test suite251
bestAPFD:0.914537
bestSuite:931,13118,221,8931,13519,11277,1522,7181,998,5887,12073,7021,6807,1105,8966,7424,5223,204,8079,2505

test suite252
bestAPFD:0.926783
bestSuite:890,2098,4915,7876,4005,6210,5308,9252,12848,7344,5638,1604,9576,6503,1211,4740,694,8473,2016,3326

test suite253
bestAPFD:0.910452
bestSuite:10989,10797,4406,11614,12664,796,4971,7455,7467,12746,5427,11296,9104,2063,6734,4214,11199,8859,8892,8004

test suite254
bestAPFD:0.921511
bestSuite:1653,4261,11309,4245,4590,4246,6228,11323,6360,8639,10428,2071,5719,2954,6582,11320,3865,3749,4653,11155

test suite255
bestAPFD:0.905486
bestSuite:1645,3908,9015,10453,11371,2276,5172,7291,6335,10003,9100,975,2461,10737,10275,1287,1017,9703,2450,1422

test suite256
bestAPFD:0.911189
bestSuite:7492,1394,4649,12750,10643,10306,7491,11484,5355,11868,12643,5414,1221,7741,9310,10932,10219,4676,1907,3821

test suite257
bestAPFD:0.929979
bestSuite:5282,8061,3081,977,9558,1835,982,4790,6282,12302,5878,6623,6958,726,2587,8612,6830,7674,10679,7828

test suite258
bestAPFD:0.926055
bestSuite:8341,8097,11686,1803,10659,6378,11336,11011,8036,11360,5744,1118,5658,5359,8042,10199,9524,7921,6876,7904

test suite259
bestAPFD:0.901548
bestSuite:9528,12629,2995,4058,6989,13378,10059,11104,2215,11718,12605,2425,12528,6382,6301,11732,4456,6419,6861,10334

test suite260
bestAPFD:0.913527
bestSuite:1980,6999,10623,2863,10136,620,13070,3150,6833,7779,2477,3909,10794,7573,2110,3831,9118,9402,9048,3252

test suite261
bestAPFD:0.933414
bestSuite:12475,3386,7572,12219,12972,10591,8996,6105,1094,10732,3911,11894,7602,10501,10008,1394,1140,2642,5973,9612

test suite262
bestAPFD:0.915667
bestSuite:7631,1544,6097,9751,12307,3544,10402,4923,12321,8609,4093,8959,7292,6961,5477,5488,6212,4570,7578,6213

test suite263
bestAPFD:0.916944
bestSuite:5266,1725,7220,12490,5796,6926,6255,8653,9480,4086,1926,56,30,13205,10073,10175,7443,4732,1554,9618

test suite264
bestAPFD:0.903143
bestSuite:8207,9233,7287,698,8907,7220,10638,5459,8432,5646,7214,11257,2693,362,4327,11817,6440,11869,4748,10796

test suite265
bestAPFD:0.921074
bestSuite:332,6045,5218,1217,12762,3997,3164,2192,5292,11886,7676,8994,10800,2759,9134,7822,7609,918,9131,11869

test suite266
bestAPFD:0.918309
bestSuite:5337,7542,3358,6654,12249,12525,3926,1011,5227,1025,6863,5554,3114,7434,10082,5439,6958,10095,1958,2607

test suite267
bestAPFD:0.911624
bestSuite:5171,6362,5562,147,12607,13145,928,10540,11696,9529,4217,9669,6552,4975,9465,173,1623,11708,5705,7594

test suite268
bestAPFD:0.910956
bestSuite:2761,1479,5313,8145,2285,12681,12976,6298,9633,7140,12001,5954,12626,6141,8282,638,8396,7677,269,3040

test suite269
bestAPFD:0.926853
bestSuite:4200,2716,2042,8678,3058,4801,2639,4271,9130,6053,1290,4062,10995,9714,235,303,2531,4379,9315,7927

test suite270
bestAPFD:0.911044
bestSuite:13416,4376,6874,4411,1614,5579,5639,6552,8212,3986,10283,8593,7381,5024,3270,617,1843,8185,4031,7857

test suite271
bestAPFD:0.931924
bestSuite:5483,4623,354,6407,4231,2107,9269,7140,13470,10767,1774,9263,7740,10904,2169,13487,1617,7207,3812,177

test suite272
bestAPFD:0.915656
bestSuite:8424,4517,13049,13520,8715,7626,12183,12404,380,13004,8227,10001,2915,6837,4867,905,6109,5025,259,4362

test suite273
bestAPFD:0.908986
bestSuite:5093,11279,7572,247,6182,758,6165,2827,10730,11858,8808,2679,995,8823,13473,3169,4992,9067,3713,6238

test suite274
bestAPFD:0.927833
bestSuite:10139,1348,386,2491,11621,436,10479,12076,4571,854,13479,12380,7587,4064,12223,12346,4643,5502,2477,3546

test suite275
bestAPFD:0.921698
bestSuite:7389,1790,3237,7749,2916,8691,7960,7959,13308,4136,8813,4570,11167,5296,9253,534,8790,5231,10811,97

test suite276
bestAPFD:0.911790
bestSuite:1935,4179,3767,5013,11544,8047,10498,1238,13368,644,7883,1295,3286,6713,10838,1459,2825,10060,10265,10065

test suite277
bestAPFD:0.923828
bestSuite:10972,3545,1223,2900,3625,11262,4048,11448,10344,5511,10711,11455,13238,931,727,1075,1415,5085,5599,9601

test suite278
bestAPFD:0.935284
bestSuite:3808,9050,7440,9832,8204,1539,11264,10286,8187,12807,8644,8245,4368,8099,20,10118,1226,1718,5924,5614

test suite279
bestAPFD:0.922433
bestSuite:4416,11853,7358,11419,3407,779,3937,10894,9289,4834,2340,6082,6758,847,4873,3156,2278,3647,6890,4400

test suite280
bestAPFD:0.890527
bestSuite:723,2424,9788,12654,1344,13148,13524,12884,3180,1301,84,13429,5444,516,5858,7301,1502,4202,6500,10949

test suite281
bestAPFD:0.903169
bestSuite:7512,5230,30,4179,3315,4307,12610,432,13499,3764,10473,10195,10428,2903,8765,12045,6536,6885,6957,10060

test suite282
bestAPFD:0.925095
bestSuite:5282,8981,1833,5650,11060,683,1508,11524,3073,9797,9033,3957,8073,1707,12386,8647,3018,11083,9840,2936

test suite283
bestAPFD:0.924254
bestSuite:5862,13082,8202,5188,3278,2173,13514,5210,4836,550,5485,6799,1413,9604,5255,40,224,1241,3987,9592

test suite284
bestAPFD:0.908817
bestSuite:8672,7648,4461,1133,11171,12236,7509,4678,11655,2545,7001,13352,11349,9880,1653,12135,4366,6821,1907,4756

test suite285
bestAPFD:0.914908
bestSuite:9795,187,2877,13153,7418,8628,3808,10925,1994,7527,7864,2273,8334,3019,8290,3232,1163,4240,12147,2485

test suite286
bestAPFD:0.922873
bestSuite:9024,2575,9859,9515,11645,6689,6530,6228,10260,4232,6730,9371,7396,7932,1750,1126,8812,7838,6956,537

test suite287
bestAPFD:0.910608
bestSuite:7965,12102,2805,381,3468,11800,7627,2034,6471,8749,4454,11452,10192,5638,7767,12153,47,8998,9445,6429

test suite288
bestAPFD:0.921425
bestSuite:5679,1510,4508,10797,6559,7263,8704,12197,8305,11936,682,10508,12058,5788,5201,10807,1390,6335,11900,11995

test suite289
bestAPFD:0.911578
bestSuite:5097,7453,1394,8519,10545,8880,6705,8248,4101,2465,5670,4320,8458,8866,10390,4604,9705,8254,1199,13472

test suite290
bestAPFD:0.919385
bestSuite:3855,11604,12449,11240,5383,8358,6370,9146,8856,4027,5902,12197,10784,7,1167,8583,8338,3061,929,7036

test suite291
bestAPFD:0.914683
bestSuite:1208,76,12905,7921,12667,6336,9037,52,7147,7152,10320,11362,2054,2016,4473,12007,4902,7802,4346,4797

test suite292
bestAPFD:0.917186
bestSuite:1881,4782,12399,11298,5795,3177,11422,9084,2885,9800,3500,10657,12962,4305,6337,9068,1830,10685,104,17

test suite293
bestAPFD:0.909420
bestSuite:8552,12707,10971,2249,4317,11169,2455,9787,405,12076,10148,6996,12980,2288,12516,1072,6100,3521,3550,7114

test suite294
bestAPFD:0.918270
bestSuite:3640,3127,13451,4431,3335,7472,12165,8724,10645,3205,11529,9486,2927,1783,6605,6538,6899,6924,224,9046

test suite295
bestAPFD:0.898164
bestSuite:8118,789,11024,11484,4140,13129,13379,1563,5913,7365,1910,11207,6590,11105,10158,4989,5299,1104,7726,1424

test suite296
bestAPFD:0.911435
bestSuite:9019,4833,9346,3971,12776,1442,4280,2611,5502,6728,10820,5355,5454,9485,9959,5773,1660,10097,1840,11699

test suite297
bestAPFD:0.895819
bestSuite:7016,247,304,1877,10572,4440,12442,1776,8148,11990,2454,8665,11475,5609,6849,10787,2209,10778,7693,3661

test suite298
bestAPFD:0.916173
bestSuite:6745,13118,4427,8821,1429,3497,11708,6638,11062,1950,12075,3533,13052,8762,2168,5648,10219,6822,2563,6222

test suite299
bestAPFD:0.905768
bestSuite:8223,3853,241,11436,13102,2113,8124,11824,11268,7167,10248,7342,1599,162,743,2447,4283,3381,270,2246

test suite300
bestAPFD:0.911462
bestSuite:94,12474,2484,7558,5689,3060,12400,12779,13146,8216,804,4751,2872,12624,8318,8300,11753,4548,5279,5361

test suite301
bestAPFD:0.930606
bestSuite:492,8220,7470,13083,12953,963,9891,11337,2355,6028,1602,3052,7859,8894,533,1409,1630,1309,9760,4220

test suite302
bestAPFD:0.906111
bestSuite:1146,4746,8777,210,5867,12757,5898,12700,3239,13452,4281,584,10917,9486,3028,3491,5706,10019,10824,10416

test suite303
bestAPFD:0.918845
bestSuite:1690,13360,4655,11011,5641,12280,9276,3096,724,845,10840,11946,9644,9539,6691,7615,1994,11935,1708,3963

test suite304
bestAPFD:0.906263
bestSuite:649,6428,4067,4063,12450,13408,7716,123,9619,10497,9569,13218,10309,11184,5445,12995,6505,6292,7039,615

test suite305
bestAPFD:0.913721
bestSuite:6410,4405,4582,12783,3313,271,6322,10937,1684,2707,6584,791,9766,10474,4269,7669,7256,8194,7146,10216

test suite306
bestAPFD:0.916101
bestSuite:3446,12722,6187,1572,11672,309,12391,7178,11292,10282,803,2847,6950,11834,12322,2114,7647,11814,3686,6038

test suite307
bestAPFD:0.896844
bestSuite:4456,2800,641,9214,8750,12464,8088,7361,10711,8643,12218,13073,13375,6582,1118,5877,2595,10447,1891,5460

test suite308
bestAPFD:0.894642
bestSuite:12403,12645,304,3584,9097,10961,7198,2542,11445,6424,5741,10349,10128,9038,11374,1200,5945,10361,10915,10799

test suite309
bestAPFD:0.921689
bestSuite:1092,8908,1041,13081,6718,5319,610,6496,23,13446,7218,6083,7671,10120,4664,591,394,120,1565,663

test suite310
bestAPFD:0.919505
bestSuite:8097,9756,6255,9231,8070,12890,11300,4763,10024,10462,4886,3807,9627,11780,270,4744,6006,4787,9488,281

test suite311
bestAPFD:0.923679
bestSuite:7209,3847,2863,12470,3458,4131,6200,5888,1894,1941,4490,10057,10917,3907,3492,9689,4970,7917,1248,5872

test suite312
bestAPFD:0.926644
bestSuite:9338,11600,1671,5241,12280,5194,13173,11517,9137,11734,2910,2408,2127,1541,3691,1983,3394,1870,3360,8535

test suite313
bestAPFD:0.910637
bestSuite:494,304,12703,9285,2489,8165,10930,9896,13045,11090,3028,7730,6346,13475,3918,6283,2850,8876,5379,8173

test suite314
bestAPFD:0.918040
bestSuite:3985,492,6531,13157,13290,11765,42,10818,12552,7190,5658,5844,10618,5654,13254,12506,612,9875,94,3762

test suite315
bestAPFD:0.921501
bestSuite:11034,9092,2736,8313,715,11695,10610,1041,1136,4129,10243,936,11991,6555,8152,6919,2703,9898,8120,8866

test suite316
bestAPFD:0.903866
bestSuite:261,2324,8830,10571,8634,12772,9539,7878,4541,9242,10996,11028,12635,7809,5749,9235,7194,5780,10237,4305

test suite317
bestAPFD:0.906317
bestSuite:7287,1757,2848,7869,9035,12719,1864,11040,12399,5585,6100,860,9869,5201,5767,8480,5555,8647,2379,7060

test suite318
bestAPFD:0.906464
bestSuite:9171,12190,3237,6981,6059,2300,10789,4901,7003,1538,5281,2598,3951,6784,10050,811,13464,12,7769,4663

test suite319
bestAPFD:0.912767
bestSuite:5469,1731,11314,2075,9413,13345,16,10777,5107,12974,6112,3158,10147,619,2469,2582,5725,4514,5070,8974

test suite320
bestAPFD:0.920275
bestSuite:7002,13127,2949,8217,1713,1269,8810,10315,7307,2815,9424,3242,8231,393,11712,5906,7773,7870,2547,10981

test suite321
bestAPFD:0.913988
bestSuite:9298,12787,310,5114,5177,9752,10515,8970,6455,3581,4152,7200,447,1246,7795,11847,4025,6239,12710,8749

test suite322
bestAPFD:0.904185
bestSuite:261,7739,12635,5230,9247,6696,7357,8606,614,11080,3723,11252,2912,6699,12868,987,4279,63,700,1027

test suite323
bestAPFD:0.932326
bestSuite:5258,6956,3437,11069,6922,3793,1094,10170,5448,6478,8183,9860,10745,9665,7778,5590,4073,1902,8608,2155

test suite324
bestAPFD:0.910498
bestSuite:9694,13090,7444,10552,3085,3545,295,12367,13463,1290,11271,645,11929,9007,3345,12296,8024,9269,5185,805

test suite325
bestAPFD:0.921909
bestSuite:10388,5998,7871,2695,3321,6802,6549,1085,3033,12395,10185,10453,5009,848,9278,2700,5808,3049,1468,10394

test suite326
bestAPFD:0.904480
bestSuite:5363,9743,7472,13113,3566,755,10878,10099,11416,2246,7865,7596,6978,12999,1797,10678,162,3407,861,8171

test suite327
bestAPFD:0.914177
bestSuite:3501,9320,6404,8114,9827,4661,7294,11850,8145,2676,13268,7959,8156,7161,5267,10679,10231,5144,7724,233

test suite328
bestAPFD:0.912454
bestSuite:512,4502,12031,12789,7867,3403,7054,10868,11289,11107,4227,6187,3175,1585,810,4307,4244,5513,7700,7767

test suite329
bestAPFD:0.929137
bestSuite:2267,7727,12459,12504,12664,12316,10506,3434,6969,852,10738,1033,4583,2277,5388,5869,1492,889,472,13471

test suite330
bestAPFD:0.908771
bestSuite:4924,4709,11065,6734,2056,623,11928,11204,11176,4865,5754,8551,10484,4947,10294,4962,336,7153,969,2856

test suite331
bestAPFD:0.923582
bestSuite:5825,10570,210,1839,4995,6331,5437,4864,10648,11227,66,6846,71,1419,13492,8386,8204,2776,7598,12

test suite332
bestAPFD:0.915739
bestSuite:1853,937,13426,5579,10475,12026,1515,11443,3334,27,8515,4571,9643,1490,8442,1775,9932,2524,5887,3286

test suite333
bestAPFD:0.911254
bestSuite:5816,5903,8178,12554,8175,12862,7959,9480,2868,10978,2742,763,9331,4152,10380,9709,8051,438,13247,9182

test suite334
bestAPFD:0.905119
bestSuite:8681,8251,7190,2066,9056,13386,13342,10659,12886,1650,12829,7784,4443,10595,12154,6610,5257,6027,5029,6916

test suite335
bestAPFD:0.894828
bestSuite:10388,8882,4147,3525,12449,9172,3905,13127,11279,11980,5056,10454,831,13483,9893,2480,8485,2275,4847,5390

test suite336
bestAPFD:0.912158
bestSuite:6984,4428,12459,5920,11400,3966,2896,4455,10642,6499,1552,4291,9492,3022,4582,3340,1377,2956,9958,1422

test suite337
bestAPFD:0.910593
bestSuite:5258,4491,11636,4029,2540,218,1812,7734,5422,3422,4883,8491,3954,88,2056,142,1664,2919,1796,8471

test suite338
bestAPFD:0.929730
bestSuite:28,4596,8278,204,4171,4711,1122,11194,8085,13026,12004,7378,716,264,11151,6260,2302,3643,8181,4311

test suite339
bestAPFD:0.932265
bestSuite:13387,3316,1384,803,1397,1936,8288,8383,2323,11909,9916,5451,185,10202,7354,8297,6371,3897,7425,5604

test suite340
bestAPFD:0.907914
bestSuite:12449,11611,7185,9060,6484,12779,4930,9342,8296,1651,5726,8769,10961,5084,10393,1621,8209,10238,1515,352

test suite341
bestAPFD:0.922753
bestSuite:6154,1610,3395,5364,3542,8766,1173,11065,875,11972,642,6848,10689,6336,3490,7209,945,6871,1055,6962

test suite342
bestAPFD:0.923214
bestSuite:6665,9824,1449,10600,12866,9412,7399,11147,12057,2410,8194,1304,1117,9243,945,13217,6841,795,5673,1599

test suite343
bestAPFD:0.914242
bestSuite:2267,6352,13327,12572,2894,10379,12956,11273,7200,6552,7358,145,8046,9530,8668,6306,9645,7108,7769,11901

test suite344
bestAPFD:0.913133
bestSuite:3157,12936,4262,6073,5865,233,7827,12707,1511,2571,2171,3395,12109,3964,2376,7214,9705,8240,4715,7721

test suite345
bestAPFD:0.927758
bestSuite:6379,1847,3830,8722,10114,642,4341,7944,1886,13369,83,5358,10987,4208,8659,8049,2783,93,8655,3646

test suite346
bestAPFD:0.931475
bestSuite:5347,1471,9608,6026,2677,11123,13209,95,2531,8308,946,6233,1717,10206,3586,2324,7670,9130,6049,9790

test suite347
bestAPFD:0.902390
bestSuite:6351,547,9376,7135,7826,8200,12812,12754,11484,6361,7740,11215,6287,1398,61,7573,9194,6289,9779,7298

test suite348
bestAPFD:0.912173
bestSuite:11413,3440,9461,13399,4898,3955,10592,1973,10752,13267,2063,6383,7172,12858,3331,9919,10405,843,4418,11058

test suite349
bestAPFD:0.921696
bestSuite:13418,5757,204,3468,9294,10330,5421,10970,10650,5125,3253,8885,12174,11830,1848,5085,4150,1795,10636,12172

test suite350
bestAPFD:0.917006
bestSuite:8341,6614,13174,6360,11181,6746,6632,1189,9077,5876,9493,13445,506,10234,4165,4446,10101,6331,2145,4655

test suite351
bestAPFD:0.898102
bestSuite:8192,12892,5797,9414,11246,5033,11404,6759,11643,3810,13301,9291,2067,3036,2899,4867,10491,8071,2856,2211

test suite352
bestAPFD:0.906467
bestSuite:243,8220,3049,10622,13166,12974,10784,6407,12193,7474,10120,4173,3160,11408,12128,8726,8389,11035,1338,11564

test suite353
bestAPFD:0.923432
bestSuite:7987,13068,5400,6949,11354,817,4726,11033,11419,2341,8203,7138,5364,2229,6101,4090,2840,6877,6316,6314

test suite354
bestAPFD:0.911725
bestSuite:4252,11627,3227,7829,1582,11054,12621,4711,7703,12183,11741,3533,10111,11219,2325,4869,4993,10672,5776,10918

test suite355
bestAPFD:0.912480
bestSuite:9297,13222,6947,9713,4020,11424,12763,11826,675,6517,7352,5422,809,10185,5964,7173,10017,4501,892,10251

test suite356
bestAPFD:0.913392
bestSuite:916,991,11370,718,72,4218,99,10697,13304,10276,7097,9582,1662,1655,1822,4249,659,6419,7602,9929

test suite357
bestAPFD:0.898674
bestSuite:2694,13042,1376,12043,10183,8506,12635,6195,10061,4847,7690,4673,11320,7174,10393,10469,10066,10010,3,4480

test suite358
bestAPFD:0.930724
bestSuite:13061,1616,10991,3505,12409,9520,7326,9023,1112,7191,2758,6384,6789,4555,2408,618,3652,9694,7097,11477

test suite359
bestAPFD:0.928445
bestSuite:6482,7816,11605,713,5248,11919,12059,4390,11192,11576,10708,6773,6386,1726,11877,11759,3488,5584,9041,10111

test suite360
bestAPFD:0.916528
bestSuite:3645,12611,2580,1739,6131,6798,6973,12405,4812,7094,9070,8408,7871,7948,3411,10043,3678,8205,4515,3658

test suite361
bestAPFD:0.907695
bestSuite:12942,592,5074,11010,2838,11882,4140,11139,12694,1472,3461,12877,12803,8477,584,10719,8272,7670,2445,5955

test suite362
bestAPFD:0.929546
bestSuite:9838,1671,2087,858,4405,493,5056,11378,1091,3896,6917,3802,8042,769,10143,386,4788,9604,621,8452

test suite363
bestAPFD:0.905189
bestSuite:8241,12953,7366,3202,11820,5181,5402,13183,2062,883,10452,10267,10089,6606,2592,11226,4620,1915,8259,7690

test suite364
bestAPFD:0.931246
bestSuite:6650,2937,683,559,8904,12161,11532,8636,2794,12087,2989,6400,1422,6076,1599,9695,2160,7689,607,13312

test suite365
bestAPFD:0.908494
bestSuite:8720,5210,12983,1142,1341,5256,1232,9076,509,13490,850,12178,4076,1117,6608,1017,3554,1271,9553,5670

test suite366
bestAPFD:0.917883
bestSuite:577,8689,10521,9192,10995,4988,10655,9700,13026,432,10802,515,3119,10940,6194,7295,1793,627,4073,4316

test suite367
bestAPFD:0.911298
bestSuite:2973,8814,1697,5704,6924,11508,1852,7025,1367,6826,10002,9727,10173,10134,1131,9863,9469,2506,2579,10574

test suite368
bestAPFD:0.921867
bestSuite:5700,9556,6182,2973,8890,1316,7049,908,12015,9496,5735,74,13461,6375,12992,6696,852,5458,1747,12816

test suite369
bestAPFD:0.927273
bestSuite:823,6999,12748,6351,11433,402,5139,11025,11301,13352,720,4569,7881,4602,5049,1235,4530,577,6310,2704

test suite370
bestAPFD:0.895030
bestSuite:12887,12595,739,1480,7693,12669,10456,7804,5653,6856,6159,11986,8725,10294,7679,8324,6452,12245,7047,761

test suite371
bestAPFD:0.930983
bestSuite:11039,7776,702,11242,7764,4634,9893,9290,4933,2704,1878,7643,9782,2827,1274,4351,8042,2017,9726,1239

test suite372
bestAPFD:0.903201
bestSuite:9414,3201,12793,2596,9128,6247,12337,13116,10912,12512,10626,3671,6475,9777,4821,7537,13239,13286,475,8588

test suite373
bestAPFD:0.915888
bestSuite:3006,9918,6383,4255,7646,7879,9501,11576,11140,10523,2907,6624,5666,25,8184,46,8163,6207,5709,7479

test suite374
bestAPFD:0.930272
bestSuite:4713,12444,7996,7430,6103,4129,3063,4947,2283,5511,7256,10227,1981,2147,10852,7121,4919,8434,2839,9331

test suite375
bestAPFD:0.924516
bestSuite:5465,8958,1594,11449,33,11113,2261,13303,735,2858,1780,1072,7963,1937,12866,5367,8661,7343,1003,4991

test suite376
bestAPFD:0.917083
bestSuite:3446,12195,1849,12466,3599,7216,11231,3774,11909,6970,10520,2012,4315,12307,399,8910,4463,11752,12120,387

test suite377
bestAPFD:0.912049
bestSuite:426,3827,6991,9311,13297,13429,10145,4501,6988,9265,36,4759,12630,9565,10763,8569,12873,662,5367,865

test suite378
bestAPFD:0.911047
bestSuite:11612,3386,12755,798,7698,6329,12661,7484,13280,2520,115,6539,4376,10858,1529,623,13331,7676,3837,6983

test suite379
bestAPFD:0.922194
bestSuite:7860,8107,7375,6725,11695,2923,13210,103,9589,4339,5481,13040,4172,681,7738,6791,1804,9084,1504,10521

test suite380
bestAPFD:0.924294
bestSuite:8242,672,11494,12692,3551,8464,12622,10519,12818,3364,1869,10305,9402,9660,3007,5678,4181,9769,11876,5755

test suite381
bestAPFD:0.913607
bestSuite:1412,773,1349,1098,2351,3723,6489,3292,4547,6514,1882,11362,7165,9196,2412,1486,4402,2743,4052,8508

test suite382
bestAPFD:0.911498
bestSuite:4686,8361,540,3765,12899,848,9509,9577,4660,249,9322,11945,5155,6517,12084,3487,3485,8542,4543,13079

test suite383
bestAPFD:0.910351
bestSuite:1376,3866,4119,1533,11921,513,1356,6095,13151,11896,2616,9140,9591,5738,1322,9737,8124,725,6453,9970

test suite384
bestAPFD:0.899820
bestSuite:6514,5383,12633,1689,11026,6695,1969,10867,6042,10310,6554,1621,10796,9766,7819,13238,4229,3725,4031,13407

test suite385
bestAPFD:0.905224
bestSuite:5150,11675,2270,5084,709,12361,896,6503,11390,4188,2409,4623,12170,10911,11022,12210,8671,2875,2408,4746

test suite386
bestAPFD:0.907649
bestSuite:11421,4005,13156,8900,13108,503,2769,1054,8001,2377,2809,11180,2891,3796,12116,7459,1887,8870,2235,8383

test suite387
bestAPFD:0.925641
bestSuite:8559,6416,6731,6716,12884,1108,13261,5713,3045,10155,5320,7669,3689,9453,12869,7184,2052,8731,5953,7484

test suite388
bestAPFD:0.901264
bestSuite:8471,6979,9798,2314,11631,9897,2077,12732,6347,5463,894,3155,12747,4941,7989,8098,6231,2019,5535,9124

test suite389
bestAPFD:0.903483
bestSuite:173,9494,7266,558,2880,2210,2263,12058,12766,11692,355,13264,12157,12045,3600,1470,4951,4493,9278,13303

test suite390
bestAPFD:0.907027
bestSuite:6544,6452,5450,10657,7002,8317,4722,1620,3356,5072,5588,8590,11434,7958,11976,2279,6285,1655,1153,10634

test suite391
bestAPFD:0.923512
bestSuite:7087,5773,5008,2230,5561,1683,9980,6608,6634,6144,9489,12250,8229,2944,685,4824,7131,204,9016,1599

test suite392
bestAPFD:0.902203
bestSuite:7496,1137,1547,10592,5781,6970,13172,9055,11293,9668,3486,12077,5204,1637,8664,5986,2595,7579,2033,9879

test suite393
bestAPFD:0.920100
bestSuite:9251,10977,3091,12031,6847,855,5485,11778,7405,9386,925,6290,3635,67,5285,10701,10970,1158,9127,673

test suite394
bestAPFD:0.913626
bestSuite:5746,5591,5323,655,7626,4143,11680,707,950,10548,6862,7075,12085,382,4516,3523,7015,6187,3819,12949

test suite395
bestAPFD:0.919344
bestSuite:5628,8112,1440,11873,337,6353,10492,1703,7536,12872,11042,9492,3676,2238,6681,848,13239,6601,734,3226

test suite396
bestAPFD:0.917288
bestSuite:2249,6567,15,8906,11656,7357,10457,7864,3470,10780,10518,5080,1050,4959,7105,8382,9141,10835,4054,6995

test suite397
bestAPFD:0.902642
bestSuite:1618,9908,4259,4160,1107,4699,11632,8584,13406,225,11889,1517,4169,4931,1248,5942,10317,4607,7929,940

test suite398
bestAPFD:0.917446
bestSuite:8353,10983,9506,6970,325,5847,2862,6258,5936,10462,8263,9818,5765,5785,5616,8166,8683,10920,6952,6933

test suite399
bestAPFD:0.919669
bestSuite:1620,1493,1865,12750,13187,7274,3423,1332,7688,6460,9792,519,1144,4122,973,1463,7818,4234,6000,7327

test suite400
bestAPFD:0.913037
bestSuite:8646,5574,9192,6882,4483,3561,45,10859,5450,763,4059,13040,13290,5900,2655,9613,2652,1451,1089,3309

test suite401
bestAPFD:0.930173
bestSuite:5020,6711,13330,11071,3674,7594,9529,1677,3560,5044,4611,54,10395,1040,8042,795,2711,8334,6995,8591

test suite402
bestAPFD:0.916667
bestSuite:6650,1920,43,11409,4189,6078,3608,4190,9748,4850,6737,13072,2857,10183,2567,9600,1614,2819,5141,8001

test suite403
bestAPFD:0.926152
bestSuite:4969,900,7271,2108,1427,5473,6786,8941,11237,6872,7920,999,8503,1828,5362,3482,7479,4009,3507,6806

test suite404
bestAPFD:0.926100
bestSuite:2577,1616,5148,51,2079,11998,1809,9254,11353,12149,12826,8195,3213,9806,10380,4202,1485,3130,1254,4662

test suite405
bestAPFD:0.922107
bestSuite:9720,11617,6484,12291,11044,12199,11307,2075,3867,12416,11564,8460,7892,6574,6384,4377,783,10671,1920,5678

test suite406
bestAPFD:0.926113
bestSuite:3913,8357,7496,1498,12008,13521,10786,988,4222,1297,12248,11047,5435,10004,878,758,454,9171,11771,2323

test suite407
bestAPFD:0.906636
bestSuite:3244,13119,7085,11666,4133,5249,2853,778,11369,12914,10509,1593,11026,3420,5533,7262,8000,9067,1209,7488

test suite408
bestAPFD:0.915457
bestSuite:10972,2960,1978,643,6260,9192,13299,11303,1776,12000,3528,725,5354,6006,9972,6104,8356,6492,2082,11855

test suite409
bestAPFD:0.919203
bestSuite:7759,3573,7418,616,1580,11142,2979,9614,11093,11465,4669,10467,3074,3277,4858,11547,4620,879,13250,8928

test suite410
bestAPFD:0.898427
bestSuite:3602,2860,34,12744,11696,9504,7995,13190,12556,9051,3734,10534,2582,1949,3623,13000,8465,8099,7839,4904

test suite411
bestAPFD:0.913706
bestSuite:9812,2121,8226,7824,4370,11122,10241,9799,6589,11046,3853,7636,12146,11360,12087,6942,2485,8188,10163,9419

test suite412
bestAPFD:0.920691
bestSuite:11501,12312,6711,9331,8782,13159,12232,10520,11823,13259,11946,10183,8543,9125,2316,7832,5670,9286,4037,13479

test suite413
bestAPFD:0.911817
bestSuite:7148,8815,12540,8904,2196,12421,3998,10775,3406,4471,5856,9444,7402,5399,4434,4023,12295,5678,9173,7100

test suite414
bestAPFD:0.921312
bestSuite:6026,9414,2573,4991,8663,1453,3048,2993,13346,1830,2592,7674,630,5695,2851,8075,9613,3765,5455,6740

test suite415
bestAPFD:0.925213
bestSuite:8664,2249,7212,10584,5000,12970,10806,13436,3136,9489,6217,1772,10487,8267,9912,3689,9761,2437,4570,10712

test suite416
bestAPFD:0.922489
bestSuite:823,13043,5340,10447,11985,11658,12629,12753,10360,13488,1998,11797,4789,8876,4852,8083,9027,6840,11802,10109

test suite417
bestAPFD:0.919439
bestSuite:4290,1930,2863,9585,13522,8691,6374,11138,13047,11170,4324,2322,1945,6969,9260,5472,4229,7898,9034,6644

test suite418
bestAPFD:0.909729
bestSuite:6323,9631,9882,1889,12613,3558,12363,3573,7393,10572,5602,6,1984,4937,815,13282,4069,5136,8823,450

test suite419
bestAPFD:0.900719
bestSuite:4530,4625,11677,5048,4627,12473,817,800,10589,12935,5501,4519,3811,9679,11242,12940,3409,9211,921,2147

test suite420
bestAPFD:0.924107
bestSuite:5170,2274,5127,8465,6578,13074,12920,10101,11233,6288,6565,10805,8812,2996,10238,1399,7841,9462,3059,6004

test suite421
bestAPFD:0.926190
bestSuite:210,13522,12583,5946,11508,7887,8919,11067,1936,11943,4944,9783,7483,6662,13132,4843,9793,5349,5917,1200

test suite422
bestAPFD:0.920555
bestSuite:13330,2315,12921,8941,6391,500,10516,12251,7270,2091,4322,7203,8553,2542,5713,8488,10164,9069,911,2502

test suite423
bestAPFD:0.885031
bestSuite:614,12447,12945,11581,2963,7305,8723,7154,9247,3226,2304,10470,3035,2729,5621,6695,3158,2456,2913,5708

test suite424
bestAPFD:0.918587
bestSuite:2900,1631,166,9418,12107,12828,10858,7062,100,8191,13186,5216,5854,10709,11164,12071,2093,3841,12072,4730

test suite425
bestAPFD:0.914467
bestSuite:3050,1294,6817,3725,588,4952,11911,12381,12101,918,4794,6955,10796,10209,1996,9318,4134,7436,4867,11809

test suite426
bestAPFD:0.916923
bestSuite:7418,11584,6474,11207,12059,1963,11036,1009,5011,6830,9991,4104,9646,3334,5534,11812,4093,396,8122,10357

test suite427
bestAPFD:0.917063
bestSuite:430,3342,5150,6736,12303,1088,12532,11466,2224,7433,9338,7288,9779,7143,1476,6936,7685,12306,4201,13462

test suite428
bestAPFD:0.912827
bestSuite:4319,11437,1289,4949,12679,8715,13127,10597,12087,6061,6115,10751,4368,5645,4751,7017,7726,3675,1345,4885

test suite429
bestAPFD:0.918100
bestSuite:4345,7535,13069,7240,6009,3454,10249,8833,5723,11463,13436,10734,2392,1178,10043,498,4887,1058,4438,6819

test suite430
bestAPFD:0.925405
bestSuite:13392,6632,12990,6972,12943,12268,1265,1959,9344,3441,3889,5504,10387,4673,8098,2764,4787,8066,8970,11419

test suite431
bestAPFD:0.903564
bestSuite:10388,5187,7298,1295,9830,2721,702,11388,3224,592,9647,8095,11448,12146,3605,3825,3672,6310,9955,10329

test suite432
bestAPFD:0.908215
bestSuite:5313,4861,12457,5048,5344,10506,8317,8329,12939,12379,5252,9081,841,7957,2650,1576,5859,1891,7677,11817

test suite433
bestAPFD:0.919599
bestSuite:1992,9947,4915,1366,9165,11221,7416,6949,7051,11832,9468,5690,13015,2956,496,510,9305,7783,5124,11914

test suite434
bestAPFD:0.916105
bestSuite:2383,4637,13498,6143,415,11398,1553,12757,7288,312,8526,9021,6782,1830,2019,7798,3340,2173,10805,9374

test suite435
bestAPFD:0.914562
bestSuite:3998,10962,8326,11999,4375,5951,6011,10133,833,3542,9956,11897,4491,4934,12033,7724,11856,7463,895,435

test suite436
bestAPFD:0.915336
bestSuite:7147,5313,5208,12352,13305,9403,9158,13372,12543,681,5618,12588,1359,4646,11204,3076,12540,5518,8796,9354

test suite437
bestAPFD:0.900231
bestSuite:9188,3227,12145,4153,1527,8437,10540,5245,4105,12566,9469,796,8219,13047,8666,7320,2433,2786,1686,9678

test suite438
bestAPFD:0.924856
bestSuite:3866,6547,2554,2667,3042,8924,5109,11329,12416,4088,10888,11833,7037,5026,9635,9575,5973,8665,11815,8013

test suite439
bestAPFD:0.926539
bestSuite:7075,3687,3652,13019,13325,11681,218,10467,3579,7324,13356,11925,10692,3099,5262,1490,2645,1211,7256,3812

test suite440
bestAPFD:0.913605
bestSuite:7008,73,3276,8947,10385,9373,10575,1790,711,13373,2575,13359,9818,3568,5877,9736,1270,6470,7262,8841

test suite441
bestAPFD:0.918424
bestSuite:3952,2695,3841,4833,2982,616,7232,3559,11448,7773,11338,5542,7824,1270,623,1969,2677,5929,1506,11058

test suite442
bestAPFD:0.916428
bestSuite:8223,1866,7147,7776,12531,2934,2858,11007,6076,5252,11197,7101,3233,13394,2029,7940,336,8543,9855,303

test suite443
bestAPFD:0.909907
bestSuite:4079,6046,12185,13408,12386,4192,2734,6610,3095,12871,8276,9942,5584,12834,9736,10003,12288,1214,5569,12058

test suite444
bestAPFD:0.918461
bestSuite:8563,6355,9891,3406,2873,11763,11525,6907,4344,2982,10703,4592,3303,9875,10081,7906,4936,3460,9990,4244

test suite445
bestAPFD:0.916706
bestSuite:1161,2675,13121,9283,8141,11486,12254,10362,7921,11905,4934,3436,7105,10227,2297,8605,11179,2902,1575,2047

test suite446
bestAPFD:0.912562
bestSuite:6586,1292,11579,9263,12645,2008,5630,12814,160,212,10058,1797,7630,7765,9449,6902,5721,7864,9669,5872

test suite447
bestAPFD:0.907495
bestSuite:8782,1690,3472,3562,12569,10583,59,7411,2255,5676,13292,1172,2729,4351,10018,1519,4216,7558,6741,12045

test suite448
bestAPFD:0.915341
bestSuite:6326,9692,9763,2050,3275,1045,6455,11151,11253,4646,7672,3548,5220,3976,6261,10694,5319,4077,9402,12142

test suite449
bestAPFD:0.906012
bestSuite:124,6066,8059,4813,2075,5799,13197,6465,354,673,11530,4369,9894,8927,633,1513,13244,2402,9017,5748

test suite450
bestAPFD:0.917129
bestSuite:8353,3410,12356,5620,12935,8925,9558,4700,12559,8243,11359,7715,10132,888,13240,514,4312,2855,5326,1407

test suite451
bestAPFD:0.915735
bestSuite:798,11648,4325,9787,7982,1588,6512,11078,5035,13421,390,10844,616,10226,7100,5255,3516,5533,10808,11099

test suite452
bestAPFD:0.926668
bestSuite:9745,7062,2425,13183,8248,13429,846,2879,2851,4359,7821,9653,11826,2627,8473,13233,2604,396,6016,2488

test suite453
bestAPFD:0.902657
bestSuite:11503,9146,5572,10746,8707,11369,4832,1224,12717,8019,4214,9642,645,7407,13237,4443,4227,9610,556,12039

test suite454
bestAPFD:0.917332
bestSuite:1105,5510,12353,13433,5947,2845,12835,8807,2152,8215,5239,6473,4815,12240,5287,5584,9454,8998,4836,7005

test suite455
bestAPFD:0.919958
bestSuite:5348,13031,3505,12991,8313,1806,472,10616,13246,6441,6360,7396,2647,3581,4560,7788,3158,8523,7629,4857

test suite456
bestAPFD:0.924505
bestSuite:6711,1811,7655,5267,11632,3693,9380,1726,4001,5962,6088,7668,12268,9176,5969,3902,6900,4728,4039,11970

test suite457
bestAPFD:0.920701
bestSuite:6721,5403,11873,13099,9843,1475,5584,1652,1290,3538,12235,3591,7398,5472,9991,12463,1129,6523,9379,11143

test suite458
bestAPFD:0.920210
bestSuite:8563,899,11931,3794,11486,1804,13332,763,437,3615,13433,5043,4450,3158,6129,2265,9600,8253,10696,8790

test suite459
bestAPFD:0.920720
bestSuite:6335,3952,8355,11129,9611,9489,42,10637,9845,12114,8211,11191,9765,11791,3990,3294,11036,9446,5925,5536

test suite460
bestAPFD:0.917022
bestSuite:6614,4590,9657,5440,12657,11486,8984,10900,11105,12499,13476,8774,10910,4751,5091,9114,1293,1199,697,7768

test suite461
bestAPFD:0.921320
bestSuite:2216,3941,11868,12769,13055,2753,5936,2041,12263,3206,5228,2572,4455,5612,6501,5061,10008,2934,1317,9270

test suite462
bestAPFD:0.900406
bestSuite:285,6743,3605,6322,6387,4735,4289,11133,12065,2181,8288,773,8005,10592,2846,820,7358,10781,8654,10734

test suite463
bestAPFD:0.914552
bestSuite:7397,8749,6903,10423,1035,6951,12724,11920,10135,2808,11902,8799,1497,9301,7149,12786,7451,889,6034,3220

test suite464
bestAPFD:0.905405
bestSuite:1940,3286,1680,10968,12332,3871,9370,2884,10550,9347,2677,11374,9834,6654,6679,12106,3501,4325,10564,10878

test suite465
bestAPFD:0.904253
bestSuite:9549,687,2228,8408,3900,12899,9620,12168,4982,12259,3793,8753,12538,3615,7217,4144,7012,12116,4888,1045

test suite466
bestAPFD:0.906784
bestSuite:5019,5468,5628,449,8902,12620,10524,9137,11239,6527,10415,9159,5132,11135,2246,7346,4104,4360,5559,9505

test suite467
bestAPFD:0.914965
bestSuite:13506,8963,1331,12668,1825,12901,2694,10777,11554,12231,12277,11160,862,3787,83,1962,11544,4391,3516,3705

test suite468
bestAPFD:0.926268
bestSuite:11629,6549,9949,12661,2834,11703,2641,9329,3145,9293,831,10147,6583,1265,2454,6889,649,10416,1373,6958

test suite469
bestAPFD:0.905655
bestSuite:3144,3806,8775,12629,1321,13516,4451,1251,11466,10596,4226,6166,6829,5788,6487,11813,1542,6879,11951,12389

test suite470
bestAPFD:0.912021
bestSuite:15,5,8160,12511,3142,8950,10542,12392,4172,6661,4850,3603,2531,10600,9452,4847,3224,2557,10097,343

test suite471
bestAPFD:0.916418
bestSuite:1977,5538,174,1614,5124,3180,11243,8645,1754,13444,8352,12063,12065,4732,7781,12823,3140,7716,1234,10076

test suite472
bestAPFD:0.901818
bestSuite:7720,11502,10496,609,1077,2924,3016,4314,12903,230,12266,2555,2583,6472,12207,10400,5995,3759,11020,4644

test suite473
bestAPFD:0.919228
bestSuite:1980,12148,7795,5080,7358,4133,1813,10931,9560,9096,662,2142,6978,315,7705,10413,8189,10010,10846,10665

test suite474
bestAPFD:0.904318
bestSuite:126,2072,4358,1875,13189,3091,13385,8223,10985,147,7065,4232,1169,9616,3936,10806,10783,3115,2486,2856

test suite475
bestAPFD:0.907830
bestSuite:2444,6650,5271,12534,3066,10640,8021,12914,10425,10876,10584,13380,4054,9866,3454,2344,2337,12236,2952,1453

test suite476
bestAPFD:0.929170
bestSuite:3446,7607,5681,1509,859,3961,13464,12202,7455,2571,7155,10662,929,9369,8706,9289,7312,7830,5926,4128

test suite477
bestAPFD:0.931174
bestSuite:13363,1847,11868,2897,11213,7425,11091,3815,684,6407,11135,2932,5202,1704,6464,4591,3762,5497,8537,8608

test suite478
bestAPFD:0.912040
bestSuite:13090,8502,5150,1839,11642,7926,9294,11392,7491,7451,6566,8895,12504,7069,5795,9905,4529,5220,9445,1324

test suite479
bestAPFD:0.926055
bestSuite:517,11034,13222,9250,13416,12362,6916,7352,4893,11809,12568,2882,4683,7531,11107,1163,7625,2022,1736,9359

test suite480
bestAPFD:0.912975
bestSuite:3127,7230,7631,6619,12620,617,4453,4380,12864,9165,6181,10721,9900,5256,7732,1492,11980,12594,3606,3064

test suite481
bestAPFD:0.912291
bestSuite:1137,9862,4538,11617,656,9937,9948,3664,2142,10756,10403,3438,10938,5719,10928,5717,6829,4802,9408,11557

test suite482
bestAPFD:0.913990
bestSuite:3947,4330,1797,2244,2597,12549,8109,10524,12017,1488,2055,4497,10283,7464,9367,9306,9472,4961,475,8746

test suite483
bestAPFD:0.931481
bestSuite:11510,9083,701,9895,10138,346,11347,782,2870,11017,13482,2625,3419,3496,10199,9958,9323,7879,10147,1864

test suite484
bestAPFD:0.926853
bestSuite:3125,3863,9378,10575,1598,10219,10624,4519,2226,9102,9396,3883,3263,10474,7203,5254,936,10470,10584,3401

test suite485
bestAPFD:0.914412
bestSuite:5852,5569,13121,8948,8200,12728,1613,13463,13276,8055,2734,6687,3212,3710,144,2559,3473,5690,1065,12831

test suite486
bestAPFD:0.904307
bestSuite:149,7847,10364,11518,8157,12583,272,330,6672,2801,11828,4229,4028,2316,9460,7370,481,4603,7832,10454

test suite487
bestAPFD:0.920953
bestSuite:2494,3698,7638,987,12252,13371,816,10871,4064,3432,11196,1873,12673,8899,4220,9898,3712,8448,8364,6093

test suite488
bestAPFD:0.917582
bestSuite:11637,11131,5247,6135,3995,3845,13433,5551,3354,11669,12540,6204,5777,3773,4938,13484,8115,13160,1297,12524

test suite489
bestAPFD:0.925089
bestSuite:4959,8841,3969,4084,12685,6818,4914,8390,12423,7077,10447,3173,12157,10080,6645,617,5853,102,4114,11722

test suite490
bestAPFD:0.928187
bestSuite:7712,7798,9291,1973,12520,11694,9582,6408,2159,5933,808,4990,1061,11085,6019,8876,4208,7477,1400,5780

test suite491
bestAPFD:0.906580
bestSuite:8909,8941,3012,12624,9409,12393,5489,2299,11867,3762,8029,5749,7546,3477,12136,8564,575,7255,12021,11186

test suite492
bestAPFD:0.906826
bestSuite:1920,2107,12013,7719,13149,123,12402,5745,3462,728,1767,1552,2714,2801,9710,11240,6835,10032,2392,1777

test suite493
bestAPFD:0.918406
bestSuite:4349,3446,9849,858,273,12110,8570,6300,2640,3949,3901,8496,2272,6027,578,1967,1612,12687,5947,11795

test suite494
bestAPFD:0.909492
bestSuite:4237,1866,7364,4250,11594,12005,3456,13034,3675,2122,10247,2820,6348,9779,5489,7854,5116,13,4018,8244

test suite495
bestAPFD:0.914434
bestSuite:11515,1877,170,1865,12371,4956,8834,12585,7157,6088,5635,7032,4770,6942,4158,652,12499,7969,9335,1785

test suite496
bestAPFD:0.906492
bestSuite:12905,3413,3867,2374,11655,13165,2538,3148,7056,5591,11520,13292,275,3133,194,2111,10336,1241,13227,1165

test suite497
bestAPFD:0.908193
bestSuite:1933,2079,5980,2195,6544,5946,12003,12520,11929,575,3802,10609,7521,8152,8788,7475,5758,6816,4144,2999

test suite498
bestAPFD:0.941585
bestSuite:3654,8353,6430,3735,3709,4845,12068,11280,8491,7066,11784,7101,2526,1706,5130,9311,1583,8605,1609,2133

test suite499
bestAPFD:0.913740
bestSuite:1935,8709,9521,5417,11486,12560,10741,12341,3946,6333,10529,9044,10050,3756,1203,4135,9066,5878,4127,6090

test suite500
bestAPFD:0.906833
bestSuite:10045,5240,1372,672,2075,6025,2439,11551,8890,11981,7400,9856,4082,7225,7931,4555,5046,8255,2853,7580

