test suite1
bestAPFD:0.905566
bestSuite:9441,13393,8221,11883,12464,3866,4592,8495,8278,8754,8316,12229,1207,2587,10938,4782,12986,5111,10743,2901

test suite2
bestAPFD:0.923607
bestSuite:2175,8754,1816,13155,13505,11717,8210,11970,12197,804,2101,10475,2018,13195,3579,2285,6332,11807,7971,10110

test suite3
bestAPFD:0.916679
bestSuite:7596,12227,8104,856,7346,12011,11627,1852,5749,12758,1412,5283,9032,9243,5913,7544,2192,2062,1569,9727

test suite4
bestAPFD:0.919595
bestSuite:149,5504,12234,9509,6669,12457,912,4468,11344,263,5739,4175,3534,3865,3509,8082,4278,5664,293,8439

test suite5
bestAPFD:0.910751
bestSuite:6494,8336,11688,3592,12663,7873,12294,2123,12504,13277,2519,7059,1237,9507,7061,8537,187,9839,9452,9319

test suite6
bestAPFD:0.933957
bestSuite:11009,4284,30,7598,392,12402,9077,13257,10477,922,3650,2534,10748,5042,7050,4143,9488,5367,949,10640

test suite7
bestAPFD:0.915664
bestSuite:3739,4593,5057,3934,12700,13325,13117,10725,10274,7363,5499,7400,980,4834,2589,8631,7080,13469,4530,1444

test suite8
bestAPFD:0.915054
bestSuite:1540,11495,7725,8984,1993,12618,11849,7444,13292,11674,7889,128,7410,6245,10175,1098,6001,2739,2802,4785

test suite9
bestAPFD:0.922384
bestSuite:8585,3850,5123,11504,12897,434,3034,9607,6101,10853,13281,4942,11926,9305,3238,12833,6092,6486,1575,1699

test suite10
bestAPFD:0.922234
bestSuite:10972,7596,4409,10365,7081,5989,12516,3371,10755,10113,9022,9581,11854,6321,1382,8391,8997,7906,6084,4913

test suite11
bestAPFD:0.924289
bestSuite:2865,3227,11424,11137,8896,10760,7316,4902,8440,10780,8160,10699,2463,4148,10823,5414,9543,20,3688,6567

test suite12
bestAPFD:0.903967
bestSuite:2166,12517,9056,6897,2837,12379,5126,10381,5112,10542,10256,12866,1554,6547,284,7794,7689,6948,4560,3082

test suite13
bestAPFD:0.901258
bestSuite:4549,12651,5630,3295,3949,8207,11563,11784,8594,12813,12369,5857,3902,5496,9840,7227,6505,6230,9964,6762

test suite14
bestAPFD:0.922346
bestSuite:11437,3885,12920,236,13284,605,12818,11005,11141,1755,2719,1017,6435,6956,4719,4531,5865,6712,6196,5378

test suite15
bestAPFD:0.926452
bestSuite:4250,5577,13145,8691,6829,561,1710,12634,12109,9910,10720,10478,9710,10114,671,10187,3572,4445,663,11741

test suite16
bestAPFD:0.913340
bestSuite:7359,1217,1468,4301,12441,5082,8714,10747,7083,77,1135,3213,13117,3354,9299,1475,4918,1594,572,4182

test suite17
bestAPFD:0.923589
bestSuite:6659,5517,4932,11516,12550,11943,10776,13002,4080,924,352,40,5586,7568,5470,9351,2587,1701,2443,9373

test suite18
bestAPFD:0.919720
bestSuite:4236,2366,2412,6074,868,12413,10777,9583,212,8066,7921,8297,13448,10918,11785,9004,477,9208,5021,2040

test suite19
bestAPFD:0.926509
bestSuite:9346,6188,5852,9334,12656,2773,6720,2383,3995,3556,4204,1288,6598,5237,8307,519,6919,3179,1033,8122

test suite20
bestAPFD:0.924321
bestSuite:319,8563,3805,5764,12768,7959,1869,3545,11048,10778,2376,781,826,2847,2535,901,7950,11821,1738,7252

test suite21
bestAPFD:0.903152
bestSuite:3161,3375,5206,5240,12843,6703,11575,1707,6197,7167,10439,8324,6682,7322,3838,1821,11460,782,4651,3082

test suite22
bestAPFD:0.929064
bestSuite:13042,3553,10482,2037,2909,11681,10924,4699,6388,1735,5899,12833,13244,813,7017,10929,3842,1474,667,6364

test suite23
bestAPFD:0.921596
bestSuite:3006,6007,8718,3672,8788,2545,5286,8145,8540,9167,1066,1806,2584,3114,11158,2248,7898,5011,5973,1860

test suite24
bestAPFD:0.935455
bestSuite:11006,6155,6479,5851,7797,9795,3810,10412,9861,7003,4586,6805,8076,9924,10208,2117,3524,9246,11917,244

test suite25
bestAPFD:0.908068
bestSuite:4587,11670,8384,4268,11049,2949,950,102,10505,7302,7188,11950,12188,4426,10469,2519,4783,11813,2325,12391

test suite26
bestAPFD:0.906831
bestSuite:173,8359,13311,441,5022,3698,11615,12217,8351,7895,1854,10521,12378,8339,3945,10932,2920,4542,12005,9799

test suite27
bestAPFD:0.915947
bestSuite:9830,6660,11395,1808,12438,4828,8317,9692,4033,12852,12169,9932,10885,8132,1165,3772,10909,12190,3366,2875

test suite28
bestAPFD:0.908737
bestSuite:13382,11483,4191,578,4447,10460,3692,6466,7853,3606,6610,1326,9843,3613,9783,8649,7873,9779,7425,10099

test suite29
bestAPFD:0.912711
bestSuite:9885,11418,12600,8017,1639,10126,13175,11844,9636,1314,11175,5420,8738,5334,10359,8730,7792,7744,10783,13192

test suite30
bestAPFD:0.907533
bestSuite:1932,5992,2338,4890,13187,2713,697,12101,13411,10636,8717,9570,10872,1271,8491,11192,3810,12142,8405,11263

test suite31
bestAPFD:0.907840
bestSuite:5482,1360,12771,576,2395,13022,11503,4880,10417,1445,3099,1546,1447,10303,7946,1870,7000,1279,1277,11125

test suite32
bestAPFD:0.915060
bestSuite:3866,9065,1416,2962,13518,4292,12602,7325,4373,9061,4864,12267,7370,9900,7485,2060,7639,3441,7287,2488

test suite33
bestAPFD:0.913515
bestSuite:8494,8479,4623,9673,2978,13169,11680,3896,12226,11775,8637,3448,11953,1554,10169,7297,6515,2894,3817,10736

test suite34
bestAPFD:0.918646
bestSuite:522,325,2252,6408,8025,10481,7404,1714,5960,10473,3577,10994,1001,9348,9597,12099,6103,5959,10065,3099

test suite35
bestAPFD:0.916309
bestSuite:9549,8093,11007,5541,11128,10492,5414,12556,11675,12491,3740,3776,11336,1065,2136,9620,8419,3280,2396,8195

test suite36
bestAPFD:0.920239
bestSuite:13112,3384,3052,2351,4306,13356,3533,9235,8288,8732,5492,1347,12510,9242,1346,5723,4041,6714,6742,3280

test suite37
bestAPFD:0.916154
bestSuite:5519,13401,9552,2269,12198,12373,144,5985,11543,539,1648,11838,13203,64,10293,13232,11788,13409,364,3238

test suite38
bestAPFD:0.923711
bestSuite:7907,2564,12730,121,8715,3253,4573,2345,3361,13407,12535,12548,13385,6908,4585,4928,8183,329,10185,10074

test suite39
bestAPFD:0.911424
bestSuite:1875,6976,13521,11414,1201,5370,12560,11224,11830,12817,1681,10392,7194,8532,3179,1452,7127,5477,1738,11534

test suite40
bestAPFD:0.926334
bestSuite:5698,6428,3597,4407,4546,3312,11180,7945,13297,8368,12807,13409,11169,12006,7055,2413,9013,2754,2539,12879

test suite41
bestAPFD:0.932860
bestSuite:2267,9424,1499,9997,3711,11195,7883,905,10955,13202,3922,10088,5160,3550,11192,13010,9267,56,7384,3357

test suite42
bestAPFD:0.916332
bestSuite:6540,6101,6944,12670,13281,3408,11650,12565,5572,11843,703,12485,4938,125,11970,9041,3002,12294,9666,816

test suite43
bestAPFD:0.941789
bestSuite:1084,8497,7227,5480,673,10406,7892,11851,578,8657,9473,2636,10180,10118,4416,11934,9464,9986,11937,2469

test suite44
bestAPFD:0.922263
bestSuite:11043,12739,3741,10362,1327,9695,11667,9847,5343,1373,9959,9722,5254,2707,5177,7575,908,11731,5193,7674

test suite45
bestAPFD:0.929374
bestSuite:4922,128,4458,11582,1719,1912,4448,9769,1756,4635,9714,4826,7950,5362,12969,3903,7503,9956,1886,6822

test suite46
bestAPFD:0.929396
bestSuite:8302,9123,4986,12358,2718,10932,10416,2219,5579,10135,11030,5102,3377,12156,10847,5191,8584,3244,7287,5836

test suite47
bestAPFD:0.926879
bestSuite:5483,4167,2816,12883,13116,1991,11092,8828,7662,7060,9989,11671,12841,12140,5367,1290,1426,9818,3449,12622

test suite48
bestAPFD:0.900266
bestSuite:5265,4672,932,5990,11586,11294,9622,5232,6479,11426,10651,3308,12361,3152,11149,10377,5026,11335,765,7442

test suite49
bestAPFD:0.889066
bestSuite:730,11397,2902,8108,2347,3123,12741,724,7994,12575,87,10814,8883,2916,4989,11813,12165,3376,8152,3728

test suite50
bestAPFD:0.916355
bestSuite:701,3200,5241,12733,8124,12587,6440,7489,6767,1702,6195,1893,62,6125,10022,11145,2802,6741,7581,2099

test suite51
bestAPFD:0.921965
bestSuite:2299,2134,1540,9507,6609,2895,9290,6732,12876,4244,12527,11058,9255,12231,4581,10232,8111,6788,5058,7425

test suite52
bestAPFD:0.935111
bestSuite:6809,2958,2422,11639,13271,11310,5667,12254,3872,10663,1080,11355,4044,2011,2587,2163,7297,40,1897,4799

test suite53
bestAPFD:0.925694
bestSuite:2673,8126,9925,11384,8084,13522,9996,277,2773,13280,11258,11762,7970,2313,13244,8389,5823,9421,4300,9883

test suite54
bestAPFD:0.912826
bestSuite:9501,10137,3925,10129,11603,9344,4224,9148,4849,8277,11700,10597,144,4431,8333,2749,5608,421,4089,2537

test suite55
bestAPFD:0.884878
bestSuite:12929,2733,362,2128,3907,10956,11388,1962,8140,10419,10431,7824,3394,10731,11544,9779,2874,652,71,12495

test suite56
bestAPFD:0.916014
bestSuite:11630,12603,658,3801,5447,3815,11186,2064,12704,2988,683,5948,3485,8895,5064,3709,1477,9114,1328,3043

test suite57
bestAPFD:0.910977
bestSuite:354,2031,7306,3566,13183,7284,10541,7268,9776,10233,13300,11299,12316,5968,8884,3475,2492,8092,8460,6168

test suite58
bestAPFD:0.928831
bestSuite:11502,1150,2688,4688,10481,9911,11120,10552,5471,9863,7392,549,7797,9684,3196,10916,6494,9596,4052,2097

test suite59
bestAPFD:0.917920
bestSuite:445,2379,4621,3769,9604,11876,12618,11228,11294,1172,10271,2917,13201,9296,2307,11980,6826,7619,5939,1565

test suite60
bestAPFD:0.914272
bestSuite:4170,3683,9496,12158,3002,1867,8235,7883,4339,8197,55,2428,916,2148,7478,9179,12225,10182,10202,11093

test suite61
bestAPFD:0.924563
bestSuite:11427,2126,5004,9857,6160,12075,13375,10596,8588,10261,9114,3464,8735,5892,1812,12087,9728,12962,1051,1217

test suite62
bestAPFD:0.911953
bestSuite:12915,3637,4671,13103,3159,2591,265,12404,10450,1168,2339,11182,8171,1907,2578,5141,12505,4494,3649,8376

test suite63
bestAPFD:0.919029
bestSuite:233,3900,13366,2203,12613,1023,4216,12305,11471,12770,13506,2042,10324,10131,1126,5884,6870,2150,2410,3156

test suite64
bestAPFD:0.911055
bestSuite:2002,13411,3422,12365,12779,9538,8249,7755,10128,9792,1817,12580,11773,5504,8280,9420,4500,179,5985,9976

test suite65
bestAPFD:0.900564
bestSuite:3414,2745,1800,8900,12359,10883,3381,12902,11382,9689,236,12873,4430,4109,598,10603,10009,3513,9525,10

test suite66
bestAPFD:0.924980
bestSuite:8632,3375,4486,4469,4587,1034,9214,2867,411,12217,2186,10174,2818,3791,1210,12274,9877,6127,4458,1816

test suite67
bestAPFD:0.901232
bestSuite:9945,12742,7577,12214,876,3237,13099,8671,2523,10243,6560,2133,11198,8323,12546,6764,8717,3186,4815,5613

test suite68
bestAPFD:0.930812
bestSuite:5519,6136,1261,8085,4015,6999,9703,11925,6096,2837,2854,3707,11724,4244,7972,1934,3482,2806,3978,3904

test suite69
bestAPFD:0.903894
bestSuite:4280,318,12720,4435,4589,326,8278,11125,2042,9375,10201,10341,5812,4965,11001,13491,3204,1126,11754,1559

test suite70
bestAPFD:0.915153
bestSuite:7460,11049,12841,2422,1289,11681,8057,1257,6839,957,8386,13203,746,1937,3570,10697,6412,7221,4372,10147

test suite71
bestAPFD:0.922328
bestSuite:703,9587,58,10576,12797,4009,10823,5302,2936,8414,12357,2028,9928,3754,4821,415,3316,9684,12339,3007

test suite72
bestAPFD:0.889454
bestSuite:13150,7014,1789,1043,4137,1696,10039,11602,5816,11497,8790,12139,813,969,5711,461,3159,8312,5447,1900

test suite73
bestAPFD:0.919927
bestSuite:9632,189,1084,6255,3764,11953,3894,11449,678,10898,6914,12204,5947,6428,7765,7471,3630,2330,1345,10874

test suite74
bestAPFD:0.924892
bestSuite:9466,287,8571,1129,4118,2463,13267,3664,11095,9220,1639,2833,4602,620,3263,9901,3000,9961,3916,795

test suite75
bestAPFD:0.910789
bestSuite:8186,4056,7113,225,10425,10757,13408,513,4689,11684,7603,12344,1703,6883,6662,10145,11164,3135,9513,3077

test suite76
bestAPFD:0.913611
bestSuite:6584,7727,8719,4177,7525,6967,8588,2728,9003,6657,10185,9840,4366,9454,8971,5121,9236,9908,6992,2408

test suite77
bestAPFD:0.911419
bestSuite:5619,2290,2602,13009,12472,7812,12210,11549,1250,9233,10758,2494,7264,10239,7102,12101,5608,5200,2057,11449

test suite78
bestAPFD:0.924624
bestSuite:912,2197,8624,11433,10618,8476,3148,11773,11110,6677,1887,10250,2480,6858,6681,10051,9151,2266,3371,3430

test suite79
bestAPFD:0.925868
bestSuite:11491,10367,6117,4536,11352,13155,1688,8083,10533,12156,3529,2345,8945,3209,7759,3312,8023,4573,2985,6274

test suite80
bestAPFD:0.943641
bestSuite:8332,4744,8004,5959,3454,11456,2922,7247,6785,6309,7285,138,9651,5074,7914,9566,6589,7486,7119,10071

test suite81
bestAPFD:0.913620
bestSuite:4502,3938,12967,13363,4517,13190,8656,9909,12490,8769,6605,4891,8948,1515,8011,3722,6125,1530,2393,10873

test suite82
bestAPFD:0.925376
bestSuite:4837,2300,7098,10374,9730,3159,3740,11794,2591,1695,8516,1399,5073,10106,6820,4926,7566,393,8305,10223

test suite83
bestAPFD:0.917287
bestSuite:7797,6790,4255,101,2078,6012,4882,5756,12908,6465,1901,1840,12236,1234,249,9240,6788,903,1232,692

test suite84
bestAPFD:0.914382
bestSuite:12632,389,8931,8636,3627,12664,11576,7929,11710,7377,3008,5623,1647,11802,5374,7128,232,2379,2981,12188

test suite85
bestAPFD:0.915318
bestSuite:739,5233,2392,10633,12392,1758,5841,13160,5489,7736,2056,8717,2393,12964,13067,2200,8173,12300,7338,4676

test suite86
bestAPFD:0.912354
bestSuite:9715,7215,4005,12654,4808,11193,984,2801,4952,10986,4794,11104,3491,1144,11774,5375,7617,13475,8435,9861

test suite87
bestAPFD:0.926483
bestSuite:11016,7756,1321,10621,3444,12736,5450,10136,7161,3740,2687,9319,4438,3160,35,1620,5876,3800,1030,4982

test suite88
bestAPFD:0.906481
bestSuite:2435,4727,2685,12488,4382,11700,2579,5404,5433,12808,13126,7667,2894,369,8513,1826,4740,8350,11561,3387

test suite89
bestAPFD:0.929031
bestSuite:492,13504,6452,8100,10048,13322,7410,7989,7660,12870,7053,8297,10165,4889,7231,992,7176,9542,1535,2959

test suite90
bestAPFD:0.922887
bestSuite:3290,8114,8747,6848,6995,10727,11134,5514,13308,647,5774,4481,10584,7680,5970,12031,1780,9782,8046,300

test suite91
bestAPFD:0.913302
bestSuite:5650,6252,1868,3006,4262,9443,3315,12793,10582,4377,9746,12642,2601,4425,2867,8272,9188,3879,7121,8233

test suite92
bestAPFD:0.913091
bestSuite:7955,12602,3785,12766,7441,5252,4766,2751,6068,6250,4680,10981,1517,3857,8450,7836,2697,8453,8581,8695

test suite93
bestAPFD:0.925192
bestSuite:5004,1448,383,9673,759,13056,4874,10754,6959,12031,13228,7026,4187,692,4765,6306,9612,7831,10098,10378

test suite94
bestAPFD:0.913581
bestSuite:8501,3741,7264,7452,1595,9823,11717,8594,11525,10457,2842,8997,6945,12300,5804,1151,2352,11001,1694,1083

test suite95
bestAPFD:0.914812
bestSuite:814,6898,3327,12459,7499,3272,12285,9200,742,7214,9127,12670,5565,9391,3772,7769,9460,5793,7886,13295

test suite96
bestAPFD:0.921521
bestSuite:11491,5471,6176,11398,10367,3401,4286,10655,8784,12060,10940,13267,5050,4029,760,1684,3879,5697,2011,8746

test suite97
bestAPFD:0.893012
bestSuite:8138,12957,11824,1654,5005,9568,12761,12470,5865,13298,13196,11555,8236,1703,8892,5755,4586,3134,13448,6955

test suite98
bestAPFD:0.916753
bestSuite:3030,166,2037,310,11078,6548,3420,6535,12823,1896,5106,12554,4221,7581,8175,10120,4079,8473,9690,5970

test suite99
bestAPFD:0.918588
bestSuite:3866,4348,9029,186,206,823,12093,12733,11868,8281,6244,9221,795,1165,6502,6890,3352,4183,1442,4321

test suite100
bestAPFD:0.920986
bestSuite:13367,9470,2635,11319,5839,9222,12068,5814,6837,11328,11880,13436,3055,4607,3070,4845,5966,11884,9130,1580

test suite101
bestAPFD:0.919421
bestSuite:7704,6795,3969,972,4486,5376,12064,2152,10715,11018,7184,9498,12833,5857,993,9241,6253,7469,4583,145

test suite102
bestAPFD:0.907483
bestSuite:1974,10967,8579,8212,2924,1849,9918,12588,13452,10843,11286,6845,4436,993,10187,2123,5018,3712,1166,4569

test suite103
bestAPFD:0.913322
bestSuite:8643,2607,6044,2943,6047,3764,12740,3763,10765,1280,13226,3001,9770,2397,2747,3520,5861,9628,5658,1240

test suite104
bestAPFD:0.907048
bestSuite:3925,5312,4733,11640,5625,5601,12149,11842,5836,13133,3354,12813,3030,10891,12135,5198,8583,7849,2039,2500

test suite105
bestAPFD:0.923288
bestSuite:261,6402,6916,4297,377,2670,11154,12291,11870,3085,10278,12123,8969,12327,2941,2488,2262,12203,4422,9505

test suite106
bestAPFD:0.911244
bestSuite:1835,9547,2006,3888,3461,9098,12585,5019,2984,13270,5065,2277,10567,9007,4187,4591,5010,4388,8297,4597

test suite107
bestAPFD:0.909762
bestSuite:12414,9,1086,2300,13391,11638,5265,12035,6210,8533,10084,3752,12844,9505,10192,608,6392,10197,9591,2931

test suite108
bestAPFD:0.936403
bestSuite:4016,8540,9915,11564,14,10873,4141,8120,3893,8385,8171,5517,3865,459,40,1919,1423,9211,1470,8037

test suite109
bestAPFD:0.904402
bestSuite:566,9230,3726,8325,8375,12926,12048,11504,5495,10654,161,5349,7459,10801,9140,11061,7812,12020,2148,1740

test suite110
bestAPFD:0.907757
bestSuite:11519,256,11984,12556,13359,6115,3766,9172,13251,6934,10261,11561,1402,2431,12614,2614,6587,10043,8937,12439

test suite111
bestAPFD:0.929673
bestSuite:9763,8332,11656,1084,4049,8843,5222,11850,6129,11083,12187,13449,11448,2509,5260,5154,2408,13495,9497,795

test suite112
bestAPFD:0.919235
bestSuite:1847,4341,2820,12891,5370,12478,7044,2553,10963,12389,2278,3928,6348,5048,1050,1629,5864,8794,8642,3557

test suite113
bestAPFD:0.918231
bestSuite:381,5964,12195,7912,9983,4549,3495,7656,12016,11706,3457,9893,11087,9285,6186,8099,11758,4300,6888,6214

test suite114
bestAPFD:0.917806
bestSuite:3855,13066,11608,11764,735,12937,5566,9628,3806,8755,3715,4057,11673,6499,9738,3474,2141,9527,7324,9090

test suite115
bestAPFD:0.906590
bestSuite:18,7520,11652,1184,12796,12309,597,10523,8686,6006,8843,8616,10701,5960,10696,8248,11679,1138,7315,1467

test suite116
bestAPFD:0.904636
bestSuite:10996,13519,9120,3696,13166,13367,12526,11693,6229,7531,611,9795,10843,8731,12085,10854,4181,10173,5193,3776

test suite117
bestAPFD:0.895784
bestSuite:9604,6707,1147,12330,6317,4678,538,12448,8274,5529,834,10910,7016,9958,849,9555,6499,7292,12697,4891

test suite118
bestAPFD:0.924260
bestSuite:3850,11719,1113,9931,11284,3860,8437,10259,1785,4953,6226,11347,6591,9216,13250,7258,1011,8628,390,8239

test suite119
bestAPFD:0.909288
bestSuite:5020,7692,9666,11391,12732,10039,9208,11075,12883,7622,5716,12290,3643,10463,2555,10802,430,8722,10073,9322

test suite120
bestAPFD:0.913625
bestSuite:1709,13099,9936,7984,2836,568,13128,5979,629,5802,9902,10749,8089,6604,2744,2932,4301,9280,1501,4845

test suite121
bestAPFD:0.910266
bestSuite:6575,11829,646,7002,5816,2994,12530,6312,3586,6230,11287,7023,13319,1494,5754,1535,2488,3335,4605,9845

test suite122
bestAPFD:0.912101
bestSuite:4171,2995,3965,4255,12344,12705,2153,399,1976,7125,10563,1008,6557,11958,2693,8451,7214,13488,4141,7717

test suite123
bestAPFD:0.913593
bestSuite:11422,364,12587,4884,11582,1493,10510,9883,11469,13306,2,6364,8085,12962,11759,11257,2609,9130,2969,6882

test suite124
bestAPFD:0.936190
bestSuite:12152,1582,7658,993,1289,5687,6214,10913,13318,1954,8130,8767,3996,9991,2793,10916,8513,8111,410,2833

test suite125
bestAPFD:0.912208
bestSuite:5698,4332,1807,9867,1960,7359,7395,10882,381,9767,3272,5145,7375,4362,5339,11350,3804,3466,6767,11666

test suite126
bestAPFD:0.914581
bestSuite:1795,356,11931,12754,1362,6373,11114,8105,8950,9432,190,7765,13395,4666,11013,1549,4843,8466,8810,3471

test suite127
bestAPFD:0.912572
bestSuite:6588,8651,1705,12417,12167,12687,7017,5052,10641,8131,12542,8111,5070,8508,7173,8665,2846,3820,5739,8218

test suite128
bestAPFD:0.910470
bestSuite:5151,2211,938,12711,11651,8471,5647,11787,14,9243,13431,3940,1482,9949,7229,9569,9143,9020,5930,13092

test suite129
bestAPFD:0.925727
bestSuite:4496,12475,4268,2752,12479,4460,2529,8415,8796,13401,418,10175,3087,12820,8945,9724,5593,6405,7904,8048

test suite130
bestAPFD:0.914973
bestSuite:5171,5562,2970,8091,5103,13373,10589,5061,11236,5582,2275,8461,560,5050,40,11983,8233,3176,3098,1220

test suite131
bestAPFD:0.927774
bestSuite:2051,9138,8481,4118,11850,12965,5017,6144,4370,3977,6779,6670,7865,1696,1490,7499,4030,513,12869,11209

test suite132
bestAPFD:0.930123
bestSuite:2958,4639,6031,12619,428,2663,11453,9526,4411,12895,2153,6148,8442,282,2314,163,4738,9207,6810,8537

test suite133
bestAPFD:0.912699
bestSuite:7465,12788,1974,8789,1284,7424,12894,11645,3343,11048,9540,7594,1444,11903,7398,234,8903,7273,7456,8787

test suite134
bestAPFD:0.903076
bestSuite:3254,3050,5311,11582,5434,4411,7571,12497,11091,5227,704,1189,5156,8271,5888,9517,4781,13247,549,6501

test suite135
bestAPFD:0.904585
bestSuite:7435,11041,2024,85,13399,1987,12760,7831,6328,7163,10934,5454,10676,9837,3875,4250,679,8858,7165,4642

test suite136
bestAPFD:0.906253
bestSuite:9447,13510,11778,3828,8622,1545,1383,12125,8756,11457,12583,10831,4074,7126,12829,5573,9780,1221,2556,2418

test suite137
bestAPFD:0.933422
bestSuite:8929,3191,11594,2061,3078,12537,3403,7032,7000,6249,10955,5701,9812,7306,6666,6876,5812,4734,117,11674

test suite138
bestAPFD:0.926272
bestSuite:8336,7658,11024,9230,4035,233,8970,13430,9652,11352,8440,3663,8694,9937,490,778,11027,7039,3158,4614

test suite139
bestAPFD:0.911175
bestSuite:145,6986,8117,312,6050,12461,6535,1814,2827,4655,10303,3148,12697,4059,2349,1607,9035,2967,4452,8967

test suite140
bestAPFD:0.918765
bestSuite:1088,9021,4176,3342,3887,6707,237,462,9571,10234,7293,1285,922,948,10867,2825,5319,8812,6394,13046

test suite141
bestAPFD:0.908790
bestSuite:4741,12458,121,6349,4117,7106,13509,10638,11130,10568,12751,789,11226,849,1863,10238,4272,6712,7505,9592

test suite142
bestAPFD:0.915598
bestSuite:8663,3764,5132,11622,12736,8817,4334,13407,11842,8988,5632,9994,7028,7557,2731,9709,9595,9043,1156,12287

test suite143
bestAPFD:0.925188
bestSuite:9123,6079,2651,8454,7481,3826,5122,8588,10463,11018,1674,3245,13013,1532,7744,3146,9541,6392,4580,10035

test suite144
bestAPFD:0.914545
bestSuite:7397,8440,3330,1811,13352,12713,3511,11504,2064,3181,13464,10792,2727,6234,1032,11533,1545,585,5011,6807

test suite145
bestAPFD:0.926473
bestSuite:4948,8952,5305,5420,7509,915,12178,9488,6612,9588,6339,5463,11008,913,5603,10052,3744,1928,7537,12101

test suite146
bestAPFD:0.918026
bestSuite:4268,9387,111,9157,9750,8809,8268,12298,4887,6278,4631,10327,10873,9099,7663,6708,7024,2977,5974,4224

test suite147
bestAPFD:0.933175
bestSuite:9229,5290,6012,2786,8645,8677,2275,2878,5380,11927,12103,193,274,9800,9563,9782,3226,6975,2189,7350

test suite148
bestAPFD:0.930926
bestSuite:3479,5782,13019,11605,11142,3850,8864,12339,11655,9047,6014,9288,2549,5819,5705,8183,7204,2585,7818,1659

test suite149
bestAPFD:0.919613
bestSuite:4658,6817,5519,12663,11261,2871,11552,12638,7369,4063,6994,1777,1984,1359,1335,12717,3426,3345,4272,6160

test suite150
bestAPFD:0.923707
bestSuite:1874,9435,6238,13144,12727,8868,10561,12200,214,5462,6390,6585,9586,7994,3694,6775,796,4878,935,4030

test suite151
bestAPFD:0.929587
bestSuite:5171,4727,1996,4452,7108,3367,11922,9309,6386,6408,7580,4847,10329,3618,9738,5915,9646,9270,9442,2157

test suite152
bestAPFD:0.930184
bestSuite:6220,2051,12926,10463,214,1496,9141,5975,10157,1523,4533,3638,5775,3839,7623,9671,375,12889,5599,9937

test suite153
bestAPFD:0.916847
bestSuite:2896,445,11808,3940,12532,13434,6942,12289,8286,6657,12937,5615,4590,6125,10112,6461,7404,2403,12313,13486

test suite154
bestAPFD:0.928384
bestSuite:4574,4817,11517,6271,13185,4197,8595,10594,11081,4004,3043,11797,809,6950,7433,1248,6171,152,3219,3659

test suite155
bestAPFD:0.915735
bestSuite:512,1258,1350,12689,3013,1523,5536,4742,7463,11988,9047,8769,10226,8535,8266,3347,12810,7169,8836,6888

test suite156
bestAPFD:0.929530
bestSuite:10983,2253,7837,448,10369,10566,1555,6133,11843,7620,2046,4647,4902,3160,2506,1321,589,1422,6299,7225

test suite157
bestAPFD:0.920308
bestSuite:4915,9903,5083,9432,12761,2359,11106,4828,628,11322,11939,6590,7499,3759,12352,10921,3968,8859,8461,9719

test suite158
bestAPFD:0.919220
bestSuite:3571,197,12881,8842,11596,1232,2607,9777,560,7920,2032,12196,9334,6629,1848,6222,6459,1822,587,6492

test suite159
bestAPFD:0.907267
bestSuite:9889,2533,3830,483,3272,3812,11970,13395,172,13347,8699,10035,7482,6400,3369,9809,2065,6340,2507,7115

test suite160
bestAPFD:0.910617
bestSuite:8321,8486,8837,10589,5769,12806,11692,12464,2881,12871,12296,10507,7360,7434,1120,3576,7644,571,4704,7460

test suite161
bestAPFD:0.883256
bestSuite:9063,6216,5003,5163,5779,13259,13053,5062,3943,11675,1116,11251,10828,713,11047,892,7057,10835,12312,7814

test suite162
bestAPFD:0.922693
bestSuite:778,12044,3986,9927,13513,5861,5584,10552,8595,13205,3441,9415,2230,6695,4160,1826,5360,5028,5749,3298

test suite163
bestAPFD:0.914869
bestSuite:5886,2386,12789,7857,2131,10486,1760,4680,8,9279,12795,3635,10850,9994,10717,12718,984,4881,5423,1400

test suite164
bestAPFD:0.931198
bestSuite:8422,1395,11303,13024,3727,146,11014,7567,13494,8037,3959,8812,8738,1952,6744,7820,12838,253,9505,3671

test suite165
bestAPFD:0.925182
bestSuite:9170,6450,13149,8601,6919,1099,10728,10858,6961,11058,13212,12075,6700,3458,5545,11929,1487,9844,9265,11726

test suite166
bestAPFD:0.917242
bestSuite:3637,2537,6707,7467,5185,1767,6130,10648,8237,10851,1640,3722,5583,6006,7109,4580,8032,2265,9178,6470

test suite167
bestAPFD:0.928197
bestSuite:34,5229,5951,12506,13147,2385,11651,4588,10907,12298,4914,6272,4599,5219,8086,4445,3445,191,1036,1534

test suite168
bestAPFD:0.918635
bestSuite:9559,4404,8652,10435,11704,1883,11860,9074,7710,9109,12822,5803,3577,1813,10282,2097,867,10320,4329,4321

test suite169
bestAPFD:0.922539
bestSuite:11040,4191,5938,9300,10145,3920,8036,6756,11321,10587,7005,8204,3961,8416,3078,9043,9314,6295,1815,13406

test suite170
bestAPFD:0.934254
bestSuite:5101,8190,12377,1750,7955,12970,13253,10402,10997,5978,929,2125,1485,164,10117,1496,10396,1047,715,571

test suite171
bestAPFD:0.923074
bestSuite:4753,5253,2014,12787,6502,2855,8201,11258,8529,12516,2115,3300,1228,8026,3973,4011,1924,1235,2178,10115

test suite172
bestAPFD:0.929748
bestSuite:9055,7656,5282,5486,12402,4497,238,1615,8694,975,7862,2725,11900,7254,4643,10868,7651,7814,1394,3062

test suite173
bestAPFD:0.928021
bestSuite:4332,6894,4054,12579,8664,11459,1501,4597,9966,6297,4811,9206,11934,9634,7997,2908,10388,5951,9181,5865

test suite174
bestAPFD:0.918171
bestSuite:5834,3137,3543,13394,2332,12353,3742,9604,3464,3816,2254,11991,513,4033,8310,6365,7090,2742,1137,3993

test suite175
bestAPFD:0.910090
bestSuite:8838,3122,340,6869,8937,11984,12888,4915,1009,8319,7580,3450,6166,9102,3308,8538,10700,892,3358,630

test suite176
bestAPFD:0.909215
bestSuite:12409,856,2615,7151,5353,5504,10962,7388,7257,1002,10943,7184,7200,13484,6444,997,12143,4484,229,5785

test suite177
bestAPFD:0.912041
bestSuite:899,332,11853,4273,8389,3497,11252,9807,11141,11326,8112,11047,12378,12824,11541,3167,6742,7849,13521,3384

test suite178
bestAPFD:0.919478
bestSuite:9999,3928,13105,4358,13212,11492,6222,5967,3535,1343,11731,6164,7769,8466,9524,4033,378,8544,7566,5580

test suite179
bestAPFD:0.911420
bestSuite:3830,11932,10967,5876,1783,6448,6410,12370,9023,13346,10376,12359,8436,1591,12994,8773,7611,442,6963,2741

test suite180
bestAPFD:0.929154
bestSuite:2943,5331,3056,8861,8223,2508,2867,11508,1620,573,8423,4562,839,4441,4068,6345,9046,6255,1052,8066

test suite181
bestAPFD:0.909489
bestSuite:6224,8035,7072,9079,4858,11450,2224,13478,11661,9961,9094,10769,11213,3661,2129,6000,7619,10177,378,9787

test suite182
bestAPFD:0.905591
bestSuite:2020,3949,11672,602,763,4197,10767,6435,11030,7090,5498,9267,1450,2306,4889,7835,1785,1665,532,10649

test suite183
bestAPFD:0.913286
bestSuite:6281,660,5967,10380,7527,11462,11518,8477,847,8369,12350,11232,6314,7782,484,7150,2754,3346,5636,10787

test suite184
bestAPFD:0.920911
bestSuite:9121,2807,2472,6222,13470,7929,3389,11578,1380,13415,10018,13181,5065,2504,7047,13493,3992,2130,10894,4234

test suite185
bestAPFD:0.925943
bestSuite:1734,1515,6734,11016,11195,10798,1408,12850,9402,233,1452,11820,11830,12976,11881,2576,3223,3220,2266,8937

test suite186
bestAPFD:0.921042
bestSuite:6206,11433,4211,9494,13171,6816,13374,5011,3231,6743,10647,5857,8641,6974,5872,13242,5678,11752,9270,335

test suite187
bestAPFD:0.916727
bestSuite:2382,12517,4578,9085,9094,10139,11896,13520,10827,10879,10244,1,7634,4883,7738,7216,9253,4651,7297,12053

test suite188
bestAPFD:0.925478
bestSuite:1946,2487,3151,243,13403,6591,10237,4176,3172,12849,530,11856,567,1218,2922,3548,5033,9765,5037,1086

test suite189
bestAPFD:0.911842
bestSuite:761,358,7982,10545,12914,11205,11380,8703,824,9033,5183,1687,3416,7278,6336,1176,7656,4136,1334,4656

test suite190
bestAPFD:0.929513
bestSuite:808,6956,763,12539,2343,11676,7580,2471,3683,5875,2123,3300,2780,7715,1212,815,4300,11015,17,6955

test suite191
bestAPFD:0.920165
bestSuite:7504,4058,384,12217,12681,2289,10641,6480,2442,11742,5796,9167,7455,667,11186,8,722,5443,2110,9692

test suite192
bestAPFD:0.917936
bestSuite:7817,11234,10968,6633,13518,7578,13193,9206,3839,361,3499,6438,3676,10599,12021,11732,11075,5155,8119,5342

test suite193
bestAPFD:0.910927
bestSuite:8189,5058,4911,12233,9888,7140,2068,11291,10425,2868,1924,10219,5329,9845,7031,3363,6027,2264,590,12317

test suite194
bestAPFD:0.910418
bestSuite:1017,13349,6349,2540,6063,10611,9893,11641,2498,11137,547,5546,10701,2826,3073,1470,8772,9701,6670,10737

test suite195
bestAPFD:0.911438
bestSuite:9483,9178,9438,12455,10550,7159,4000,9774,975,11960,8,9263,5618,1981,3669,5564,587,700,9675,1144

test suite196
bestAPFD:0.912813
bestSuite:6667,13119,222,2416,12879,10617,1023,3027,1449,7512,11422,7105,5252,8737,4877,7286,2445,9339,9141,12937

test suite197
bestAPFD:0.919972
bestSuite:5396,2900,10386,9142,9571,832,7078,1351,11662,1963,13132,11846,8654,9814,2444,3278,2321,6607,8513,7671

test suite198
bestAPFD:0.927941
bestSuite:8063,8265,6075,1860,4140,10630,6516,11965,10410,11379,5096,4072,7428,10018,1182,6135,1617,3797,2633,1247

test suite199
bestAPFD:0.910010
bestSuite:4337,9980,12591,919,13365,6958,10803,10468,6007,8012,4608,12638,1647,6621,11823,9865,5890,3796,2664,1674

test suite200
bestAPFD:0.926968
bestSuite:8438,2079,403,8702,131,11149,5813,13392,1449,2996,13501,1975,5087,10201,4545,9241,7031,309,8637,2312

test suite201
bestAPFD:0.905297
bestSuite:200,12979,9619,7550,1493,10980,12441,6893,5649,3603,10310,8551,410,9528,5795,8649,4427,9611,1497,10895

test suite202
bestAPFD:0.915012
bestSuite:8479,11023,1284,2491,11340,8676,5139,6210,1309,1651,10486,10477,10433,10758,9540,3630,2890,8204,10506,5946

test suite203
bestAPFD:0.925447
bestSuite:5568,5296,1885,6076,4408,10375,7221,2901,12088,7436,13442,2947,10844,1573,7669,587,2168,11744,5279,7168

test suite204
bestAPFD:0.917173
bestSuite:7379,5714,3001,6639,10382,2694,11359,4553,8503,7960,3421,3581,4204,7946,10024,9841,151,11730,271,10893

test suite205
bestAPFD:0.911964
bestSuite:8242,1238,11595,12562,9123,11633,5693,8964,2507,10917,303,10779,4853,1972,11799,9901,10007,5744,7894,9321

test suite206
bestAPFD:0.925373
bestSuite:7930,1605,8527,5388,2750,1919,11786,656,8744,4421,10220,473,5564,5646,4537,2344,4252,2901,5426,677

test suite207
bestAPFD:0.909994
bestSuite:1547,4095,3333,11517,2542,11207,12432,9834,12735,12176,3210,9476,6831,3721,11515,3302,13234,3917,1751,3650

test suite208
bestAPFD:0.917632
bestSuite:1622,2564,9340,13377,13158,11499,12260,7435,3383,8705,4424,10444,9674,6914,8250,4265,11837,8665,1010,3565

test suite209
bestAPFD:0.917714
bestSuite:7525,5647,9599,3085,10833,3628,227,10332,8614,1137,176,716,11459,11338,10692,5068,450,6355,1271,225

test suite210
bestAPFD:0.915313
bestSuite:1197,5513,7888,13105,6197,12709,11643,646,4114,1678,7040,5415,8732,11740,3916,8707,5557,4724,3857,610

test suite211
bestAPFD:0.926469
bestSuite:9346,6924,2323,7968,11283,4567,151,8198,794,1380,12298,9186,8129,13209,8048,8802,10837,1304,4143,4368

test suite212
bestAPFD:0.897041
bestSuite:2394,9158,12026,1292,8086,7456,1788,12465,10880,12369,10864,10898,6877,10677,6531,11753,4366,733,1765,1782

test suite213
bestAPFD:0.925214
bestSuite:11423,1957,1874,5688,12411,1174,8103,2371,11321,7381,5887,2413,11979,8896,5276,1094,1118,1185,8742,6505

test suite214
bestAPFD:0.921778
bestSuite:13342,758,4905,2399,5916,11117,3038,9945,6254,8726,10308,276,9618,10178,4559,7003,316,1215,12085,4666

test suite215
bestAPFD:0.906463
bestSuite:8972,8006,3187,7030,12767,5156,12855,10569,9958,5283,8765,2129,6963,10861,6988,10112,10170,10733,6578,12879

test suite216
bestAPFD:0.919618
bestSuite:10983,1273,13032,2448,11457,7099,8157,10871,6316,13268,8737,12294,5180,13217,226,8399,10693,12194,3582,7610

test suite217
bestAPFD:0.917953
bestSuite:505,6910,6921,11567,4420,8757,7070,12803,10478,5168,5207,4914,9819,2089,12140,8855,7830,8356,5919,1420

test suite218
bestAPFD:0.916615
bestSuite:5698,11569,12396,1955,11618,2010,4199,2701,10146,11601,10937,10434,6375,13183,9966,3379,4134,1248,3825,5080

test suite219
bestAPFD:0.907144
bestSuite:3999,6404,8935,12935,6824,6177,10494,13380,11868,8724,5484,12621,9544,11252,10349,10144,8005,3460,12065,12981

test suite220
bestAPFD:0.917562
bestSuite:9754,12910,3517,2472,3313,12111,2869,7784,10582,10377,3822,5205,6945,10815,9828,3743,8604,3235,11734,11043

test suite221
bestAPFD:0.929544
bestSuite:9694,1015,10725,10647,13116,1897,4864,6064,5927,6165,7389,8499,8259,13301,1824,2530,2372,10633,8006,1279

test suite222
bestAPFD:0.903999
bestSuite:3505,2853,12044,12566,7993,7889,13407,9104,7576,7452,4217,1116,8213,12101,2821,9261,6356,7083,13027,1976

test suite223
bestAPFD:0.919302
bestSuite:7751,8366,11078,1557,9526,12620,12929,1494,438,12044,4975,1555,2940,1074,9942,12358,1775,1242,6978,338

test suite224
bestAPFD:0.917166
bestSuite:4095,5379,13420,3623,8372,8200,2399,9254,8390,7094,367,6568,10190,7068,228,6392,7521,7408,329,11250

test suite225
bestAPFD:0.911707
bestSuite:6556,12932,12383,7758,8220,7441,1350,13143,9463,1490,9134,2304,2247,11958,6169,7664,956,10051,12340,642

test suite226
bestAPFD:0.925501
bestSuite:1016,7122,4114,1856,5951,2225,1163,6692,11377,6099,1178,6278,3581,2016,32,8518,7859,1000,3079,7544

test suite227
bestAPFD:0.907619
bestSuite:5106,8791,6674,12470,1739,3234,7887,6501,9053,9637,5574,5100,11548,2059,13217,3211,10394,1640,3064,5034

test suite228
bestAPFD:0.925767
bestSuite:5131,13341,12609,8281,9515,11977,5634,3733,2882,4581,6,6610,3009,12231,2895,4548,4272,9324,1075,7761

test suite229
bestAPFD:0.924298
bestSuite:8789,4625,3702,9240,4336,11530,6407,11249,2226,6333,5489,6863,7411,6066,13267,11871,8522,7671,10084,12848

test suite230
bestAPFD:0.910938
bestSuite:7148,11621,3264,10626,8664,9247,4240,8875,3860,10143,725,10560,11160,6385,60,805,6191,9815,1610,12147

test suite231
bestAPFD:0.913917
bestSuite:4457,9891,7135,4325,11610,10565,6501,12911,10893,10944,173,10215,6952,945,8812,10719,13266,9832,9369,4126

test suite232
bestAPFD:0.930037
bestSuite:2073,5020,9980,3345,5134,2717,4412,730,2071,9582,8173,4821,834,10107,4854,5373,450,435,9061,9989

test suite233
bestAPFD:0.907817
bestSuite:9949,10504,3763,9644,1456,8076,8148,3592,4358,4207,8792,4480,4253,8803,2008,5632,3051,9591,5489,2969

test suite234
bestAPFD:0.928892
bestSuite:13018,12440,709,2695,10262,9349,7971,4165,11957,6241,3733,8126,6226,4387,555,7047,11077,4053,9257,5581

test suite235
bestAPFD:0.913423
bestSuite:7264,7790,285,2621,885,12440,11922,5221,10681,1180,12773,6221,1229,10949,2021,10167,2009,6089,2502,4185

test suite236
bestAPFD:0.903180
bestSuite:11004,1137,13158,12344,1692,12477,1284,10600,10895,7845,4008,2473,11463,8826,12258,1928,1897,727,12031,6194

test suite237
bestAPFD:0.909122
bestSuite:2178,3926,6231,8336,9877,11547,11734,1612,9546,12066,9510,496,5593,491,3862,9949,8872,9233,12980,5807

test suite238
bestAPFD:0.930621
bestSuite:2092,12955,6227,8255,13504,2971,6801,3728,6455,7419,10003,2156,1664,173,11037,5082,9276,677,6355,10864

test suite239
bestAPFD:0.922356
bestSuite:8527,7080,9674,6495,10126,2917,8149,5616,12499,6862,10966,10872,8429,4380,7067,4926,7009,10672,2243,8788

test suite240
bestAPFD:0.907195
bestSuite:8567,118,1752,9284,990,11675,8437,9891,10607,9582,12158,2708,3320,11715,1122,4755,9315,3661,4449,7039

test suite241
bestAPFD:0.881522
bestSuite:12840,4329,11979,5969,12605,6420,207,39,2812,9054,12963,10867,13437,8371,7315,7080,10879,10869,9142,10230

test suite242
bestAPFD:0.933271
bestSuite:107,5611,6206,5241,918,7357,9242,1387,10953,11785,2212,8922,8990,12024,7753,185,8584,6417,1154,6381

test suite243
bestAPFD:0.903644
bestSuite:6912,7494,1874,6262,11588,206,4222,5583,11135,2728,11664,11035,1417,4524,2311,8333,705,9497,3277,9428

test suite244
bestAPFD:0.917946
bestSuite:5292,669,8061,12167,12617,6563,1696,11784,3975,3471,12526,7462,6343,6844,533,7167,450,13486,2443,11007

test suite245
bestAPFD:0.923258
bestSuite:449,2184,5137,3188,12385,2473,202,10495,12613,13478,3990,10415,5560,9908,11911,5289,4643,9241,1796,10511

test suite246
bestAPFD:0.914971
bestSuite:6489,7699,395,3980,5338,11695,2246,12265,504,11409,8347,10870,5599,2929,5653,196,4770,6198,2681,8842

test suite247
bestAPFD:0.916910
bestSuite:4654,2034,8108,11706,8635,65,1101,4857,10288,12867,11787,1986,8718,8121,520,3730,9552,1827,7916,2614

test suite248
bestAPFD:0.921461
bestSuite:8814,11635,8275,4051,13512,10965,6911,13299,12875,2269,12285,3393,10278,6224,2266,5861,2985,8386,11792,11731

test suite249
bestAPFD:0.914210
bestSuite:5906,11657,1353,3175,12601,8569,7174,4629,7698,12158,968,7862,1279,7384,11520,7686,11980,11988,5518,8871

test suite250
bestAPFD:0.916644
bestSuite:5170,203,11965,7551,1385,471,11160,10269,3346,12133,5736,4046,4195,6866,10918,6296,10116,4814,9735,12084

test suite251
bestAPFD:0.927643
bestSuite:13118,8931,221,1522,13519,8079,11277,998,931,8966,5887,12073,7424,7021,204,6807,2505,7181,5223,1105

test suite252
bestAPFD:0.932021
bestSuite:4005,4915,2098,7876,5308,1604,6210,890,3326,6503,9252,12848,4740,694,7344,8473,5638,1211,2016,9576

test suite253
bestAPFD:0.917218
bestSuite:11614,6734,10989,7455,4406,5427,12664,2063,12746,4971,8859,11296,796,10797,4214,9104,11199,8004,7467,8892

test suite254
bestAPFD:0.925975
bestSuite:6360,6228,11155,1653,4246,4245,10428,11309,4261,2071,4590,4653,3749,8639,2954,11323,11320,3865,6582,5719

test suite255
bestAPFD:0.911436
bestSuite:6335,9015,5172,2276,11371,7291,10453,975,3908,9703,9100,10003,10275,1017,1645,2461,1287,10737,2450,1422

test suite256
bestAPFD:0.911332
bestSuite:4649,11484,11868,12750,7491,7492,1907,12643,1394,10306,10932,10643,7741,5355,9310,5414,4676,3821,1221,10219

test suite257
bestAPFD:0.931370
bestSuite:5282,6958,8061,1835,6282,982,977,9558,10679,2587,7828,726,6830,3081,7674,6623,5878,8612,4790,12302

test suite258
bestAPFD:0.928150
bestSuite:8341,8097,11686,10659,1803,6378,5744,11011,11360,1118,8036,7921,5359,10199,6876,7904,9524,11336,5658,8042

test suite259
bestAPFD:0.910000
bestSuite:2995,12629,4058,9528,11718,13378,6861,6989,10334,12605,12528,2215,6419,4456,11104,2425,6301,6382,10059,11732

test suite260
bestAPFD:0.919503
bestSuite:7779,6999,1980,2863,10794,10623,13070,10136,3150,7573,2110,2477,3909,9048,620,6833,9402,9118,3831,3252

test suite261
bestAPFD:0.933827
bestSuite:12475,7572,3386,6105,10591,1094,12972,12219,8996,2642,11894,1394,9612,7602,10501,3911,5973,10008,1140,10732

test suite262
bestAPFD:0.912320
bestSuite:5477,6213,9751,1544,6097,8959,4923,8609,12307,7631,3544,10402,5488,4093,6961,12321,4570,7578,6212,7292

test suite263
bestAPFD:0.925786
bestSuite:6255,1725,5796,6926,7220,12490,1554,8653,7443,13205,30,9480,10175,1926,56,9618,4732,10073,5266,4086

test suite264
bestAPFD:0.911381
bestSuite:362,8907,698,7287,4748,7220,11817,9233,11869,8207,10638,4327,11257,10796,6440,5459,8432,7214,2693,5646

test suite265
bestAPFD:0.910554
bestSuite:3997,2759,1217,918,6045,12762,3164,2192,5292,9134,11886,332,10800,5218,8994,9131,7609,7676,7822,11869

test suite266
bestAPFD:0.921721
bestSuite:5337,7542,1025,3926,5227,1011,12525,3358,2607,10082,6863,7434,12249,6654,6958,5554,5439,3114,10095,1958

test suite267
bestAPFD:0.908409
bestSuite:5171,12607,6362,928,173,9669,4217,9529,11696,13145,9465,6552,5562,1623,4975,11708,147,5705,7594,10540

test suite268
bestAPFD:0.923608
bestSuite:5313,2761,12001,12976,6298,3040,12681,9633,638,7140,12626,7677,1479,269,8282,5954,6141,8145,2285,8396

test suite269
bestAPFD:0.933113
bestSuite:8678,4200,2042,4801,3058,2716,10995,4271,9130,7927,1290,2639,6053,2531,4379,9714,303,9315,4062,235

test suite270
bestAPFD:0.910412
bestSuite:8185,8593,13416,6874,5639,7857,4376,8212,5579,3986,10283,1843,1614,6552,4411,617,4031,5024,7381,3270

test suite271
bestAPFD:0.929362
bestSuite:5483,6407,4231,354,9269,13470,10767,7140,10904,2107,7207,1617,2169,3812,1774,9263,13487,7740,177,4623

test suite272
bestAPFD:0.924715
bestSuite:13004,8424,13520,4517,7626,12404,13049,6837,380,2915,8715,12183,5025,8227,905,4867,4362,259,6109,10001

test suite273
bestAPFD:0.922016
bestSuite:247,2827,7572,11858,758,5093,2679,6182,6165,13473,11279,10730,8808,8823,3169,9067,4992,995,3713,6238

test suite274
bestAPFD:0.920682
bestSuite:10139,854,2491,4643,11621,4571,12076,436,10479,7587,1348,12380,3546,386,12223,12346,5502,2477,4064,13479

test suite275
bestAPFD:0.921039
bestSuite:1790,5231,7960,10811,7749,5296,7389,11167,2916,3237,8691,8790,97,4136,13308,9253,8813,534,4570,7959

test suite276
bestAPFD:0.913533
bestSuite:1935,3767,13368,4179,5013,644,7883,10838,10498,6713,10265,11544,1295,1459,2825,3286,1238,10060,10065,8047

test suite277
bestAPFD:0.930442
bestSuite:1223,3545,10972,2900,4048,9601,3625,11262,10344,11455,10711,13238,5599,11448,1075,931,727,1415,5085,5511

test suite278
bestAPFD:0.940869
bestSuite:9050,3808,9832,1539,1226,8187,11264,10286,12807,8644,20,4368,8245,8099,5924,5614,7440,8204,1718,10118

test suite279
bestAPFD:0.926062
bestSuite:4416,3407,11853,11419,7358,779,10894,4834,2278,3937,6758,847,4873,3647,6082,3156,6890,4400,9289,2340

test suite280
bestAPFD:0.900111
bestSuite:5444,12654,1344,723,13148,3180,12884,13524,10949,2424,516,6500,13429,9788,84,1502,7301,1301,4202,5858

test suite281
bestAPFD:0.915144
bestSuite:5230,30,6536,7512,4179,10473,3315,13499,12610,2903,8765,10428,10195,432,6885,12045,4307,10060,6957,3764

test suite282
bestAPFD:0.929185
bestSuite:5282,5650,8981,1833,3073,11524,11060,683,9033,1508,12386,3957,8073,2936,11083,1707,8647,9840,9797,3018

test suite283
bestAPFD:0.924418
bestSuite:13514,5210,5188,5862,13082,8202,4836,6799,550,2173,1413,9604,5255,1241,224,40,3278,3987,9592,5485

test suite284
bestAPFD:0.916574
bestSuite:7648,8672,1907,12135,1133,11655,7509,2545,13352,4678,11349,7001,4461,4756,4366,11171,12236,1653,9880,6821

test suite285
bestAPFD:0.911797
bestSuite:8628,9795,13153,3232,2877,4240,1994,3808,7864,12147,2485,8290,2273,10925,3019,7527,8334,7418,1163,187

test suite286
bestAPFD:0.928114
bestSuite:9024,9859,10260,6228,9515,2575,1750,11645,7396,4232,9371,1126,6530,6956,6730,8812,7838,537,7932,6689

test suite287
bestAPFD:0.903819
bestSuite:4454,7965,381,12102,7627,11452,47,3468,8749,7767,9445,5638,6429,8998,11800,2805,2034,12153,10192,6471

test suite288
bestAPFD:0.924463
bestSuite:4508,5679,10797,12197,7263,1390,6559,6335,10508,11936,5201,5788,682,8704,11995,11900,12058,8305,1510,10807

test suite289
bestAPFD:0.914268
bestSuite:5097,7453,1199,8248,8519,2465,4604,1394,10545,5670,4320,8458,10390,4101,13472,9705,8254,8880,8866,6705

test suite290
bestAPFD:0.910982
bestSuite:3061,3855,5383,12449,6370,11604,11240,8856,5902,8358,8338,929,7,12197,10784,4027,7036,9146,8583,1167

test suite291
bestAPFD:0.913982
bestSuite:12905,76,12667,7152,7147,52,7921,9037,2054,11362,6336,4902,10320,4797,7802,4473,2016,4346,12007,1208

test suite292
bestAPFD:0.911855
bestSuite:4782,2885,1881,11422,12399,11298,5795,12962,9084,10657,104,3500,6337,4305,9068,17,9800,1830,10685,3177

test suite293
bestAPFD:0.916076
bestSuite:10971,8552,12707,4317,2249,12516,9787,11169,12980,2455,6100,12076,10148,7114,405,2288,6996,1072,3550,3521

test suite294
bestAPFD:0.914567
bestSuite:3205,9046,7472,3640,6924,3127,11529,9486,13451,8724,12165,10645,3335,4431,6899,6538,224,2927,1783,6605

test suite295
bestAPFD:0.908062
bestSuite:11024,13379,11484,13129,5913,789,4140,11105,1563,6590,7365,5299,11207,7726,1910,1424,1104,8118,4989,10158

test suite296
bestAPFD:0.921396
bestSuite:3971,9019,9346,4833,12776,5773,11699,1840,1442,10820,9485,5454,10097,5502,1660,4280,6728,5355,9959,2611

test suite297
bestAPFD:0.908377
bestSuite:1877,247,4440,304,10572,12442,10787,8148,2454,11475,1776,10778,11990,3661,6849,5609,7693,8665,2209,7016

test suite298
bestAPFD:0.918536
bestSuite:13118,6745,4427,1950,8821,6638,3497,11708,11062,13052,8762,1429,10219,12075,5648,2563,3533,6222,2168,6822

test suite299
bestAPFD:0.917300
bestSuite:11436,241,3853,3381,2246,13102,2447,7342,10248,2113,11268,11824,4283,7167,743,8223,162,8124,1599,270

test suite300
bestAPFD:0.909237
bestSuite:94,12474,5689,12400,804,3060,2484,4751,7558,12624,13146,12779,5279,8318,8216,11753,4548,2872,8300,5361

test suite301
bestAPFD:0.927079
bestSuite:8220,492,7470,12953,13083,3052,11337,533,1602,8894,6028,963,1309,2355,7859,9760,4220,1630,1409,9891

test suite302
bestAPFD:0.907949
bestSuite:3491,8777,5867,210,1146,9486,5898,5706,4281,10917,10416,3239,12700,10019,12757,13452,4746,10824,3028,584

test suite303
bestAPFD:0.919818
bestSuite:1690,724,845,13360,4655,9276,6691,12280,1994,10840,11011,9644,5641,9539,11935,3963,7615,1708,3096,11946

test suite304
bestAPFD:0.910254
bestSuite:4067,615,7039,4063,6428,12450,9619,123,9569,13408,6505,10497,10309,5445,13218,7716,12995,649,6292,11184

test suite305
bestAPFD:0.912629
bestSuite:6584,4405,12783,1684,10937,3313,4582,6410,6322,10474,8194,4269,9766,7256,271,10216,7669,791,2707,7146

test suite306
bestAPFD:0.916175
bestSuite:3446,12722,7178,11672,6187,1572,2847,12391,11292,6950,11834,803,12322,10282,3686,2114,6038,11814,309,7647

test suite307
bestAPFD:0.893190
bestSuite:9214,4456,2800,12464,8750,641,8088,6582,7361,5460,8643,13073,10447,2595,10711,12218,1118,5877,1891,13375

test suite308
bestAPFD:0.897199
bestSuite:9038,304,12645,10961,7198,9097,10915,12403,10128,11445,1200,10349,10799,6424,5741,11374,10361,5945,3584,2542

test suite309
bestAPFD:0.930331
bestSuite:6718,1041,8908,13081,663,1092,23,13446,6083,4664,7671,394,10120,120,591,6496,1565,7218,610,5319

test suite310
bestAPFD:0.924364
bestSuite:9756,6255,8097,12890,9231,11300,270,8070,10462,281,9627,4886,11780,4763,10024,9488,6006,3807,4787,4744

test suite311
bestAPFD:0.928859
bestSuite:2863,6200,3847,3458,12470,4131,1894,7209,1941,1248,10057,3907,10917,4970,3492,7917,5872,4490,9689,5888

test suite312
bestAPFD:0.929996
bestSuite:11600,1671,9338,5241,13173,5194,8535,11734,11517,3394,9137,1541,1983,2910,12280,2127,1870,2408,3691,3360

test suite313
bestAPFD:0.909450
bestSuite:304,9896,12703,11090,2850,9285,6283,8165,3028,13045,10930,13475,8173,3918,5379,494,2489,6346,8876,7730

test suite314
bestAPFD:0.916201
bestSuite:492,6531,10618,3985,3762,13157,12506,13254,5844,13290,42,612,11765,7190,12552,9875,5658,5654,10818,94

test suite315
bestAPFD:0.922373
bestSuite:11034,2736,9092,715,11695,8313,1041,10610,8120,10243,8866,1136,11991,9898,6919,6555,936,8152,2703,4129

test suite316
bestAPFD:0.902330
bestSuite:8830,12635,7878,10571,261,9539,12772,4305,11028,2324,5749,10237,4541,7809,9242,7194,8634,5780,10996,9235

test suite317
bestAPFD:0.907900
bestSuite:7287,7869,1757,12399,1864,9035,11040,12719,5201,5585,860,7060,8647,2379,8480,5555,2848,6100,5767,9869

test suite318
bestAPFD:0.897663
bestSuite:12190,6981,9171,7769,7003,6059,5281,4901,1538,10789,2300,2598,6784,12,13464,3951,10050,811,4663,3237

test suite319
bestAPFD:0.910599
bestSuite:5469,1731,4514,12974,2469,9413,3158,10777,2075,8974,16,5725,11314,6112,5107,619,2582,10147,5070,13345

test suite320
bestAPFD:0.918460
bestSuite:13127,7002,2949,1713,8217,5906,1269,11712,8810,7773,3242,10315,10981,9424,7307,2815,393,8231,7870,2547

test suite321
bestAPFD:0.913496
bestSuite:5177,12787,10515,9298,310,9752,7795,6239,5114,4152,3581,12710,6455,4025,7200,11847,8749,1246,447,8970

test suite322
bestAPFD:0.904113
bestSuite:7739,261,3723,8606,7357,1027,614,12635,11080,5230,6699,12868,6696,11252,700,2912,4279,987,63,9247

test suite323
bestAPFD:0.934093
bestSuite:6956,5258,3437,11069,1094,3793,6922,1902,8183,4073,5590,10170,10745,2155,6478,9860,8608,7778,9665,5448

test suite324
bestAPFD:0.923297
bestSuite:13090,3545,295,10552,3085,9694,13463,12367,9269,645,11271,11929,9007,3345,7444,8024,805,5185,12296,1290

test suite325
bestAPFD:0.913587
bestSuite:3321,10388,7871,5998,3033,6549,2695,10453,6802,5808,1085,5009,10185,1468,2700,10394,3049,9278,848,12395

test suite326
bestAPFD:0.903229
bestSuite:7865,11416,3566,755,7596,9743,13113,7472,10678,10878,1797,6978,12999,2246,8171,162,861,5363,3407,10099

test suite327
bestAPFD:0.923686
bestSuite:6404,9320,3501,11850,8145,4661,7724,9827,8156,13268,7959,233,7294,10231,5144,7161,10679,2676,5267,8114

test suite328
bestAPFD:0.920190
bestSuite:4307,7054,512,12789,4502,3175,4227,3403,12031,6187,1585,11289,11107,7767,7867,10868,7700,5513,810,4244

test suite329
bestAPFD:0.928889
bestSuite:2267,7727,6969,12459,10506,12664,3434,472,12504,10738,12316,13471,5869,1492,1033,2277,889,852,5388,4583

test suite330
bestAPFD:0.912840
bestSuite:623,4924,6734,11176,4709,11928,11065,4865,10294,5754,4947,11204,10484,2056,4962,8551,969,7153,2856,336

test suite331
bestAPFD:0.928888
bestSuite:5825,1839,210,66,10570,12,4864,6331,13492,10648,71,6846,4995,5437,2776,8386,11227,8204,1419,7598

test suite332
bestAPFD:0.917656
bestSuite:1853,27,937,1515,13426,5579,10475,11443,12026,9643,3286,3334,1490,2524,4571,9932,5887,8515,8442,1775

test suite333
bestAPFD:0.899382
bestSuite:7959,8178,5816,5903,12862,9182,2868,763,12554,9480,10380,10978,2742,4152,9331,8051,438,13247,9709,8175

test suite334
bestAPFD:0.907730
bestSuite:7784,8251,2066,13342,9056,12829,1650,12886,6027,10595,6916,5029,8681,10659,13386,6610,12154,5257,4443,7190

test suite335
bestAPFD:0.902493
bestSuite:8882,4147,3905,9893,10388,13127,9172,12449,13483,10454,5390,4847,11279,3525,5056,11980,8485,2480,2275,831

test suite336
bestAPFD:0.906395
bestSuite:1422,12459,4428,2896,11400,3966,10642,6499,4455,3022,9492,9958,1552,6984,2956,4582,5920,4291,3340,1377

test suite337
bestAPFD:0.922931
bestSuite:11636,5258,7734,4491,218,3422,8471,4029,1812,142,3954,2540,1664,88,8491,4883,5422,1796,2919,2056

test suite338
bestAPFD:0.927928
bestSuite:1122,28,8181,4171,4596,8278,13026,3643,264,11151,4311,12004,2302,716,4711,11194,7378,8085,204,6260

test suite339
bestAPFD:0.930137
bestSuite:3316,13387,1384,2323,803,5604,1397,9916,8297,8383,10202,1936,11909,7354,185,6371,5451,3897,8288,7425

test suite340
bestAPFD:0.906811
bestSuite:7185,9060,12449,11611,1651,6484,1621,10961,12779,4930,10238,9342,1515,10393,5726,8209,8769,5084,352,8296

test suite341
bestAPFD:0.930149
bestSuite:3542,1610,5364,11972,6154,11065,8766,6848,10689,1055,875,945,1173,6336,6962,3395,642,3490,6871,7209

test suite342
bestAPFD:0.924137
bestSuite:6665,9824,1599,10600,1449,2410,9243,12057,13217,7399,1304,11147,9412,8194,6841,1117,945,12866,5673,795

test suite343
bestAPFD:0.901273
bestSuite:8668,6306,6352,12956,12572,13327,10379,2267,7200,2894,11901,6552,145,7358,8046,7108,9645,9530,7769,11273

test suite344
bestAPFD:0.912023
bestSuite:5865,3157,4262,6073,12707,233,4715,1511,2571,8240,12936,3395,12109,2171,2376,7214,7827,9705,3964,7721

test suite345
bestAPFD:0.926078
bestSuite:93,6379,1847,4341,642,7944,8722,3646,13369,10114,10987,83,2783,8049,8659,4208,8655,5358,1886,3830

test suite346
bestAPFD:0.929835
bestSuite:5347,6026,2324,9608,2677,6233,11123,1717,10206,3586,8308,7670,13209,946,6049,9130,95,9790,1471,2531

test suite347
bestAPFD:0.914460
bestSuite:9376,11484,7135,8200,6351,12754,12812,7298,547,9779,6361,6289,11215,7826,1398,7740,7573,6287,9194,61

test suite348
bestAPFD:0.913243
bestSuite:3955,3440,9461,13267,11413,1973,13399,2063,10592,10752,10405,12858,843,11058,4418,9919,7172,6383,3331,4898

test suite349
bestAPFD:0.919847
bestSuite:1795,13418,5757,3468,3253,9294,10650,10970,11830,5421,10330,10636,5125,5085,1848,12172,204,4150,12174,8885

test suite350
bestAPFD:0.913009
bestSuite:5876,6614,13174,13445,8341,6360,9077,6632,1189,6746,10234,506,9493,6331,4655,10101,4165,11181,4446,2145

test suite351
bestAPFD:0.898467
bestSuite:2211,8192,11643,9414,5033,12892,8071,11246,11404,13301,6759,2899,2067,9291,3810,2856,10491,4867,3036,5797

test suite352
bestAPFD:0.917494
bestSuite:12974,243,3160,10622,3049,11564,6407,1338,11408,12128,4173,13166,8220,11035,7474,8726,12193,8389,10120,10784

test suite353
bestAPFD:0.920891
bestSuite:7987,13068,5400,11419,11033,11354,6949,5364,6316,7138,8203,6101,6877,4090,2229,2341,2840,6314,817,4726

test suite354
bestAPFD:0.925595
bestSuite:7829,11627,5776,7703,3227,11741,12621,11054,10672,11219,2325,10918,10111,3533,4869,1582,12183,4711,4252,4993

test suite355
bestAPFD:0.921001
bestSuite:13222,9713,12763,4020,9297,7352,675,6947,5964,10251,11424,10017,7173,4501,6517,10185,892,809,5422,11826

test suite356
bestAPFD:0.919532
bestSuite:991,99,11370,7097,718,4218,1822,9582,72,10276,4249,659,10697,1655,6419,916,1662,9929,7602,13304

test suite357
bestAPFD:0.906379
bestSuite:8506,13042,12635,1376,10469,2694,6195,10066,4480,12043,10393,10183,3,4673,10061,10010,7174,7690,4847,11320

test suite358
bestAPFD:0.934556
bestSuite:1616,13061,10991,3505,11477,9520,9023,12409,7097,618,7326,6384,4555,1112,9694,7191,3652,6789,2758,2408

test suite359
bestAPFD:0.928288
bestSuite:6482,11605,11919,5248,713,7816,12059,11877,5584,4390,11576,1726,9041,10111,11759,11192,6773,3488,6386,10708

test suite360
bestAPFD:0.922049
bestSuite:3645,6798,12611,1739,6131,2580,4812,8408,3411,12405,9070,7871,7948,10043,7094,3678,6973,8205,3658,4515

test suite361
bestAPFD:0.912865
bestSuite:2838,12942,5074,592,11010,12694,12877,3461,4140,10719,7670,2445,8477,11882,584,11139,5955,12803,8272,1472

test suite362
bestAPFD:0.932605
bestSuite:9838,1671,3802,858,3896,11378,8452,1091,4405,5056,9604,6917,493,10143,621,769,386,4788,8042,2087

test suite363
bestAPFD:0.913033
bestSuite:6606,12953,4620,7366,5181,13183,11820,3202,7690,2592,10452,11226,883,8259,10267,2062,8241,10089,5402,1915

test suite364
bestAPFD:0.929345
bestSuite:2937,683,12161,8904,2989,6650,559,1599,2160,11532,6076,8636,7689,6400,1422,12087,13312,9695,607,2794

test suite365
bestAPFD:0.912641
bestSuite:12983,5210,1142,3554,5256,1232,850,8720,1341,1117,9076,6608,13490,5670,1271,12178,509,4076,9553,1017

test suite366
bestAPFD:0.917409
bestSuite:9192,8689,9700,10655,4988,13026,10521,3119,627,432,6194,1793,577,515,7295,10802,4073,4316,10940,10995

test suite367
bestAPFD:0.910227
bestSuite:7025,2973,8814,1367,11508,5704,1697,10134,1852,1131,9863,10574,2506,6924,10173,9469,2579,10002,9727,6826

test suite368
bestAPFD:0.916407
bestSuite:908,5700,12015,2973,9556,6182,9496,5735,74,12992,12816,13461,6375,852,1316,1747,5458,6696,8890,7049

test suite369
bestAPFD:0.934124
bestSuite:11433,823,12748,11025,6351,6999,11301,4602,13352,5139,6310,720,4530,2704,4569,5049,7881,577,402,1235

test suite370
bestAPFD:0.898536
bestSuite:6856,12887,12595,1480,10456,7693,7047,10294,6159,7804,12669,6452,8725,11986,7679,5653,761,739,8324,12245

test suite371
bestAPFD:0.934937
bestSuite:11039,702,7764,7776,9893,11242,9782,9290,2704,7643,4351,4933,9726,1239,1274,1878,2017,8042,2827,4634

test suite372
bestAPFD:0.916400
bestSuite:6247,9128,12512,3201,12793,13116,9414,13286,2596,12337,10626,8588,6475,10912,7537,4821,475,9777,3671,13239

test suite373
bestAPFD:0.917349
bestSuite:9918,6383,3006,9501,11576,4255,11140,7646,46,5666,25,8184,10523,7879,8163,7479,6624,6207,2907,5709

test suite374
bestAPFD:0.930708
bestSuite:12444,4713,7121,4129,10852,9331,3063,7256,2283,5511,7996,10227,2147,7430,4919,6103,1981,8434,4947,2839

test suite375
bestAPFD:0.929346
bestSuite:8958,5465,13303,1594,33,4991,11449,735,11113,7343,2858,1780,1072,12866,8661,1003,5367,7963,1937,2261

test suite376
bestAPFD:0.916235
bestSuite:387,3446,12195,12466,3774,4463,7216,6970,12307,8910,10520,11909,2012,12120,4315,11231,3599,11752,1849,399

test suite377
bestAPFD:0.920732
bestSuite:6991,12630,3827,426,13429,4501,36,10145,9265,13297,6988,12873,10763,4759,5367,662,9311,8569,865,9565

test suite378
bestAPFD:0.911036
bestSuite:11612,6329,3386,12661,798,6539,13280,7484,7698,12755,6983,623,10858,2520,115,1529,3837,7676,4376,13331

test suite379
bestAPFD:0.931016
bestSuite:7860,2923,8107,11695,7375,103,13210,6725,10521,6791,4339,4172,9084,1504,7738,681,1804,9589,5481,13040

test suite380
bestAPFD:0.926353
bestSuite:8242,11494,12622,3551,8464,3364,9660,672,10305,12692,12818,10519,1869,11876,5678,3007,5755,9769,9402,4181

test suite381
bestAPFD:0.912641
bestSuite:2351,1098,6489,1349,6514,4052,3723,3292,4402,1486,1412,1882,9196,4547,11362,8508,2743,773,7165,2412

test suite382
bestAPFD:0.909197
bestSuite:6517,8361,540,4686,4543,9509,12899,3765,13079,3487,9577,11945,848,4660,12084,3485,8542,5155,9322,249

test suite383
bestAPFD:0.914581
bestSuite:3866,4119,1376,1533,9591,2616,9970,13151,6095,513,11896,11921,9140,1322,9737,8124,5738,725,1356,6453

test suite384
bestAPFD:0.915893
bestSuite:1689,5383,1969,11026,12633,6042,6695,10867,4031,6554,6514,13407,13238,4229,7819,3725,10796,1621,9766,10310

test suite385
bestAPFD:0.904443
bestSuite:6503,5150,8671,2270,12361,709,11675,2408,11390,4623,5084,896,12210,12170,4188,2409,10911,2875,11022,4746

test suite386
bestAPFD:0.906488
bestSuite:11421,13108,8001,13156,4005,11180,8900,1887,503,1054,8383,2809,12116,2891,2769,2377,3796,8870,2235,7459

test suite387
bestAPFD:0.924854
bestSuite:12884,8559,6716,6731,1108,6416,3045,12869,13261,7184,7669,5713,7484,5953,10155,5320,2052,9453,8731,3689

test suite388
bestAPFD:0.912461
bestSuite:11631,9897,12732,6231,2077,2314,6347,6979,894,3155,8471,8098,9798,5463,4941,2019,12747,5535,9124,7989

test suite389
bestAPFD:0.913096
bestSuite:7266,2263,558,173,2880,12045,12766,9494,13303,11692,2210,4951,4493,12058,1470,355,13264,3600,12157,9278

test suite390
bestAPFD:0.904793
bestSuite:6452,4722,6544,8317,3356,7002,1620,11434,2279,5450,10657,5588,6285,1153,1655,8590,11976,7958,10634,5072

test suite391
bestAPFD:0.927048
bestSuite:7087,9980,5008,9489,2230,6634,5561,1683,1599,12250,7131,6608,204,4824,685,2944,8229,9016,5773,6144

test suite392
bestAPFD:0.904985
bestSuite:1547,7496,10592,9055,5781,11293,1137,9879,12077,1637,13172,6970,5986,9668,8664,3486,5204,7579,2033,2595

test suite393
bestAPFD:0.929611
bestSuite:5485,9251,9386,3091,11778,855,925,673,10977,9127,12031,6290,10701,3635,67,10970,1158,5285,6847,7405

test suite394
bestAPFD:0.920403
bestSuite:7075,5746,12949,5323,4143,11680,5591,6187,10548,950,3523,6862,12085,4516,3819,382,7626,707,7015,655

test suite395
bestAPFD:0.910634
bestSuite:8112,5628,337,1440,12872,6353,2238,1703,3676,11042,10492,11873,7536,6681,6601,3226,848,734,13239,9492

test suite396
bestAPFD:0.917892
bestSuite:8906,2249,6567,7357,11656,10457,15,7864,3470,10835,5080,10780,4959,8382,7105,4054,9141,6995,10518,1050

test suite397
bestAPFD:0.909854
bestSuite:11632,1618,1107,10317,4160,13406,8584,9908,4607,4169,11889,4931,1248,7929,940,4259,5942,4699,1517,225

test suite398
bestAPFD:0.914474
bestSuite:10983,8166,6970,8353,9506,5847,325,10462,2862,8263,5936,5765,6258,6933,10920,9818,5616,6952,5785,8683

test suite399
bestAPFD:0.921957
bestSuite:1865,13187,1493,9792,3423,12750,7274,519,4122,7688,7327,973,6460,1620,1463,1332,1144,7818,6000,4234

test suite400
bestAPFD:0.912879
bestSuite:45,13040,3561,9192,8646,6882,5450,5574,2655,13290,4059,3309,4483,763,1451,1089,5900,9613,2652,10859

test suite401
bestAPFD:0.929194
bestSuite:6711,13330,5020,11071,9529,4611,10395,7594,5044,3674,8042,3560,1677,6995,1040,54,795,8591,8334,2711

test suite402
bestAPFD:0.912254
bestSuite:1614,6078,1920,43,3608,13072,11409,5141,2819,9748,2857,6650,4850,4190,8001,10183,4189,2567,9600,6737

test suite403
bestAPFD:0.938453
bestSuite:7271,900,4969,4009,11237,8941,6786,6806,1427,1828,999,3507,5362,3482,5473,7920,8503,7479,6872,2108

test suite404
bestAPFD:0.929875
bestSuite:1616,51,2577,12826,2079,9254,5148,11353,1485,11998,10380,8195,12149,9806,1254,4202,3213,1809,4662,3130

test suite405
bestAPFD:0.919529
bestSuite:9720,6484,11617,12416,10671,6384,783,11307,5678,8460,2075,7892,11044,3867,4377,12291,11564,6574,1920,12199

test suite406
bestAPFD:0.923304
bestSuite:1498,3913,11047,8357,13521,5435,12248,988,4222,878,7496,10004,2323,9171,1297,758,11771,10786,454,12008

test suite407
bestAPFD:0.914158
bestSuite:7085,13119,4133,778,1209,12914,11666,10509,3420,2853,7262,5249,5533,8000,7488,1593,9067,3244,11026,11369

test suite408
bestAPFD:0.906312
bestSuite:6260,6104,2960,10972,643,1776,11303,13299,3528,6492,9192,12000,5354,1978,9972,725,2082,8356,6006,11855

test suite409
bestAPFD:0.908876
bestSuite:4858,616,7759,11142,7418,1580,11093,2979,4669,11547,8928,879,10467,3277,4620,3074,13250,3573,9614,11465

test suite410
bestAPFD:0.907834
bestSuite:34,7995,3602,11696,13190,12744,8099,9504,2582,10534,2860,12556,13000,8465,7839,4904,9051,3734,3623,1949

test suite411
bestAPFD:0.924255
bestSuite:8226,4370,2121,10241,9799,11046,7824,11360,12146,11122,7636,3853,12087,9812,6942,9419,8188,2485,6589,10163

test suite412
bestAPFD:0.918003
bestSuite:6711,5670,8782,11501,13159,10520,12312,13259,9125,7832,13479,9286,11823,8543,4037,11946,9331,2316,10183,12232

test suite413
bestAPFD:0.923289
bestSuite:7148,8815,9173,3406,12421,2196,12540,7100,8904,10775,7402,4471,3998,5856,9444,5399,5678,4434,4023,12295

test suite414
bestAPFD:0.929572
bestSuite:9414,8663,630,2573,4991,2592,1453,13346,1830,3048,6026,7674,2993,9613,6740,2851,3765,5455,8075,5695

test suite415
bestAPFD:0.920147
bestSuite:7212,6217,9761,8664,12970,10487,2249,3136,10806,9489,10712,4570,10584,13436,2437,3689,1772,8267,9912,5000

test suite416
bestAPFD:0.918010
bestSuite:13043,5340,12629,11658,823,1998,10447,11985,12753,11797,4852,13488,10109,4789,8876,9027,6840,8083,11802,10360

test suite417
bestAPFD:0.919708
bestSuite:9585,4290,6644,1930,8691,2863,11138,9260,6374,2322,4324,13047,5472,11170,6969,4229,13522,7898,9034,1945

test suite418
bestAPFD:0.908667
bestSuite:9631,6323,4937,5602,1889,12613,8823,7393,3558,12363,6,4069,13282,1984,3573,10572,5136,450,815,9882

test suite419
bestAPFD:0.898841
bestSuite:4627,11242,4625,4530,11677,817,800,12473,12935,5501,5048,10589,9211,4519,9679,3811,2147,921,12940,3409

test suite420
bestAPFD:0.926950
bestSuite:5127,5170,2274,6578,13074,6565,12920,10805,11233,1399,7841,6288,9462,8465,3059,10101,2996,6004,10238,8812

test suite421
bestAPFD:0.925859
bestSuite:5946,210,11508,1936,13522,12583,5349,8919,7887,1200,9793,11067,4843,4944,7483,13132,11943,5917,9783,6662

test suite422
bestAPFD:0.923475
bestSuite:500,12251,7270,13330,8553,8941,6391,4322,2542,10516,10164,12921,2091,9069,5713,8488,2315,911,7203,2502

test suite423
bestAPFD:0.911093
bestSuite:7305,2963,12945,11581,8723,2304,9247,7154,12447,2729,2913,10470,3035,5708,2456,3158,3226,5621,614,6695

test suite424
bestAPFD:0.918323
bestSuite:7062,9418,2900,166,5216,13186,12107,100,8191,10858,5854,12828,12071,10709,12072,11164,3841,2093,4730,1631

test suite425
bestAPFD:0.914206
bestSuite:3725,6817,12101,3050,4952,11911,12381,1294,588,9318,918,1996,4794,4867,11809,6955,4134,10209,7436,10796

test suite426
bestAPFD:0.925507
bestSuite:6474,11584,7418,11207,11036,1009,12059,1963,8122,9646,4104,4093,6830,11812,396,5534,3334,9991,5011,10357

test suite427
bestAPFD:0.918991
bestSuite:9338,430,3342,12303,6736,12532,2224,4201,6936,7288,7433,11466,1476,5150,13462,12306,7685,9779,1088,7143

test suite428
bestAPFD:0.917056
bestSuite:11437,12679,13127,6115,8715,1289,12087,4319,6061,4949,10597,4885,5645,3675,4751,7017,1345,4368,7726,10751

test suite429
bestAPFD:0.910645
bestSuite:4345,13069,4438,5723,8833,6819,11463,10249,7240,13436,4887,2392,3454,6009,498,10043,10734,1058,1178,7535

test suite430
bestAPFD:0.911974
bestSuite:1959,11419,13392,6972,12990,12268,6632,12943,9344,8098,5504,1265,4673,3889,3441,8066,4787,10387,2764,8970

test suite431
bestAPFD:0.902526
bestSuite:7298,10388,5187,1295,2721,9647,8095,12146,9830,11448,11388,9955,3224,10329,3672,592,3605,6310,702,3825

test suite432
bestAPFD:0.913906
bestSuite:5313,8317,5344,5048,12457,10506,4861,7957,12939,841,12379,5252,7677,1576,1891,8329,9081,2650,5859,11817

test suite433
bestAPFD:0.926234
bestSuite:6949,9947,1992,9165,4915,11221,7416,11914,1366,5124,11832,13015,7783,9468,5690,9305,2956,496,7051,510

test suite434
bestAPFD:0.920121
bestSuite:2383,4637,12757,6143,13498,415,11398,7798,3340,9021,312,1553,2173,10805,6782,9374,7288,8526,1830,2019

test suite435
bestAPFD:0.921098
bestSuite:6011,8326,10962,5951,11999,10133,833,895,12033,4491,7463,4375,11856,435,3542,11897,3998,7724,4934,9956

test suite436
bestAPFD:0.925063
bestSuite:8796,9354,5208,7147,12540,12352,9158,3076,13305,11204,13372,12588,5518,681,4646,1359,9403,12543,5313,5618

test suite437
bestAPFD:0.922860
bestSuite:1527,3227,5245,12145,4153,12566,10540,8437,4105,13047,7320,9678,9188,796,8666,8219,2786,2433,9469,1686

test suite438
bestAPFD:0.926134
bestSuite:3866,11329,2667,2554,3042,7037,5026,4088,9635,10888,12416,9575,11833,8665,8013,5973,11815,5109,6547,8924

test suite439
bestAPFD:0.925287
bestSuite:7075,3652,13325,11681,3687,13019,11925,7324,3579,1211,1490,10692,218,3099,5262,7256,2645,3812,13356,10467

test suite440
bestAPFD:0.929080
bestSuite:73,1790,8841,8947,9373,711,7008,13359,7262,10575,13373,6470,3568,2575,9818,9736,10385,1270,5877,3276

test suite441
bestAPFD:0.926644
bestSuite:3952,4833,3841,616,2982,2695,1506,11058,11448,7773,11338,623,7232,3559,5929,1969,2677,5542,1270,7824

test suite442
bestAPFD:0.911842
bestSuite:1866,8223,7776,12531,336,6076,11007,9855,5252,2858,3233,11197,2029,13394,7940,8543,303,7101,2934,7147

test suite443
bestAPFD:0.897488
bestSuite:6610,2734,12288,9942,4192,12386,4079,13408,3095,5584,9736,12058,12834,8276,10003,5569,12185,1214,12871,6046

test suite444
bestAPFD:0.925952
bestSuite:4344,9891,9990,11525,2982,3406,6355,3303,4592,11763,4936,6907,3460,4244,8563,10081,10703,7906,2873,9875

test suite445
bestAPFD:0.915415
bestSuite:1161,10362,9283,13121,2675,11486,12254,7921,8141,11179,11905,3436,2297,2902,4934,10227,1575,8605,7105,2047

test suite446
bestAPFD:0.918738
bestSuite:10058,6586,160,5630,12645,11579,7765,9449,7630,12814,5872,9263,1292,1797,5721,7864,6902,9669,212,2008

test suite447
bestAPFD:0.912309
bestSuite:1690,3472,6741,8782,10583,12569,4351,7411,5676,3562,12045,13292,10018,2255,1172,7558,59,2729,4216,1519

test suite448
bestAPFD:0.923892
bestSuite:1045,9763,11253,3275,4077,4646,12142,11151,6455,2050,6326,3976,6261,5220,5319,3548,10694,7672,9692,9402

test suite449
bestAPFD:0.902404
bestSuite:124,5799,8059,4813,11530,2075,354,673,6465,13197,9017,633,4369,13244,1513,5748,9894,2402,8927,6066

test suite450
bestAPFD:0.919243
bestSuite:8353,12356,12935,4312,12559,8243,8925,5620,11359,9558,514,13240,10132,2855,4700,888,3410,5326,1407,7715

test suite451
bestAPFD:0.916824
bestSuite:7982,4325,11078,798,10844,9787,616,11648,390,5035,10226,10808,6512,11099,3516,5255,7100,1588,5533,13421

test suite452
bestAPFD:0.926217
bestSuite:2879,13429,4359,8248,7821,9745,13183,2425,11826,9653,396,2851,6016,2488,2604,7062,8473,2627,13233,846

test suite453
bestAPFD:0.912314
bestSuite:8707,5572,9146,11503,4832,12717,4443,4227,8019,7407,9610,645,13237,12039,11369,10746,9642,4214,556,1224

test suite454
bestAPFD:0.924230
bestSuite:5510,2152,12353,13433,12835,4815,2845,5947,5584,5239,8807,7005,1105,8215,12240,5287,8998,9454,6473,4836

test suite455
bestAPFD:0.921538
bestSuite:5348,13031,3505,6360,12991,2647,10616,8313,7396,7629,3581,4560,6441,13246,472,7788,1806,3158,8523,4857

test suite456
bestAPFD:0.932335
bestSuite:6711,1811,11632,7655,9380,11970,5962,1726,4001,12268,6900,9176,3693,5267,4039,7668,3902,5969,4728,6088

test suite457
bestAPFD:0.919291
bestSuite:9991,5403,11873,13099,9843,6721,5584,11143,3538,1290,6523,3591,12235,1652,5472,9379,1475,7398,1129,12463

test suite458
bestAPFD:0.923216
bestSuite:3794,8563,11931,11486,899,1804,10696,13332,3158,763,13433,3615,2265,6129,4450,8253,8790,437,9600,5043

test suite459
bestAPFD:0.925524
bestSuite:3952,42,6335,11036,9611,9765,11129,10637,12114,8355,11191,9845,11791,3990,9489,3294,9446,5536,8211,5925

test suite460
bestAPFD:0.918125
bestSuite:6614,9657,12657,5440,12499,697,10900,11486,4751,13476,8984,11105,4590,7768,5091,9114,1293,8774,1199,10910

test suite461
bestAPFD:0.926958
bestSuite:3206,2753,12263,2216,3941,11868,5612,12769,13055,5936,5228,2572,2041,9270,10008,4455,1317,5061,6501,2934

test suite462
bestAPFD:0.905174
bestSuite:3605,4289,6322,10592,285,6743,4735,6387,12065,2181,773,10781,820,11133,8005,7358,8288,8654,2846,10734

test suite463
bestAPFD:0.907099
bestSuite:2808,6903,7397,12724,1035,6951,8799,12786,8749,10135,11902,6034,10423,7451,3220,11920,889,9301,1497,7149

test suite464
bestAPFD:0.915555
bestSuite:4325,10968,3286,3871,12332,9370,1940,10550,12106,10878,9347,1680,3501,11374,2884,6679,9834,10564,2677,6654

test suite465
bestAPFD:0.915630
bestSuite:9549,2228,12168,687,12899,12259,4982,3793,3900,12538,8408,3615,7012,7217,1045,4144,9620,12116,4888,8753

test suite466
bestAPFD:0.906271
bestSuite:5468,5019,5132,8902,11239,9137,12620,9159,449,9505,10524,10415,11135,2246,5559,4360,6527,7346,4104,5628

test suite467
bestAPFD:0.912553
bestSuite:12668,2694,8963,12277,1331,13506,862,11544,1825,10777,83,3705,11160,3516,11554,1962,12231,3787,4391,12901

test suite468
bestAPFD:0.925077
bestSuite:9949,6549,11629,12661,649,3145,6889,2641,11703,2834,10147,2454,1265,831,9329,1373,10416,6583,9293,6958

test suite469
bestAPFD:0.906905
bestSuite:3144,1321,12629,6879,8775,3806,11466,4451,10596,12389,13516,11813,6487,1251,6829,4226,11951,6166,1542,5788

test suite470
bestAPFD:0.918183
bestSuite:8160,15,12511,3142,5,12392,8950,4850,4172,10600,6661,9452,2531,10542,3224,3603,343,2557,4847,10097

test suite471
bestAPFD:0.922199
bestSuite:7781,8352,174,3180,8645,1977,12063,11243,12823,5538,7716,1754,13444,1234,10076,4732,3140,12065,1614,5124

test suite472
bestAPFD:0.909758
bestSuite:7720,11502,609,11020,12903,1077,3016,10496,12207,2924,4644,230,10400,12266,4314,2555,3759,5995,2583,6472

test suite473
bestAPFD:0.925792
bestSuite:1980,7358,7795,1813,5080,10931,10665,9560,4133,12148,315,9096,662,8189,10846,7705,6978,10010,2142,10413

test suite474
bestAPFD:0.910918
bestSuite:8223,3091,4232,10985,13189,147,2072,7065,126,4358,2856,3936,1169,3115,13385,10783,9616,2486,1875,10806

test suite475
bestAPFD:0.913248
bestSuite:2444,13380,3066,5271,12534,10640,1453,6650,10425,12914,8021,3454,4054,12236,10876,9866,2337,2344,2952,10584

test suite476
bestAPFD:0.927939
bestSuite:7607,3446,1509,859,5681,3961,7455,12202,7155,929,2571,10662,13464,9369,8706,4128,7830,7312,5926,9289

test suite477
bestAPFD:0.930320
bestSuite:684,13363,11868,1847,11135,3815,2897,5202,2932,11213,6407,8537,11091,3762,8608,4591,7425,1704,6464,5497

test suite478
bestAPFD:0.903131
bestSuite:9905,6566,5150,1839,13090,7491,12504,7451,11392,5220,5795,7926,7069,9445,8502,9294,4529,1324,8895,11642

test suite479
bestAPFD:0.928359
bestSuite:11034,13222,517,12362,13416,2882,9359,11107,7352,12568,7531,9250,11809,7625,1736,4683,4893,2022,1163,6916

test suite480
bestAPFD:0.909703
bestSuite:7631,3127,6619,4453,7230,12620,9165,6181,4380,1492,10721,11980,7732,617,9900,12864,3064,3606,5256,12594

test suite481
bestAPFD:0.909417
bestSuite:656,9862,9948,1137,4538,11617,9937,10756,3664,5717,10403,11557,3438,10928,6829,2142,10938,9408,4802,5719

test suite482
bestAPFD:0.910024
bestSuite:2597,2244,3947,8109,4330,9367,1797,2055,10524,8746,12549,9306,4497,7464,10283,1488,4961,475,9472,12017

test suite483
bestAPFD:0.935917
bestSuite:9083,701,11510,11017,346,11347,9958,782,9895,2625,7879,2870,3419,10199,10147,3496,10138,9323,1864,13482

test suite484
bestAPFD:0.918797
bestSuite:3125,3863,10624,9378,1598,3401,7203,9102,10575,3883,4519,10219,10584,9396,10474,5254,10470,936,3263,2226

test suite485
bestAPFD:0.917187
bestSuite:5852,2734,1613,8948,12728,13276,3710,13463,13121,3473,3212,8200,5569,1065,6687,12831,2559,8055,5690,144

test suite486
bestAPFD:0.901542
bestSuite:7847,10364,149,11828,12583,2801,7370,11518,10454,2316,4028,8157,330,9460,481,4603,6672,4229,7832,272

test suite487
bestAPFD:0.917151
bestSuite:3712,12673,2494,3432,3698,1873,10871,7638,11196,13371,987,4220,816,6093,8448,12252,8364,4064,8899,9898

test suite488
bestAPFD:0.926839
bestSuite:11637,5247,11131,3845,12524,4938,13433,11669,3354,13160,5551,8115,3995,3773,13484,1297,5777,6204,12540,6135

test suite489
bestAPFD:0.922535
bestSuite:8841,4084,3969,3173,4959,12685,6645,4914,6818,10447,8390,12423,10080,5853,12157,11722,4114,7077,617,102

test suite490
bestAPFD:0.925771
bestSuite:7798,7712,1973,12520,5933,11694,7477,4208,5780,4990,1400,2159,6019,9582,9291,8876,1061,808,11085,6408

test suite491
bestAPFD:0.912984
bestSuite:8909,3477,12624,9409,3762,3012,12393,2299,12021,8941,5489,11186,11867,575,5749,7255,12136,8029,7546,8564

test suite492
bestAPFD:0.899296
bestSuite:7719,5745,1767,1920,12402,2107,13149,11240,2392,123,1552,1777,12013,2714,9710,2801,728,6835,3462,10032

test suite493
bestAPFD:0.913345
bestSuite:8496,12110,3446,578,4349,9849,11795,3901,2640,3949,8570,1612,273,12687,6027,2272,1967,5947,858,6300

test suite494
bestAPFD:0.907561
bestSuite:5116,7364,8244,4250,12005,3456,11594,4237,2820,7854,3675,10247,13034,9779,5489,1866,13,2122,6348,4018

test suite495
bestAPFD:0.914248
bestSuite:11515,1877,170,4158,4956,12499,7157,5635,6088,12371,1785,6942,7032,8834,4770,12585,7969,9335,652,1865

test suite496
bestAPFD:0.901349
bestSuite:1165,12905,13165,3413,3867,11655,2374,3148,5591,1241,194,10336,2538,275,13292,2111,11520,7056,3133,13227

test suite497
bestAPFD:0.910832
bestSuite:1933,6544,575,5980,5946,12520,2079,2999,12003,7475,10609,8152,11929,4144,2195,3802,8788,6816,5758,7521

test suite498
bestAPFD:0.940649
bestSuite:8353,3654,6430,3735,11280,3709,1706,2526,11784,7066,9311,8491,2133,5130,8605,1583,7101,4845,1609,12068

test suite499
bestAPFD:0.914952
bestSuite:1935,8709,11486,10529,9521,9044,12560,12341,3946,6333,10050,10741,3756,6090,4135,4127,9066,5878,1203,5417

test suite500
bestAPFD:0.907700
bestSuite:2075,672,1372,5240,10045,2439,7400,9856,11551,7225,7580,7931,11981,4082,8890,4555,5046,2853,8255,6025

