test suite1
bestAPFD:0.938519
bestSuite:3561,2172,1198,3473,4069,4104,954,825,2790,3666,2013,1884,2593,1599,2664,2934,915,3474,3355,1979,3438,3111

test suite2
bestAPFD:0.925387
bestSuite:3472,2737,3384,1853,2919,1364,4063,4086,1481,2562,3104,3409,2675,806,1036,3651,2246,51

test suite3
bestAPFD:0.925943
bestSuite:3134,2097,216,3595,4066,2511,3499,4108,1011,1524,2955,3582,2192,1255,4037,3919

test suite4
bestAPFD:0.926536
bestSuite:1617,3381,2148,567,4059,1354,4089,701,3809,1583,2341,2042,1190,1210

test suite5
bestAPFD:0.922045
bestSuite:2422,27,3520,4109,1915,4066,2973,1451,3589,3976,1263

test suite6
bestAPFD:0.930774
bestSuite:1425,3926,3896,2907,3160,4079,799,4103,3813,995,2535,672,3893,676,3408,1688,2795,1109

test suite7
bestAPFD:0.933377
bestSuite:3278,3008,1894,4078,4093,844,1589,2221,2182,271,3864

test suite8
bestAPFD:0.932800
bestSuite:2102,2270,4007,4091,3744,3453,4066,822,3927,2018,1750,2276,832,803,3320,204,2543,2135

test suite9
bestAPFD:0.925725
bestSuite:2942,3034,1429,644,3631,3091,1023,4089,904,4082,928,1950,988,3985

test suite10
bestAPFD:0.926815
bestSuite:2382,3117,3072,1272,2663,1281,4107,3229,2349,1811,1640,352,3328,1607,4085

test suite11
bestAPFD:0.934437
bestSuite:3353,2948,3490,4107,3442,4077,1741,2381,1473,800,174,3815,24,1357

test suite12
bestAPFD:0.945196
bestSuite:2521,3633,4073,1633,4094,331,2011,3152,929,2943,651,1690,3430,1557,274,3162,3516,2483,3302

test suite13
bestAPFD:0.926846
bestSuite:4054,489,2498,1269,3809,4083,4109,1684,258,2399,801,2550,1578,2175,3875,3819

test suite14
bestAPFD:0.918590
bestSuite:4011,3312,141,3337,142,4095,2162,4085,3061,3484,528,3956,3689

test suite15
bestAPFD:0.937003
bestSuite:3554,2225,1396,4109,2035,4065,2187,2015,920,1705,291,3144,1504

test suite16
bestAPFD:0.939650
bestSuite:3668,2561,3327,4113,2568,1059,4084,1432,116,1997,736,3299,735,3647,3884,1055,2795,3910,3624,1277

test suite17
bestAPFD:0.924063
bestSuite:3935,3850,2020,1398,963,4099,985,2017,1825,4057,3071

test suite18
bestAPFD:0.936694
bestSuite:2372,3066,1042,657,3823,4085,1020,4112,1664,1469,3317,1679,200,2342,1502

test suite19
bestAPFD:0.920461
bestSuite:3178,2599,2906,4072,4113,846,1910,2353,3305

test suite20
bestAPFD:0.927405
bestSuite:2359,2058,4065,1096,2823,1871,1519,3653,3773,3734,1464,2966,3874,2964,2681,524,2299,4101

test suite21
bestAPFD:0.937827
bestSuite:2761,3157,4081,1127,48,4103,861,3054,3673,2932,2351,1306,3385

test suite22
bestAPFD:0.923243
bestSuite:3293,3304,3418,873,2956,3065,2950,1275,3552,1046,2130,4101,2111,511,2976,4021,532

test suite23
bestAPFD:0.941726
bestSuite:3278,287,1158,4103,4082,1538,940,2172,4046,868,1466,1853,1453,1046,2027

test suite24
bestAPFD:0.926822
bestSuite:3094,2163,2510,4071,1355,72,853,1325,3505,2133,3312,1111,925,4104

test suite25
bestAPFD:0.921225
bestSuite:1945,3809,28,4086,2415,3254,4084,1703,1923,1481,3958,2128,1839,3415,1290

test suite26
bestAPFD:0.927757
bestSuite:3502,2939,3124,2087,873,1138,4061,2958,4101,824,1765,1232,2190,3137,2811,3421,3714

test suite27
bestAPFD:0.932672
bestSuite:3349,1804,3092,3261,3616,4072,2591,4093,1514,2997,3022,2802,1513,2629,1888,569,1769

test suite28
bestAPFD:0.922031
bestSuite:3924,3793,3148,139,1839,1474,2873,4076,448,4096,1532,3149,1595,2874,196,3713,1988,1610

test suite29
bestAPFD:0.929281
bestSuite:2422,2628,4057,1322,4107,3327,2755,282,2745,1709,2516

test suite30
bestAPFD:0.941942
bestSuite:3278,2661,1240,4083,4110,3303,679,3463,1606,1495,2362,1402,3091,1614,3569

test suite31
bestAPFD:0.940051
bestSuite:2776,3437,4113,2883,4066,2573,2791,3647,1972,1729,1893,2497,3823,6,1745

test suite32
bestAPFD:0.929549
bestSuite:2369,3137,3520,4073,3432,1061,4104,926,1160,3580,729,418,2151,2231

test suite33
bestAPFD:0.913028
bestSuite:2978,2873,3097,3492,4062,2235,195,390,4105

test suite34
bestAPFD:0.928539
bestSuite:3346,118,1256,4102,685,2341,1809,3796,4058,2010,828

test suite35
bestAPFD:0.916639
bestSuite:2248,3432,1600,2661,2952,1438,3318,1686,1829,2140,2865,4108,2396,286,3732,4071

test suite36
bestAPFD:0.926282
bestSuite:3465,3633,2643,3763,2989,1397,4051,4105,3033,4068,1680,2055,2896

test suite37
bestAPFD:0.927446
bestSuite:3092,2286,420,2092,955,1743,4093,1138,1239,4057,1660,3686,622,3082,2784,1031,1979,1370,2568

test suite38
bestAPFD:0.924154
bestSuite:3787,1659,20,2867,4032,4088,4065,2016,2000,3100,1538,3369,1580,2699

test suite39
bestAPFD:0.936332
bestSuite:3625,2184,991,3752,3029,4071,2654,4104,2892,3527,1914,1916,1714,674,2480,2101,3481,554,3341

test suite40
bestAPFD:0.930755
bestSuite:2598,2432,904,3302,2123,4073,4096,2112,2448,3480,780,2146,3831,3978

test suite41
bestAPFD:0.925789
bestSuite:2796,1806,3125,3976,4113,1603,3009,1875,4057,2636,2977,770,301,808,2410,1650,2833,2621

test suite42
bestAPFD:0.920240
bestSuite:3173,236,2397,2432,757,4076,4102,637,646,1468,2565

test suite43
bestAPFD:0.935847
bestSuite:3668,2705,510,2952,4100,1378,4068,1000,1021,2513,2485,1937,3602,3224,2706,1196

test suite44
bestAPFD:0.939940
bestSuite:3771,3326,1290,2394,4086,4074,1845,1425,3851,3945,1745,3449,3733,3398,2915,3091,3223

test suite45
bestAPFD:0.940542
bestSuite:3716,138,4098,4069,3252,3013,2660,3700,3921,987,3115,1299,749,2574

test suite46
bestAPFD:0.927171
bestSuite:2422,3614,292,2461,4066,1245,3836,4097,3034,2595,1472,2205

test suite47
bestAPFD:0.924434
bestSuite:2649,355,3166,2680,2271,2696,1354,4100,4069,3798,3310,1990,1605,3217,2227,3940,3301,1927

test suite48
bestAPFD:0.937652
bestSuite:2724,2939,3731,489,4103,4057,930,2358,2030,1927,1451,3512,3079,1549,2385,1532,2260,180,788,3139

test suite49
bestAPFD:0.929375
bestSuite:3447,2637,4030,2825,4080,315,1376,2542,4098,359,1422,3002,974,2855,636,3056,1204,649,2831

test suite50
bestAPFD:0.937098
bestSuite:3716,2628,1061,4078,4107,3097,798,2829,2606,3064,603,3960

test suite51
bestAPFD:0.940510
bestSuite:3556,2737,3121,2417,4109,4084,3239,3488,1902,2236,2383,1581,2837,1606,215,1325,3162,1245,2593

test suite52
bestAPFD:0.927330
bestSuite:3961,3048,2678,3688,3921,4095,4066,2309,1742,3996,1480,3480,968,2001,1160,1156,1281,1609

test suite53
bestAPFD:0.933423
bestSuite:3559,1852,3063,2551,1065,2946,4080,4106,1701,865,1029,927,2923,3287,2926,3903,45,3747,89,3449

test suite54
bestAPFD:0.933180
bestSuite:2333,1875,3367,2286,4073,4099,1625,2812,1713,4043,2141,2168,1893,441,2318,1399

test suite55
bestAPFD:0.929171
bestSuite:3063,2099,312,1851,4088,1725,3010,3343,3833,1678,3441,1824,1108,2549,537,3605,405,4066

test suite56
bestAPFD:0.939982
bestSuite:3872,2270,1472,4076,1395,4108,978,1597,1519,1999,2125,796,1929,1114,3384,276,3887

test suite57
bestAPFD:0.934306
bestSuite:2938,3039,207,2548,4063,1328,4090,2087,3737,2571,2263,2111,2002,3956,3045,3589

test suite58
bestAPFD:0.925984
bestSuite:1838,3359,3325,3661,2832,66,3922,3798,4062,4115,3198,1965,3018,409,1827,1839,654,4010

test suite59
bestAPFD:0.916092
bestSuite:3914,2827,434,824,1971,945,2387,916,4114,1312,3002,1377,4058,1601,3497

test suite60
bestAPFD:0.940119
bestSuite:2609,3520,475,3172,1119,4110,4062,2964,661,1753,657,1809,21,2805,536,2400,3884,1304,2106

test suite61
bestAPFD:0.936011
bestSuite:2776,2474,3472,2923,2404,1331,4063,4097,701,1476,2939,2140,3128,3947,2260,3994

test suite62
bestAPFD:0.932713
bestSuite:2301,3192,1719,3951,717,4069,1345,2780,3182,4096,2282,3577,1212,1487,626

test suite63
bestAPFD:0.928133
bestSuite:3208,2942,1460,4113,1085,4084,1797,3090,3134,3940,3020

test suite64
bestAPFD:0.933475
bestSuite:1852,3167,1235,2854,2454,4096,894,4081,813,2184,3873,1446,2884,2787,2234,3370,321,1549

test suite65
bestAPFD:0.926412
bestSuite:3984,1997,3293,1952,2956,3454,4105,2387,3963,3383,2540,1646,3102,614

test suite66
bestAPFD:0.936331
bestSuite:2954,3007,3134,134,4058,3831,4112,1596,3166,638,3698,893,3328,3888,3297,3053

test suite67
bestAPFD:0.914488
bestSuite:2338,3155,1663,3847,997,2298,1321,2203,2685,4089,566,2148,321,983,4064,1362

test suite68
bestAPFD:0.920522
bestSuite:2207,3392,2587,4037,2631,1198,2036,1554,1861,3817,4089,3479,4085,3301,299,644,1669,1094,4045,3901

test suite69
bestAPFD:0.918161
bestSuite:2051,669,3843,563,2500,1599,3363,2351,1357,4110,2005,4060,121,1755,2014,1887,2475,2986,892,3300,3607

test suite70
bestAPFD:0.918461
bestSuite:2700,2044,3126,2329,1335,2255,4059,3617,4103,1514,1026,1243

test suite71
bestAPFD:0.929323
bestSuite:3984,2882,2970,693,3153,1937,1361,4109,3434,4081,1517,687,3422,1365,3661,685,3938,1402,2416,81

test suite72
bestAPFD:0.928891
bestSuite:3841,524,3638,3692,360,2531,4095,991,4063,3082,1178,1814,3525,1741,1703

test suite73
bestAPFD:0.942012
bestSuite:2080,392,4063,4005,4094,3930,772,1498,824,1993,1896,3220,3243,2820,2693,2222,2753,1657

test suite74
bestAPFD:0.928766
bestSuite:2261,2906,4053,2083,1096,1887,4067,1910,607,2513,4056,1862,3833,4104

test suite75
bestAPFD:0.920218
bestSuite:2521,3349,4106,4073,1903,1620,3903,3144

test suite76
bestAPFD:0.938006
bestSuite:3964,2115,4107,1383,4061,3449,3649,1926,884,1690,3606,366,2599

test suite77
bestAPFD:0.917652
bestSuite:2733,2659,2124,956,933,4078,944,1335,4089,2841,3609,3885,865,2702,2983,440,102,2024

test suite78
bestAPFD:0.943542
bestSuite:2179,4072,2858,4115,2921,1430,2680,630,715,1840,1722,2617,1,873,1635,2857,1816,2706,3036,9

test suite79
bestAPFD:0.936888
bestSuite:3178,2491,3918,4063,4100,3059,2638,2123,2398,1686,696,1839,3976,3703

test suite80
bestAPFD:0.924937
bestSuite:2032,1020,3117,4102,2073,2068,4059,2937,3857,2016,1501,3533,2902,3939,935,1329,3148

test suite81
bestAPFD:0.930726
bestSuite:3561,1976,3298,3984,3868,1085,4084,4113,3974,3663,1989,2109,1870,3856,252,1997

test suite82
bestAPFD:0.932985
bestSuite:3559,2534,2458,3092,1672,4093,3391,4057,3496,3047,1013,471,2694,1802,1630,3351,1203

test suite83
bestAPFD:0.941542
bestSuite:3282,2917,2426,4113,4074,4043,1473,3677,3963,4002,2797,3340,1261,3079,2987,1306,169,2284,3103,1029

test suite84
bestAPFD:0.920536
bestSuite:2852,3932,2096,2060,1398,4112,4075,2966,1946,960,521,3168,2884

test suite85
bestAPFD:0.939603
bestSuite:2115,3272,3401,524,4085,1168,4086,941,3725,1721,824,984,2163,111,2527,2286,488,4033

test suite86
bestAPFD:0.935263
bestSuite:3717,2147,4058,4105,3078,3243,3846,2477,1784,1809

test suite87
bestAPFD:0.916382
bestSuite:2828,4063,2071,930,418,2193,1103,1848,3852,1869,4087,781,655,3803,3564,2176,3150,868

test suite88
bestAPFD:0.936344
bestSuite:3841,2696,2793,1657,4066,4093,3328,3917,1789,1788,3403,3553,1161,3482,1703

test suite89
bestAPFD:0.937812
bestSuite:4024,3588,772,3847,4064,3069,4092,1973,1429,2229,1760,708,3671,3483,4017,1241

test suite90
bestAPFD:0.913560
bestSuite:3730,451,1740,3495,2048,3318,4074,3232,1014,2923,3015,2505,4107

test suite91
bestAPFD:0.929887
bestSuite:4011,3367,2823,1747,3172,2858,525,2605,3348,4067,4103,3537,1578,3122,271,83,3019,1407,3933

test suite92
bestAPFD:0.924696
bestSuite:3381,2270,1973,3337,4092,1198,2956,3218,3761,801,2680,909,1074,73,859

test suite93
bestAPFD:0.918063
bestSuite:3681,3923,3921,3689,4097,2629,1021,4058,3013,841,1520,472,2013,842,1309,3647,1075,585,3478,3733,1427

test suite94
bestAPFD:0.925530
bestSuite:1473,3911,2458,3359,1290,2550,4063,4097,3017,2651,853,1402,2299,2052,1423,1832,3884,518

test suite95
bestAPFD:0.917987
bestSuite:3447,3509,3490,1600,4090,1241,20,4082,1707,2071,1822,1614,2308,297,404

test suite96
bestAPFD:0.910447
bestSuite:3012,3104,2697,3122,2995,2156,3439,3617,696,4058,4096,2550,2217,3168,1925,3669,3074

test suite97
bestAPFD:0.927258
bestSuite:2171,2092,3961,1461,4090,1184,4058,3941,2340,1481,1571,1651,2302,3377,3743,2642,2868

test suite98
bestAPFD:0.930447
bestSuite:3418,3868,3382,2201,4059,4115,2017,3426,2255,887,1429,2504,1778,3917,1650,3414,1244,383,4040,3592

test suite99
bestAPFD:0.925130
bestSuite:2344,3197,2114,3727,4088,1334,4084,3093,1492,3549,1904,1834

test suite100
bestAPFD:0.921321
bestSuite:3465,3640,2112,1184,4082,3447,662,4111,2516,2428

test suite101
bestAPFD:0.928216
bestSuite:2281,2427,2548,3710,1240,3183,3100,3757,4094,1736,296,3669,4074,3483

test suite102
bestAPFD:0.927965
bestSuite:2372,3555,2658,1593,1035,2956,4113,3064,3227,1428,3495,615

test suite103
bestAPFD:0.935015
bestSuite:3556,1485,921,99,3194,4081,4020,770,1532,4111,3725,2026,2416,1677,3114,3238,3677,3401

test suite104
bestAPFD:0.930802
bestSuite:3015,4006,3926,2437,2745,1201,4058,2089,1060,4096,968,3783,1101,575,1880,473,956,1386,3701,689

test suite105
bestAPFD:0.930777
bestSuite:2826,93,3371,3777,2058,4115,1027,798,941,1433,2009,803,1463,1105,4057

test suite106
bestAPFD:0.914480
bestSuite:3403,3393,1949,3703,3982,1534,820,4062,2522,1799,2753,4098,3620,1892,719,2072

test suite107
bestAPFD:0.922541
bestSuite:2180,2835,3441,2964,2280,1216,3871,4074,2659,624,775,2606,2371,1775,4091

test suite108
bestAPFD:0.929111
bestSuite:3349,3548,1540,3839,1246,2950,4060,4099,1651,1713,2580,2433,3976,86

test suite109
bestAPFD:0.926521
bestSuite:3173,2440,2324,220,4061,1797,1933,4091,1325,2789,3056,343,3703

test suite110
bestAPFD:0.933673
bestSuite:3877,413,3327,1115,1806,2643,4062,4101,2652,1591,1478,934,2338,2250,196,3286,2650,2148,706

test suite111
bestAPFD:0.928587
bestSuite:3612,667,563,3948,2365,1127,4062,4114,3941,2705,987,3837,471,1213,1919,2435

test suite112
bestAPFD:0.919090
bestSuite:3993,1794,2691,2815,2839,3919,4087,4057,1292,2607,1196,1374,4055

test suite113
bestAPFD:0.927655
bestSuite:2359,3608,1982,2357,3141,2221,4076,1335,4111,3212,1755,2074,2722,671,4033,376,1792,2227

test suite114
bestAPFD:0.911850
bestSuite:3455,4050,1960,3195,3595,866,221,3798,4096,1400,4078,2000,798,2031,685,2074

test suite115
bestAPFD:0.927296
bestSuite:4046,2447,3906,3129,1103,3850,4092,1944,2694,3266,1734,83,1638,653,2719,4075

test suite116
bestAPFD:0.938156
bestSuite:2609,3209,2333,1928,2028,1347,4070,4108,3066,1866,2400,3334,2772,1860,2778,129,880

test suite117
bestAPFD:0.943148
bestSuite:2179,4114,4083,2678,1119,686,2245,3073,2827,1454,2288,690,3335,1596,4003,81,1470,2345,1645,2341,1177,2798

test suite118
bestAPFD:0.924221
bestSuite:3496,2492,332,1422,4079,1333,4104,2421,1222,2678,3484,1666,2110,1960

test suite119
bestAPFD:0.920566
bestSuite:3094,3444,2061,1883,4110,1422,2162,1905,1667,79,716,2166,3357,76,4074

test suite120
bestAPFD:0.903252
bestSuite:3345,2231,3506,107,2944,2264,872,2136,4088,1334,4060,2746,1633,1596

test suite121
bestAPFD:0.920679
bestSuite:2281,2362,3616,3752,2516,4090,872,979,2645,2475,3857,4077

test suite122
bestAPFD:0.930215
bestSuite:2344,3080,2386,4063,4090,1079,3729,3150,2584,3101,3340,994,1599

test suite123
bestAPFD:0.922385
bestSuite:3134,2375,4102,3079,2327,1139,2781,2676,2682,4070,1799,931

test suite124
bestAPFD:0.920838
bestSuite:2945,2855,2331,1656,2825,4076,4089,1061,1,3812,330,1616,1692,2007,780,1853,2206

test suite125
bestAPFD:0.931620
bestSuite:3668,2406,72,1424,2956,1334,871,4114,2986,3460,2316,2567,1707,3790

test suite126
bestAPFD:0.936434
bestSuite:3935,493,3441,510,3876,4108,3699,419,4072,2205,1606,2687,1282,1015,1880,2190

test suite127
bestAPFD:0.923327
bestSuite:3494,822,3666,3980,1355,4069,3137,1779,2995,4095,2169,1921,1503,1040,2576,3232,2237

test suite128
bestAPFD:0.934766
bestSuite:3465,2027,2473,4108,2510,1115,3496,4084,2301,2229,788,2016,2424,3550,2542,1630

test suite129
bestAPFD:0.937895
bestSuite:2954,3844,2479,4089,3418,4062,1714,1847,2306,1192,2368,2471,682,884,485,3382

test suite130
bestAPFD:0.938905
bestSuite:2826,3133,4086,2104,4084,2595,1338,1610,2387,2357,3028,1946,2221,2021,3021,254,2309

test suite131
bestAPFD:0.929688
bestSuite:3650,2090,3012,2108,2208,4080,4035,4088,979,1324,966,799,1776,3801,386,2994,3276,2302

test suite132
bestAPFD:0.929936
bestSuite:2609,1525,4065,3200,3126,2230,4090,794,1581,3690,1463,3701,1553,755,1045

test suite133
bestAPFD:0.932395
bestSuite:3324,449,372,2221,2483,1845,4073,1316,4110,1471,1437,989,754,2838,2336,2417,4026,2309,2646

test suite134
bestAPFD:0.927693
bestSuite:3809,2996,2585,3862,1860,4041,4059,4091,1383,1563,786,3146,4023,3852,414,1870,2715,997

test suite135
bestAPFD:0.914190
bestSuite:2668,3402,2468,2653,2949,1886,661,4100,4060,1459,2282,951,3482,156,188,2793,3880

test suite136
bestAPFD:0.930625
bestSuite:3080,3921,2315,3604,4093,3873,4071,1828,778,3459,3729,274,1535,1212,3846

test suite137
bestAPFD:0.921612
bestSuite:2923,3873,3008,2508,3903,1134,4104,3046,983,2865,1010,4068,3869,2279,105,1598,152,2399

test suite138
bestAPFD:0.936765
bestSuite:2333,3134,264,3454,4113,3137,4057,3593,1535,2975,426,915,1012,1024,3711,2866

test suite139
bestAPFD:0.915802
bestSuite:1425,355,3440,3644,2840,899,3007,4081,2052,625,684,4107

test suite140
bestAPFD:0.936171
bestSuite:2856,3012,2780,4065,630,2081,4101,647,1970,1818,3351,2920,2019,397

test suite141
bestAPFD:0.933611
bestSuite:2366,3013,1508,2406,3174,4084,2396,3226,698,3047,68,2113,427,4086

test suite142
bestAPFD:0.913278
bestSuite:3625,2374,3339,2212,1904,1290,3699,4097,2800,4068

test suite143
bestAPFD:0.938280
bestSuite:2080,3449,3034,4068,3742,4105,763,3375,3790,2164,135,2355,3305,895

test suite144
bestAPFD:0.926516
bestSuite:3556,2375,4099,4068,2548,1915,18,1571,768,3374

test suite145
bestAPFD:0.934896
bestSuite:3565,2066,3641,1052,2896,880,586,4078,34,1676,3989,3283,2582,3884,4089,1697

test suite146
bestAPFD:0.931065
bestSuite:2333,200,908,2257,3757,1738,4074,988,4110,2523,879,1935,882,1512,910,1029,595,1515,3093,1810

test suite147
bestAPFD:0.937391
bestSuite:2372,3854,457,1739,1245,4097,1140,4070,672,3785,1831,2288,2234,2407,2298,2893,1767,2678

test suite148
bestAPFD:0.924218
bestSuite:3502,2284,3025,1321,3559,2087,4105,4060,3272,765,1783,3801,3853,1920,1484

test suite149
bestAPFD:0.927698
bestSuite:3167,2248,2242,2670,4079,3005,4088,3992,2387,3008,2101,3458,2629,1050,3505,926

test suite150
bestAPFD:0.926207
bestSuite:3796,2561,3259,2322,260,3472,4100,4059,926,2112,3823,2944,711,3918,2373,922,1592

test suite151
bestAPFD:0.936702
bestSuite:3282,3575,3254,4061,1942,1743,4115,3876,3960,2253,3073,2121,245,2041,1107

test suite152
bestAPFD:0.933902
bestSuite:2856,3017,2939,2499,4087,1017,4071,2339,1668,2207,3128,3475,2016

test suite153
bestAPFD:0.925677
bestSuite:2344,3142,552,1884,1707,2966,4077,4089,1281,3620,3093,2810,3445,1226,3380,284

test suite154
bestAPFD:0.922333
bestSuite:3793,3323,1920,3011,4080,1675,3892,1293,3852,4114,1728,3626,762,2512,2702,425,1800,527,2262

test suite155
bestAPFD:0.914200
bestSuite:1879,2407,770,3221,3194,2605,4060,4115,1045,3543,2517,2396,909,3599,2875,616,244,2079

test suite156
bestAPFD:0.927125
bestSuite:2261,3234,1932,1843,676,639,3302,3011,2494,630,4094,242,2278,4062,2159

test suite157
bestAPFD:0.927473
bestSuite:3177,1425,34,3267,3090,2740,1446,4100,2253,4076,960,1268,1938,1245,3276,1253,427,3567

test suite158
bestAPFD:0.929884
bestSuite:1945,3490,4115,941,4069,2437,1034,3744,1559,1752,1637,2711,991,3969,2941,2093

test suite159
bestAPFD:0.918113
bestSuite:2560,2766,3042,2791,4072,795,3805,4091,4041,3307,849,2314

test suite160
bestAPFD:0.936307
bestSuite:2372,2995,1002,111,4112,1335,4074,2368,2715,1601,705,3546,3698,1842,2175,2903,2781,729

test suite161
bestAPFD:0.929740
bestSuite:3628,3924,2504,980,3214,2956,755,1814,3249,4104,2255,297,1666,1183,1187

test suite162
bestAPFD:0.934608
bestSuite:2058,3665,2666,2803,4067,1115,4103,2961,662,735,2270,990,958,3187,213,1525,2696

test suite163
bestAPFD:0.920555
bestSuite:2184,3928,2406,1914,4074,1384,970,1807,4092,859,1174,79,2400,3593

test suite164
bestAPFD:0.924027
bestSuite:4046,3293,2415,3976,1739,2333,691,4111,1449,1898,2489,3651,4065

test suite165
bestAPFD:0.933431
bestSuite:3841,2683,791,3857,2398,2206,4072,3126,4093,948,1864,1340,492,3729,434,1267,2793

test suite166
bestAPFD:0.938850
bestSuite:2179,3841,4074,968,4099,819,1853,1696,3746,3180,2419,1088

test suite167
bestAPFD:0.940799
bestSuite:3278,2752,4058,1354,4095,2771,3839,2898,1590,3769,3895,2976,3342,2364

test suite168
bestAPFD:0.934077
bestSuite:3178,2794,3583,849,4073,1000,4099,1600,901,2392,860,377,2135

test suite169
bestAPFD:0.920556
bestSuite:3521,1978,3855,502,3015,4107,2139,4076,2897,2713,2557,668,3281

test suite170
bestAPFD:0.930331
bestSuite:3781,2836,3012,1556,4108,3263,3493,4085,3849,3261,3294,647,452,2787

test suite171
bestAPFD:0.912076
bestSuite:3973,3433,1789,565,2666,4111,1711,1743,4066,551,2691,622,1691,1494,1863,1383

test suite172
bestAPFD:0.920921
bestSuite:3517,566,4069,4115,3859,1614,413,2001

test suite173
bestAPFD:0.931695
bestSuite:3313,3349,2883,4078,3446,4087,3732,3766,2411,2563,965,828,872

test suite174
bestAPFD:0.926157
bestSuite:2560,2917,3606,3493,1095,1487,1696,4079,4097,1910,884,1507,693,1817,1528,3334,570

test suite175
bestAPFD:0.925553
bestSuite:2834,3062,3524,3494,4064,881,3674,677,4088,3912,3560,1707

test suite176
bestAPFD:0.918347
bestSuite:2171,2268,1561,3864,1183,2956,3595,3876,4107,1538,2703,1807,931,2685,2036,1292

test suite177
bestAPFD:0.936527
bestSuite:3665,806,3868,4071,4098,3497,2195,2854,998,1995,663,2015,720,1086,1777,1167,775,16,3182

test suite178
bestAPFD:0.929486
bestSuite:2628,4055,699,2468,2956,4087,3663,2793,1378,664,641,3224,3307,2243,3790,3118,2636,697,1512

test suite179
bestAPFD:0.941141
bestSuite:3717,664,4073,4088,1665,757,3340,2567,910,1550,1256,2474

test suite180
bestAPFD:0.934608
bestSuite:2275,3437,1757,3040,4104,2488,141,2603,2841,751,4006,1557,4068,2139

test suite181
bestAPFD:0.944962
bestSuite:2521,3692,4105,2862,4061,2360,1579,2166,4017,2550,3098,3052,1894,1545,669,239,2075,1676

test suite182
bestAPFD:0.928417
bestSuite:2492,2418,3983,1250,735,4101,1256,2279,4064,1831,3601,1365,3920,347,119,2542

test suite183
bestAPFD:0.926726
bestSuite:2193,2032,3218,417,2253,2101,659,3097,4095,367,1799,3412,1791,3828,1608,1393,577,4072

test suite184
bestAPFD:0.917421
bestSuite:2509,3225,1622,2194,887,2130,2956,4105,2950,1125,1825,1655

test suite185
bestAPFD:0.929346
bestSuite:2145,3557,3354,1115,4083,3422,2847,2386,4095,1935,2991,2998,2123

test suite186
bestAPFD:0.921964
bestSuite:3749,3012,1945,3990,4028,3071,4075,258,4113,2150,221,1237

test suite187
bestAPFD:0.935711
bestSuite:2369,3769,2458,3921,4105,4017,4075,812,2016,2925,3925,2062,1575,1120,2429,312,2773

test suite188
bestAPFD:0.936089
bestSuite:2301,3137,3242,1364,4082,1886,2361,4104,2604,2497,2808,511,1010,253,1055,628

test suite189
bestAPFD:0.933816
bestSuite:2521,465,4057,4101,3863,1472,3998,3884,1086,2157,1534

test suite190
bestAPFD:0.920898
bestSuite:2220,1931,3132,2099,2919,2731,1383,4115,202,2956,1715,2952,3057,2865,4019,4045,1629,2862,1254,493,1058,3364

test suite191
bestAPFD:0.929539
bestSuite:3794,3657,36,4102,2032,656,4076,937,1545,1426,3949,3562,3910,2140,2543,703

test suite192
bestAPFD:0.937890
bestSuite:3615,2332,3789,117,1395,4114,4085,437,1996,4037,1542,969,1365,3043,3476,2543,1009,2464

test suite193
bestAPFD:0.922030
bestSuite:3706,2288,2583,3316,877,2060,743,4100,1290,3731,1853,904,1661,3899,1380,474,3223,4068

test suite194
bestAPFD:0.914615
bestSuite:2376,3864,3616,519,771,2473,3103,741,3636,4058,2007,1496,1300,1097,4111

test suite195
bestAPFD:0.936780
bestSuite:2275,3847,2615,3645,4061,4086,2986,3769,2104,1983,990,2130,3614,296,2081

test suite196
bestAPFD:0.933925
bestSuite:3349,3131,2447,4094,3677,4058,1115,2760,524,1951,3901,2627,1596,719,1703,92

test suite197
bestAPFD:0.936503
bestSuite:2372,3767,3182,3222,1725,4108,4073,58,1763,2597,2089,796,1887,2691,2787,23,499

test suite198
bestAPFD:0.928154
bestSuite:2163,3698,2593,3029,4057,4099,2530,2006,3398,1609,2865,475

test suite199
bestAPFD:0.942177
bestSuite:2179,770,4097,4067,1085,2925,2017,3570,2988,1248,2952,945,2127,2438,454,3203

test suite200
bestAPFD:0.926193
bestSuite:2082,3841,3358,4034,4072,4103,3170,1515,2140,2555,2230

test suite201
bestAPFD:0.926308
bestSuite:3570,504,2166,3675,2338,4079,1923,3852,1616,3243,4110,1254,862,2322,1287,955

test suite202
bestAPFD:0.936914
bestSuite:3556,2698,2193,4096,4074,3078,874,2549,1590,2543,446,3462,171,14,2879

test suite203
bestAPFD:0.939283
bestSuite:2632,2718,3763,4068,1361,3249,4106,3644,3122,435,3637,3243,44,681,3999

test suite204
bestAPFD:0.913649
bestSuite:2432,3167,3433,3580,4066,2589,4104,942,3051,2199,3928

test suite205
bestAPFD:0.931475
bestSuite:3991,3769,662,1200,4059,4099,2058,2063,86,1365,993

test suite206
bestAPFD:0.935744
bestSuite:3517,2503,4070,4110,1981,1462,4010,3194,1624,55,1320

test suite207
bestAPFD:0.930588
bestSuite:3208,3540,809,3657,1384,909,1514,4104,4073,1190,1596,2631,3068,1170,1802

test suite208
bestAPFD:0.925940
bestSuite:2595,2035,512,3794,1034,4075,4086,1460,1648,53,2631,820,4010

test suite209
bestAPFD:0.937919
bestSuite:3333,3665,2155,2523,4105,765,4078,2512,2374,3505,2288,3904,1174,2270,2879,2893,411

test suite210
bestAPFD:0.917597
bestSuite:2564,920,3637,2627,4034,3862,1351,4067,4105,2412,408,2825,2239

test suite211
bestAPFD:0.929466
bestSuite:3448,3206,230,2806,2240,4083,2098,4090,1640,3706,1099,3895,2892

test suite212
bestAPFD:0.919915
bestSuite:3570,2705,3620,4050,4068,1065,4093,1995,1016,240,2016,1467

test suite213
bestAPFD:0.903634
bestSuite:3282,3841,708,4077,4098,2929,3980

test suite214
bestAPFD:0.916254
bestSuite:2139,3354,1033,392,2753,4086,1911,976,4032,2312,747,733,2507,1222,4071

test suite215
bestAPFD:0.927432
bestSuite:3848,2853,3052,1648,4099,3957,1209,543,4075,891,2403,1967,3483,304,2351,1707

test suite216
bestAPFD:0.914427
bestSuite:2649,3490,774,3549,3921,4105,4061,778,1579,3731,2395,2971

test suite217
bestAPFD:0.917316
bestSuite:4031,1506,3323,2517,4089,1122,2891,4067,949,696,927,642,3386,2541,1989

test suite218
bestAPFD:0.909809
bestSuite:2473,3203,1974,2398,3239,2030,45,4081,2365,4112,475,3184,1835,785,2971,1968,1302

test suite219
bestAPFD:0.933624
bestSuite:3984,3529,2517,889,1718,2490,4080,2989,3423,4095,2267,1691,3188,1545,560,427,2481,3929

test suite220
bestAPFD:0.929891
bestSuite:2755,3066,2338,4085,1586,4110,1200,978,1713,1569,2927,70,3846,3492,2914

test suite221
bestAPFD:0.916724
bestSuite:3490,3401,3137,650,4078,1557,3226,4087,195,748,3886,385,3010,800

test suite222
bestAPFD:0.933946
bestSuite:3288,2834,1270,999,2365,2640,4073,1837,142,1484,2728,4109,1401,359,3869,1424

test suite223
bestAPFD:0.911655
bestSuite:3502,2277,1806,73,655,936,1942,4078,3723,4104,815,1783,988,1316

test suite224
bestAPFD:0.943985
bestSuite:2521,175,4074,853,4113,2781,3843,1658,2492,2700,3584,3813,3471,385,1036,3077,1952

test suite225
bestAPFD:0.928515
bestSuite:2548,3840,391,2329,4065,1072,4107,642,3617,2230,3958,1845,3159,1498

test suite226
bestAPFD:0.942863
bestSuite:2179,4057,1902,4095,3043,2123,2162,1658,994,2269,3509,3642,3734,24,115,1951,3745,3420,1146

test suite227
bestAPFD:0.917086
bestSuite:3554,467,2402,4072,4097,1900,741,1672

test suite228
bestAPFD:0.929103
bestSuite:2082,3034,520,4109,3872,4071,3920,1506,2180,2176,3537,3198

test suite229
bestAPFD:0.936528
bestSuite:3872,2406,619,1111,4115,1119,776,4057,893,2888,2014,2584,2540,1,2322,1566,2383,2152,3147

test suite230
bestAPFD:0.936717
bestSuite:2275,3038,3347,2633,2327,4074,2643,4089,2980,836,546,2988,1478,796,2254,1146,56,1326,2054

test suite231
bestAPFD:0.930844
bestSuite:2633,3258,2703,790,658,4096,2425,4063,869,2540,1527,727,1941,2089,3544,752,1728

test suite232
bestAPFD:0.927091
bestSuite:2427,3767,2716,2491,1451,4098,559,3802,3180,1917,4084,3321,3181,994,2480,1692,1156,2156,1147,1690

test suite233
bestAPFD:0.908631
bestSuite:3381,2593,2362,4078,1091,1884,705,3026,3103,3325,4108

test suite234
bestAPFD:0.918826
bestSuite:1608,3433,2633,437,754,4098,4060,1451,1307,1010,420,2453,3456,3360,2204,1431

test suite235
bestAPFD:0.937074
bestSuite:2548,2722,4065,2763,1316,4111,635,1014,3805,1460,533,1682,518,3549,3111,417,2298,1574

test suite236
bestAPFD:0.918377
bestSuite:2119,646,2338,2471,3451,1312,1444,4072,3166,1368,917,4102,2245,609,2651,1797,2739

test suite237
bestAPFD:0.922865
bestSuite:2333,106,3418,2357,4115,2835,4083,566,969,3776,2612,2030,3042

test suite238
bestAPFD:0.916047
bestSuite:3354,2253,3176,3982,4104,2363,4053,4079,1503,908,792,3540,636

test suite239
bestAPFD:0.906745
bestSuite:3455,3417,1783,2990,3901,802,680,1192,4071,637,1727,4100,4020,3204,2391,3732,1688

test suite240
bestAPFD:0.940291
bestSuite:2690,3490,2930,1326,4069,4103,2939,1990,2062,3907,2204,2736,874,119,4029,1796,529

test suite241
bestAPFD:0.928813
bestSuite:4054,4027,2016,2119,3232,3129,4081,2162,2846,2265,680,3673,3321,3370,1821,1399,2833,4098,1614

test suite242
bestAPFD:0.932179
bestSuite:3324,2945,3580,3604,4113,1241,2997,747,3760,258,4076,1689,1920,2055

test suite243
bestAPFD:0.918871
bestSuite:3192,2673,4015,3157,2267,3869,4093,1996,1693,4083,2967,1562

test suite244
bestAPFD:0.932281
bestSuite:3841,912,2944,2887,4084,4090,3870,2496,1547,3813,852,1474,393,734,1042,1340,815

test suite245
bestAPFD:0.944915
bestSuite:3517,228,4062,4091,3984,844,1899,2985,1583,637,955,895,851,2435,4051,4015,1182,2019

test suite246
bestAPFD:0.933266
bestSuite:3178,1839,2814,4089,2549,4062,2432,736,3249,1611,3488,1834,1848,1661

test suite247
bestAPFD:0.911446
bestSuite:3399,2231,3529,389,2235,2807,1459,2254,1331,4088,4064,3666,1967,1026,1796

test suite248
bestAPFD:0.938385
bestSuite:3448,3907,4065,2569,1644,1361,2337,4087,1542,3422,2286,2858,911,227,496,1104,2719,21

test suite249
bestAPFD:0.927782
bestSuite:3206,3086,3844,1685,4077,431,4107,869,1697,2052,3183,2703,2946,1557,3836,703

test suite250
bestAPFD:0.922010
bestSuite:2835,2661,891,3594,1625,1561,4089,2141,4075,1690,2687,2988,3006,2494,2727,1289,2859,522,1143,2063,2839

test suite251
bestAPFD:0.918532
bestSuite:3645,2028,763,2710,1890,1480,3548,4062,1895,4097,2566,2739,2026,1200,1704

test suite252
bestAPFD:0.935170
bestSuite:2561,673,3670,2956,3984,1351,1755,4102,2286,726,1688,3272,2429,1080,352,3826,2801,1219,517,3368,1111,1366

test suite253
bestAPFD:0.940154
bestSuite:2615,3921,2068,4107,3502,4077,2687,787,1453,3462,2728,1289,1559,75,2798,1549,2390,621,2198,3542,698

test suite254
bestAPFD:0.929907
bestSuite:3131,2499,2162,878,1024,4100,2363,4061,2745,1644,1472,1923,1748,3027,3762,3120,247,3807

test suite255
bestAPFD:0.942851
bestSuite:2761,3899,2836,1251,887,4076,4094,282,2949,2787,836,3475,511,1243,219,2619,3579,2111

test suite256
bestAPFD:0.934602
bestSuite:2609,3983,23,851,1417,4092,1988,3707,1436,4071,2286,1748,768,3339,3124,2728

test suite257
bestAPFD:0.914598
bestSuite:1667,2389,2030,546,3272,3477,1857,4110,974,4068,1430,632,2404,2313,415,3979,2037,1033

test suite258
bestAPFD:0.936134
bestSuite:3554,93,3208,4105,1251,1663,3784,3149,3974,2159,3389,1276,2956

test suite259
bestAPFD:0.920086
bestSuite:3034,290,923,2099,4090,3725,1158,990,2001,999,4072,1871,875,3238,3334,3951,908

test suite260
bestAPFD:0.944462
bestSuite:3717,656,4104,4071,1875,3006,3813,2778,1692,640,2750,3590,3768,138

test suite261
bestAPFD:0.898150
bestSuite:2939,2839,3017,1814,2250,2985,4069,3941,4103,1286

test suite262
bestAPFD:0.941242
bestSuite:3991,3282,894,4106,3134,4076,795,3628,3203,1645,121,3055,270,3656

test suite263
bestAPFD:0.931609
bestSuite:3927,3173,728,1873,679,1321,3952,626,4108,4064,129,2993,2886,2969,250,3436,3041,1603,1957

test suite264
bestAPFD:0.936550
bestSuite:3278,3767,2397,4085,4086,3804,2270,1050,402,3791,3201,1981

test suite265
bestAPFD:0.929106
bestSuite:2538,3973,200,3360,4059,4111,1263,2888,1587,1942,2697,1435,57,3825,3950,2083

test suite266
bestAPFD:0.922669
bestSuite:2852,820,2302,260,2068,2875,4099,4059,1328,886,1560,1509,902,2077,1219,1098,3970,2407

test suite267
bestAPFD:0.913665
bestSuite:1517,3583,378,3973,3548,3402,4104,3459,1397,2821,2104,1626,2368,3689,3284,4084

test suite268
bestAPFD:0.929074
bestSuite:3911,3787,147,4083,896,2491,4094,1757,2361,2486,3271,1417,1206

test suite269
bestAPFD:0.927179
bestSuite:2724,2408,4061,411,4086,914,1897,1659,3362,2530,2013,2910

test suite270
bestAPFD:0.916197
bestSuite:2755,3174,1493,2649,2590,1812,1331,4057,1358,51,3851,2528,4105

test suite271
bestAPFD:0.922278
bestSuite:3272,2823,1461,1750,2293,2550,1497,4075,953,794,4090,3342,1936,1595,1393,1190,506,3762,54

test suite272
bestAPFD:0.931194
bestSuite:3748,2564,3290,2129,2401,1192,4084,4113,3426,1514,956,957,3533,3492,1955,148,3525

test suite273
bestAPFD:0.930212
bestSuite:3192,3033,256,4102,345,2550,2248,912,2448,2996,3237,874,1850,1887,3507,4082

test suite274
bestAPFD:0.922234
bestSuite:3094,679,2026,546,4060,3929,1395,2585,2762,4086,1607,740,1658,3904,3931,3091,1651

test suite275
bestAPFD:0.935554
bestSuite:3333,244,663,3929,1251,749,4058,4021,4102,1507,882,902,924,2194,2742,2043,3096,524,2990

test suite276
bestAPFD:0.934722
bestSuite:3615,2737,744,3625,4059,4088,1647,1355,1943,3420,3243,1724,3315,2232,1738,3510,3041,3758,1487

test suite277
bestAPFD:0.931861
bestSuite:3872,3935,2623,1334,4114,4060,2658,2615,2973,3793,917,1784,1141

test suite278
bestAPFD:0.923492
bestSuite:1767,2035,3890,3488,4077,1095,4113,3815,3917,891,212,1874,789,405,406,1974

test suite279
bestAPFD:0.935612
bestSuite:3346,3665,1281,4079,4103,3590,2839,916,786,27,1131,2232

test suite280
bestAPFD:0.929698
bestSuite:2521,465,4071,4088,3868,3817,3751,2192,1480,877

test suite281
bestAPFD:0.939995
bestSuite:2761,3119,4082,626,1388,622,4098,1583,1483,1485,2217,2935,3699,3061,1766

test suite282
bestAPFD:0.930472
bestSuite:3388,3242,2864,3485,4059,1263,1976,1859,4106,4053,767,2308,2733,1438,75,2577

test suite283
bestAPFD:0.929471
bestSuite:2898,2281,3360,1602,2406,4071,1275,4091,2180,1273,3021,3017,3165,1223

test suite284
bestAPFD:0.926368
bestSuite:3625,3192,2989,1095,4082,4088,2953,1849,1611,2353,2545,1617

test suite285
bestAPFD:0.911271
bestSuite:2699,2996,141,2195,2666,3363,1544,1193,3314,4058,2839,4112,3379

test suite286
bestAPFD:0.914831
bestSuite:3898,715,1111,2149,2837,4115,2293,4061,3664,2367,2579,1706,2043,1897,341,1960

test suite287
bestAPFD:0.918913
bestSuite:3063,663,2428,2149,1187,1713,4088,4072,2714,1773,934,3805,1478,2585,3643

test suite288
bestAPFD:0.912388
bestSuite:2511,3576,3136,2737,2808,3522,2571,4063,4111,1664,810,1697,2006,1161,1429

test suite289
bestAPFD:0.934237
bestSuite:3069,2332,2927,834,4071,2113,3266,1988,4101,2201,726,2508,640,1291,2352,3837,48,2886

test suite290
bestAPFD:0.926935
bestSuite:3269,1617,3221,3493,3257,1256,4068,4086,3687,844,1203,3978,522,740,551,2581,53

test suite291
bestAPFD:0.934378
bestSuite:2078,3066,2102,717,4062,4100,2967,710,2351,1584,3884,693,437,699,2802,1050,2419,399,3696

test suite292
bestAPFD:0.924922
bestSuite:2058,2564,3420,2731,891,2733,4066,3007,1995,2039,2713,1787,34,3586,528,4110

test suite293
bestAPFD:0.943883
bestSuite:3219,3013,1086,4069,4094,3291,1586,3091,2575,703,2093,1144,1332,69,3876,362,1479

test suite294
bestAPFD:0.930779
bestSuite:1811,3524,2733,2870,3407,2608,4068,4103,2587,2368,2876,2377,880,1472,973,1018

test suite295
bestAPFD:0.944130
bestSuite:2179,4082,2902,2863,4115,2231,2452,2663,841,3182,2224,4037,2063,1266,27,3262,1576

test suite296
bestAPFD:0.928474
bestSuite:3966,3384,3675,2845,3859,4077,3469,4107,3790,2067,3855,2603,1872,2008

test suite297
bestAPFD:0.921465
bestSuite:3587,3873,2791,767,1376,4064,1020,4095,3488,1481,2237,1504,1586

test suite298
bestAPFD:0.934665
bestSuite:3556,2427,2871,4058,4106,2102,2745,1793,1643,759,3611,2449,1077,2402

test suite299
bestAPFD:0.913004
bestSuite:1442,2455,3433,3759,2418,4098,2124,4069,1772,1101,2695,2682,1613,3062,1289

test suite300
bestAPFD:0.926898
bestSuite:2898,820,3630,3929,1333,3806,2698,4074,2964,1780,3566,715,2024,4105

test suite301
bestAPFD:0.929005
bestSuite:3615,2506,8,3206,4069,1091,4092,768,3575,1870,2706,1320,2505

test suite302
bestAPFD:0.925879
bestSuite:2337,11,1657,4071,1820,1390,4092,640,2058,1435,3728,2394

test suite303
bestAPFD:0.937988
bestSuite:2509,3448,1548,4102,1763,4078,2502,1600,2148,3343,3397,1480,3483,1280,72,1411,3044

test suite304
bestAPFD:0.914592
bestSuite:2825,3026,827,2124,281,1138,3620,4095,1726,1916,4060,1898,3795,637,868,743

test suite305
bestAPFD:0.935663
bestSuite:3628,3089,29,3640,4111,4065,1417,1690,3927,1162,2282,823,1327,677,3755,1036,3833

test suite306
bestAPFD:0.925150
bestSuite:3628,3984,4026,2062,4057,1059,4108,1714,1895,1230,3809,1924

test suite307
bestAPFD:0.926656
bestSuite:3494,2112,2243,787,2013,849,654,2956,1240,1763,2881,1584,4087,2442,474,2746,408,972,3414,835

test suite308
bestAPFD:0.943353
bestSuite:3517,2044,4089,4060,1974,732,3590,1434,2193,1883,2679,3550,3196,291,2487

test suite309
bestAPFD:0.923211
bestSuite:2954,3071,2329,4065,1553,4106,2723,927,3681,2604,1035

test suite310
bestAPFD:0.926302
bestSuite:2060,3868,160,2528,4112,1410,2746,4083,2676,3221,2343,3252,814,2350,3370,1567

test suite311
bestAPFD:0.923985
bestSuite:3349,3709,504,3688,953,4089,1120,4068,3047,2009,39,3361

test suite312
bestAPFD:0.928973
bestSuite:3267,2270,2166,1161,2255,4074,2711,4091,1720,1826,3145,3547,1484,2241,3584

test suite313
bestAPFD:0.914655
bestSuite:3804,3370,2363,3611,1507,2531,1079,3551,4061,636,4087,371,1510,461,3725,1402,1553,375

test suite314
bestAPFD:0.931852
bestSuite:2898,3686,1486,1955,3469,511,1127,1607,4093,2278,1609,4084,3588,3934,775,1145

test suite315
bestAPFD:0.923767
bestSuite:3324,2537,1437,3176,3029,1641,4063,4113,4036,2717,1801

test suite316
bestAPFD:0.933823
bestSuite:3612,2035,4026,3325,4072,1396,4109,1788,772,102,3199,3123,2047,312,567,3413

test suite317
bestAPFD:0.933292
bestSuite:3313,990,2840,1547,2180,2522,1032,4073,4090,3719,893,352,1909,2507,85,345,2141

test suite318
bestAPFD:0.912641
bestSuite:2524,1790,4065,2722,1139,1177,506,4111,754,3181

test suite319
bestAPFD:0.931287
bestSuite:2724,3683,995,3195,4066,4113,2625,989,2897,3374,1484,809,943

test suite320
bestAPFD:0.929533
bestSuite:2700,2598,3982,4059,1020,688,3351,649,902,3761,834,4045,2249,3683,4089

test suite321
bestAPFD:0.931311
bestSuite:3517,2471,4065,2212,4089,1778,2658,673,1661,2456

test suite322
bestAPFD:0.930331
bestSuite:2567,2477,4091,3661,3329,4075,1750,3650,954,1869,1619,1584,3874,2807,3870

test suite323
bestAPFD:0.909255
bestSuite:3802,2853,242,1125,504,1533,4034,496,3807,783,1654,4108,634,4060,2198,597,3775,2760,2744,1778,1378

test suite324
bestAPFD:0.920474
bestSuite:2796,899,3332,3891,1997,2952,367,1229,4076,1546,938,4111,2573,3719,1683

test suite325
bestAPFD:0.934697
bestSuite:2598,2337,4068,1770,2798,1184,893,4101,3805,2374,3073,3910,3438,3689,2943,1167,2603

test suite326
bestAPFD:0.910952
bestSuite:1945,3848,3040,3272,2458,4075,3530,2130,290,4112

test suite327
bestAPFD:0.929273
bestSuite:3267,3907,2389,2488,4058,3675,4099,1507,1827,3833,1921,3064,1063,3928

test suite328
bestAPFD:0.939503
bestSuite:3346,40,3263,4074,117,4110,1610,1422,3892,720,3628,1344,1784,3154

test suite329
bestAPFD:0.929753
bestSuite:3231,2085,2706,2660,4089,2854,619,3311,4060,1835,3764,1465,263

test suite330
bestAPFD:0.926222
bestSuite:2058,2447,3187,4093,2787,714,1034,4057,2463,3626,2780,3303,3193,3419

test suite331
bestAPFD:0.932631
bestSuite:2422,3542,2459,2567,1023,4064,4100,3327,2745,3973,3190,171,3344,899,687

test suite332
bestAPFD:0.922609
bestSuite:2595,483,2294,3411,1787,1950,1794,3645,888,4061,2093,4107,3002,2089,3978,2838,2255

test suite333
bestAPFD:0.934645
bestSuite:2163,3411,3093,1963,1546,1331,4085,1433,4093,3957,3938,3293,1495,3474,877,179,2322

test suite334
bestAPFD:0.922172
bestSuite:3063,2464,2709,1591,444,4102,2268,2863,4061,2208,1655,1705,2221,3718,667,3885

test suite335
bestAPFD:0.937824
bestSuite:3178,3033,3603,2696,4089,4067,1916,1729,773,1477,3429,3699,797,1032,2198,450,3224

test suite336
bestAPFD:0.923133
bestSuite:2548,4050,1746,2697,2683,1355,3388,2862,4075,677,900,4105,719,2383

test suite337
bestAPFD:0.931136
bestSuite:2164,3040,4059,4106,1870,2286,4051,1897,15,524

test suite338
bestAPFD:0.908693
bestSuite:3608,3822,3133,2162,221,1776,4107,820,1609,4069,1666,2838,30,2075,1835

test suite339
bestAPFD:0.928079
bestSuite:2115,1780,4079,1256,4111,2839,2253,3669,3673,3402,2792

test suite340
bestAPFD:0.927257
bestSuite:3529,3014,826,2506,3509,629,4062,4087,3722,3496,3360,2330,1914,2786,2256,1631

test suite341
bestAPFD:0.929466
bestSuite:3964,1547,1811,1345,4101,2956,594,4048,3093,3650,2074

test suite342
bestAPFD:0.918683
bestSuite:2761,3333,3017,4112,4034,4063,3885,2862

test suite343
bestAPFD:0.930078
bestSuite:2301,2203,2853,2956,2014,3514,1169,795,4090,46,1545,1309,3791,3141,3106,612

test suite344
bestAPFD:0.926620
bestSuite:2791,2575,1801,3766,4060,3009,3548,4105,3397,1749,788,2821,1653,2526,3894,3163,450,1484

test suite345
bestAPFD:0.920048
bestSuite:3131,2668,2081,3323,710,752,4090,1857,4071,2610,1000,1944,445,3954

test suite346
bestAPFD:0.939759
bestSuite:3771,3703,2948,4097,4085,4046,1911,2485,1437,2618,386,2896,3619,1999,2927

test suite347
bestAPFD:0.925175
bestSuite:3491,3742,268,4032,2950,1361,4067,4110,2872,976,2266,2083,3917,3782,665,2141

test suite348
bestAPFD:0.926675
bestSuite:3495,2428,1487,3488,4102,2854,2247,4059,1676,2950,2756,2825,844,3729,898,3168,3352

test suite349
bestAPFD:0.943138
bestSuite:3717,837,4106,4065,856,947,3854,802,3948,2695,3748,3410,28

test suite350
bestAPFD:0.925664
bestSuite:3242,866,2814,370,1943,2166,1552,1378,4061,3177,2788,1447,3130,769,2297,2930,1070,4093

test suite351
bestAPFD:0.931985
bestSuite:3346,3487,1354,2253,4088,937,3505,4059,3608,1325,1655,2944

test suite352
bestAPFD:0.926716
bestSuite:2596,3092,3010,1817,4108,2197,4084,214,2448,3846,2744,1790,1364

test suite353
bestAPFD:0.928062
bestSuite:3167,2537,725,765,3552,4093,1397,4075,3463,3185,1836,3295,432,3591,516,3562

test suite354
bestAPFD:0.927144
bestSuite:2633,3237,2882,1428,2387,688,2220,4097,4084,1769,1572,721,2343,2474,2827,3161,1933,1356,151

test suite355
bestAPFD:0.927975
bestSuite:2826,3494,2243,3659,1168,4079,4099,1930,2996,643,2283,3881

test suite356
bestAPFD:0.930365
bestSuite:3665,3495,2060,1772,3710,4059,4097,3438,323,1169,1367,1469,1626,1317,776,3574,1830

test suite357
bestAPFD:0.922418
bestSuite:3822,2229,2240,11,2402,2528,4096,1395,4074,3295,3828,1599,848,1710,878,333

test suite358
bestAPFD:0.924483
bestSuite:4054,3094,3524,1641,3036,1988,4076,3099,506,839,2271,2943,3720,4104

test suite359
bestAPFD:0.938735
bestSuite:3231,2830,2364,1193,4066,4109,2008,848,699,769,2965,1426,3846,3505,91,3983,2480,3851

test suite360
bestAPFD:0.909667
bestSuite:2257,2846,3635,87,859,3770,1361,2865,4060,3972,980,2317,4101,868,2643

test suite361
bestAPFD:0.922166
bestSuite:3657,2899,3225,1121,1819,3817,2950,3245,2219,183,4072,4113

test suite362
bestAPFD:0.944280
bestSuite:3278,336,1351,4090,4064,3919,210,1659,3834,2255,3235,801,2268,3363,2651,3188,1124,1883

test suite363
bestAPFD:0.928372
bestSuite:2163,3399,3426,2748,1334,2553,4060,4089,2257,338,3352,2274,1558

test suite364
bestAPFD:0.916180
bestSuite:3706,3552,2408,2204,1437,842,1216,865,4096,2254,3750,831,1812,2500,4059

test suite365
bestAPFD:0.943967
bestSuite:3517,466,4085,4102,1847,2014,1668,1472,857,2054,1254,2229,2263,1322,3310,1599

test suite366
bestAPFD:0.929771
bestSuite:3984,1649,2767,1263,2400,4113,4073,2416,2443,98,473,2466,3352,730,2174,3756,3610,3970,1626

test suite367
bestAPFD:0.932278
bestSuite:3521,3484,446,4064,1235,781,2921,4087,2068,388,2680,1465,1911,870,1342,1713,3579,117,2707

test suite368
bestAPFD:0.918879
bestSuite:2595,2768,2032,4066,1555,781,4099,3659,3642,2208,2717,761,3016

test suite369
bestAPFD:0.935187
bestSuite:3353,1173,2432,2373,2956,4086,3746,2891,2163,2572,3117,1699,1508,1160,1720

test suite370
bestAPFD:0.923405
bestSuite:2907,868,3221,352,1085,2302,4063,2915,2456,4101,1377,442,3817,2159,809,2949,3775

test suite371
bestAPFD:0.928499
bestSuite:2954,328,4011,2100,4065,2089,4104,1739,861,3104,595,1345,130

test suite372
bestAPFD:0.937575
bestSuite:3324,2854,3927,4111,798,3775,4069,2011,1861,1905,2907,1882,2200,2250,3421,3296,13,3533

test suite373
bestAPFD:0.933653
bestSuite:3784,2455,3155,4076,3529,4088,1452,2349,3737,2853,863,2562,1824,1606,2931,990

test suite374
bestAPFD:0.924113
bestSuite:3026,2599,3469,1165,1446,4064,4112,3718,1609,2118,2584,1674,1183

test suite375
bestAPFD:0.927165
bestSuite:2509,2854,3249,2796,850,4093,4063,3008,2999,732,977,940,2486,842,3187

test suite376
bestAPFD:0.937303
bestSuite:2724,3094,4049,1866,4076,4102,1646,2212,2691,1333,3005,2130,2713,305,735

test suite377
bestAPFD:0.913821
bestSuite:3645,2855,1551,594,2914,2491,4097,1438,2707,2971,1465,75,359,783,265,4072

test suite378
bestAPFD:0.928862
bestSuite:2344,3473,2787,2229,1813,1837,3689,1388,3663,1566,4092,3636,2068,2616,777,257,4065

test suite379
bestAPFD:0.939530
bestSuite:3208,4049,1913,748,3140,4073,4106,2574,3714,916,2974,1015,2071,1745,2807,3805,1624,2094,2368,2874

test suite380
bestAPFD:0.928903
bestSuite:2422,2722,4061,2377,1096,4115,1477,841,1279,1058,3386,3045,3198

test suite381
bestAPFD:0.936132
bestSuite:3716,3313,1122,4081,4094,2985,1985,1809,1819,3483,3364,1832

test suite382
bestAPFD:0.929400
bestSuite:3381,3705,2917,3490,4101,4081,1572,1614,2975,1963,3522,1020,1467,2900,1737,435,3994,2095

test suite383
bestAPFD:0.927380
bestSuite:3935,351,3868,4101,4068,1378,1614,865,2059,3894,3861

test suite384
bestAPFD:0.911180
bestSuite:2906,466,2406,3455,253,1900,4098,1914,3489,4080,1251,2379

test suite385
bestAPFD:0.930149
bestSuite:3447,3504,2871,640,1240,2244,2341,4100,1141,4073,326,3139,668,196,1212,853,1386,3661,878

test suite386
bestAPFD:0.941945
bestSuite:2632,2127,4060,2921,4102,2749,726,3006,1537,656,3063,660,1758,520,252,3079

test suite387
bestAPFD:0.932763
bestSuite:3625,3927,2166,404,4077,1117,1072,4095,1789,1614,2561,1496,2520,3744,299,2475,819

test suite388
bestAPFD:0.925464
bestSuite:1852,3326,3679,1967,1848,4048,3003,2581,1119,999,4075,3593,1630,2885,3863,3386,524,4102

test suite389
bestAPFD:0.919191
bestSuite:2060,3327,122,1742,3378,2807,1647,1059,4025,971,4106,3739,4067,2687,221,1501,1186,812,2979,731

test suite390
bestAPFD:0.937015
bestSuite:3306,1985,2562,3329,4088,4063,3504,2531,1962,3149,3184,2161,1098,80,2705

test suite391
bestAPFD:0.931758
bestSuite:3066,3448,750,2803,4101,1395,4084,2971,1849,1855,2735,2608,3336,1956,2502,2574,3940,37,2183,1441

test suite392
bestAPFD:0.933908
bestSuite:3167,2078,2452,847,1316,4061,1703,4090,1902,709,2030,2052,2694,2508,1389,200,3881,827,4025,2095,2468

test suite393
bestAPFD:0.930715
bestSuite:2548,2374,3291,4060,3029,1267,4108,981,1679,1643,740,1087,90,2808,3081,2053,864

test suite394
bestAPFD:0.941297
bestSuite:3765,3382,2658,4090,1558,4081,1334,744,2100,3741,2150,722,3482,1693,2841,284,3606,1979,1237,1067,2425

test suite395
bestAPFD:0.904097
bestSuite:3345,3607,2397,2027,1885,4111,2888,234,3277,1115,3894,681,1536,4078,89,1221

test suite396
bestAPFD:0.935835
bestSuite:3991,2637,945,3007,4057,4103,647,3268,515,2461,1127,2978

test suite397
bestAPFD:0.924307
bestSuite:2382,3533,372,1776,1744,839,4113,720,3767,3001,1672,4067,1930,1854,2664,2650,3150,2757

test suite398
bestAPFD:0.942096
bestSuite:2080,2754,4069,4112,1781,2159,3007,1605,2644,986,4013,3900,2962,3110,2673,1332

test suite399
bestAPFD:0.930515
bestSuite:2609,315,4073,2803,2872,4102,1934,2863,2621,1780,2943,1611,3256,872

test suite400
bestAPFD:0.927871
bestSuite:3556,3973,3176,1617,4113,4081,1963,2786,2980,878,2820,1759

test suite401
bestAPFD:0.936000
bestSuite:2761,4020,372,1378,4084,4092,3688,746,910,4043,51,1202

test suite402
bestAPFD:0.939097
bestSuite:2724,3911,2259,4105,4082,2457,3737,2362,2919,2999,2587,1971,913,1875,3856,3062

test suite403
bestAPFD:0.914477
bestSuite:3587,1452,3039,129,3782,3094,1963,1364,1506,4097,737,956,4077

test suite404
bestAPFD:0.925009
bestSuite:3151,2660,2705,1061,4081,4100,2709,528,2284,1779,2238

test suite405
bestAPFD:0.936058
bestSuite:3346,2927,4006,1127,4099,3279,4058,765,1576,1618,2185,484,3199

test suite406
bestAPFD:0.907611
bestSuite:3403,3566,2402,4043,895,3614,4072,4108,973,317,3172,216,428

test suite407
bestAPFD:0.905773
bestSuite:2281,3176,3494,3003,1491,4076,3262,1381,4098

test suite408
bestAPFD:0.926997
bestSuite:3984,2615,144,4011,3024,2956,4106,1906,1549,1547,986,626,2376

test suite409
bestAPFD:0.913933
bestSuite:3473,1665,2229,3477,1984,2408,4064,3777,2778,1398,4111,1899,656,1705,768,412,1789

test suite410
bestAPFD:0.918258
bestSuite:2898,1508,4039,2915,2376,4086,4057,3260,1422,2220,742,1187

test suite411
bestAPFD:0.935725
bestSuite:3657,2377,2268,1735,4115,2082,1767,623,2605,2039,2629,2656,3769,55,1275,1055,995,4057

test suite412
bestAPFD:0.910535
bestSuite:2640,3011,1732,1554,3283,3903,713,3453,4103,528,2893,3708,1696,3610,3398,4078

test suite413
bestAPFD:0.910650
bestSuite:2705,3143,2375,3503,3790,1066,4088,3505,1518,1797,1664,4080

test suite414
bestAPFD:0.933621
bestSuite:2521,382,4067,4086,2272,3194,933,959,811,248,766

test suite415
bestAPFD:0.931622
bestSuite:3151,3784,3016,933,3371,4108,988,4065,1533,2960,3936,2666,2909,165,1489

test suite416
bestAPFD:0.917257
bestSuite:2035,3040,1838,2649,4109,4061,3974,2249,3846,890,3428

test suite417
bestAPFD:0.930576
bestSuite:2360,3215,3166,1904,4058,2293,4107,3677,3126,1732,591,1683

test suite418
bestAPFD:0.928964
bestSuite:2633,3575,2235,649,2477,142,4100,4074,1913,2433,1897,3243,1322,1386,1976

test suite419
bestAPFD:0.923956
bestSuite:3437,4035,2763,392,899,1439,1032,3737,4073,808,4114,1775

test suite420
bestAPFD:0.905852
bestSuite:3845,3830,2474,887,1550,3923,1459,1861,1059,4058,4107,2671,1796

test suite421
bestAPFD:0.936945
bestSuite:2898,3039,1921,1241,2363,4110,4078,1137,4030,1500,1491,953,2970,2614,215,74

test suite422
bestAPFD:0.935553
bestSuite:2609,361,2333,4066,4112,2659,4030,996,1641,2474,2449,3748,2083,3824,1200,2624

test suite423
bestAPFD:0.939496
bestSuite:2179,4083,2354,4101,663,2053,3876,2264,3993,1493,3021,26,3986,1850

test suite424
bestAPFD:0.927082
bestSuite:3465,3034,2354,4081,1079,2617,4107,1762,1619,673,60

test suite425
bestAPFD:0.931972
bestSuite:3319,4,1617,4085,4094,978,903,2272,2463,1484,1863,3318,1164,4045,243,1269

test suite426
bestAPFD:0.923376
bestSuite:2509,3974,3840,3903,3085,2486,4099,1775,4059,1,298,3552,1149,1633,552,4013

test suite427
bestAPFD:0.929483
bestSuite:3134,2062,3036,4089,2390,3926,1178,3369,4084,3189,2762,2413,3482,2468,2859,3062,525,1616,1645

test suite428
bestAPFD:0.923717
bestSuite:1649,3472,1587,120,2895,1856,2401,4106,1261,4063,2349,3081,1600,2943,2810,1501,1191,3243,1520

test suite429
bestAPFD:0.943608
bestSuite:2179,2964,2201,1916,4072,4111,1482,2603,953,3590,3740,3770,2074,2744,2590,554

test suite430
bestAPFD:0.912025
bestSuite:2925,2780,3433,2338,4083,1109,4111,683,2666,420,2008

test suite431
bestAPFD:0.922859
bestSuite:2231,3509,3234,2658,1975,987,1169,4084,2886,4094,404,268,4020,1889,2932,3044,980,3727

test suite432
bestAPFD:0.903838
bestSuite:1614,3915,1894,4037,1481,2313,2060,1398,4102,2984,627,4069,2622,3540

test suite433
bestAPFD:0.928546
bestSuite:3534,3012,4098,2432,3980,2575,2580,4057,922,4,1075,853,3762,1101,2442,24,3130,3172,289,3161,1272

test suite434
bestAPFD:0.934044
bestSuite:2360,3014,2284,4073,4097,137,3012,3172,3204,3942,930,698

test suite435
bestAPFD:0.936031
bestSuite:2360,3078,715,1168,4106,3080,4070,3625,2861,4055,3114,3994,1968

test suite436
bestAPFD:0.932821
bestSuite:3844,1493,2909,451,4060,3503,4086,2049,1386,234,3241,2107,1590,2853,628,1449,396,522

test suite437
bestAPFD:0.930464
bestSuite:3668,3072,2731,3809,3921,4072,1692,1004,1844,2707,1539,2886,15,4098

test suite438
bestAPFD:0.920159
bestSuite:2096,2938,3849,2162,2956,3884,3199,3899,4115,792,2009

test suite439
bestAPFD:0.921288
bestSuite:3418,2534,3486,2922,3123,3434,4057,1780,4106,734,810,75,1579,1971,1720,211,2220

test suite440
bestAPFD:0.919847
bestSuite:2102,3119,1691,2099,2835,3425,4087,3482,3694,4081,696,3711,3232,3281,1008,637

test suite441
bestAPFD:0.929900
bestSuite:3716,3993,2834,4080,4093,1834,294,3357,44,3089

test suite442
bestAPFD:0.914423
bestSuite:2240,3203,3067,321,1016,1134,4095,3758,669,3503,1491,3751,1151,4084

test suite443
bestAPFD:0.924678
bestSuite:2348,4006,2927,2621,2740,4070,4099,1571,2411,1736,2059,737,1417,3132,39,1929

test suite444
bestAPFD:0.935589
bestSuite:2487,3641,290,4065,1390,4101,3277,3697,2991,3773,1212,2820,2706,3426

test suite445
bestAPFD:0.935149
bestSuite:3349,2548,4072,2447,4102,2863,1850,1913,772,3425,1662,3611,2960,3925

test suite446
bestAPFD:0.929515
bestSuite:3771,2628,4007,4115,1127,4069,2265,1910,200,2000,707

test suite447
bestAPFD:0.939787
bestSuite:2521,3382,4068,2500,4086,1501,1547,3598,674,3819,834,3146,3571

test suite448
bestAPFD:0.930441
bestSuite:3781,3593,1943,2035,1101,2656,4082,4087,2549,1596,1466,2170,3261,54,1542,3396

test suite449
bestAPFD:0.924830
bestSuite:2521,34,4075,4103,3231,1821,2202,3169,1701

test suite450
bestAPFD:0.927878
bestSuite:3173,489,3146,1115,3957,2413,3985,4115,4058,757,2631,66,1775,2256,786

test suite451
bestAPFD:0.927579
bestSuite:2184,2119,1759,3372,4080,2150,1355,4110,3536,1690,3729,3145,1656,2247,3528,3547,3916,12,1704

test suite452
bestAPFD:0.938629
bestSuite:3787,2780,3097,3552,4074,4095,545,960,17,1899,3883,1358,672,2201,752,3943,1008

test suite453
bestAPFD:0.933947
bestSuite:2366,3555,2776,4080,1256,4093,1596,2182,2959,2472,3567,1882,2560

test suite454
bestAPFD:0.912439
bestSuite:2422,175,2145,4057,1550,1290,3443,4088,2749

test suite455
bestAPFD:0.920418
bestSuite:1811,3400,3728,2076,2264,4078,3011,4089,1736,1003,1918,3269,2449,2992

test suite456
bestAPFD:0.930456
bestSuite:3628,2823,2318,3140,4096,4079,2733,1491,659,1423,3174,2664

test suite457
bestAPFD:0.944172
bestSuite:3219,2073,4107,1355,1699,4067,3840,1375,1562,2406,3539,3655,3892,2444,2024,89,2228,1332,1926

test suite458
bestAPFD:0.942716
bestSuite:2164,3588,4087,4059,3674,3389,2645,1849,2599,1612,3878,3355,1481,21,1268,511

test suite459
bestAPFD:0.931762
bestSuite:2724,2564,4084,648,4111,2812,2496,3790,810,2884,3527,2259

test suite460
bestAPFD:0.944252
bestSuite:2164,3540,1398,4103,4079,3679,830,3709,2800,3501,3244,2983,2172,3900,2701,3754,3089,1679

test suite461
bestAPFD:0.924069
bestSuite:2722,2099,725,4061,1584,1466,1193,4093,3664,3260,3553,3866,2819,659

test suite462
bestAPFD:0.924630
bestSuite:3381,2108,3844,1860,1573,665,1726,681,4061,4108,3096,541,3694,1755,1228,3505,1772

test suite463
bestAPFD:0.939296
bestSuite:3178,263,2432,4090,4085,1618,2399,3043,3867,1452,3128,405,3654,2759,831,2550,3475,1006

test suite464
bestAPFD:0.942772
bestSuite:2521,3609,747,4096,4081,3716,317,2704,3254,2106,938,426,3369,329,947

test suite465
bestAPFD:0.930299
bestSuite:2369,3698,3447,2201,4103,4084,988,2810,1524,3644,2792,2755,2274,3530

test suite466
bestAPFD:0.926350
bestSuite:3288,3559,4041,2788,1537,3011,1915,830,2643,4084,4100,994,390,1917

test suite467
bestAPFD:0.926598
bestSuite:2115,3323,770,2703,1765,1396,4115,4075,2027,1750,2026,3547

test suite468
bestAPFD:0.918597
bestSuite:2854,1425,2066,2683,4075,4112,2313,2089,1437,2444,3224,1638,1412,1229,960

test suite469
bestAPFD:0.924344
bestSuite:3080,1193,1732,2498,520,4115,4075,887,1798,2901,1791,790,2059,3796,1472,2297

test suite470
bestAPFD:0.939559
bestSuite:2115,3502,3477,4097,2201,4067,3418,627,1787,2427,1774,3769,3455,103,904,2642,2211,3805

test suite471
bestAPFD:0.933079
bestSuite:3306,2927,1921,3140,4060,3886,3550,2593,961,2089,3780,2050,4106

test suite472
bestAPFD:0.910834
bestSuite:2955,3034,2123,2370,2854,818,1579,2167,4100,836,4084,2896,3310,129

test suite473
bestAPFD:0.932357
bestSuite:3557,2595,3472,2879,4077,3857,4106,2393,1334,937,1635,1652,1778,3901,1638

test suite474
bestAPFD:0.942628
bestSuite:3765,3022,2633,4075,4088,822,641,1012,2528,578,2825,3027,2929,3103,602,1413,1410,3780

test suite475
bestAPFD:0.930812
bestSuite:3521,3844,3924,1604,4098,3136,2394,4062,1659,2125,865,2421,2544,1603,3111,2539,582

test suite476
bestAPFD:0.896462
bestSuite:2840,2192,2496,55,4064,2229,2839,4108,1390,678,2858,1785,899,3438,3805

test suite477
bestAPFD:0.945643
bestSuite:3717,2162,4062,4106,2112,3564,3228,683,3993,865,2411,3532,2269,3593,822

test suite478
bestAPFD:0.929567
bestSuite:3844,2948,677,2549,4093,4084,3352,2513,3380,2412,1160,2799,285,234,680,2585,2611,2573

test suite479
bestAPFD:0.929578
bestSuite:3173,3421,3442,1120,4075,2444,4100,2531,1720,3602,2344,1401,3149

test suite480
bestAPFD:0.930230
bestSuite:2070,3143,2947,2557,2523,3352,4092,2111,4071,2550,2876,2665,3938,1561,1507,2889,1815

test suite481
bestAPFD:0.925471
bestSuite:3494,2748,803,3807,2528,4060,1443,1023,3478,4088,3860,1451,1709,2547,3428,2549,1143

test suite482
bestAPFD:0.928651
bestSuite:3465,2144,1704,1354,4061,4101,2070,1776,4003,566,2675

test suite483
bestAPFD:0.938443
bestSuite:3872,3062,2596,2737,1395,4088,4062,1864,3917,2424,934,3878,3743,1426,3114,3995,22,1697

test suite484
bestAPFD:0.922419
bestSuite:2499,2755,3495,2408,2790,1168,4080,870,4094,2419,3725,3102,2290,1944

test suite485
bestAPFD:0.922671
bestSuite:1735,3444,3552,1322,2374,1474,2057,4095,4071,3370,1853,2990,1001,1030

test suite486
bestAPFD:0.931345
bestSuite:3278,2668,4091,4062,3105,2642,1617,2190,692,2219

test suite487
bestAPFD:0.935491
bestSuite:1945,3446,3645,3460,4095,3777,4069,1682,3619,2491,2907,1280,1109,351,2146,75,965

test suite488
bestAPFD:0.923820
bestSuite:3575,2402,3810,3665,1509,4081,1000,3379,960,3836,3276,2285,4110

test suite489
bestAPFD:0.921152
bestSuite:3844,3845,1657,2295,1585,4084,1458,4098,2695,1085,1208,2133,2867

test suite490
bestAPFD:0.929310
bestSuite:2633,3660,793,4109,747,689,3122,956,4063,1535,700,2799,2644,2216,4020,3376

test suite491
bestAPFD:0.902748
bestSuite:2111,1115,3161,1696,3126,1956,2311,2335,4062,1618,925,4108,898,2535,1798,1306,1448,2276,3036,2151

test suite492
bestAPFD:0.916244
bestSuite:3928,3607,3870,2280,1984,635,2448,696,4109,4071,923,321,3348,693,1284,1338

test suite493
bestAPFD:0.926595
bestSuite:2564,3067,1670,3272,1251,2172,4104,1942,4062,2814,1894,642,2181,1041

test suite494
bestAPFD:0.934927
bestSuite:3872,2803,935,1263,85,4092,4079,1967,2918,1732,637,1864,914,850,3019,2647,3510,3592,2370

test suite495
bestAPFD:0.919692
bestSuite:3598,2382,3843,2867,4115,4063,2432,1594,2122,2541,2014

test suite496
bestAPFD:0.921493
bestSuite:2261,2457,3954,2668,4080,3527,4105,2984,2839,3531,1745

test suite497
bestAPFD:0.941546
bestSuite:3554,516,1035,3615,4106,4066,1716,2965,988,2006,1550,1897,4000,1925,494,963

test suite498
bestAPFD:0.939673
bestSuite:2261,3319,3703,4063,4107,3237,1596,720,3284,3971,1568,351,884,3662,1372,1296,1430

test suite499
bestAPFD:0.930552
bestSuite:3084,2898,1986,3502,1042,4087,4082,2112,2083,3370,3531,1575,2651,3791

test suite500
bestAPFD:0.928104
bestSuite:3927,3770,1776,3257,3592,1241,2400,4098,791,4069,119,1482,1342,1017,1720,529,2819,3912

