test suite1
bestAPFD:0.954298
bestSuite:3561,2172,2013,825,2664,915,954,1599,2934,1979,1884,3473,3666,1198,2790,2593,4069,4104,3474,3355,3111,3438

test suite2
bestAPFD:0.932669
bestSuite:2737,3472,2919,3409,3384,2246,3104,806,2562,51,1853,1481,4063,3651,1036,1364,2675,4086

test suite3
bestAPFD:0.937840
bestSuite:3134,3595,2192,216,1524,2097,2511,2955,3499,1255,1011,4037,4108,4066,3919,3582

test suite4
bestAPFD:0.934394
bestSuite:1617,3381,3809,567,2042,2341,2148,4059,1354,4089,1210,701,1190,1583

test suite5
bestAPFD:0.930336
bestSuite:2422,3520,27,4066,3589,3976,2973,1451,4109,1263,1915

test suite6
bestAPFD:0.944746
bestSuite:1425,3896,3408,3926,2535,2907,3813,3160,3893,4079,1109,2795,672,1688,4103,995,676,799

test suite7
bestAPFD:0.941206
bestSuite:3278,271,3008,2182,1589,844,2221,1894,4093,4078,3864

test suite8
bestAPFD:0.940519
bestSuite:3927,2102,2270,822,1750,832,803,2018,4007,204,2543,2135,2276,3744,3453,4091,4066,3320

test suite9
bestAPFD:0.934783
bestSuite:2942,3034,1950,1429,644,904,928,988,3631,4082,3091,3985,4089,1023

test suite10
bestAPFD:0.935507
bestSuite:3117,2382,1811,3072,352,3328,1640,1607,2349,1272,3229,1281,2663,4085,4107

test suite11
bestAPFD:0.946040
bestSuite:3353,2948,800,1473,1741,3490,1357,174,24,2381,3442,4077,4107,3815

test suite12
bestAPFD:0.967677
bestSuite:2521,3633,274,4073,3162,3516,3302,3430,3152,4094,2483,331,1557,1633,651,2943,929,1690,2011

test suite13
bestAPFD:0.932745
bestSuite:3809,1684,2498,801,4054,489,1578,2399,258,3819,1269,2550,2175,3875,4083,4109

test suite14
bestAPFD:0.928512
bestSuite:4011,3312,141,3337,3484,142,2162,528,3061,3689,4095,4085,3956

test suite15
bestAPFD:0.947324
bestSuite:3554,2225,2035,1396,1504,920,2187,291,1705,2015,4065,4109,3144

test suite16
bestAPFD:0.953261
bestSuite:3668,2561,116,1997,736,3327,1277,1055,3647,1059,3910,2568,3884,735,1432,2795,3299,4084,4113,3624

test suite17
bestAPFD:0.929348
bestSuite:3935,3850,3071,2020,963,1398,985,1825,2017,4099,4057

test suite18
bestAPFD:0.951087
bestSuite:2372,3066,200,4085,3317,3823,657,4112,1042,2342,1679,1664,1469,1020,1502

test suite19
bestAPFD:0.925725
bestSuite:3178,2599,2906,846,1910,2353,4072,4113,3305

test suite20
bestAPFD:0.942633
bestSuite:2359,2058,2964,2966,2823,3874,1519,1871,524,2681,3734,4065,3653,3773,2299,4101,1096,1464

test suite21
bestAPFD:0.948161
bestSuite:2761,3157,3385,4081,3054,3673,4103,48,861,2351,1127,2932,1306

test suite22
bestAPFD:0.933824
bestSuite:3293,873,3304,1275,3552,3418,2976,2111,511,2130,2950,4021,532,1046,3065,4101,2956

test suite23
bestAPFD:0.953986
bestSuite:3278,287,1158,2027,1453,1046,1853,1466,868,940,1538,2172,4103,4082,4046

test suite24
bestAPFD:0.942935
bestSuite:2163,3094,3312,853,2510,925,4071,1111,3505,4104,1355,72,2133,1325

test suite25
bestAPFD:0.925725
bestSuite:3809,1945,3254,1839,1703,28,1481,1923,3415,2415,1290,2128,4086,4084,3958

test suite26
bestAPFD:0.933504
bestSuite:3502,2939,3137,2087,2958,873,2190,824,1765,3421,3124,3714,2811,1138,1232,4101,4061

test suite27
bestAPFD:0.942136
bestSuite:3349,1769,3616,1804,2591,3022,3092,2997,2629,1513,3261,569,1514,1888,2802,4072,4093

test suite28
bestAPFD:0.936594
bestSuite:3793,3924,1839,3148,3149,2874,2873,1595,1532,1988,1610,139,1474,448,196,4076,4096,3713

test suite29
bestAPFD:0.936759
bestSuite:2422,2628,3327,282,2755,4057,4107,2516,1322,1709,2745

test suite30
bestAPFD:0.955797
bestSuite:3278,2362,2661,1240,1606,1614,679,1495,1402,4110,4083,3463,3569,3091,3303

test suite31
bestAPFD:0.954710
bestSuite:2776,3437,6,2791,4066,2883,1972,3823,2497,3647,4113,1729,1893,2573,1745

test suite32
bestAPFD:0.937888
bestSuite:2369,3137,926,3520,729,3432,2231,3580,4073,1160,4104,1061,2151,418

test suite33
bestAPFD:0.909420
bestSuite:2978,2873,195,390,3097,2235,3492,4062,4105

test suite34
bestAPFD:0.938735
bestSuite:3346,118,685,1256,2010,828,2341,1809,4058,4102,3796

test suite35
bestAPFD:0.926630
bestSuite:2661,1686,3318,1829,1438,1600,2248,2396,2952,3432,4071,3732,2140,4108,2865,286

test suite36
bestAPFD:0.932274
bestSuite:3465,1680,2989,3633,2643,2896,3763,1397,2055,4051,3033,4068,4105

test suite37
bestAPFD:0.939931
bestSuite:3092,2092,2286,420,1743,1660,1979,622,1370,2568,1031,3082,955,3686,1138,1239,2784,4057,4093

test suite38
bestAPFD:0.930124
bestSuite:3787,20,1659,2016,1538,1580,2000,4032,2867,2699,4065,4088,3100,3369

test suite39
bestAPFD:0.950515
bestSuite:3625,2184,1914,991,674,1916,1714,2892,2654,3341,2101,554,2480,3752,3481,3029,4104,4071,3527

test suite40
bestAPFD:0.938276
bestSuite:2598,2432,2112,3302,2448,3978,904,3480,780,4073,3831,2123,4096,2146

test suite41
bestAPFD:0.943539
bestSuite:2796,3125,3976,1806,3009,2977,770,2636,808,1875,1603,1650,2621,4057,2410,4113,2833,301

test suite42
bestAPFD:0.926877
bestSuite:3173,236,2432,2397,637,757,1468,2565,646,4076,4102

test suite43
bestAPFD:0.943954
bestSuite:3668,2705,2706,1937,2513,1000,2952,510,1021,1378,3602,3224,1196,2485,4068,4100

test suite44
bestAPFD:0.956522
bestSuite:3771,3326,3449,2394,1290,1745,1845,1425,2915,4074,4086,3733,3398,3223,3945,3851,3091

test suite45
bestAPFD:0.953028
bestSuite:3716,138,3921,3013,1299,2574,749,2660,987,4069,4098,3700,3115,3252

test suite46
bestAPFD:0.935688
bestSuite:2422,3614,292,3836,4066,3034,2461,4097,1472,1245,2205,2595

test suite47
bestAPFD:0.941727
bestSuite:2649,3217,355,2696,3310,3166,2271,1990,2680,3798,1927,4069,3940,3301,4100,1354,2227,1605

test suite48
bestAPFD:0.950815
bestSuite:2724,2939,788,1451,1532,489,930,1927,1549,4057,3512,3139,3079,3731,4103,180,2358,2385,2030,2260

test suite49
bestAPFD:0.936213
bestSuite:3447,1422,2637,974,636,649,2825,4030,3002,315,2855,2831,1376,359,1204,2542,4080,4098,3056

test suite50
bestAPFD:0.946558
bestSuite:3716,603,2628,1061,798,2606,2829,4078,4107,3960,3064,3097

test suite51
bestAPFD:0.956808
bestSuite:3556,2737,1902,215,2236,1606,2837,1581,3121,2593,1245,2383,2417,1325,4084,4109,3162,3488,3239

test suite52
bestAPFD:0.932669
bestSuite:3688,3961,3921,2001,1742,1609,1480,2678,968,3048,1281,2309,1156,1160,3996,4066,4095,3480

test suite53
bestAPFD:0.946739
bestSuite:3559,1852,2551,3449,2923,3063,927,865,2946,1029,2926,45,3747,1701,3903,1065,89,4106,4080,3287

test suite54
bestAPFD:0.950408
bestSuite:2333,3367,2168,1875,441,1625,4043,1713,1893,4073,2286,2812,4099,2141,1399,2318

test suite55
bestAPFD:0.943539
bestSuite:2099,3063,3833,3343,3010,2549,312,405,3441,1851,1678,4066,3605,1725,1824,4088,1108,537

test suite56
bestAPFD:0.951087
bestSuite:3872,2270,3384,276,978,1519,796,1999,1472,1597,1114,1929,2125,1395,4076,4108,3887

test suite57
bestAPFD:0.943614
bestSuite:2938,3039,3045,3737,207,2087,2548,2571,4063,3589,3956,4090,1328,2263,2111,2002

test suite58
bestAPFD:0.939614
bestSuite:2832,1838,3325,3922,3661,3359,3798,1827,409,1839,654,4062,3198,4010,3018,66,4115,1965

test suite59
bestAPFD:0.926087
bestSuite:3914,916,2827,2387,945,434,824,3497,1601,3002,1971,1312,1377,4058,4114

test suite60
bestAPFD:0.961384
bestSuite:2609,3520,475,3884,4062,2964,3172,1809,4110,2400,2805,1119,536,657,2106,661,1304,1753,21

test suite61
bestAPFD:0.952446
bestSuite:2776,2474,3472,4063,2939,3947,2923,3128,3994,4097,1331,701,2260,1476,2404,2140

test suite62
bestAPFD:0.943841
bestSuite:3192,2301,2780,1719,1487,1345,717,2282,626,3182,1212,4096,3951,4069,3577

test suite63
bestAPFD:0.936759
bestSuite:3208,2942,3134,1460,1085,1797,4113,4084,3090,3940,3020

test suite64
bestAPFD:0.951993
bestSuite:1852,3167,2184,3873,2854,321,2234,2884,2454,4081,3370,4096,2787,1235,813,894,1549,1446

test suite65
bestAPFD:0.927795
bestSuite:3984,2387,1997,3454,3293,3102,614,1952,3383,3963,1646,2540,4105,2956

test suite66
bestAPFD:0.945313
bestSuite:2954,3007,3328,3134,3053,3166,3831,4058,3297,3888,3698,134,4112,1596,638,893

test suite67
bestAPFD:0.929008
bestSuite:2203,1663,2148,3155,1321,983,997,3847,1362,2338,4064,321,2298,566,4089,2685

test suite68
bestAPFD:0.936141
bestSuite:2207,3392,3817,4037,1554,1861,2587,1669,644,2036,4045,4085,3901,3301,3479,2631,4089,1198,1094,299

test suite69
bestAPFD:0.928313
bestSuite:2051,3607,2986,3843,669,1599,3363,3300,563,2014,2351,1887,892,2500,1755,2005,2475,4060,4110,1357,121

test suite70
bestAPFD:0.927083
bestSuite:2700,2255,2044,3126,3617,2329,4059,1514,4103,1335,1243,1026

test suite71
bestAPFD:0.947826
bestSuite:3984,2882,1517,693,1937,3422,3153,1361,81,2416,685,1402,1365,687,3661,3434,4081,4109,2970,3938

test suite72
bestAPFD:0.939130
bestSuite:3841,3638,1814,2531,524,360,3082,3692,1741,1703,991,1178,4063,4095,3525

test suite73
bestAPFD:0.962258
bestSuite:2080,392,2693,4005,4063,3220,3243,3930,4094,2222,1498,1896,2753,2820,772,824,1993,1657

test suite74
bestAPFD:0.940217
bestSuite:2261,3833,2906,4056,1096,4053,2083,4067,1862,4104,607,2513,1887,1910

test suite75
bestAPFD:0.926630
bestSuite:2521,3349,4073,3903,3144,4106,1903,1620

test suite76
bestAPFD:0.944816
bestSuite:3964,2115,2599,1926,1690,3606,1383,366,3649,884,3449,4107,4061

test suite77
bestAPFD:0.932669
bestSuite:2733,2659,2983,2124,956,944,1335,3609,3885,865,933,2841,4078,2024,2702,4089,440,102

test suite78
bestAPFD:0.966304
bestSuite:2179,4072,3036,2858,4115,715,1840,1816,1722,873,630,1,1430,2921,1635,9,2617,2706,2857,2680

test suite79
bestAPFD:0.947593
bestSuite:3178,2398,2638,2123,2491,3918,3703,1839,696,3059,1686,4063,4100,3976

test suite80
bestAPFD:0.941176
bestSuite:3117,1501,2068,2032,3148,1020,2902,2073,2016,935,3857,3533,2937,1329,4059,4102,3939

test suite81
bestAPFD:0.931386
bestSuite:3561,1870,1997,1989,3984,1976,3298,1085,3868,2109,252,3974,3856,4084,4113,3663

test suite82
bestAPFD:0.944693
bestSuite:3559,2534,2458,471,3391,1013,1672,3047,1203,3092,3496,1802,1630,2694,4057,4093,3351

test suite83
bestAPFD:0.960598
bestSuite:3282,2426,1306,169,1473,2917,2284,2987,4002,1029,2797,1261,4074,4113,3340,3677,3079,4043,3103,3963

test suite84
bestAPFD:0.930184
bestSuite:2096,2966,2852,2060,960,1946,2884,3932,4075,3168,4112,1398,521

test suite85
bestAPFD:0.956220
bestSuite:2115,3272,2163,4033,3725,984,3401,824,4085,2527,941,1721,524,4086,1168,488,2286,111

test suite86
bestAPFD:0.942935
bestSuite:3717,1809,2477,1784,2147,4105,4058,3078,3846,3243

test suite87
bestAPFD:0.935085
bestSuite:2193,3564,3852,2828,1848,418,2071,3803,930,655,781,4063,2176,3150,1869,868,4087,1103

test suite88
bestAPFD:0.947464
bestSuite:3841,2696,1789,3917,1657,3328,1788,3403,2793,1703,1161,4093,4066,3482,3553

test suite89
bestAPFD:0.952785
bestSuite:4024,3588,3847,2229,3069,1241,1429,772,1760,1973,708,4092,4064,3483,3671,4017

test suite90
bestAPFD:0.916806
bestSuite:3730,1740,1014,3015,3495,2048,3318,2923,451,2505,3232,4074,4107

test suite91
bestAPFD:0.947654
bestSuite:4011,525,3367,2823,1747,271,83,1578,2605,2858,1407,4103,4067,3933,3019,3348,3537,3122,3172

test suite92
bestAPFD:0.933696
bestSuite:3381,2270,3218,1973,1198,3337,73,2680,909,859,1074,801,3761,2956,4092

test suite93
bestAPFD:0.934006
bestSuite:3013,842,3681,1520,3689,2629,1427,3923,1309,841,2013,3647,3921,472,1075,1021,585,3478,4097,4058,3733

test suite94
bestAPFD:0.942935
bestSuite:3911,3359,3017,1423,2052,2458,853,1473,2651,518,1402,2299,2550,1290,3884,1832,4063,4097

test suite95
bestAPFD:0.921377
bestSuite:3447,1614,3509,1600,1822,1707,3490,2071,404,20,1241,2308,297,4090,4082

test suite96
bestAPFD:0.922954
bestSuite:3617,2697,3012,696,1925,2995,2156,3439,3168,2550,3669,3104,3074,2217,3122,4058,4096

test suite97
bestAPFD:0.940857
bestSuite:2171,3961,2092,1571,1481,2302,1461,1651,3377,3743,3941,4058,2642,1184,4090,2340,2868

test suite98
bestAPFD:0.947011
bestSuite:3868,1650,887,3418,1429,1778,2017,3382,2201,2504,1244,3592,383,2255,3426,4059,4115,3414,4040,3917

test suite99
bestAPFD:0.933877
bestSuite:2344,3197,2114,3093,3727,4084,3549,1834,1904,4088,1334,1492

test suite100
bestAPFD:0.925000
bestSuite:3465,662,2428,3640,2112,2516,3447,1184,4111,4082

test suite101
bestAPFD:0.939829
bestSuite:2281,2427,2548,3669,3183,3710,4074,3483,3100,3757,1736,4094,1240,296

test suite102
bestAPFD:0.933424
bestSuite:2372,3555,3495,2658,2956,3227,3064,1593,4113,1035,615,1428

test suite103
bestAPFD:0.953804
bestSuite:3556,1485,3194,770,99,1677,921,1532,2416,2026,3677,4111,4081,3238,3725,3114,4020,3401

test suite104
bestAPFD:0.942120
bestSuite:4006,3015,1880,1201,1101,956,689,2437,473,968,2745,3926,575,2089,1060,1386,4058,4096,3701,3783

test suite105
bestAPFD:0.947101
bestSuite:2826,3777,93,3371,2058,4057,941,1463,1433,798,4115,1027,2009,1105,803

test suite106
bestAPFD:0.929688
bestSuite:3403,3393,820,1949,1892,3982,719,1534,2072,1799,3620,3703,2522,2753,4062,4098

test suite107
bestAPFD:0.930797
bestSuite:2180,3441,775,2964,2835,3871,2280,1775,624,2659,4074,2606,4091,1216,2371

test suite108
bestAPFD:0.940606
bestSuite:3349,3839,2950,3548,3976,2433,1540,1713,1246,86,2580,1651,4060,4099

test suite109
bestAPFD:0.934365
bestSuite:3173,2440,343,2789,2324,3703,220,1797,1933,1325,4091,4061,3056

test suite110
bestAPFD:0.951087
bestSuite:3877,2338,413,3327,1806,934,706,2652,1115,2643,2148,196,2250,1591,3286,1478,2650,4062,4101

test suite111
bestAPFD:0.940217
bestSuite:3612,563,2705,471,667,3948,2365,3941,1127,2435,1919,987,1213,4062,4114,3837

test suite112
bestAPFD:0.926839
bestSuite:3993,1794,2839,2691,2815,1292,3919,2607,1374,1196,4057,4087,4055

test suite113
bestAPFD:0.942331
bestSuite:2359,4033,2722,3608,2221,2357,3141,3212,1755,2074,1982,4076,1792,671,4111,2227,1335,376

test suite114
bestAPFD:0.900136
bestSuite:3195,3455,2000,866,3798,1400,3595,4050,685,1960,2074,2031,798,221,4078,4096

test suite115
bestAPFD:0.937840
bestSuite:4046,2447,83,3850,3906,3266,3129,1734,1103,2719,1944,653,1638,2694,4075,4092

test suite116
bestAPFD:0.953964
bestSuite:2609,3209,3066,129,2333,4070,3334,2028,2778,2772,1866,4108,2400,880,1860,1928,1347

test suite117
bestAPFD:0.966897
bestSuite:2179,4083,3335,4003,3073,81,2678,4114,690,1470,1454,686,1596,1119,1645,2798,2341,2345,1177,2245,2827,2288

test suite118
bestAPFD:0.932065
bestSuite:2492,1422,3496,1666,2421,332,1333,2678,1960,4079,1222,2110,3484,4104

test suite119
bestAPFD:0.921377
bestSuite:3444,1667,1422,716,3094,2166,1883,2061,1905,76,2162,79,4074,4110,3357

test suite120
bestAPFD:0.901398
bestSuite:2231,3345,3506,1633,2264,872,2746,107,1596,2136,4060,2944,4088,1334

test suite121
bestAPFD:0.933424
bestSuite:2281,3616,2362,3752,2516,4077,3857,872,979,4090,2475,2645

test suite122
bestAPFD:0.939381
bestSuite:2344,3080,2386,3101,3340,2584,3150,4063,3729,4090,1079,994,1599

test suite123
bestAPFD:0.930254
bestSuite:3134,2375,2327,1799,3079,2676,2781,1139,2682,931,4102,4070

test suite124
bestAPFD:0.923913
bestSuite:2331,2945,1,1692,2206,780,1656,1616,2007,1853,330,2855,2825,4076,3812,4089,1061

test suite125
bestAPFD:0.940606
bestSuite:3668,72,2406,2567,1424,3460,1707,871,1334,2986,2316,3790,4114,2956

test suite126
bestAPFD:0.945313
bestSuite:3935,419,2190,493,510,1606,3441,2687,1282,3876,1880,1015,2205,4072,4108,3699

test suite127
bestAPFD:0.937340
bestSuite:3494,3137,1921,822,3666,3980,1779,1503,2576,2237,2169,2995,3232,1355,1040,4095,4069

test suite128
bestAPFD:0.944633
bestSuite:3465,788,2027,2016,1630,3496,2473,2510,2229,2301,2542,1115,2424,4084,4108,3550

test suite129
bestAPFD:0.948030
bestSuite:2954,3844,3382,2471,485,3418,4062,1714,1847,2479,4089,1192,682,884,2368,2306

test suite130
bestAPFD:0.955563
bestSuite:2826,3133,254,2104,2595,4084,3021,2309,3028,2357,4086,1338,1946,2221,2387,1610,2021

test suite131
bestAPFD:0.944746
bestSuite:3650,3012,2090,1776,386,4035,2302,2994,2208,2108,966,979,799,3801,1324,4088,4080,3276

test suite132
bestAPFD:0.947464
bestSuite:2609,1525,3200,3126,4065,3690,3701,794,4090,2230,1045,1463,755,1581,1553

test suite133
bestAPFD:0.948513
bestSuite:3324,449,4026,1437,2483,754,1845,2221,372,1316,2646,2336,989,2838,2309,1471,2417,4073,4110

test suite134
bestAPFD:0.929348
bestSuite:3809,2996,1563,786,2715,3862,1860,2585,1870,997,4023,4041,3852,3146,1383,414,4059,4091

test suite135
bestAPFD:0.927110
bestSuite:2668,1886,3402,661,1459,2468,2653,951,3880,3482,2949,2282,2793,156,4060,188,4100

test suite136
bestAPFD:0.940217
bestSuite:3080,3921,3873,2315,1828,274,778,1535,3846,1212,3459,3604,4071,4093,3729

test suite137
bestAPFD:0.930857
bestSuite:2923,3008,3873,3903,2508,3869,983,1010,152,1598,3046,4068,2279,2399,2865,4104,1134,105

test suite138
bestAPFD:0.949728
bestSuite:2333,3134,3137,3593,2975,1535,1012,264,3454,915,4057,3711,4113,426,2866,1024

test suite139
bestAPFD:0.927536
bestSuite:1425,3440,355,3007,3644,2052,2840,4081,899,4107,684,625

test suite140
bestAPFD:0.946817
bestSuite:2856,3012,2780,647,2019,1818,630,1970,4065,3351,2081,4101,397,2920

test suite141
bestAPFD:0.946040
bestSuite:2366,3013,3174,3047,1508,3226,2406,4084,4086,698,68,2113,2396,427

test suite142
bestAPFD:0.915217
bestSuite:3625,2374,1904,2212,3339,1290,2800,3699,4097,4068

test suite143
bestAPFD:0.952252
bestSuite:2164,3449,135,4068,3375,3305,3790,3742,3034,4105,2080,895,2355,763

test suite144
bestAPFD:0.932065
bestSuite:3556,2375,1571,768,18,1915,2548,4099,4068,3374

test suite145
bestAPFD:0.946332
bestSuite:3565,2066,3989,586,34,3641,1697,1052,2582,1676,2896,880,3283,4078,4089,3884

test suite146
bestAPFD:0.928261
bestSuite:2333,2257,910,1810,1738,882,1512,879,1935,988,3757,908,200,1515,4074,3093,4110,595,1029,2523

test suite147
bestAPFD:0.955314
bestSuite:2372,2407,3854,457,2288,4070,3785,2678,4097,1739,1245,2234,1831,672,1140,2893,1767,2298

test suite148
bestAPFD:0.934420
bestSuite:3559,2087,2284,3502,765,3801,3025,1783,3853,3272,1321,1920,1484,4105,4060

test suite149
bestAPFD:0.933424
bestSuite:2248,3167,3008,3005,926,2670,1050,3992,2387,3505,2242,4079,2101,3458,4088,2629

test suite150
bestAPFD:0.931905
bestSuite:2561,3796,3472,922,1592,711,926,3259,2112,2373,2944,3918,4059,3823,2322,260,4100

test suite151
bestAPFD:0.949275
bestSuite:3282,3575,1107,1942,1743,3254,2041,245,2253,2121,4115,4061,3876,3073,3960

test suite152
bestAPFD:0.946070
bestSuite:2856,3017,2499,2939,1668,1017,2016,4071,3128,3475,4087,2339,2207

test suite153
bestAPFD:0.934783
bestSuite:2344,3093,552,2966,3142,1884,3380,4077,3620,3445,1707,4089,1281,284,1226,2810

test suite154
bestAPFD:0.921625
bestSuite:3892,3793,2512,1675,762,1920,1728,3323,1800,2702,425,3011,1293,3626,3852,527,2262,4080,4114

test suite155
bestAPFD:0.929348
bestSuite:3221,2407,2517,1045,3543,909,770,1879,244,616,3194,2079,2605,2875,2396,3599,4115,4060

test suite156
bestAPFD:0.945290
bestSuite:2261,3234,1932,3011,1843,4062,3302,639,2159,4094,676,2494,242,630,2278

test suite157
bestAPFD:0.948068
bestSuite:1425,3177,34,3267,2740,3090,427,3567,2253,4076,1245,3276,4100,960,1253,1268,1446,1938

test suite158
bestAPFD:0.942935
bestSuite:1945,3490,3744,2711,3969,2437,4069,2941,1034,941,4115,2093,991,1559,1752,1637

test suite159
bestAPFD:0.924819
bestSuite:2560,2766,4041,2791,3042,2314,3805,849,3307,795,4072,4091

test suite160
bestAPFD:0.957126
bestSuite:2372,2995,111,4074,3546,3698,1002,4112,2781,1335,2715,2903,2368,1842,1601,2175,729,705

test suite161
bestAPFD:0.940580
bestSuite:3628,3924,297,3214,1183,2504,980,1666,1187,2255,1814,755,3249,2956,4104

test suite162
bestAPFD:0.948849
bestSuite:3665,2696,2058,2666,2270,2803,662,3187,1115,1525,735,990,958,213,4103,4067,2961

test suite163
bestAPFD:0.925854
bestSuite:3928,2184,970,1807,1914,1174,859,2406,3593,79,2400,1384,4092,4074

test suite164
bestAPFD:0.928094
bestSuite:4046,3293,2333,1449,1739,2415,691,1898,2489,3976,4065,4111,3651

test suite165
bestAPFD:0.945013
bestSuite:3841,2398,2683,791,3729,1864,2793,2206,3857,434,1340,1267,948,3126,492,4072,4093

test suite166
bestAPFD:0.951540
bestSuite:2179,3841,4074,3180,3746,1853,4099,1088,819,968,1696,2419

test suite167
bestAPFD:0.952640
bestSuite:3278,2898,2364,2752,3839,1354,1590,2771,4095,4058,3895,3769,3342,2976

test suite168
bestAPFD:0.941054
bestSuite:3178,377,2794,3583,860,1000,901,1600,2135,849,2392,4099,4073

test suite169
bestAPFD:0.929766
bestSuite:3521,1978,3015,2139,3855,502,2897,3281,668,2557,2713,4076,4107

test suite170
bestAPFD:0.941382
bestSuite:3781,2836,452,3012,3849,3493,3263,647,1556,2787,4085,4108,3294,3261

test suite171
bestAPFD:0.915421
bestSuite:2666,3433,1743,1691,3973,1863,1711,622,1789,1494,2691,565,4066,4111,1383,551

test suite172
bestAPFD:0.924592
bestSuite:3517,413,566,1614,2001,4069,4115,3859

test suite173
bestAPFD:0.939381
bestSuite:3313,872,3349,3446,828,965,3766,2411,2883,2563,4087,4078,3732

test suite174
bestAPFD:0.937340
bestSuite:2560,2917,1487,1817,3493,1696,3606,1910,693,1507,884,3334,1528,4079,4097,1095,570

test suite175
bestAPFD:0.937500
bestSuite:2834,3524,3062,3494,3560,3674,4064,3912,677,4088,881,1707

test suite176
bestAPFD:0.927649
bestSuite:2268,2171,2703,1561,3864,3595,1538,931,1807,2036,2685,1292,3876,2956,1183,4107

test suite177
bestAPFD:0.953089
bestSuite:3868,3665,2015,720,998,806,16,1777,775,1995,663,2854,1167,2195,1086,4071,4098,3182,3497

test suite178
bestAPFD:0.944794
bestSuite:2628,2468,697,641,699,2243,3663,1512,664,3224,2956,3790,3118,3307,4055,4087,1378,2793,2636

test suite179
bestAPFD:0.948822
bestSuite:3717,2474,1665,1550,2567,1256,664,910,757,4088,4073,3340

test suite180
bestAPFD:0.943323
bestSuite:3437,2275,1757,751,1557,2488,2841,4006,2139,2603,141,4068,3040,4104

test suite181
bestAPFD:0.964976
bestSuite:2521,3052,3692,239,2360,2862,4061,4017,3098,4105,669,1676,2075,1545,2550,2166,1579,1894

test suite182
bestAPFD:0.923913
bestSuite:2492,3601,3920,2418,2279,2542,1256,3983,347,119,735,4064,1831,1250,4101,1365

test suite183
bestAPFD:0.935688
bestSuite:2193,3097,2032,3218,3412,2253,417,1799,1608,659,1791,4072,1393,2101,3828,577,4095,367

test suite184
bestAPFD:0.919837
bestSuite:2509,3225,1622,2950,2130,1825,887,1655,2194,2956,4105,1125

test suite185
bestAPFD:0.937709
bestSuite:3557,3354,2145,1935,2386,2998,2991,3422,2123,1115,2847,4095,4083

test suite186
bestAPFD:0.930254
bestSuite:3749,1945,3012,3071,2150,258,3990,4028,221,1237,4075,4113

test suite187
bestAPFD:0.951407
bestSuite:2369,3769,812,3921,2016,1575,2925,4017,312,2458,2062,4075,3925,2429,4105,1120,2773

test suite188
bestAPFD:0.951087
bestSuite:2301,3137,3242,1010,2497,1886,628,2361,4082,4104,1364,2604,1055,511,253,2808

test suite189
bestAPFD:0.944664
bestSuite:2521,465,4057,3998,3884,3863,4101,2157,1086,1472,1534

test suite190
bestAPFD:0.936759
bestSuite:2099,2862,1931,3364,1383,493,3132,2220,4019,4045,2956,1629,3057,2952,1715,2919,2731,4115,202,1058,1254,2865

test suite191
bestAPFD:0.948030
bestSuite:3657,36,3794,703,2032,937,656,1426,1545,2140,2543,4102,4076,3910,3949,3562

test suite192
bestAPFD:0.948973
bestSuite:3615,3043,2332,4037,1996,3789,437,117,969,1365,2543,2464,1009,1542,1395,4114,4085,3476

test suite193
bestAPFD:0.935085
bestSuite:3706,2288,2060,474,1853,877,743,1661,904,3316,2583,1290,1380,3899,4100,4068,3731,3223

test suite194
bestAPFD:0.908696
bestSuite:3616,771,741,1496,2007,2376,1300,519,3864,3103,3636,2473,1097,4111,4058

test suite195
bestAPFD:0.950000
bestSuite:2275,3847,3614,2615,3645,2081,3769,2104,2986,4061,2130,4086,990,1983,296

test suite196
bestAPFD:0.943614
bestSuite:3349,3131,2447,2627,1703,1596,1115,92,524,3677,2760,1951,719,4094,4058,3901

test suite197
bestAPFD:0.956841
bestSuite:2372,3767,3222,58,4073,3182,2691,1725,499,4108,1763,2089,1887,2597,796,23,2787

test suite198
bestAPFD:0.937500
bestSuite:2163,3698,2593,1609,3398,2006,3029,4057,4099,475,2865,2530

test suite199
bestAPFD:0.959918
bestSuite:2179,3203,2988,4067,2017,770,3570,2925,4097,1085,945,454,2438,1248,2952,2127

test suite200
bestAPFD:0.931818
bestSuite:3841,2082,2230,2555,3358,4034,2140,1515,3170,4103,4072

test suite201
bestAPFD:0.933424
bestSuite:3570,2166,862,504,1923,1616,2338,955,2322,3243,3675,1287,3852,1254,4079,4110

test suite202
bestAPFD:0.948188
bestSuite:3556,2193,2698,14,446,874,1590,2879,171,2549,3078,2543,4096,4074,3462

test suite203
bestAPFD:0.953986
bestSuite:2632,2718,4068,3249,3122,3763,3637,3644,3243,3999,4106,1361,435,44,681

test suite204
bestAPFD:0.918972
bestSuite:2432,3167,3433,3051,3928,3580,942,2199,4066,4104,2589

test suite205
bestAPFD:0.937747
bestSuite:3991,662,993,3769,1200,1365,86,2063,2058,4099,4059

test suite206
bestAPFD:0.943182
bestSuite:3517,55,2503,1624,1320,1462,1981,4070,4110,4010,3194

test suite207
bestAPFD:0.943841
bestSuite:3208,3540,809,909,3657,2631,1384,1802,1190,1170,1596,1514,4104,4073,3068

test suite208
bestAPFD:0.936873
bestSuite:2595,2035,512,3794,4010,4075,820,2631,1460,4086,1034,53,1648

test suite209
bestAPFD:0.947890
bestSuite:3333,3665,2288,2270,765,2374,411,2512,3904,1174,2155,2893,3505,2523,2879,4105,4078

test suite210
bestAPFD:0.923495
bestSuite:2564,920,2825,3637,1351,2412,3862,4034,2627,4067,2239,4105,408

test suite211
bestAPFD:0.937291
bestSuite:3448,3206,1099,230,1640,2892,2098,2240,2806,4083,4090,3895,3706

test suite212
bestAPFD:0.924366
bestSuite:3570,2705,2016,1467,1995,3620,4050,1016,240,1065,4093,4068

test suite213
bestAPFD:0.904503
bestSuite:3282,3841,3980,708,2929,4077,4098

test suite214
bestAPFD:0.930072
bestSuite:2139,3354,392,4032,1911,747,976,2312,733,4071,2753,4086,1033,1222,2507

test suite215
bestAPFD:0.928329
bestSuite:3848,2853,891,1967,1707,1648,2351,3052,2403,3957,1209,543,304,4075,4099,3483

test suite216
bestAPFD:0.927536
bestSuite:2649,3490,3921,2971,2395,3549,4061,3731,774,4105,778,1579

test suite217
bestAPFD:0.929710
bestSuite:4031,2517,1506,2541,1122,3386,3323,2891,927,696,949,1989,642,4089,4067

test suite218
bestAPFD:0.934463
bestSuite:3203,2398,3184,2473,2030,475,1974,1968,785,1835,2365,2971,45,1302,3239,4081,4112

test suite219
bestAPFD:0.946256
bestSuite:3984,3529,2490,1545,3929,560,2517,2267,1691,2481,889,427,3423,1718,2989,4095,4080,3188

test suite220
bestAPFD:0.939130
bestSuite:2755,3066,3846,2338,1569,1713,1586,2927,978,4085,3492,70,4110,1200,2914

test suite221
bestAPFD:0.923525
bestSuite:3490,800,650,748,3401,3137,3010,3226,1557,195,385,3886,4078,4087

test suite222
bestAPFD:0.945652
bestSuite:3288,2834,2728,999,2640,1401,2365,1424,142,1837,1270,359,1484,4073,4109,3869

test suite223
bestAPFD:0.923913
bestSuite:3502,1806,2277,73,936,655,1783,815,1942,3723,988,1316,4078,4104

test suite224
bestAPFD:0.963555
bestSuite:2521,175,4074,3584,3813,3077,3843,3471,4113,1036,385,1952,1658,2492,853,2700,2781

test suite225
bestAPFD:0.930901
bestSuite:2548,3840,1845,391,1498,642,4065,2329,3958,3159,3617,4107,1072,2230

test suite226
bestAPFD:0.964245
bestSuite:2179,3420,3043,3509,4057,3745,3642,3734,4095,1951,994,1902,1658,2162,1146,115,24,2269,2123

test suite227
bestAPFD:0.920516
bestSuite:3554,467,2402,1672,741,1900,4072,4097

test suite228
bestAPFD:0.938859
bestSuite:3872,2180,2082,1506,520,3034,2176,3920,3537,4071,4109,3198

test suite229
bestAPFD:0.952517
bestSuite:3872,619,2014,2406,2584,2322,893,776,2888,2540,1111,1566,1,1119,2383,2152,4057,4115,3147

test suite230
bestAPFD:0.958238
bestSuite:2275,3038,2988,546,2633,2327,2980,4074,836,56,3347,2643,4089,1146,796,2054,1326,2254,1478

test suite231
bestAPFD:0.947890
bestSuite:3258,2425,2703,2633,790,869,2540,658,1728,752,1527,1941,2089,3544,727,4063,4096

test suite232
bestAPFD:0.933696
bestSuite:2427,1692,1917,3767,1690,1451,994,2491,2716,3802,3181,2480,4084,2156,3180,1147,3321,4098,1156,559

test suite233
bestAPFD:0.912549
bestSuite:3026,1884,3381,3325,2593,2362,705,1091,4108,4078,3103

test suite234
bestAPFD:0.938519
bestSuite:2633,3433,1608,754,1451,437,1307,420,1010,1431,3360,4060,3456,4098,2453,2204

test suite235
bestAPFD:0.942935
bestSuite:2548,2722,417,635,1682,1574,533,1460,1014,4065,3549,3111,3805,4111,1316,2763,2298,518

test suite236
bestAPFD:0.918798
bestSuite:2119,2471,646,917,1444,1797,2338,2651,3451,1368,609,3166,4072,2739,2245,4102,1312

test suite237
bestAPFD:0.930602
bestSuite:2333,3418,2835,3042,106,969,566,4083,2357,3776,4115,2612,2030

test suite238
bestAPFD:0.927258
bestSuite:2253,3176,3354,2363,3982,3540,1503,4053,636,908,792,4079,4104

test suite239
bestAPFD:0.921355
bestSuite:3417,3455,3901,4020,1192,3732,1688,1727,637,1783,680,802,2990,3204,2391,4071,4100

test suite240
bestAPFD:0.955243
bestSuite:2690,3490,3907,119,2930,2736,4069,4029,4103,1326,2062,529,2204,1796,1990,2939,874

test suite241
bestAPFD:0.941934
bestSuite:4054,1614,2016,4027,1821,680,2265,3129,2162,2119,3370,3232,2833,3673,2846,1399,4081,4098,3321

test suite242
bestAPFD:0.940994
bestSuite:3324,2945,1920,747,1241,258,3604,1689,2055,3580,4113,4076,3760,2997

test suite243
bestAPFD:0.925725
bestSuite:3192,2673,2267,4015,1996,2967,3157,3869,1693,1562,4093,4083

test suite244
bestAPFD:0.948529
bestSuite:3841,2944,2887,2496,3813,1547,1474,815,852,3870,393,1340,912,1042,734,4084,4090

test suite245
bestAPFD:0.962258
bestSuite:3517,228,844,2019,1182,851,2435,1899,955,895,637,1583,4091,4062,2985,4015,3984,4051

test suite246
bestAPFD:0.946817
bestSuite:3178,2814,2432,736,1839,2549,1834,1661,3488,1611,1848,4089,4062,3249

test suite247
bestAPFD:0.927536
bestSuite:3529,1967,3666,1459,2231,1796,2807,389,3399,2235,1026,2254,1331,4064,4088

test suite248
bestAPFD:0.955012
bestSuite:2337,3907,3448,3422,227,4065,2569,2286,2858,1644,4087,21,496,1542,1361,911,2719,1104

test suite249
bestAPFD:0.940557
bestSuite:3206,3086,3844,1685,2703,1697,869,3183,2052,2946,3836,431,703,1557,4107,4077

test suite250
bestAPFD:0.950569
bestSuite:2661,2835,2988,3006,1690,1625,1561,891,2839,2687,3594,4075,1289,2063,1143,4089,2141,2494,2859,522,2727

test suite251
bestAPFD:0.934420
bestSuite:2028,3645,763,2710,1704,1480,1890,3548,1895,4062,4097,1200,2739,2026,2566

test suite252
bestAPFD:0.956275
bestSuite:2561,3984,3670,1755,726,673,3272,1688,1219,2286,1080,3826,2429,352,2956,3368,1111,4102,2801,1351,1366,517

test suite253
bestAPFD:0.960404
bestSuite:2615,3921,3502,2068,2728,1559,621,787,1549,1453,698,2798,2390,4077,3542,3462,2687,4107,1289,75,2198

test suite254
bestAPFD:0.944444
bestSuite:3131,2499,2162,1024,247,2363,3120,878,1644,1748,1472,1923,2745,3807,3762,4061,4100,3027

test suite255
bestAPFD:0.961353
bestSuite:2761,3899,4076,3475,2949,3579,836,2836,4094,1243,2111,1251,887,2787,219,511,2619,282

test suite256
bestAPFD:0.947011
bestSuite:2609,3124,3983,3707,4071,3339,23,1988,851,1748,4092,2728,1417,1436,768,2286

test suite257
bestAPFD:0.923611
bestSuite:2389,1667,1430,632,3272,2030,3477,546,974,1857,3979,415,2313,4068,4110,2404,1033,2037

test suite258
bestAPFD:0.948579
bestSuite:3554,93,1251,1276,1663,2159,3208,2956,4105,3389,3784,3149,3974

test suite259
bestAPFD:0.926471
bestSuite:2099,923,3334,3951,3034,1158,290,3725,3238,999,2001,4072,990,875,1871,908,4090

test suite260
bestAPFD:0.956910
bestSuite:3717,640,138,1692,2778,2750,1875,656,4071,4104,3006,3813,3768,3590

test suite261
bestAPFD:0.907065
bestSuite:1814,2939,3017,2839,2985,3941,4069,2250,4103,1286

test suite262
bestAPFD:0.951087
bestSuite:3991,3203,3282,894,3628,3134,1645,795,121,270,4076,4106,3656,3055

test suite263
bestAPFD:0.952803
bestSuite:3173,3927,129,2969,728,679,1873,1321,626,1957,1603,250,2886,4108,4064,2993,3952,3436,3041

test suite264
bestAPFD:0.946105
bestSuite:3278,2270,3767,3804,402,1050,1981,2397,4086,4085,3201,3791

test suite265
bestAPFD:0.932745
bestSuite:2538,2888,3973,3360,1435,1942,1587,200,2083,4059,3825,3950,2697,4111,1263,57

test suite266
bestAPFD:0.930556
bestSuite:2852,886,2302,1509,2068,1219,902,1560,2407,820,4059,2875,3970,260,4099,1328,1098,2077

test suite267
bestAPFD:0.926970
bestSuite:2104,3973,3583,1626,1517,3689,378,3402,3284,3548,3459,2368,4084,4104,1397,2821

test suite268
bestAPFD:0.933946
bestSuite:3787,3911,896,1757,147,2486,2491,2361,1206,1417,4083,4094,3271

test suite269
bestAPFD:0.927083
bestSuite:2724,2408,1659,2013,411,914,1897,4061,3362,4086,2910,2530

test suite270
bestAPFD:0.926003
bestSuite:2755,3174,1493,1812,2649,3851,51,2528,2590,4057,4105,1331,1358

test suite271
bestAPFD:0.936499
bestSuite:3272,2823,1497,2293,1750,794,2550,953,1595,1393,1936,1461,506,54,3342,1190,4090,3762,4075

test suite272
bestAPFD:0.941176
bestSuite:3748,2564,148,2401,3290,1955,956,2129,3426,1192,957,1514,3533,3492,4113,4084,3525

test suite273
bestAPFD:0.940897
bestSuite:3192,345,256,3033,2448,3507,912,874,2996,2550,2248,3237,1850,1887,4102,4082

test suite274
bestAPFD:0.937020
bestSuite:3929,3094,546,2762,2026,2585,679,3904,3091,740,1395,1651,1607,1658,4086,4060,3931

test suite275
bestAPFD:0.945080
bestSuite:3333,749,663,1507,882,3929,244,924,902,2990,1251,524,2742,2043,2194,4102,4058,4021,3096

test suite276
bestAPFD:0.954233
bestSuite:3615,2737,3625,1943,1724,2232,1647,3243,1738,744,1487,1355,3041,3420,3510,3758,4088,4059,3315

test suite277
bestAPFD:0.941890
bestSuite:3935,2623,2615,3872,2658,3793,1334,1141,2973,1784,917,4060,4114

test suite278
bestAPFD:0.939198
bestSuite:2035,1767,3890,3917,1095,1874,891,1974,405,789,3488,4077,3815,4113,212,406

test suite279
bestAPFD:0.940670
bestSuite:3346,2232,27,3665,1281,2839,1131,786,3590,916,4103,4079

test suite280
bestAPFD:0.939130
bestSuite:2521,465,4071,3751,3817,3868,4088,1480,877,2192

test suite281
bestAPFD:0.954348
bestSuite:2761,3119,3699,4082,3061,626,4098,1583,1485,2935,1766,622,1483,1388,2217

test suite282
bestAPFD:0.940217
bestSuite:3388,2733,3242,1438,767,2577,1859,1976,2864,3485,1263,2308,75,4059,4106,4053

test suite283
bestAPFD:0.941382
bestSuite:2281,2898,3017,2180,3360,3165,4071,3021,2406,1223,1602,4091,1275,1273

test suite284
bestAPFD:0.932971
bestSuite:3625,1617,2989,3192,1611,1849,2353,2953,1095,2545,4088,4082

test suite285
bestAPFD:0.908445
bestSuite:2699,2996,3363,1544,3379,2666,2839,3314,141,4058,4112,2195,1193

test suite286
bestAPFD:0.917120
bestSuite:3898,715,2149,2043,2293,1706,1960,3664,1897,2837,2579,1111,2367,341,4061,4115

test suite287
bestAPFD:0.922464
bestSuite:3063,663,934,1713,2428,1773,2714,2149,1478,2585,3643,3805,1187,4088,4072

test suite288
bestAPFD:0.922101
bestSuite:2511,3576,2006,2737,1697,3136,1664,3522,1429,810,4063,2571,2808,4111,1161

test suite289
bestAPFD:0.945048
bestSuite:3069,2332,834,640,2352,1988,2508,2927,726,2201,3266,2886,48,1291,2113,4071,4101,3837

test suite290
bestAPFD:0.944373
bestSuite:1617,3269,3257,3221,522,2581,3687,3493,551,4068,3978,1256,53,4086,1203,844,740

test suite291
bestAPFD:0.949943
bestSuite:2078,3066,717,3696,699,2102,437,710,1584,2967,693,1050,399,4062,3884,2351,4100,2802,2419

test suite292
bestAPFD:0.938179
bestSuite:2058,2564,3007,2733,891,2731,1995,1787,34,3420,4066,3586,2039,4110,528,2713

test suite293
bestAPFD:0.958120
bestSuite:3219,362,69,2575,3013,1144,2093,1586,1086,1479,1332,703,3876,4069,4094,3091,3291

test suite294
bestAPFD:0.941576
bestSuite:3407,2733,1811,2870,880,1472,973,1018,3524,2377,2368,2876,2587,2608,4103,4068

test suite295
bestAPFD:0.960038
bestSuite:2179,4037,3182,4082,3262,2902,2224,2452,4115,1266,1576,841,2863,27,2063,2663,2231

test suite296
bestAPFD:0.939053
bestSuite:3966,3384,2008,2603,2845,3675,1872,2067,3859,3790,3855,3469,4107,4077

test suite297
bestAPFD:0.923077
bestSuite:3587,1586,3873,1481,1504,1020,767,2791,3488,2237,1376,4095,4064

test suite298
bestAPFD:0.944488
bestSuite:3556,2871,2427,1077,1793,759,1643,2402,3611,2102,2449,2745,4106,4058

test suite299
bestAPFD:0.920290
bestSuite:2418,3433,1772,3062,1442,2124,2455,1613,3759,2695,1289,2682,4069,4098,1101

test suite300
bestAPFD:0.938665
bestSuite:2898,3630,820,3806,3929,2698,2964,1780,4074,2024,3566,715,4105,1333

test suite301
bestAPFD:0.936455
bestSuite:3615,2506,3206,8,3575,768,1320,1870,2706,1091,2505,4092,4069

test suite302
bestAPFD:0.933877
bestSuite:2337,11,2058,1657,4071,3728,640,2394,4092,1390,1820,1435

test suite303
bestAPFD:0.956202
bestSuite:3448,2509,1548,72,2502,1280,1763,1600,1480,1411,2148,4078,4102,3044,3483,3397,3343

test suite304
bestAPFD:0.926630
bestSuite:3026,1898,1916,637,2124,827,2825,281,743,868,1726,3620,1138,4060,4095,3795

test suite305
bestAPFD:0.944373
bestSuite:3628,3927,29,3755,3089,1690,677,3640,1417,1327,2282,1036,1162,823,3833,4111,4065

test suite306
bestAPFD:0.932518
bestSuite:3628,3984,4026,3809,1895,1059,2062,1230,1714,1924,4108,4057

test suite307
bestAPFD:0.934511
bestSuite:3494,408,2112,474,787,2243,2881,849,835,1584,1763,2746,972,654,2013,1240,2442,2956,4087,3414

test suite308
bestAPFD:0.956159
bestSuite:3517,2044,2193,291,1434,1974,2679,732,1883,2487,4089,4060,3590,3196,3550

test suite309
bestAPFD:0.932312
bestSuite:2954,3071,3681,2329,2604,4065,4106,2723,1553,1035,927

test suite310
bestAPFD:0.941576
bestSuite:3868,2528,814,2060,1567,160,2676,1410,2746,2350,2343,3221,4112,4083,3370,3252

test suite311
bestAPFD:0.927989
bestSuite:3349,3709,3688,3361,3047,504,953,1120,39,2009,4089,4068

test suite312
bestAPFD:0.938406
bestSuite:3267,2270,2166,1484,1720,1826,2711,2255,1161,2241,3145,4091,4074,3584,3547

test suite313
bestAPFD:0.930556
bestSuite:2363,3611,3370,3725,3804,1079,3551,461,1507,375,1510,636,1553,1402,2531,4061,4087,371

test suite314
bestAPFD:0.943954
bestSuite:2898,3686,1486,775,3588,3469,1955,4084,511,1609,3934,1607,2278,4093,1127,1145

test suite315
bestAPFD:0.932312
bestSuite:3324,2537,3176,3029,1437,1801,2717,1641,4063,4113,4036

test suite316
bestAPFD:0.945313
bestSuite:3612,2035,312,3199,567,3123,4026,1788,3413,772,1396,102,2047,3325,4109,4072

test suite317
bestAPFD:0.945652
bestSuite:3313,2840,1547,893,1909,990,2180,345,2507,1032,2522,85,352,2141,4090,4073,3719

test suite318
bestAPFD:0.914130
bestSuite:2524,1790,2722,754,3181,4065,506,1177,4111,1139

test suite319
bestAPFD:0.944398
bestSuite:2724,3195,3683,1484,989,995,943,809,4066,3374,4113,2625,2897

test suite320
bestAPFD:0.942754
bestSuite:2598,2700,3761,3982,1020,649,3683,834,4045,4059,688,3351,2249,4089,902

test suite321
bestAPFD:0.936413
bestSuite:3517,2471,1661,2658,2456,2212,673,1778,4065,4089

test suite322
bestAPFD:0.941304
bestSuite:2567,2477,3874,1584,954,3661,1869,1619,1750,3650,3329,4075,3870,4091,2807

test suite323
bestAPFD:0.934006
bestSuite:2853,4034,1125,1378,242,504,3802,597,1533,3807,4060,3775,634,496,1654,2744,1778,2198,783,4108,2760

test suite324
bestAPFD:0.923913
bestSuite:2796,899,1997,1683,3719,1546,3891,3332,2952,1229,938,4076,4111,2573,367

test suite325
bestAPFD:0.947570
bestSuite:2337,2598,4068,3910,2798,2943,3438,3689,3805,3073,1770,4101,1184,1167,2603,893,2374

test suite326
bestAPFD:0.916304
bestSuite:1945,3848,3040,2458,290,3272,2130,3530,4075,4112

test suite327
bestAPFD:0.940606
bestSuite:2488,3907,3267,1827,1507,1921,3833,3675,3928,3064,2389,4058,4099,1063

test suite328
bestAPFD:0.950699
bestSuite:3346,40,720,1422,3263,1784,117,1344,1610,4110,4074,3154,3628,3892

test suite329
bestAPFD:0.940217
bestSuite:3231,2854,2085,2706,619,263,2660,1835,1465,4089,4060,3764,3311

test suite330
bestAPFD:0.929348
bestSuite:2058,2447,2780,3193,714,3187,4057,3419,3303,3626,2787,4093,1034,2463

test suite331
bestAPFD:0.949638
bestSuite:2422,3327,2459,2567,3973,3190,4064,3542,3344,4100,1023,171,2745,687,899

test suite332
bestAPFD:0.939898
bestSuite:2595,3411,483,3645,2294,3002,4061,2255,3978,1794,1950,4107,2089,888,1787,2093,2838

test suite333
bestAPFD:0.947890
bestSuite:2163,3411,3293,1433,3957,1546,1495,3093,877,1963,2322,4085,3474,3938,4093,1331,179

test suite334
bestAPFD:0.933424
bestSuite:2709,3718,2464,3063,2268,667,2863,2221,444,1591,4061,3885,1655,4102,1705,2208

test suite335
bestAPFD:0.952366
bestSuite:3178,3603,1729,2696,3033,1477,450,1032,773,797,3699,1916,3224,2198,4089,4067,3429

test suite336
bestAPFD:0.926630
bestSuite:2548,4050,2683,719,900,2862,677,1746,4075,3388,2383,2697,4105,1355

test suite337
bestAPFD:0.940217
bestSuite:2164,3040,15,4059,4051,4106,524,1870,2286,1897

test suite338
bestAPFD:0.921739
bestSuite:3822,3133,1776,820,2838,30,3608,2162,2075,221,1609,1666,1835,4107,4069

test suite339
bestAPFD:0.932806
bestSuite:2115,1780,2839,3673,2253,4079,3402,2792,3669,4111,1256

test suite340
bestAPFD:0.938519
bestSuite:2506,3014,1914,3529,3722,3496,826,3509,1631,629,3360,4062,2256,2330,4087,2786

test suite341
bestAPFD:0.936759
bestSuite:3964,1811,1547,3650,2074,3093,1345,594,2956,4101,4048

test suite342
bestAPFD:0.925272
bestSuite:2761,3333,3017,4063,3885,4034,4112,2862

test suite343
bestAPFD:0.941916
bestSuite:2301,2203,2853,2014,795,3141,1545,3106,2956,3514,3791,612,4090,1169,46,1309

test suite344
bestAPFD:0.942331
bestSuite:2791,3009,2575,3766,2821,788,1749,1801,1653,1484,3548,3397,2526,3894,4060,3163,4105,450

test suite345
bestAPFD:0.920031
bestSuite:3131,2668,1857,1000,445,2081,3954,3323,710,752,1944,2610,4071,4090

test suite346
bestAPFD:0.949275
bestSuite:3771,2927,386,3703,2485,2948,1911,1999,1437,2896,2618,4046,4097,4085,3619

test suite347
bestAPFD:0.934443
bestSuite:3491,3742,665,2083,268,2872,4032,976,2266,1361,2950,3917,2141,4067,4110,3782

test suite348
bestAPFD:0.932864
bestSuite:3495,1487,2428,844,898,1676,2950,2854,2756,3488,3352,2247,3729,3168,2825,4059,4102

test suite349
bestAPFD:0.954431
bestSuite:3717,802,28,2695,947,837,856,4065,4106,3410,3748,3948,3854

test suite350
bestAPFD:0.933877
bestSuite:3242,2930,866,3177,1378,1943,2814,2166,1447,769,1552,2788,370,2297,1070,4061,4093,3130

test suite351
bestAPFD:0.942935
bestSuite:3346,3487,2253,1354,2944,937,1655,1325,4059,4088,3608,3505

test suite352
bestAPFD:0.937709
bestSuite:2596,3010,3092,1817,1790,3846,214,4084,2744,2448,2197,4108,1364

test suite353
bestAPFD:0.945652
bestSuite:2537,3167,765,725,3552,1836,3463,4075,3591,3185,3562,3295,4093,1397,516,432

test suite354
bestAPFD:0.937071
bestSuite:2633,2220,3161,2882,1769,1428,721,2474,688,1356,1933,1572,3237,4084,2827,2343,2387,4097,151

test suite355
bestAPFD:0.933877
bestSuite:2826,3494,2996,2243,3659,4079,3881,2283,1930,4099,1168,643

test suite356
bestAPFD:0.945013
bestSuite:3665,3495,1772,3710,3574,1830,1469,2060,1169,1626,1367,1317,323,776,4097,4059,3438

test suite357
bestAPFD:0.937160
bestSuite:3822,2240,11,2402,2229,878,2528,1599,333,3295,1710,1395,848,3828,4096,4074

test suite358
bestAPFD:0.930512
bestSuite:4054,3094,1988,1641,839,3524,2943,3036,2271,3099,506,3720,4076,4104

test suite359
bestAPFD:0.951993
bestSuite:3231,2830,2008,1193,91,2364,3983,3846,2480,699,769,848,1426,4109,4066,3851,2965,3505

test suite360
bestAPFD:0.906522
bestSuite:3972,980,2257,2643,859,868,2317,2846,87,3635,2865,3770,1361,4101,4060

test suite361
bestAPFD:0.931159
bestSuite:3657,3225,2899,183,1819,2950,2219,3817,1121,4072,4113,3245

test suite362
bestAPFD:0.961353
bestSuite:3278,336,3834,1351,1883,2268,1124,801,2651,210,1659,2255,4090,4064,3188,3363,3919,3235

test suite363
bestAPFD:0.937709
bestSuite:2163,3399,2257,3426,1558,3352,2748,4060,4089,1334,2553,338,2274

test suite364
bestAPFD:0.928623
bestSuite:3706,2408,1437,3552,1812,865,842,831,2204,1216,2500,2254,4059,4096,3750

test suite365
bestAPFD:0.956861
bestSuite:3517,466,1668,1254,2229,2054,1599,857,1322,2263,2014,1847,1472,4102,4085,3310

test suite366
bestAPFD:0.943364
bestSuite:3984,1649,2466,3756,1263,2767,473,730,2416,98,1626,2400,2174,2443,3610,4073,4113,3970,3352

test suite367
bestAPFD:0.947941
bestSuite:3521,446,3484,870,781,2921,2680,2068,1465,1911,1713,2707,1342,1235,388,117,4087,4064,3579

test suite368
bestAPFD:0.929766
bestSuite:2595,3016,2032,2768,1555,3642,3659,4066,781,761,4099,2208,2717

test suite369
bestAPFD:0.939855
bestSuite:3353,2373,1173,1699,1508,1720,2432,2163,2891,3117,1160,2572,3746,2956,4086

test suite370
bestAPFD:0.928069
bestSuite:2907,809,868,2915,1085,352,3221,2302,3817,442,2159,4063,3775,2456,4101,2949,1377

test suite371
bestAPFD:0.938963
bestSuite:2954,4011,328,4065,3104,2100,1739,4104,861,1345,2089,595,130

test suite372
bestAPFD:0.953200
bestSuite:3324,3927,13,2854,3421,3296,2907,1861,3533,798,2011,1905,1882,2200,2250,4069,4111,3775

test suite373
bestAPFD:0.942255
bestSuite:3784,2455,2562,2853,3529,2349,1452,3737,990,3155,1824,2931,863,1606,4076,4088

test suite374
bestAPFD:0.928930
bestSuite:3026,2599,1446,2584,1609,1674,3469,3718,2118,1183,1165,4112,4064

test suite375
bestAPFD:0.931522
bestSuite:2509,3249,2999,3008,2854,842,3187,940,2796,977,850,2486,732,4063,4093

test suite376
bestAPFD:0.952899
bestSuite:2724,3094,4049,3005,735,1866,1646,4076,4102,305,2691,2713,1333,2212,2130

test suite377
bestAPFD:0.926630
bestSuite:3645,2855,2491,2914,594,1465,1438,359,783,1551,2971,75,265,2707,4097,4072

test suite378
bestAPFD:0.941816
bestSuite:2344,3473,257,3663,2229,2787,3689,4065,3636,777,1813,4092,1837,1388,1566,2068,2616

test suite379
bestAPFD:0.953804
bestSuite:3208,4049,2874,748,1913,2368,2974,2807,2574,2094,1745,916,1015,1624,2071,3805,4073,3140,4106,3714

test suite380
bestAPFD:0.943562
bestSuite:2422,2722,2377,3198,4061,3386,3045,4115,1096,1279,1058,1477,841

test suite381
bestAPFD:0.946105
bestSuite:3716,3313,1122,1832,1809,1819,1985,4081,4094,3364,3483,2985

test suite382
bestAPFD:0.945350
bestSuite:3381,2917,3705,3490,1614,2975,1963,435,1467,1020,1572,2095,2900,3522,1737,4101,4081,3994

test suite383
bestAPFD:0.935771
bestSuite:3935,351,3868,1378,865,2059,3861,1614,4101,4068,3894

test suite384
bestAPFD:0.918478
bestSuite:2906,3455,2406,3489,466,1914,1900,4080,253,4098,2379,1251

test suite385
bestAPFD:0.940503
bestSuite:3447,2871,3504,878,853,640,1141,668,2244,1386,3661,2341,3139,1240,196,326,1212,4100,4073

test suite386
bestAPFD:0.957541
bestSuite:2632,520,2127,4060,3079,3006,3063,4102,2921,656,660,252,1758,726,1537,2749

test suite387
bestAPFD:0.935102
bestSuite:3625,1496,2166,1789,1117,819,1614,404,3927,2561,3744,2475,1072,299,2520,4077,4095

test suite388
bestAPFD:0.939312
bestSuite:1852,3326,3593,3679,2581,4048,3003,524,3863,4075,3386,1119,2885,1967,4102,1848,1630,999

test suite389
bestAPFD:0.925000
bestSuite:2060,3327,3378,2807,1501,812,971,4025,2979,731,122,2687,1186,1742,221,4067,1647,3739,4106,1059

test suite390
bestAPFD:0.942754
bestSuite:3306,2705,2562,1985,3184,3149,2531,80,2161,1098,1962,3329,3504,4088,4063

test suite391
bestAPFD:0.955978
bestSuite:3448,3066,1849,1855,1956,37,750,2502,1441,2971,2735,2803,1395,2608,2574,2183,4101,4084,3940,3336

test suite392
bestAPFD:0.950569
bestSuite:2078,3167,2468,200,709,847,1902,2052,1703,827,2030,2452,2508,4061,1389,4025,3881,4090,1316,2095,2694

test suite393
bestAPFD:0.947890
bestSuite:2548,3029,2374,740,981,1679,90,3291,864,1643,4060,3081,4108,1087,2808,2053,1267

test suite394
bestAPFD:0.961439
bestSuite:3765,3382,2841,2100,2658,2425,1334,3741,1237,284,1693,1067,1558,722,744,2150,1979,4090,4081,3482,3606

test suite395
bestAPFD:0.911005
bestSuite:2888,3345,3894,2027,3607,1885,3277,681,2397,89,234,4078,4111,1115,1536,1221

test suite396
bestAPFD:0.943841
bestSuite:3991,2637,2461,945,1127,647,2978,515,3007,4103,4057,3268

test suite397
bestAPFD:0.946256
bestSuite:2382,3533,1776,839,372,720,1930,1672,1744,3767,4067,3001,1854,3150,2650,4113,2664,2757

test suite398
bestAPFD:0.958560
bestSuite:2080,3900,2754,3007,2673,4069,4013,2962,3110,4112,2644,986,1781,2159,1605,1332

test suite399
bestAPFD:0.944488
bestSuite:2609,315,4073,2872,3256,1780,4102,2803,2863,2621,872,1611,1934,2943

test suite400
bestAPFD:0.927989
bestSuite:3556,878,1617,3973,1759,3176,1963,2980,2786,2820,4113,4081

test suite401
bestAPFD:0.944746
bestSuite:2761,4020,3688,4043,4084,4092,746,372,1378,910,51,1202

test suite402
bestAPFD:0.950408
bestSuite:2724,3911,2999,3062,1971,913,2587,2457,2259,1875,2362,4082,3737,3856,4105,2919

test suite403
bestAPFD:0.904264
bestSuite:3587,956,1452,3094,737,1506,1963,3039,129,1364,3782,4097,4077

test suite404
bestAPFD:0.930830
bestSuite:3151,2705,2660,2284,528,1061,1779,2238,2709,4081,4100

test suite405
bestAPFD:0.943562
bestSuite:3346,2927,1127,484,1618,1576,765,4006,2185,4099,4058,3279,3199

test suite406
bestAPFD:0.915134
bestSuite:3403,3566,895,2402,216,973,3614,428,4043,317,4072,4108,3172

test suite407
bestAPFD:0.910628
bestSuite:2281,3176,3494,3003,4076,3262,1491,4098,1381

test suite408
bestAPFD:0.923077
bestSuite:2615,3984,986,1547,1549,626,2376,144,1906,3024,4011,2956,4106

test suite409
bestAPFD:0.909847
bestSuite:3477,1665,1789,3473,768,1899,656,1984,2408,1705,3777,412,2229,2778,1398,4111,4064

test suite410
bestAPFD:0.920290
bestSuite:2898,1422,1508,742,2915,3260,2376,4039,4057,2220,4086,1187

test suite411
bestAPFD:0.953804
bestSuite:2082,3657,3769,623,2377,55,995,1767,1735,2605,4057,4115,2656,2039,1275,2268,1055,2629

test suite412
bestAPFD:0.930707
bestSuite:2640,1732,3903,3011,713,1554,3283,1696,3398,3453,3610,4078,2893,528,3708,4103

test suite413
bestAPFD:0.920290
bestSuite:2375,3143,1797,1066,2705,3505,3503,3790,1664,4080,1518,4088

test suite414
bestAPFD:0.945652
bestSuite:2521,382,4067,3194,4086,766,248,2272,959,811,933

test suite415
bestAPFD:0.940217
bestSuite:3151,165,2666,3784,3016,2909,1533,933,1489,988,3371,4065,4108,3936,2960

test suite416
bestAPFD:0.923419
bestSuite:2649,2035,3040,3846,3428,1838,3974,4061,4109,890,2249

test suite417
bestAPFD:0.938406
bestSuite:2360,3215,3166,1904,3126,3677,1683,1732,4058,4107,2293,591

test suite418
bestAPFD:0.938043
bestSuite:3575,2633,2433,1913,2235,649,142,1897,2477,1976,1386,1322,3243,4100,4074

test suite419
bestAPFD:0.920743
bestSuite:3437,1775,1439,808,4035,899,392,2763,1032,3737,4114,4073

test suite420
bestAPFD:0.907191
bestSuite:3845,887,1861,1550,3830,1459,2474,1796,3923,1059,2671,4058,4107

test suite421
bestAPFD:0.949728
bestSuite:2898,3039,1491,2970,1921,215,2614,2363,4078,4030,953,1500,4110,1241,74,1137

test suite422
bestAPFD:0.949049
bestSuite:2609,2474,361,2659,2333,3748,4066,2083,3824,4030,2449,4112,1200,2624,996,1641

test suite423
bestAPFD:0.952640
bestSuite:2179,3876,3993,4083,3986,663,3021,2354,4101,1850,1493,26,2264,2053

test suite424
bestAPFD:0.929348
bestSuite:3465,3034,673,1762,1619,2354,2617,1079,60,4107,4081

test suite425
bestAPFD:0.945652
bestSuite:3319,4,1617,2272,1863,243,2463,1484,978,1269,903,3318,1164,4045,4094,4085

test suite426
bestAPFD:0.935122
bestSuite:3840,2509,3552,3903,552,298,1149,3974,2486,1,1633,1775,4099,4059,4013,3085

test suite427
bestAPFD:0.945652
bestSuite:3134,3926,2062,525,3189,3369,3062,3036,2390,2762,2413,1178,1645,2468,2859,1616,4089,4084,3482

test suite428
bestAPFD:0.942792
bestSuite:1649,3472,3243,120,2943,2349,2401,3081,1587,4063,2895,1261,1856,4106,1191,1520,2810,1501,1600

test suite429
bestAPFD:0.959918
bestSuite:2179,2964,3770,4072,1916,3740,3590,4111,1482,953,2201,2744,554,2590,2074,2603

test suite430
bestAPFD:0.917490
bestSuite:2925,2780,3433,2338,2008,420,683,2666,4083,4111,1109

test suite431
bestAPFD:0.933273
bestSuite:3234,980,987,2658,2231,3509,1889,1975,4020,404,2932,3044,2886,3727,1169,268,4094,4084

test suite432
bestAPFD:0.914984
bestSuite:2060,1894,3915,3540,2313,2984,4037,2622,1614,1481,4069,627,4102,1398

test suite433
bestAPFD:0.952122
bestSuite:2432,3012,3980,3161,4,2575,24,3534,853,922,4057,1272,3130,3762,3172,1075,4098,1101,2442,289,2580

test suite434
bestAPFD:0.938859
bestSuite:2360,3014,3012,3204,3172,2284,698,930,4073,3942,4097,137

test suite435
bestAPFD:0.941472
bestSuite:2360,3080,3078,3625,3994,4055,715,1968,4070,2861,3114,4106,1168

test suite436
bestAPFD:0.953200
bestSuite:1493,3844,451,3241,2853,2909,522,3503,2107,234,4060,396,4086,628,1449,1386,2049,1590

test suite437
bestAPFD:0.939441
bestSuite:3668,15,3072,3921,3809,1844,2707,1539,1692,1004,2886,2731,4098,4072

test suite438
bestAPFD:0.932312
bestSuite:2938,2096,3849,3199,2956,2162,3884,3899,4115,792,2009

test suite439
bestAPFD:0.935742
bestSuite:3486,2220,3418,734,2534,1780,3123,1579,211,2922,1971,1720,810,3434,75,4057,4106

test suite440
bestAPFD:0.926970
bestSuite:2102,2835,3119,2099,1691,637,1008,696,3281,3232,3425,3482,3711,3694,4081,4087

test suite441
bestAPFD:0.937500
bestSuite:3716,294,3993,2834,1834,44,4093,4080,3357,3089

test suite442
bestAPFD:0.923913
bestSuite:3203,3751,3067,2240,321,669,1491,1016,3503,1134,1151,3758,4084,4095

test suite443
bestAPFD:0.932065
bestSuite:2348,1736,1571,2621,4006,2740,39,737,1929,2927,2411,4070,3132,2059,4099,1417

test suite444
bestAPFD:0.947593
bestSuite:2487,3773,3641,2706,290,4065,2991,3426,3697,3277,4101,1390,1212,2820

test suite445
bestAPFD:0.946429
bestSuite:3349,2548,3611,2447,1662,772,2863,1850,1913,4102,4072,3425,2960,3925

test suite446
bestAPFD:0.928854
bestSuite:3771,2265,200,2628,707,1127,2000,1910,4007,4115,4069

test suite447
bestAPFD:0.954013
bestSuite:2521,3382,4068,3571,3819,3146,3598,4086,674,2500,834,1547,1501

test suite448
bestAPFD:0.947690
bestSuite:3781,2035,3593,2656,2549,1542,1101,1943,2170,3396,1596,54,1466,4082,4087,3261

test suite449
bestAPFD:0.932971
bestSuite:2521,34,4075,3169,3231,4103,2202,1701,1821

test suite450
bestAPFD:0.938406
bestSuite:3173,489,2413,786,757,3957,3146,1115,66,2256,1775,2631,4058,4115,3985

test suite451
bestAPFD:0.938215
bestSuite:2119,2184,1759,1704,1656,3729,3528,1690,3372,3916,3547,3536,2150,3145,4080,4110,1355,2247,12

test suite452
bestAPFD:0.951407
bestSuite:3787,2780,3097,960,17,1008,752,672,1899,545,3552,1358,2201,4095,4074,3883,3943

test suite453
bestAPFD:0.941472
bestSuite:2776,3555,2560,2472,2366,2182,4080,3567,2959,4093,1256,1882,1596

test suite454
bestAPFD:0.918478
bestSuite:2422,175,2145,4057,3443,2749,1550,4088,1290

test suite455
bestAPFD:0.933618
bestSuite:1811,2076,3269,3400,3011,2264,3728,2449,2992,4078,1003,4089,1736,1918

test suite456
bestAPFD:0.934330
bestSuite:3628,2823,2664,3174,3140,2733,2318,1491,659,1423,4096,4079

test suite457
bestAPFD:0.962243
bestSuite:3219,2073,3655,1355,1375,1926,89,2228,1332,1562,1699,2024,2406,2444,4107,4067,3892,3539,3840

test suite458
bestAPFD:0.959579
bestSuite:2164,3588,511,2599,3674,4059,3355,3389,3878,4087,1481,1268,2645,21,1612,1849

test suite459
bestAPFD:0.938859
bestSuite:2724,2564,810,648,2259,4084,3527,3790,4111,2884,2812,2496

test suite460
bestAPFD:0.961353
bestSuite:2164,3244,3900,3540,4079,3754,3089,3679,3501,3709,2983,4103,1398,1679,2701,2800,2172,830

test suite461
bestAPFD:0.929348
bestSuite:2722,2099,3664,3553,3260,1584,3866,725,4061,1466,1193,659,2819,4093

test suite462
bestAPFD:0.939578
bestSuite:3381,3844,1860,681,2108,541,1573,3694,1755,665,1726,3505,1228,1772,4108,4061,3096

test suite463
bestAPFD:0.955616
bestSuite:3178,405,263,2432,1618,2399,831,2759,1006,2550,1452,3043,4090,4085,3654,3867,3475,3128

test suite464
bestAPFD:0.954348
bestSuite:3716,329,3609,2521,947,317,2704,2106,426,938,747,4081,4096,3254,3369

test suite465
bestAPFD:0.939829
bestSuite:2369,3698,3644,3447,1524,988,2755,4084,3530,2274,2810,2201,4103,2792

test suite466
bestAPFD:0.934783
bestSuite:3288,2643,1537,3559,1917,2788,4041,994,830,1915,390,3011,4100,4084

test suite467
bestAPFD:0.934783
bestSuite:2115,1765,3323,1750,2703,770,3547,4075,4115,2027,1396,2026

test suite468
bestAPFD:0.938043
bestSuite:1425,2854,3224,2066,2313,2683,2444,2089,4075,1229,4112,1412,960,1437,1638

test suite469
bestAPFD:0.937160
bestSuite:3080,1732,3796,1193,2498,790,520,1798,887,1472,1791,2059,2901,2297,4115,4075

test suite470
bestAPFD:0.954106
bestSuite:2115,3502,3477,3769,3805,3455,627,1787,904,3418,4067,2211,2427,1774,4097,2642,2201,103

test suite471
bestAPFD:0.942726
bestSuite:3306,2050,2927,1921,961,2089,2593,3140,4060,4106,3780,3886,3550

test suite472
bestAPFD:0.920419
bestSuite:3034,2854,2955,836,2123,2370,129,818,1579,2167,3310,2896,4084,4100

test suite473
bestAPFD:0.937319
bestSuite:3557,2595,3472,2393,937,1778,1652,1635,1638,2879,3857,1334,4077,4106,3901

test suite474
bestAPFD:0.958031
bestSuite:3765,602,3022,2633,1410,2929,822,578,2825,2528,1012,1413,641,4075,4088,3103,3780,3027

test suite475
bestAPFD:0.943414
bestSuite:3521,3844,3924,1604,582,865,2421,1603,2544,2539,1659,3136,2125,2394,4098,4062,3111

test suite476
bestAPFD:0.909058
bestSuite:2496,899,1785,2840,678,55,2229,2839,2192,3438,4064,3805,2858,4108,1390

test suite477
bestAPFD:0.959783
bestSuite:3717,822,2411,865,2269,2162,683,2112,4106,4062,3593,3228,3532,3993,3564

test suite478
bestAPFD:0.945954
bestSuite:2948,3844,2549,2611,3352,2513,2585,285,3380,2412,677,4084,1160,2799,680,4093,234,2573

test suite479
bestAPFD:0.939799
bestSuite:3173,3442,2344,3421,1401,2444,3149,1120,1720,2531,4100,4075,3602

test suite480
bestAPFD:0.947890
bestSuite:2070,3143,2947,4071,3352,3938,1561,2876,2557,4092,2523,2550,2665,1507,2111,1815,2889

test suite481
bestAPFD:0.939258
bestSuite:3494,2748,2528,1443,3428,1451,1709,2549,803,1143,2547,1023,4060,3807,4088,3860,3478

test suite482
bestAPFD:0.933300
bestSuite:3465,2070,2144,1776,1704,1354,566,2675,4003,4101,4061

test suite483
bestAPFD:0.951389
bestSuite:3872,2424,3062,22,1864,2596,934,1426,2737,1697,3878,3917,1395,4088,4062,3995,3743,3114

test suite484
bestAPFD:0.930901
bestSuite:2755,2499,2408,1944,3495,870,3725,2419,4080,3102,2790,4094,1168,2290

test suite485
bestAPFD:0.934394
bestSuite:1735,3552,3444,2374,2990,2057,4071,3370,1474,1322,4095,1853,1030,1001

test suite486
bestAPFD:0.936957
bestSuite:3278,2668,2190,2642,2219,692,1617,4091,4062,3105

test suite487
bestAPFD:0.952046
bestSuite:1945,3446,3645,3460,2907,2491,351,3777,3619,75,4069,1109,4095,1280,2146,1682,965

test suite488
bestAPFD:0.932274
bestSuite:3575,3665,3810,1509,1000,2402,960,3836,3379,2285,3276,4110,4081

test suite489
bestAPFD:0.933946
bestSuite:3845,3844,1657,2295,1208,2867,1458,1585,1085,2133,2695,4084,4098

test suite490
bestAPFD:0.941576
bestSuite:2633,3660,793,689,700,956,4020,747,1535,2216,3122,3376,4063,2644,4109,2799

test suite491
bestAPFD:0.908424
bestSuite:2111,3036,3161,1696,898,2151,1115,925,1798,2535,3126,1448,2335,1956,1618,1306,4062,2311,4108,2276

test suite492
bestAPFD:0.924592
bestSuite:3928,3607,635,693,923,1984,2280,321,1284,696,3870,3348,2448,1338,4109,4071

test suite493
bestAPFD:0.935559
bestSuite:2564,3067,3272,1251,1894,2172,2814,1670,1942,4062,2181,4104,642,1041

test suite494
bestAPFD:0.954805
bestSuite:3872,1732,85,1864,914,637,1967,2918,935,2803,2370,3019,850,1263,2647,4079,4092,3592,3510

test suite495
bestAPFD:0.921443
bestSuite:3598,2382,2014,1594,2541,2432,2867,3843,2122,4115,4063

test suite496
bestAPFD:0.925395
bestSuite:2261,2457,3531,3527,2668,3954,2839,4080,2984,4105,1745

test suite497
bestAPFD:0.955842
bestSuite:3554,516,3615,1035,963,1550,988,1925,2006,1716,494,1897,4066,4106,4000,2965

test suite498
bestAPFD:0.953325
bestSuite:3319,2261,720,351,3703,1596,884,1430,3971,3284,1296,1568,1372,3662,4063,4107,3237

test suite499
bestAPFD:0.937112
bestSuite:3084,2898,2651,1986,2083,2112,1575,3502,1042,3370,3791,4087,4082,3531

test suite500
bestAPFD:0.938104
bestSuite:3927,3257,1776,1017,791,1720,3770,1482,2400,529,1241,3592,1342,119,2819,3912,4069,4098

