test suite1
bestAPFD:0.941206
bestSuite:2934,1599,825,3438,3111,2790,1198,954,1979,2013,4069,3561,2593,2172,3355,1884,4104,3666,2664,915,3473,3474

test suite2
bestAPFD:0.927234
bestSuite:51,2737,3409,3384,1481,4063,1364,4086,3472,2562,2246,3651,1853,2919,1036,2675,3104,806

test suite3
bestAPFD:0.937160
bestSuite:2955,3499,4037,4108,3134,3582,2511,2192,216,1524,3595,4066,2097,1255,1011,3919

test suite4
bestAPFD:0.928571
bestSuite:2341,1583,567,2042,4059,701,1210,3381,4089,1190,3809,1354,1617,2148

test suite5
bestAPFD:0.926383
bestSuite:27,3520,3589,1451,4066,4109,1263,2422,1915,3976,2973

test suite6
bestAPFD:0.932065
bestSuite:2795,3160,995,3408,2907,676,1425,3926,4079,3896,1109,799,1688,3893,3813,4103,672,2535

test suite7
bestAPFD:0.944664
bestSuite:3278,271,3008,4093,1589,2221,844,4078,2182,3864,1894

test suite8
bestAPFD:0.950483
bestSuite:204,2102,2543,803,2135,2270,3744,822,2018,4091,2276,1750,3320,3927,4066,832,4007,3453

test suite9
bestAPFD:0.930124
bestSuite:2942,3631,3091,3034,904,3985,4089,928,1950,1429,4082,1023,644,988

test suite10
bestAPFD:0.932246
bestSuite:3117,1640,352,4085,2382,3229,2349,1281,3072,1811,1272,2663,1607,4107,3328

test suite11
bestAPFD:0.944099
bestSuite:1473,1357,2948,3490,1741,3815,3353,800,24,4107,2381,174,4077,3442

test suite12
bestAPFD:0.954805
bestSuite:1633,2483,3516,3152,3430,4094,2521,1557,2011,3633,3162,929,3302,1690,331,274,651,2943,4073

test suite13
bestAPFD:0.920856
bestSuite:3819,2399,1684,3809,1578,1269,801,489,3875,2175,4054,258,4083,2498,2550,4109

test suite14
bestAPFD:0.905100
bestSuite:4095,528,4011,2162,3689,3337,3312,141,3956,3061,4085,3484,142

test suite15
bestAPFD:0.926421
bestSuite:3144,1396,2225,2035,2015,920,1705,3554,4109,1504,4065,291,2187

test suite16
bestAPFD:0.940489
bestSuite:2568,1277,1055,3884,2561,2795,1997,3327,4113,3624,3647,1059,736,3668,1432,3299,116,3910,735,4084

test suite17
bestAPFD:0.925395
bestSuite:963,3071,985,1398,4099,3850,2017,3935,2020,1825,4057

test suite18
bestAPFD:0.941667
bestSuite:1502,1679,1042,2342,657,3823,1469,3066,2372,1664,4112,200,1020,4085,3317

test suite19
bestAPFD:0.925725
bestSuite:3178,1910,2599,4113,846,2353,4072,3305,2906

test suite20
bestAPFD:0.932971
bestSuite:524,2964,1096,2299,4065,3773,3874,2058,4101,2359,2681,2966,1871,3734,1464,3653,1519,2823

test suite21
bestAPFD:0.940217
bestSuite:1127,3385,2932,4081,2351,2761,1306,3054,3673,48,861,3157,4103

test suite22
bestAPFD:0.927110
bestSuite:3304,3293,2130,3552,511,2950,2976,3418,532,3065,1046,873,2956,2111,4021,1275,4101

test suite23
bestAPFD:0.937681
bestSuite:1158,4082,287,4046,940,1466,1853,4103,2172,1538,3278,1453,2027,1046,868

test suite24
bestAPFD:0.943323
bestSuite:2163,3094,1355,4104,3505,1111,72,1325,853,925,2133,3312,4071,2510

test suite25
bestAPFD:0.921377
bestSuite:3958,1923,1945,3415,1290,4084,28,3809,1481,1839,3254,4086,2128,1703,2415

test suite26
bestAPFD:0.938619
bestSuite:3502,3421,1765,2939,873,2811,1138,4101,4061,824,3137,3124,2190,1232,2958,3714,2087

test suite27
bestAPFD:0.930627
bestSuite:3022,3261,4093,1513,3616,569,1888,2629,3349,1804,1514,2591,3092,4072,1769,2997,2802

test suite28
bestAPFD:0.925725
bestSuite:3924,1474,3793,1532,3149,1988,448,1595,1839,2873,196,4076,2874,4096,1610,139,3713,3148

test suite29
bestAPFD:0.918478
bestSuite:2755,2628,282,1709,2745,3327,1322,2516,2422,4107,4057

test suite30
bestAPFD:0.952174
bestSuite:3278,3303,2661,679,3091,1614,2362,3463,3569,1240,4110,1495,1606,1402,4083

test suite31
bestAPFD:0.952174
bestSuite:3437,2776,2573,1745,2883,3647,1893,2791,1729,4066,6,4113,3823,1972,2497

test suite32
bestAPFD:0.931289
bestSuite:418,4073,1160,3137,1061,2231,3432,3520,2369,3580,926,2151,4104,729

test suite33
bestAPFD:0.918478
bestSuite:195,4062,2978,2873,2235,3492,390,3097,4105

test suite34
bestAPFD:0.935771
bestSuite:118,3796,2341,4102,3346,1256,828,2010,1809,4058,685

test suite35
bestAPFD:0.928668
bestSuite:1600,2396,3432,3318,4108,1829,2952,2248,1686,1438,2661,3732,286,2865,2140,4071

test suite36
bestAPFD:0.938127
bestSuite:3465,3763,1680,2643,2989,3633,4105,1397,4068,2896,4051,2055,3033

test suite37
bestAPFD:0.923913
bestSuite:1138,1660,3082,4093,1239,2568,622,4057,1979,2092,1031,420,2784,3686,1370,955,1743,3092,2286

test suite38
bestAPFD:0.939053
bestSuite:2000,2867,4032,2016,3787,3369,1659,4065,4088,1538,2699,3100,20,1580

test suite39
bestAPFD:0.954233
bestSuite:2480,1914,3481,674,2184,2654,991,3752,3625,1916,3341,2892,1714,4104,4071,554,3029,3527,2101

test suite40
bestAPFD:0.928960
bestSuite:2112,2123,2448,780,3978,904,2146,4073,3302,2598,3480,2432,3831,4096

test suite41
bestAPFD:0.931461
bestSuite:3125,4113,808,2410,4057,1875,1806,2977,2833,2636,770,3976,301,1603,2796,3009,2621,1650

test suite42
bestAPFD:0.921937
bestSuite:757,637,236,3173,4102,4076,2397,2565,646,2432,1468

test suite43
bestAPFD:0.925611
bestSuite:3668,1196,2485,4068,1000,3224,1378,2706,2705,2513,4100,2952,3602,1937,1021,510

test suite44
bestAPFD:0.942455
bestSuite:3449,3771,1425,3733,3945,2915,3091,3398,1845,2394,3326,3223,1745,4074,1290,3851,4086

test suite45
bestAPFD:0.954581
bestSuite:2660,1299,4098,987,3013,3252,2574,4069,3700,3921,3115,138,749,3716

test suite46
bestAPFD:0.917120
bestSuite:3614,1472,3836,2461,2422,292,2205,1245,4066,4097,2595,3034

test suite47
bestAPFD:0.919988
bestSuite:2680,3217,1605,4069,1927,1990,3301,3798,3166,1354,355,2649,4100,2227,2696,3940,2271,3310

test suite48
bestAPFD:0.951087
bestSuite:2939,2358,3139,2260,1927,1549,930,4103,1532,788,4057,3079,2030,3512,3731,489,2385,2724,1451,180

test suite49
bestAPFD:0.937643
bestSuite:1422,4080,636,4098,3447,1204,2637,974,2542,649,315,2831,3002,3056,2855,2825,359,1376,4030

test suite50
bestAPFD:0.943388
bestSuite:3064,3716,798,3960,2829,2628,2606,603,4107,1061,4078,3097

test suite51
bestAPFD:0.947082
bestSuite:2593,3162,2417,2737,1325,3121,3488,4109,1581,3556,1902,1245,2236,2383,1606,3239,215,2837,4084

test suite52
bestAPFD:0.936292
bestSuite:1742,1480,3921,968,3961,3048,1156,2678,2001,1609,3996,4095,3688,1160,3480,1281,4066,2309

test suite53
bestAPFD:0.951087
bestSuite:2923,3063,927,2946,4106,2926,1029,3559,45,865,3903,89,1852,3747,4080,1065,3287,1701,2551,3449

test suite54
bestAPFD:0.947351
bestSuite:4099,441,1893,1625,1875,2333,4073,2286,4043,1399,2318,2168,1713,2141,3367,2812

test suite55
bestAPFD:0.936594
bestSuite:3063,1108,537,3833,1851,1824,405,4066,4088,2099,3605,1678,312,3010,1725,3343,3441,2549

test suite56
bestAPFD:0.945972
bestSuite:978,2125,2270,1519,1929,1597,3872,1114,3887,4108,3384,1472,796,1999,276,4076,1395

test suite57
bestAPFD:0.940217
bestSuite:2111,2548,2938,4063,3045,2087,4090,3737,3039,3589,207,1328,2002,2263,2571,3956

test suite58
bestAPFD:0.920290
bestSuite:3798,3018,2832,654,409,1965,4062,1839,3198,1838,4115,3325,4010,1827,3359,3922,66,3661

test suite59
bestAPFD:0.918841
bestSuite:1601,916,3914,2387,945,824,4114,3497,1312,3002,1971,4058,434,1377,2827

test suite60
bestAPFD:0.956522
bestSuite:657,1119,4110,661,2964,1753,2805,1304,2609,21,1809,2106,2400,3884,475,3520,3172,536,4062

test suite61
bestAPFD:0.945652
bestSuite:3128,2776,2474,3947,701,4063,2140,2923,2404,3472,2260,1331,2939,4097,3994,1476

test suite62
bestAPFD:0.939855
bestSuite:626,717,2301,2282,2780,1487,3577,3192,1345,1212,1719,4096,3951,4069,3182

test suite63
bestAPFD:0.915514
bestSuite:3020,3208,1460,1085,3940,3134,4084,2942,3090,4113,1797

test suite64
bestAPFD:0.944143
bestSuite:2234,2787,2884,1235,1549,2454,2854,4081,3873,1446,894,3167,321,4096,813,3370,2184,1852

test suite65
bestAPFD:0.931677
bestSuite:4105,3984,3102,2540,1952,614,3383,2956,3454,2387,3963,1646,1997,3293

test suite66
bestAPFD:0.942255
bestSuite:3053,3297,3831,2954,638,3007,3698,134,1596,3328,3166,3134,4112,893,3888,4058

test suite67
bestAPFD:0.886889
bestSuite:4089,1362,2338,566,2298,321,2203,1663,997,1321,2685,983,2148,4064,3155,3847

test suite68
bestAPFD:0.906793
bestSuite:299,2207,2631,1094,4089,1861,4037,4045,644,3392,2587,1198,1669,3479,3901,2036,3301,4085,3817,1554

test suite69
bestAPFD:0.897774
bestSuite:1887,1599,3607,2986,4060,1755,3363,563,2351,2005,3300,2014,2475,4110,121,1357,669,2051,3843,892,2500

test suite70
bestAPFD:0.919384
bestSuite:1243,2700,1335,3126,2255,4103,1514,2044,2329,4059,1026,3617

test suite71
bestAPFD:0.944022
bestSuite:685,4081,2970,3422,3661,4109,687,1402,1365,3984,1937,3153,1517,2416,3434,2882,1361,3938,693,81

test suite72
bestAPFD:0.933333
bestSuite:1814,1741,3525,1703,1178,3638,2531,3082,4095,3841,991,4063,360,524,3692

test suite73
bestAPFD:0.956522
bestSuite:2080,1498,2222,2693,392,2820,3930,4005,1993,4094,4063,3243,772,824,1657,3220,1896,2753

test suite74
bestAPFD:0.928571
bestSuite:4104,2513,1862,4056,1096,2906,4053,1910,607,1887,3833,2261,4067,2083

test suite75
bestAPFD:0.920516
bestSuite:1903,4073,3144,3349,3903,1620,2521,4106

test suite76
bestAPFD:0.945234
bestSuite:1690,3964,884,1383,4107,4061,2115,2599,366,1926,3649,3606,3449

test suite77
bestAPFD:0.910930
bestSuite:865,3609,956,2983,3885,4078,1335,944,2733,2659,440,2841,102,2124,2024,2702,4089,933

test suite78
bestAPFD:0.960598
bestSuite:2179,4115,2857,3036,1816,1635,1722,2680,2617,2858,873,9,2921,1430,630,1840,1,2706,4072,715

test suite79
bestAPFD:0.942547
bestSuite:3059,2491,2123,1686,2638,3703,696,4063,1839,3178,3976,4100,3918,2398

test suite80
bestAPFD:0.943095
bestSuite:2068,1020,3939,1501,3117,3857,4102,3533,2902,1329,2937,4059,2032,935,2016,3148,2073

test suite81
bestAPFD:0.935462
bestSuite:3868,1976,1085,3561,3663,3984,3856,1997,3298,3974,252,1989,2109,4113,4084,1870

test suite82
bestAPFD:0.931586
bestSuite:1203,2458,3496,3092,1630,1802,4093,3391,2694,4057,3351,2534,471,1672,1013,3047,3559

test suite83
bestAPFD:0.948098
bestSuite:4002,1473,2284,169,4043,4074,3103,3282,1029,3677,4113,2987,2426,2797,3340,3963,2917,1261,3079,1306

test suite84
bestAPFD:0.919732
bestSuite:2060,960,521,3932,2966,2884,1946,2852,1398,4075,3168,2096,4112

test suite85
bestAPFD:0.958937
bestSuite:2115,488,824,3401,1168,524,4086,3725,1721,4033,2527,2286,3272,2163,941,111,984,4085

test suite86
bestAPFD:0.941848
bestSuite:2147,3243,1809,3717,3078,2477,3846,4105,4058,1784

test suite87
bestAPFD:0.914855
bestSuite:1848,868,1869,2176,2193,3150,3852,2071,3564,781,3803,4087,1103,930,2828,4063,418,655

test suite88
bestAPFD:0.940580
bestSuite:3482,3328,1703,3917,4066,4093,1788,1161,3403,2793,1789,1657,3841,3553,2696

test suite89
bestAPFD:0.927310
bestSuite:3483,4017,2229,1241,4092,1429,1760,3069,4024,3847,3671,772,3588,4064,1973,708

test suite90
bestAPFD:0.921405
bestSuite:3318,2048,1740,2505,451,4074,1014,2923,3730,3015,3495,4107,3232

test suite91
bestAPFD:0.940789
bestSuite:1747,271,3172,4103,2858,4011,1578,4067,3122,83,1407,3348,3367,3019,525,2823,2605,3537,3933

test suite92
bestAPFD:0.926087
bestSuite:801,1074,3218,3381,3761,1198,2270,909,3337,2956,859,1973,73,4092,2680

test suite93
bestAPFD:0.912008
bestSuite:3689,3923,4097,585,472,2629,1427,1075,3733,3478,842,3921,2013,1021,841,1309,3647,3681,3013,4058,1520

test suite94
bestAPFD:0.940217
bestSuite:3017,2299,2550,853,1402,3884,3359,1473,4097,1832,2651,3911,518,1423,1290,2052,4063,2458

test suite95
bestAPFD:0.933333
bestSuite:3447,20,4082,1822,1600,3509,2071,297,2308,3490,1241,1707,1614,4090,404

test suite96
bestAPFD:0.913683
bestSuite:3439,2995,4058,2217,3122,3074,4096,2697,3012,2156,3104,3617,3168,696,3669,1925,2550

test suite97
bestAPFD:0.931266
bestSuite:2092,3941,4090,2340,2171,1461,1481,1571,4058,3961,2642,3377,1184,2868,2302,3743,1651

test suite98
bestAPFD:0.920924
bestSuite:3382,2255,3592,1244,887,3917,1778,2504,1650,1429,2017,4059,3414,4040,4115,3418,2201,383,3426,3868

test suite99
bestAPFD:0.923007
bestSuite:2344,4084,3197,3727,1334,1492,2114,3549,4088,3093,1904,1834

test suite100
bestAPFD:0.928261
bestSuite:3640,1184,662,2516,3465,2112,2428,4082,3447,4111

test suite101
bestAPFD:0.916149
bestSuite:3669,2548,3710,3757,1240,3100,1736,4074,2427,3183,2281,296,4094,3483

test suite102
bestAPFD:0.928895
bestSuite:1428,4113,1035,3227,2372,2658,3555,2956,3064,1593,3495,615

test suite103
bestAPFD:0.951691
bestSuite:3556,2416,4081,3194,1532,99,3114,921,1485,3238,4111,1677,4020,770,2026,3401,3725,3677

test suite104
bestAPFD:0.917120
bestSuite:575,4058,4006,1101,3015,956,2745,2089,1386,473,689,3783,4096,3701,2437,968,1201,1060,3926,1880

test suite105
bestAPFD:0.936957
bestSuite:1027,803,2826,93,2058,4115,941,3371,1433,798,1463,1105,2009,3777,4057

test suite106
bestAPFD:0.922554
bestSuite:2522,1799,1949,3403,2072,820,3982,719,3393,3703,3620,4098,1892,1534,2753,4062

test suite107
bestAPFD:0.912319
bestSuite:2964,624,2835,775,2659,1216,4074,1775,4091,2180,2280,3441,2371,2606,3871

test suite108
bestAPFD:0.933230
bestSuite:3349,1651,1246,3976,2950,4060,2580,3548,1540,2433,4099,86,1713,3839

test suite109
bestAPFD:0.926421
bestSuite:3173,2324,4061,1797,2789,3056,343,1933,220,2440,3703,1325,4091

test suite110
bestAPFD:0.941362
bestSuite:1478,1806,2652,4101,2643,2650,196,706,3877,413,2338,4062,3286,1591,934,3327,1115,2148,2250

test suite111
bestAPFD:0.930367
bestSuite:667,3948,987,4114,3941,1213,1919,2705,3837,563,471,4062,1127,3612,2435,2365

test suite112
bestAPFD:0.926003
bestSuite:1794,2691,2607,4087,3993,2815,1292,1196,2839,4055,4057,1374,3919

test suite113
bestAPFD:0.934783
bestSuite:4111,4033,4076,3141,2221,2227,1755,2722,1982,3212,376,2359,3608,1792,2074,2357,1335,671

test suite114
bestAPFD:0.908288
bestSuite:4050,4078,2031,685,2074,3798,3195,1960,1400,221,798,4096,3595,866,3455,2000

test suite115
bestAPFD:0.929348
bestSuite:3850,1103,2694,3129,3266,2447,1638,1734,653,4075,2719,83,3906,1944,4092,4046

test suite116
bestAPFD:0.956202
bestSuite:2609,1928,129,2333,3334,2778,1866,3209,3066,4108,880,2772,1347,2028,4070,2400,1860

test suite117
bestAPFD:0.965415
bestSuite:1119,2798,1470,686,2288,3073,2245,2678,2179,81,2345,2341,4003,4083,1177,690,1596,3335,1454,2827,4114,1645

test suite118
bestAPFD:0.931289
bestSuite:2421,2678,2492,1333,3484,1422,332,4079,3496,1222,1666,4104,1960,2110

test suite119
bestAPFD:0.937681
bestSuite:3357,3094,1905,4074,76,1422,4110,716,1883,2162,3444,79,2061,2166,1667

test suite120
bestAPFD:0.909550
bestSuite:107,3506,1334,2231,4088,1596,1633,2264,2746,2944,872,2136,3345,4060

test suite121
bestAPFD:0.922101
bestSuite:2645,2516,4077,2475,872,3616,3752,979,2281,2362,3857,4090

test suite122
bestAPFD:0.940217
bestSuite:4090,3080,2386,4063,3729,1079,3150,2344,994,3101,3340,1599,2584

test suite123
bestAPFD:0.912138
bestSuite:1139,1799,2781,2682,2375,2327,931,4102,3079,4070,3134,2676

test suite124
bestAPFD:0.933824
bestSuite:780,2331,1656,4089,1853,1616,2945,2007,2825,1692,1061,2206,4076,1,330,3812,2855

test suite125
bestAPFD:0.934394
bestSuite:3790,2956,2406,1424,2316,3668,72,1334,2986,4114,1707,3460,2567,871

test suite126
bestAPFD:0.945652
bestSuite:1606,1282,3935,493,419,4108,3699,1880,4072,1015,2205,2687,510,2190,3876,3441

test suite127
bestAPFD:0.927110
bestSuite:3494,2237,2576,822,3666,2169,2995,3137,4095,3980,1503,1779,1040,1355,3232,1921,4069

test suite128
bestAPFD:0.944633
bestSuite:2510,4084,4108,3496,2016,1115,2473,2542,2424,2027,788,3550,2229,2301,3465,1630

test suite129
bestAPFD:0.949389
bestSuite:3844,2479,1714,2368,2306,4089,682,2954,4062,3418,485,1192,1847,3382,2471,884

test suite130
bestAPFD:0.930307
bestSuite:2221,2357,3021,2309,4084,3028,2595,1338,2104,1610,3133,1946,2826,2387,2021,254,4086

test suite131
bestAPFD:0.935990
bestSuite:386,1776,4088,2208,1324,2302,2994,3012,3276,2090,4035,799,3801,3650,966,2108,979,4080

test suite132
bestAPFD:0.937319
bestSuite:2609,1045,794,1581,2230,4090,1463,3701,1553,755,1525,3690,4065,3126,3200

test suite133
bestAPFD:0.925057
bestSuite:2336,1437,372,4073,4110,2417,2221,989,2309,3324,449,2838,1316,1471,754,4026,2483,2646,1845

test suite134
bestAPFD:0.928442
bestSuite:1860,4023,2996,4059,997,4041,3862,414,4091,3146,1870,2715,786,1383,3852,2585,3809,1563

test suite135
bestAPFD:0.915921
bestSuite:2653,188,661,1886,2468,2668,156,2949,2282,3482,951,4100,4060,3402,3880,1459,2793

test suite136
bestAPFD:0.926449
bestSuite:1212,2315,274,1535,3459,4071,3604,3873,3921,778,3080,4093,1828,3729,3846

test suite137
bestAPFD:0.891908
bestSuite:983,2399,105,2923,3873,2508,3008,1134,1598,1010,2279,2865,4104,3869,3046,4068,152,3903

test suite138
bestAPFD:0.940557
bestSuite:2975,3137,3134,1012,1535,3593,2333,3454,4113,2866,4057,264,426,915,3711,1024

test suite139
bestAPFD:0.914855
bestSuite:4107,899,3644,2052,3440,684,4081,355,2840,625,3007,1425

test suite140
bestAPFD:0.943711
bestSuite:2920,2856,630,397,647,1818,4065,2081,2019,3351,4101,3012,1970,2780

test suite141
bestAPFD:0.939441
bestSuite:2406,2366,68,3013,3174,2113,1508,4086,427,3226,4084,698,3047,2396

test suite142
bestAPFD:0.906522
bestSuite:3699,3625,1904,4068,4097,1290,2800,2212,3339,2374

test suite143
bestAPFD:0.946817
bestSuite:3742,2164,3305,3034,4068,2080,2355,4105,3375,895,135,3449,3790,763

test suite144
bestAPFD:0.915217
bestSuite:3374,4099,768,1915,3556,1571,2375,18,2548,4068

test suite145
bestAPFD:0.948370
bestSuite:3565,3989,2896,2582,34,1052,880,586,1676,2066,3283,3641,3884,4089,4078,1697

test suite146
bestAPFD:0.933696
bestSuite:1935,4110,882,3093,908,1512,2523,1810,910,2257,988,4074,3757,1738,2333,595,1029,200,879,1515

test suite147
bestAPFD:0.952597
bestSuite:457,1767,2372,1245,2288,2893,3785,3854,2678,2298,1831,2407,2234,1739,1140,672,4097,4070

test suite148
bestAPFD:0.930435
bestSuite:1783,1484,3502,2284,2087,3559,3801,4060,765,3272,1321,3853,3025,1920,4105

test suite149
bestAPFD:0.928668
bestSuite:1050,3458,2387,3992,3167,4088,2248,4079,3008,926,2670,3005,2242,2101,3505,2629

test suite150
bestAPFD:0.930307
bestSuite:3472,2112,260,3796,3823,926,2373,2322,922,2561,1592,3259,2944,4100,4059,711,3918

test suite151
bestAPFD:0.952174
bestSuite:245,1942,3254,3575,2253,4061,2121,3282,4115,3960,3876,3073,1107,2041,1743

test suite152
bestAPFD:0.935201
bestSuite:3128,2499,4087,2939,3017,2856,4071,2016,1017,2207,3475,1668,2339

test suite153
bestAPFD:0.928329
bestSuite:1884,2966,3445,552,3620,3380,2810,3142,1226,284,3093,4077,2344,1281,4089,1707

test suite154
bestAPFD:0.912471
bestSuite:3626,3892,4114,2702,425,1293,2262,762,1728,1800,1920,3793,3011,4080,527,3852,3323,1675,2512

test suite155
bestAPFD:0.910628
bestSuite:2407,3221,616,244,4115,4060,2396,909,1879,2875,1045,770,2605,3194,3543,2517,3599,2079

test suite156
bestAPFD:0.936232
bestSuite:2278,2494,1843,3011,639,242,1932,676,3234,3302,2261,2159,630,4062,4094

test suite157
bestAPFD:0.917874
bestSuite:1268,427,1425,1938,4076,3567,1446,3177,4100,960,3090,1245,2740,34,2253,3267,1253,3276

test suite158
bestAPFD:0.939198
bestSuite:2437,991,3744,3490,1034,2093,941,2711,1559,4115,4069,1945,1752,1637,2941,3969

test suite159
bestAPFD:0.916667
bestSuite:3042,4041,2766,2314,4072,2560,795,2791,3307,849,4091,3805

test suite160
bestAPFD:0.914855
bestSuite:2368,729,4074,2715,1335,2903,2175,705,2781,4112,1601,3698,111,2372,1002,3546,1842,2995

test suite161
bestAPFD:0.935145
bestSuite:3628,2255,3214,3249,297,1183,755,1666,3924,1814,980,4104,2504,2956,1187

test suite162
bestAPFD:0.950128
bestSuite:3665,3187,2696,2803,4067,213,990,2058,735,662,1115,2961,1525,4103,2666,958,2270

test suite163
bestAPFD:0.904503
bestSuite:1807,1914,1174,2406,1384,4092,859,2400,79,2184,4074,3593,3928,970

test suite164
bestAPFD:0.929348
bestSuite:3976,4065,4111,1739,3651,3293,2333,4046,1898,691,1449,2415,2489

test suite165
bestAPFD:0.930307
bestSuite:948,3857,3126,1340,3729,1864,2793,2398,434,3841,4072,4093,2683,492,2206,791,1267

test suite166
bestAPFD:0.951540
bestSuite:2179,3180,4074,2419,819,4099,3746,1088,3841,1696,968,1853

test suite167
bestAPFD:0.953416
bestSuite:1590,1354,2752,2898,3278,3839,3342,4058,4095,2771,3769,2976,3895,2364

test suite168
bestAPFD:0.945234
bestSuite:4099,2392,849,1600,1000,860,4073,2794,3178,3583,901,2135,377

test suite169
bestAPFD:0.912625
bestSuite:4107,3281,2557,502,2897,4076,2139,668,2713,3855,3015,1978,3521

test suite170
bestAPFD:0.937500
bestSuite:4108,2836,647,3263,1556,3781,3493,452,3012,4085,2787,3294,3261,3849

test suite171
bestAPFD:0.922215
bestSuite:2666,1863,3433,1711,565,551,1383,3973,622,2691,4111,1691,1494,1743,1789,4066

test suite172
bestAPFD:0.925951
bestSuite:1614,3517,3859,2001,413,566,4069,4115

test suite173
bestAPFD:0.940635
bestSuite:3349,965,3313,828,3446,2883,2411,4078,872,2563,3732,3766,4087

test suite174
bestAPFD:0.907928
bestSuite:1910,3606,693,570,1696,1528,884,3334,1095,1487,4079,3493,1817,1507,4097,2917,2560

test suite175
bestAPFD:0.928895
bestSuite:3524,4088,3560,3494,3912,1707,881,677,3674,4064,2834,3062

test suite176
bestAPFD:0.918818
bestSuite:1807,2171,2036,931,3595,1561,2956,3876,4107,3864,1538,2703,1183,2685,1292,2268

test suite177
bestAPFD:0.950801
bestSuite:720,1995,806,4071,4098,663,3665,2015,3868,998,775,2195,3497,2854,1167,1086,3182,1777,16

test suite178
bestAPFD:0.945080
bestSuite:641,2628,3118,1378,699,4055,2468,664,3224,697,3790,2793,3307,3663,2243,1512,2956,4087,2636

test suite179
bestAPFD:0.954257
bestSuite:4088,910,3340,1550,757,1256,1665,3717,664,4073,2567,2474

test suite180
bestAPFD:0.942935
bestSuite:4006,141,3040,1757,3437,1557,4104,2139,2275,4068,2841,2488,751,2603

test suite181
bestAPFD:0.961655
bestSuite:2521,3052,2075,2550,2166,1894,4017,239,1545,1579,4061,3692,669,2862,2360,3098,4105,1676

test suite182
bestAPFD:0.920856
bestSuite:2279,2492,2418,2542,119,3920,3983,347,3601,1256,4101,4064,735,1365,1250,1831

test suite183
bestAPFD:0.930857
bestSuite:2032,3828,3412,659,1393,3097,4072,2193,1799,577,2253,417,4095,1608,367,1791,2101,3218

test suite184
bestAPFD:0.926630
bestSuite:2950,1125,2194,4105,2509,3225,1825,2956,1655,887,1622,2130

test suite185
bestAPFD:0.934783
bestSuite:1115,2386,3422,3557,2145,1935,4083,2991,2998,2123,3354,2847,4095

test suite186
bestAPFD:0.927536
bestSuite:3990,3749,3071,4075,258,3012,221,4113,4028,1237,2150,1945

test suite187
bestAPFD:0.943095
bestSuite:1575,2925,2458,3925,812,2062,4075,4105,2016,2369,312,4017,3921,2429,2773,1120,3769

test suite188
bestAPFD:0.949728
bestSuite:2497,1364,253,1055,1010,3242,4104,2361,628,3137,2604,2301,511,4082,2808,1886

test suite189
bestAPFD:0.942688
bestSuite:2157,4057,1472,4101,465,1086,3884,3863,2521,3998,1534

test suite190
bestAPFD:0.938488
bestSuite:493,1383,2865,3132,2220,1931,3057,2919,4019,1254,2099,2952,2731,1715,1058,202,4045,2862,2956,4115,1629,3364

test suite191
bestAPFD:0.937500
bestSuite:703,3562,1426,3794,2543,3657,36,2032,937,1545,656,4102,2140,4076,3949,3910

test suite192
bestAPFD:0.944444
bestSuite:117,1542,4037,3789,1395,3615,4085,4114,437,3476,2464,1996,2332,1365,3043,969,2543,1009

test suite193
bestAPFD:0.929650
bestSuite:904,743,877,1853,3223,3706,1661,2060,1290,4068,2288,2583,3731,3899,1380,4100,3316,474

test suite194
bestAPFD:0.919565
bestSuite:2007,3616,1097,2376,1300,2473,771,741,3103,4058,519,1496,3864,3636,4111

test suite195
bestAPFD:0.940580
bestSuite:2104,990,4086,296,2275,3645,3614,2130,2615,2081,3847,3769,1983,2986,4061

test suite196
bestAPFD:0.921875
bestSuite:3901,1115,2447,3349,524,4094,1596,719,2760,1951,3677,1703,2627,92,3131,4058

test suite197
bestAPFD:0.950448
bestSuite:796,1763,3182,23,2372,3767,4073,1725,2691,2089,58,4108,1887,499,2787,2597,3222

test suite198
bestAPFD:0.925272
bestSuite:1609,4057,3398,2593,3029,2163,475,2530,3698,2865,4099,2006

test suite199
bestAPFD:0.927310
bestSuite:2952,3570,4067,2127,945,2438,3203,454,2988,2017,4097,770,1248,2179,2925,1085

test suite200
bestAPFD:0.921443
bestSuite:1515,3841,2230,4072,3170,3358,2140,4034,2082,4103,2555

test suite201
bestAPFD:0.928329
bestSuite:3570,4110,1254,2166,3852,3243,862,3675,1923,4079,1616,504,1287,955,2322,2338

test suite202
bestAPFD:0.938043
bestSuite:4074,3556,2879,4096,874,2549,3462,171,446,1590,2543,2698,3078,2193,14

test suite203
bestAPFD:0.952899
bestSuite:3637,2632,3644,44,1361,4068,3122,435,2718,681,3243,3249,4106,3763,3999

test suite204
bestAPFD:0.921937
bestSuite:3167,3580,3433,2432,4104,3051,3928,2199,2589,4066,942

test suite205
bestAPFD:0.930830
bestSuite:3769,1365,2063,3991,86,2058,993,1200,662,4099,4059

test suite206
bestAPFD:0.921443
bestSuite:1981,3517,4110,1624,2503,1320,55,4070,3194,4010,1462

test suite207
bestAPFD:0.934058
bestSuite:3657,3540,1802,3208,1596,1384,2631,3068,4104,809,909,1514,1170,4073,1190

test suite208
bestAPFD:0.917224
bestSuite:3794,2595,53,2631,1460,4075,512,2035,1648,1034,4086,4010,820

test suite209
bestAPFD:0.955243
bestSuite:3665,2893,3333,3505,3904,2523,765,4105,2374,2155,2288,2879,411,1174,4078,2270,2512

test suite210
bestAPFD:0.916806
bestSuite:2564,920,408,2825,2239,3862,4105,2627,4034,1351,3637,2412,4067

test suite211
bestAPFD:0.913880
bestSuite:2240,1640,2892,4090,230,4083,2098,3706,3206,1099,3895,3448,2806

test suite212
bestAPFD:0.924366
bestSuite:3570,4050,2705,240,3620,4093,1016,1995,2016,1065,1467,4068

test suite213
bestAPFD:0.908385
bestSuite:3282,708,3980,4077,2929,3841,4098

test suite214
bestAPFD:0.910507
bestSuite:2753,976,1033,2139,747,1911,392,4086,1222,4071,733,2312,3354,4032,2507

test suite215
bestAPFD:0.910326
bestSuite:304,2351,2853,1209,1707,3483,3052,891,1967,2403,3957,4099,543,4075,1648,3848

test suite216
bestAPFD:0.925272
bestSuite:1579,2395,2649,3549,3731,774,4061,2971,3921,4105,778,3490

test suite217
bestAPFD:0.906884
bestSuite:949,642,2517,4067,1506,3323,696,1122,1989,2891,4031,2541,4089,927,3386

test suite218
bestAPFD:0.915601
bestSuite:1974,2030,3184,3239,3203,2398,45,2971,1968,2473,1302,4081,2365,1835,475,4112,785

test suite219
bestAPFD:0.951389
bestSuite:3529,4080,2267,3188,427,3984,2517,560,1718,4095,1545,3929,2481,3423,2989,2490,1691,889

test suite220
bestAPFD:0.916304
bestSuite:978,2338,3492,4085,3846,2914,3066,4110,1569,2927,1586,70,1713,1200,2755

test suite221
bestAPFD:0.921584
bestSuite:3401,195,385,3010,3137,3886,800,748,3490,4087,3226,1557,650,4078

test suite222
bestAPFD:0.927989
bestSuite:4109,3288,359,999,142,2365,2640,1424,4073,2834,1401,3869,1484,2728,1270,1837

test suite223
bestAPFD:0.913432
bestSuite:988,73,655,3502,1783,2277,4078,1806,4104,815,3723,1942,936,1316

test suite224
bestAPFD:0.950128
bestSuite:853,4074,2700,1952,175,2781,3843,1658,3471,3077,2492,4113,2521,1036,385,3584,3813

test suite225
bestAPFD:0.922748
bestSuite:4107,3840,4065,3159,2230,2329,391,1498,2548,642,1072,1845,3958,3617

test suite226
bestAPFD:0.959382
bestSuite:3043,994,2123,1658,3642,1902,2179,3420,24,3509,3745,4057,2162,1146,1951,115,2269,4095,3734

test suite227
bestAPFD:0.910326
bestSuite:1900,741,3554,4097,1672,4072,2402,467

test suite228
bestAPFD:0.938859
bestSuite:3537,2082,1506,2176,520,4071,3198,4109,3872,3920,3034,2180

test suite229
bestAPFD:0.942220
bestSuite:4115,2322,3872,1119,2888,776,2540,2584,893,1566,2383,3147,1,619,1111,2152,4057,2014,2406

test suite230
bestAPFD:0.949657
bestSuite:56,546,3038,2327,1326,4089,836,2633,4074,2054,1478,2254,2988,2275,796,2980,1146,3347,2643

test suite231
bestAPFD:0.922634
bestSuite:1728,4063,3544,752,727,3258,869,2703,1527,658,2089,2425,2540,1941,2633,4096,790

test suite232
bestAPFD:0.935326
bestSuite:4084,1917,2427,2716,3802,3321,3767,2480,559,2491,2156,3181,994,1692,1156,4098,3180,1690,1451,1147

test suite233
bestAPFD:0.908103
bestSuite:1884,1091,2593,3325,4108,3381,2362,3026,705,4078,3103

test suite234
bestAPFD:0.929348
bestSuite:3433,2204,1451,1431,4060,437,420,2633,3456,1010,1307,754,1608,3360,4098,2453

test suite235
bestAPFD:0.945652
bestSuite:533,2722,2763,1574,2548,3549,1014,3805,2298,1682,4065,1316,635,4111,3111,518,417,1460

test suite236
bestAPFD:0.918159
bestSuite:3451,1312,2651,1444,2245,1797,646,609,2119,3166,1368,4102,4072,2739,917,2471,2338

test suite237
bestAPFD:0.933110
bestSuite:566,2835,2612,3042,2357,3776,4115,4083,3418,969,2333,2030,106

test suite238
bestAPFD:0.907191
bestSuite:3982,4104,792,3540,3354,908,2363,1503,3176,4079,4053,2253,636

test suite239
bestAPFD:0.908568
bestSuite:3204,3417,637,2990,3901,1688,4071,1727,4020,680,1783,1192,3732,4100,802,3455,2391

test suite240
bestAPFD:0.956841
bestSuite:2062,3490,2690,529,1796,4029,3907,4069,2930,4103,874,1326,2736,2939,119,2204,1990

test suite241
bestAPFD:0.919622
bestSuite:1399,2119,1821,3370,4081,3232,3673,2265,2016,2846,1614,3321,680,3129,4054,4098,2162,4027,2833

test suite242
bestAPFD:0.942158
bestSuite:2945,3580,4113,3760,3324,4076,2055,1241,747,1920,3604,2997,1689,258

test suite243
bestAPFD:0.923460
bestSuite:2267,4093,1562,4083,4015,1996,3192,3869,3157,1693,2673,2967

test suite244
bestAPFD:0.940537
bestSuite:852,1042,2944,3841,2887,393,1474,2496,3813,912,4090,815,1547,3870,734,4084,1340

test suite245
bestAPFD:0.955918
bestSuite:2019,1583,895,3517,637,4091,2985,4062,844,1182,3984,4051,4015,228,2435,1899,955,851

test suite246
bestAPFD:0.939441
bestSuite:3178,3488,2432,1839,1834,2814,736,1848,4062,2549,1611,1661,3249,4089

test suite247
bestAPFD:0.929348
bestSuite:3399,1026,3529,2235,1967,2254,2231,1331,4088,1796,1459,3666,2807,389,4064

test suite248
bestAPFD:0.923913
bestSuite:1361,496,2858,1542,2286,4065,1644,3422,3448,4087,2719,911,3907,1104,227,2337,2569,21

test suite249
bestAPFD:0.937160
bestSuite:1697,2703,1685,2052,3206,3836,4107,3844,703,869,431,3183,4077,1557,2946,3086

test suite250
bestAPFD:0.941770
bestSuite:2835,2141,1561,2839,2687,2494,3594,1289,891,1143,2661,2859,1625,522,4075,3006,1690,2063,2727,4089,2988

test suite251
bestAPFD:0.917391
bestSuite:2566,3548,763,2028,1895,1890,2026,1704,1480,4097,2739,4062,1200,3645,2710

test suite252
bestAPFD:0.941206
bestSuite:3272,1755,3368,2429,1366,1080,1219,352,2956,1351,3984,517,2801,726,3826,673,1688,1111,3670,4102,2286,2561

test suite253
bestAPFD:0.956522
bestSuite:3462,3921,2198,698,2728,75,3502,4077,1453,1559,2687,2798,621,3542,1289,4107,2068,2390,2615,1549,787

test suite254
bestAPFD:0.911836
bestSuite:3120,2745,2162,4100,1748,3131,4061,3807,1923,1472,1024,3027,878,3762,2499,1644,2363,247

test suite255
bestAPFD:0.948973
bestSuite:2836,1243,2787,4076,282,1251,2949,3899,2761,4094,887,511,836,2111,219,3475,3579,2619

test suite256
bestAPFD:0.948030
bestSuite:2609,1988,851,2286,3339,3983,4092,768,3707,3124,1436,4071,2728,23,1748,1417

test suite257
bestAPFD:0.920894
bestSuite:4068,1857,1430,2389,632,3979,3272,2404,2037,2030,546,4110,974,1667,1033,2313,3477,415

test suite258
bestAPFD:0.948161
bestSuite:3554,3974,1663,4105,2159,3149,1251,2956,3784,3208,93,1276,3389

test suite259
bestAPFD:0.901854
bestSuite:290,4090,3238,3334,990,908,3034,1158,3725,2001,999,1871,923,2099,4072,875,3951

test suite260
bestAPFD:0.940994
bestSuite:3590,640,1692,3717,4104,138,656,4071,3006,2750,3813,3768,2778,1875

test suite261
bestAPFD:0.896196
bestSuite:2839,2250,3941,1814,4103,2939,3017,4069,2985,1286

test suite262
bestAPFD:0.952640
bestSuite:3055,894,3282,4076,3656,4106,3628,1645,121,270,3991,795,3134,3203

test suite263
bestAPFD:0.938501
bestSuite:626,2993,1873,4064,3927,3173,1957,2969,2886,728,129,1603,3436,250,3952,3041,4108,1321,679

test suite264
bestAPFD:0.950181
bestSuite:2270,3791,3278,2397,4085,3804,1050,1981,402,4086,3767,3201

test suite265
bestAPFD:0.933424
bestSuite:2888,2697,57,200,1587,2538,3360,3973,1435,3825,1263,1942,3950,2083,4059,4111

test suite266
bestAPFD:0.903986
bestSuite:260,4099,886,820,2852,2875,1509,2068,2077,1098,2407,1219,2302,902,1328,1560,4059,3970

test suite267
bestAPFD:0.926630
bestSuite:4084,3459,2368,2821,2104,3284,3583,378,1626,3548,4104,1397,3402,1517,3973,3689

test suite268
bestAPFD:0.922659
bestSuite:896,3271,2486,3911,3787,4083,1757,1206,1417,147,2361,2491,4094

test suite269
bestAPFD:0.935688
bestSuite:4086,2724,411,2013,1897,4061,2530,1659,2408,914,3362,2910

test suite270
bestAPFD:0.913462
bestSuite:1331,3174,2755,1493,2590,2649,1812,51,4057,2528,1358,3851,4105

test suite271
bestAPFD:0.924485
bestSuite:794,1393,1497,2550,2823,3272,3762,1936,4090,4075,1595,953,1750,54,3342,506,1190,2293,1461

test suite272
bestAPFD:0.932225
bestSuite:148,1955,3492,3748,1192,4084,1514,2564,956,4113,957,3426,2401,3533,3525,3290,2129

test suite273
bestAPFD:0.942595
bestSuite:874,256,3237,1887,912,2248,4082,2448,3192,1850,345,2550,4102,3033,3507,2996

test suite274
bestAPFD:0.926471
bestSuite:2762,3094,1651,3091,3929,2026,679,546,2585,1607,1658,4086,3904,3931,4060,740,1395

test suite275
bestAPFD:0.928204
bestSuite:4021,2742,4058,3929,902,3096,244,2043,924,749,4102,1251,663,3333,882,2990,2194,1507,524

test suite276
bestAPFD:0.945938
bestSuite:1724,1487,3041,1943,2737,3243,1738,2232,4059,3615,1647,3625,744,3758,4088,3510,3315,3420,1355

test suite277
bestAPFD:0.933110
bestSuite:1141,2615,4114,2973,917,3872,3793,2623,1784,1334,2658,4060,3935

test suite278
bestAPFD:0.933424
bestSuite:406,1095,2035,789,3890,3815,891,4077,1874,1974,3917,4113,212,1767,3488,405

test suite279
bestAPFD:0.946105
bestSuite:786,3590,1281,27,3346,4103,916,3665,2232,4079,2839,1131

test suite280
bestAPFD:0.935870
bestSuite:4088,2521,3817,465,2192,3751,4071,877,1480,3868

test suite281
bestAPFD:0.949275
bestSuite:2217,3699,626,2935,4082,2761,3061,622,1485,1483,1583,3119,4098,1388,1766

test suite282
bestAPFD:0.931046
bestSuite:1976,3485,2864,75,1859,1263,2577,3388,4106,2733,3242,767,4053,1438,4059,2308

test suite283
bestAPFD:0.933230
bestSuite:4071,1602,1273,2406,4091,3165,3021,2281,2898,1275,1223,3017,3360,2180

test suite284
bestAPFD:0.936141
bestSuite:4088,1849,1095,1611,4082,1617,3192,2953,3625,2989,2353,2545

test suite285
bestAPFD:0.917642
bestSuite:141,3314,2699,1544,3363,2996,1193,3379,2666,4058,2195,4112,2839

test suite286
bestAPFD:0.896399
bestSuite:2293,341,1960,2579,2149,4115,3898,2043,3664,1897,1111,2367,4061,715,1706,2837

test suite287
bestAPFD:0.917391
bestSuite:3063,1478,2149,3643,1713,4072,3805,1187,2428,663,4088,1773,2585,2714,934

test suite288
bestAPFD:0.914855
bestSuite:1429,3522,1161,2006,2511,3136,3576,4063,1664,1697,2737,2571,2808,4111,810

test suite289
bestAPFD:0.926630
bestSuite:2886,4071,3069,4101,2352,2332,2201,1988,48,3266,834,726,2508,1291,640,2927,3837,2113

test suite290
bestAPFD:0.943734
bestSuite:1617,740,53,3221,551,1256,3269,3687,4068,3493,522,2581,3978,3257,1203,4086,844

test suite291
bestAPFD:0.938501
bestSuite:399,710,4100,437,2102,699,693,2078,1584,1050,2351,2967,717,3066,2802,2419,3696,4062,3884

test suite292
bestAPFD:0.925272
bestSuite:1995,2564,891,2733,1787,4066,2713,3007,528,4110,3420,2039,3586,2058,34,2731

test suite293
bestAPFD:0.957801
bestSuite:3219,3091,1086,362,1586,4069,3876,4094,69,2575,3013,2093,703,1144,1479,3291,1332

test suite294
bestAPFD:0.921196
bestSuite:4103,2368,2876,973,880,2608,2587,2377,3524,1472,1018,2733,1811,4068,3407,2870

test suite295
bestAPFD:0.949169
bestSuite:27,2063,841,2231,1576,4115,2663,2179,4082,3182,1266,4037,3262,2863,2224,2452,2902

test suite296
bestAPFD:0.935171
bestSuite:2603,1872,4107,3859,3675,4077,3384,3966,2008,3790,2067,2845,3855,3469

test suite297
bestAPFD:0.897157
bestSuite:2791,1481,3873,1586,4064,3488,4095,767,1020,1504,3587,1376,2237

test suite298
bestAPFD:0.942547
bestSuite:759,3556,2427,1643,1077,3611,4106,2102,4058,1793,2449,2871,2745,2402

test suite299
bestAPFD:0.914493
bestSuite:2124,4069,1101,3759,1442,1613,3062,2418,4098,3433,2455,1772,2695,2682,1289

test suite300
bestAPFD:0.921584
bestSuite:715,2698,3929,2898,3630,2024,820,1333,3566,3806,4105,2964,4074,1780

test suite301
bestAPFD:0.933110
bestSuite:2506,3615,8,2505,2706,768,1091,1870,3575,3206,4092,1320,4069

test suite302
bestAPFD:0.920743
bestSuite:1820,1657,4092,3728,11,1390,4071,2337,640,2394,1435,2058

test suite303
bestAPFD:0.937980
bestSuite:1600,2148,4102,2502,3343,72,3397,1411,1280,4078,3448,1548,2509,3044,3483,1480,1763

test suite304
bestAPFD:0.932065
bestSuite:281,637,4095,3795,3026,1916,1898,4060,743,868,3620,2825,827,2124,1138,1726

test suite305
bestAPFD:0.934143
bestSuite:3089,1327,677,823,2282,1162,4111,3927,3755,1417,1690,3628,3833,4065,3640,29,1036

test suite306
bestAPFD:0.921649
bestSuite:1924,4026,3628,2062,1059,4057,3984,1230,4108,3809,1895,1714

test suite307
bestAPFD:0.931522
bestSuite:835,4087,787,3414,2112,2881,1763,3494,654,2746,474,2956,972,2442,2013,2243,849,1584,408,1240

test suite308
bestAPFD:0.951449
bestSuite:2044,3517,1434,1883,2487,4060,3196,732,2193,3590,291,4089,2679,1974,3550

test suite309
bestAPFD:0.935771
bestSuite:1553,2604,2329,927,2723,4065,4106,1035,3071,2954,3681

test suite310
bestAPFD:0.924592
bestSuite:3221,2060,2528,4112,2746,2676,160,814,3868,3252,4083,2343,2350,1567,3370,1410

test suite311
bestAPFD:0.935236
bestSuite:4068,504,3688,3709,39,1120,2009,3361,3047,4089,953,3349

test suite312
bestAPFD:0.928261
bestSuite:3267,4091,3584,2255,2711,2270,1484,3145,3547,2241,4074,1826,1161,1720,2166

test suite313
bestAPFD:0.916667
bestSuite:1553,3725,3804,375,2363,1402,371,1510,3370,1507,4087,1079,2531,3611,636,3551,461,4061

test suite314
bestAPFD:0.934783
bestSuite:775,3934,3588,1486,2278,4093,1607,511,3469,3686,1145,1609,1955,2898,1127,4084

test suite315
bestAPFD:0.933794
bestSuite:4063,3176,1641,3029,3324,4036,1437,2717,4113,2537,1801

test suite316
bestAPFD:0.946332
bestSuite:2035,4026,312,4072,3199,3612,3325,3123,1788,567,772,2047,3413,1396,102,4109

test suite317
bestAPFD:0.949808
bestSuite:893,2840,352,2507,345,2522,1547,1032,2180,3313,4073,85,990,4090,2141,1909,3719

test suite318
bestAPFD:0.909783
bestSuite:754,4065,4111,3181,506,2524,1790,1177,2722,1139

test suite319
bestAPFD:0.933110
bestSuite:995,1484,989,2897,2724,4066,3374,3195,3683,943,4113,809,2625

test suite320
bestAPFD:0.937319
bestSuite:3982,688,4089,902,2598,3683,4059,834,1020,2700,3351,2249,649,3761,4045

test suite321
bestAPFD:0.941304
bestSuite:2658,2471,673,4065,2456,4089,1778,3517,2212,1661

test suite322
bestAPFD:0.928986
bestSuite:2477,3650,954,4075,1584,2807,3870,4091,3661,1750,1619,3329,3874,2567,1869

test suite323
bestAPFD:0.921584
bestSuite:597,634,3807,2198,4060,1125,3802,783,3775,1654,2760,2853,496,1533,242,2744,4108,1778,504,1378,4034

test suite324
bestAPFD:0.925000
bestSuite:1997,2952,3332,899,2796,2573,1229,3891,1683,4076,4111,367,3719,1546,938

test suite325
bestAPFD:0.944693
bestSuite:4101,2798,3438,3073,2374,1184,2598,893,2943,2603,4068,3805,2337,1770,3910,1167,3689

test suite326
bestAPFD:0.914130
bestSuite:2458,3272,290,1945,3040,2130,4112,3530,3848,4075

test suite327
bestAPFD:0.938665
bestSuite:1063,3928,2389,1827,2488,1507,3833,4058,1921,3064,4099,3267,3907,3675

test suite328
bestAPFD:0.951475
bestSuite:3154,40,1784,720,3346,3263,4110,1344,3892,4074,117,1610,1422,3628

test suite329
bestAPFD:0.946906
bestSuite:2660,4089,2706,3764,2085,3231,1835,4060,3311,2854,619,1465,263

test suite330
bestAPFD:0.935559
bestSuite:1034,2447,2780,3193,2787,3419,4057,3303,3626,714,3187,2058,4093,2463

test suite331
bestAPFD:0.942029
bestSuite:2567,3190,3973,3327,687,3344,171,1023,2422,2745,2459,4100,899,4064,3542

test suite332
bestAPFD:0.922634
bestSuite:1787,1950,2294,3002,3645,483,3978,2255,1794,2089,4061,3411,4107,2595,888,2093,2838

test suite333
bestAPFD:0.936381
bestSuite:2163,4093,1546,3474,1433,3093,1963,4085,179,1331,3957,877,3938,1495,2322,3293,3411

test suite334
bestAPFD:0.923234
bestSuite:1591,2268,4061,2709,3718,444,667,4102,2464,1705,3885,1655,2863,2208,2221,3063

test suite335
bestAPFD:0.947251
bestSuite:3429,450,3699,1477,2198,773,4067,3178,4089,3033,1916,797,3603,2696,3224,1032,1729

test suite336
bestAPFD:0.919643
bestSuite:2683,2697,4075,3388,4050,1746,719,1355,2548,900,2862,677,2383,4105

test suite337
bestAPFD:0.939130
bestSuite:4051,3040,15,1870,2286,4106,4059,524,2164,1897

test suite338
bestAPFD:0.903986
bestSuite:221,1835,1776,1609,2162,4069,1666,4107,2838,3608,3822,30,3133,2075,820

test suite339
bestAPFD:0.932806
bestSuite:2792,4111,2253,3673,2115,1780,3402,1256,2839,3669,4079

test suite340
bestAPFD:0.927649
bestSuite:3509,3496,826,4087,3529,3360,2256,2506,3014,3722,2786,4062,1631,629,2330,1914

test suite341
bestAPFD:0.928360
bestSuite:2956,3093,3964,594,2074,1811,4048,3650,4101,1345,1547

test suite342
bestAPFD:0.925951
bestSuite:3885,3333,2761,4063,3017,2862,4112,4034

test suite343
bestAPFD:0.916101
bestSuite:2203,612,795,1545,2301,46,1309,2014,1169,3141,2853,4090,3106,2956,3514,3791

test suite344
bestAPFD:0.915761
bestSuite:788,1484,3894,1749,2575,1801,2821,4060,3766,2791,450,2526,3163,1653,3548,3009,3397,4105

test suite345
bestAPFD:0.916149
bestSuite:3131,4090,1944,3954,4071,2081,1000,445,2610,752,2668,710,3323,1857

test suite346
bestAPFD:0.946377
bestSuite:3771,2896,2948,4046,3619,1999,1437,2618,4085,1911,4097,386,3703,2485,2927

test suite347
bestAPFD:0.920516
bestSuite:976,4110,2950,3917,4032,2083,268,665,3742,3491,2141,2266,4067,3782,1361,2872

test suite348
bestAPFD:0.937660
bestSuite:898,2854,1487,3352,3488,3168,844,4102,2825,4059,3495,1676,2756,3729,2428,2950,2247

test suite349
bestAPFD:0.958612
bestSuite:3854,856,3717,4106,3748,4065,947,2695,3410,802,28,837,3948

test suite350
bestAPFD:0.922101
bestSuite:2166,370,1447,1552,866,1070,769,2297,4061,2814,1943,1378,4093,2788,3242,3130,3177,2930

test suite351
bestAPFD:0.931612
bestSuite:1655,3487,3346,937,2944,4059,3608,3505,1354,2253,4088,1325

test suite352
bestAPFD:0.938963
bestSuite:2596,3092,3846,1364,1817,2197,4084,2448,4108,1790,2744,214,3010

test suite353
bestAPFD:0.929348
bestSuite:3552,3295,1836,432,1397,3591,4075,2537,765,3167,516,725,3463,3185,4093,3562

test suite354
bestAPFD:0.935641
bestSuite:2343,688,721,1769,1356,4084,151,2387,2633,1428,3237,1933,2474,4097,2220,1572,2882,3161,2827

test suite355
bestAPFD:0.926178
bestSuite:3659,643,2243,2826,3494,2283,1168,2996,4099,1930,3881,4079

test suite356
bestAPFD:0.937340
bestSuite:3665,1169,1830,323,4097,3495,3710,1772,2060,776,1469,4059,1317,1367,3438,1626,3574

test suite357
bestAPFD:0.918478
bestSuite:333,3295,2528,2402,3822,1599,11,1710,878,2229,4096,2240,3828,848,1395,4074

test suite358
bestAPFD:0.931677
bestSuite:2943,3524,3099,1641,4104,506,3094,3036,2271,839,4076,4054,3720,1988

test suite359
bestAPFD:0.942633
bestSuite:2965,3983,2830,3846,4109,769,699,2364,3851,2008,4066,848,1193,1426,2480,3231,3505,91

test suite360
bestAPFD:0.898913
bestSuite:2643,4101,4060,3972,2317,2865,87,980,2846,1361,859,2257,3635,3770,868

test suite361
bestAPFD:0.930254
bestSuite:2899,183,3657,3245,2950,3225,1121,2219,4072,1819,4113,3817

test suite362
bestAPFD:0.951389
bestSuite:801,336,3278,1351,4090,2255,3834,3235,1659,4064,3919,210,1124,3363,2651,2268,1883,3188

test suite363
bestAPFD:0.933528
bestSuite:3399,4060,1558,2748,2257,2553,1334,338,3426,2163,3352,4089,2274

test suite364
bestAPFD:0.914493
bestSuite:4096,3706,1216,2408,831,3552,4059,1812,1437,2254,2500,2204,3750,865,842

test suite365
bestAPFD:0.960258
bestSuite:1668,2229,3310,3517,2014,1847,1472,4085,857,1254,466,4102,2263,1599,2054,1322

test suite366
bestAPFD:0.914188
bestSuite:2767,1263,4073,473,98,2416,2443,1626,4113,3610,3352,3984,3970,3756,2174,730,2466,2400,1649

test suite367
bestAPFD:0.922197
bestSuite:117,3484,1342,2068,446,870,2921,2707,3521,1713,1911,3579,1235,781,1465,2680,4087,388,4064

test suite368
bestAPFD:0.918896
bestSuite:3659,761,4066,4099,2768,2717,2032,2595,3016,3642,1555,2208,781

test suite369
bestAPFD:0.937681
bestSuite:2373,3746,2432,1508,3353,1160,2572,4086,2956,2891,1173,2163,3117,1699,1720

test suite370
bestAPFD:0.933824
bestSuite:2302,442,809,2907,868,2915,352,2159,1377,2949,3221,4101,4063,2456,1085,3775,3817

test suite371
bestAPFD:0.923077
bestSuite:2100,595,4104,2954,3104,4065,1739,1345,328,861,4011,130,2089

test suite372
bestAPFD:0.939915
bestSuite:2011,3421,13,4111,2907,798,1905,3296,2200,1882,2250,3775,3324,3533,2854,3927,1861,4069

test suite373
bestAPFD:0.929008
bestSuite:3737,863,1824,2349,4076,2931,3784,1452,3529,4088,3155,990,2455,1606,2562,2853

test suite374
bestAPFD:0.932692
bestSuite:2584,1183,2118,1446,4112,3026,1674,3469,4064,1609,2599,3718,1165

test suite375
bestAPFD:0.911957
bestSuite:3187,842,3008,2486,2509,732,4063,4093,850,2999,940,2796,2854,3249,977

test suite376
bestAPFD:0.945290
bestSuite:2691,735,2713,305,2130,1646,3005,4049,1333,2724,4076,2212,3094,4102,1866

test suite377
bestAPFD:0.924253
bestSuite:3645,2914,2491,359,1551,2707,783,2855,265,1438,75,4097,2971,594,4072,1465

test suite378
bestAPFD:0.923274
bestSuite:3473,2068,2229,3689,2787,3636,2616,777,2344,3663,1813,257,1837,1566,1388,4092,4065

test suite379
bestAPFD:0.954076
bestSuite:1913,916,3208,2807,3140,2574,3805,1624,4073,4049,3714,1745,748,2071,2368,2874,2974,1015,2094,4106

test suite380
bestAPFD:0.938127
bestSuite:1477,2377,1096,1058,3045,2422,4115,841,3386,2722,1279,3198,4061

test suite381
bestAPFD:0.938406
bestSuite:1122,3364,4094,1809,4081,3483,3716,1985,2985,3313,1819,1832

test suite382
bestAPFD:0.939010
bestSuite:4081,3381,435,3490,1963,1020,1467,4101,2095,1572,3522,1614,3994,2917,2975,1737,2900,3705

test suite383
bestAPFD:0.932312
bestSuite:3861,1614,3894,3868,865,4101,2059,3935,4068,351,1378

test suite384
bestAPFD:0.894475
bestSuite:1251,3455,2379,1914,2906,3489,2406,253,4098,1900,4080,466

test suite385
bestAPFD:0.932780
bestSuite:3139,3504,4100,1240,3447,2244,1386,668,3661,2871,1141,326,2341,853,878,196,1212,4073,640

test suite386
bestAPFD:0.957880
bestSuite:726,2921,4060,656,1537,2632,3079,520,4102,2749,660,3006,252,1758,3063,2127

test suite387
bestAPFD:0.932545
bestSuite:3927,2475,1789,4095,4077,299,1614,1117,3744,2561,404,1072,2520,3625,819,1496,2166

test suite388
bestAPFD:0.926630
bestSuite:1848,2581,4048,3593,2885,3326,3003,4075,3863,524,1852,3386,3679,1967,1119,4102,999,1630

test suite389
bestAPFD:0.935326
bestSuite:1647,2807,221,3739,1186,1059,4025,3327,122,3378,812,1742,2687,4067,2060,1501,4106,971,731,2979

test suite390
bestAPFD:0.946014
bestSuite:2531,3329,4088,2161,80,4063,1098,3184,3504,1985,2705,3149,3306,2562,1962

test suite391
bestAPFD:0.936685
bestSuite:2183,3336,2502,2608,2574,1956,1441,1849,2803,4084,3066,3448,2971,750,37,3940,2735,1395,4101,1855

test suite392
bestAPFD:0.950052
bestSuite:2030,1316,847,2095,2452,827,3167,709,1703,2694,1389,200,4025,2468,2078,2508,4090,3881,1902,4061,2052

test suite393
bestAPFD:0.947890
bestSuite:2548,2374,2808,3081,740,981,3029,2053,1679,864,4060,4108,1267,90,1087,1643,3291

test suite394
bestAPFD:0.960663
bestSuite:3606,4081,284,1067,3765,2100,2150,1237,1558,4090,3482,1979,2425,2658,3382,744,722,1693,1334,3741,2841

test suite395
bestAPFD:0.916780
bestSuite:4078,2888,3277,681,4111,1221,1115,2027,2397,3345,1885,1536,89,234,3607,3894

test suite396
bestAPFD:0.946558
bestSuite:945,515,1127,647,3991,2637,3007,2461,3268,2978,4103,4057

test suite397
bestAPFD:0.945048
bestSuite:372,4113,1776,1854,3533,2664,1672,2382,3001,3767,839,2650,4067,1744,2757,3150,720,1930

test suite398
bestAPFD:0.937840
bestSuite:2754,1781,1332,4069,3110,3900,4112,3007,2159,2962,986,2644,2673,4013,1605,2080

test suite399
bestAPFD:0.927795
bestSuite:315,1611,2872,1780,872,2621,1934,2803,2863,4102,2943,2609,4073,3256

test suite400
bestAPFD:0.933424
bestSuite:1759,3556,1617,3176,2820,3973,1963,878,4081,2980,2786,4113

test suite401
bestAPFD:0.936594
bestSuite:746,1378,4020,4084,2761,910,4043,51,3688,1202,4092,372

test suite402
bestAPFD:0.952785
bestSuite:1875,913,1971,3062,2587,2919,2362,2999,2724,3737,4082,2457,3911,2259,3856,4105

test suite403
bestAPFD:0.920569
bestSuite:3782,956,3039,4097,1506,3094,3587,1364,129,1452,737,1963,4077

test suite404
bestAPFD:0.928854
bestSuite:4100,1779,2660,1061,2238,2705,3151,4081,528,2284,2709

test suite405
bestAPFD:0.940217
bestSuite:3199,1127,4058,1576,4099,3279,2927,3346,484,1618,765,2185,4006

test suite406
bestAPFD:0.922241
bestSuite:2402,4108,895,3403,317,3172,973,3614,4072,428,4043,216,3566

test suite407
bestAPFD:0.902174
bestSuite:1491,4076,3262,1381,2281,3003,3176,3494,4098

test suite408
bestAPFD:0.933528
bestSuite:3984,1547,144,2956,986,4011,2376,2615,3024,4106,1549,626,1906

test suite409
bestAPFD:0.913043
bestSuite:3777,1665,3477,1789,2408,1705,768,2778,4111,656,1984,2229,1398,3473,412,1899,4064

test suite410
bestAPFD:0.918931
bestSuite:2376,4057,2915,2220,4039,1187,1422,1508,742,4086,2898,3260

test suite411
bestAPFD:0.939915
bestSuite:2629,1275,2377,1767,4115,995,2605,4057,2656,3769,55,1735,2268,1055,3657,2039,623,2082

test suite412
bestAPFD:0.886889
bestSuite:713,2640,1554,4103,2893,4078,3708,3398,528,1696,3283,3903,3610,3011,1732,3453

test suite413
bestAPFD:0.913496
bestSuite:1066,1518,1664,4080,3143,3503,3505,2705,2375,3790,4088,1797

test suite414
bestAPFD:0.917984
bestSuite:959,2272,933,811,3194,2521,382,248,4086,766,4067

test suite415
bestAPFD:0.925362
bestSuite:2960,3784,3371,2909,3151,933,2666,988,4108,165,1489,1533,3016,3936,4065

test suite416
bestAPFD:0.912549
bestSuite:3040,2249,2649,4061,890,2035,3974,3428,3846,4109,1838

test suite417
bestAPFD:0.938406
bestSuite:591,4107,1683,2360,3126,3215,3677,1732,3166,2293,4058,1904

test suite418
bestAPFD:0.928623
bestSuite:1897,1976,649,142,3575,4074,1913,2235,1322,4100,2433,2477,2633,1386,3243

test suite419
bestAPFD:0.932065
bestSuite:4073,808,3437,3737,2763,899,392,4114,4035,1439,1775,1032

test suite420
bestAPFD:0.902174
bestSuite:3845,4058,1550,1459,887,2671,3923,1861,1059,1796,2474,4107,3830

test suite421
bestAPFD:0.954823
bestSuite:4030,1500,2898,1137,1241,2970,1921,953,3039,4110,4078,2614,2363,74,1491,215

test suite422
bestAPFD:0.948030
bestSuite:361,2659,1641,2083,2333,4066,2624,3824,2474,1200,2609,2449,3748,996,4112,4030

test suite423
bestAPFD:0.956134
bestSuite:3993,1493,4083,1850,2179,3876,3986,2053,4101,26,2264,3021,663,2354

test suite424
bestAPFD:0.919960
bestSuite:673,3034,1762,3465,2617,4107,1619,60,1079,2354,4081

test suite425
bestAPFD:0.949728
bestSuite:1484,978,4,903,3319,1269,2272,4085,3318,1617,2463,243,1863,4094,1164,4045

test suite426
bestAPFD:0.915421
bestSuite:552,4059,3085,1633,298,3903,3552,1149,3974,1775,2509,1,4013,4099,3840,2486

test suite427
bestAPFD:0.925915
bestSuite:525,2468,2413,3036,3369,2859,1178,2390,4084,3926,3189,2062,1616,3062,3482,1645,3134,2762,4089

test suite428
bestAPFD:0.931350
bestSuite:1649,3472,1600,2943,4063,3243,3081,1191,4106,1856,120,1520,2349,2401,2810,2895,1587,1501,1261

test suite429
bestAPFD:0.918818
bestSuite:2590,3770,2603,1482,3740,2074,554,3590,4072,4111,2201,2179,1916,2964,953,2744

test suite430
bestAPFD:0.918478
bestSuite:2925,1109,2338,4111,420,2008,4083,3433,2666,2780,683

test suite431
bestAPFD:0.928744
bestSuite:2231,4084,3509,2658,4094,3044,404,3234,4020,987,980,2932,268,3727,2886,1169,1889,1975

test suite432
bestAPFD:0.914984
bestSuite:2313,2984,3915,1614,1894,1398,3540,627,4037,2622,1481,4102,2060,4069

test suite433
bestAPFD:0.915114
bestSuite:4098,2575,289,4,922,3534,3172,1075,2432,3762,3130,2580,3012,1101,1272,3161,4057,853,3980,2442,24

test suite434
bestAPFD:0.932971
bestSuite:698,4097,2360,3204,137,3942,3172,2284,4073,3014,3012,930

test suite435
bestAPFD:0.949833
bestSuite:3078,4055,2360,4106,1168,715,3080,3994,3625,4070,1968,2861,3114

test suite436
bestAPFD:0.946256
bestSuite:234,3503,2049,451,3241,2853,522,4060,1590,2909,1493,1386,396,2107,1449,4086,3844,628

test suite437
bestAPFD:0.941382
bestSuite:1539,3668,3809,2886,4072,2731,1004,2707,1844,15,4098,3921,3072,1692

test suite438
bestAPFD:0.923419
bestSuite:3849,3884,2162,4115,3199,3899,2938,792,2009,2096,2956

test suite439
bestAPFD:0.926790
bestSuite:3123,734,4106,3486,3418,1579,2534,1780,4057,810,3434,2220,1971,1720,75,211,2922

test suite440
bestAPFD:0.923913
bestSuite:3119,696,3711,3482,3694,1691,4087,4081,3281,3232,3425,2835,1008,2102,637,2099

test suite441
bestAPFD:0.932065
bestSuite:2834,294,4080,3993,4093,3357,44,3089,3716,1834

test suite442
bestAPFD:0.914596
bestSuite:3751,669,1016,2240,3203,4084,1151,3067,3758,1491,321,1134,4095,3503

test suite443
bestAPFD:0.917459
bestSuite:2740,4099,39,2059,1571,4006,2411,2927,1929,4070,2621,1417,3132,737,2348,1736

test suite444
bestAPFD:0.921972
bestSuite:1212,1390,3426,2487,4065,2706,3773,2820,3277,3641,4101,2991,290,3697

test suite445
bestAPFD:0.947593
bestSuite:2447,3349,1662,1850,2960,4102,3611,1913,2548,3925,772,3425,4072,2863

test suite446
bestAPFD:0.909585
bestSuite:1910,2628,4007,200,707,4069,1127,4115,2265,2000,3771

test suite447
bestAPFD:0.949415
bestSuite:3571,2521,674,3598,4068,1547,3382,3819,834,2500,4086,1501,3146

test suite448
bestAPFD:0.913723
bestSuite:3396,3261,2035,2656,1101,2170,4087,1542,54,1943,4082,3593,1596,2549,1466,3781

test suite449
bestAPFD:0.927536
bestSuite:2202,4103,3169,34,4075,1701,3231,1821,2521

test suite450
bestAPFD:0.911232
bestSuite:4115,3957,1775,489,757,2256,3985,3173,66,3146,1115,786,2413,2631,4058

test suite451
bestAPFD:0.921625
bestSuite:4080,3547,3372,2184,3528,2119,1704,1759,12,3729,1355,3536,3145,2150,1690,3916,1656,4110,2247

test suite452
bestAPFD:0.950448
bestSuite:3097,2780,1899,17,3883,752,960,3943,672,3787,3552,4095,1358,1008,545,4074,2201

test suite453
bestAPFD:0.924749
bestSuite:1882,2472,4080,3555,3567,1256,1596,2959,2366,2560,2182,2776,4093

test suite454
bestAPFD:0.916667
bestSuite:4088,2145,3443,2422,4057,1550,2749,1290,175

test suite455
bestAPFD:0.919643
bestSuite:1736,4089,2076,1811,3011,2992,3400,3728,4078,3269,2264,2449,1918,1003

test suite456
bestAPFD:0.924819
bestSuite:4096,1423,2318,659,3628,1491,3174,2823,2664,2733,3140,4079

test suite457
bestAPFD:0.960526
bestSuite:1332,1562,2228,3655,3539,89,1375,4067,3840,1926,1699,2024,2406,3219,3892,2073,4107,2444,1355

test suite458
bestAPFD:0.910666
bestSuite:1612,4059,511,3355,3674,21,2645,3588,4087,1481,1268,2599,1849,3878,3389,2164

test suite459
bestAPFD:0.917572
bestSuite:2812,3790,2259,4111,2496,2884,810,648,2564,2724,4084,3527

test suite460
bestAPFD:0.951993
bestSuite:3244,2164,3754,3540,3679,2701,3089,1398,4103,830,2983,3501,4079,2172,3709,2800,1679,3900

test suite461
bestAPFD:0.924301
bestSuite:3664,725,4061,3260,1466,2099,1584,3553,4093,2722,1193,3866,2819,659

test suite462
bestAPFD:0.938619
bestSuite:1228,3844,4108,1860,3096,1573,665,681,541,3694,1772,1726,1755,3381,2108,4061,3505

test suite463
bestAPFD:0.940217
bestSuite:1452,3867,405,3475,4085,263,3654,3128,1618,3043,1006,831,2432,2399,4090,2550,3178,2759

test suite464
bestAPFD:0.958696
bestSuite:3369,747,317,938,3609,4081,947,4096,426,2521,329,2704,2106,3254,3716

test suite465
bestAPFD:0.936335
bestSuite:2201,988,4084,1524,3447,2369,2810,4103,3698,2274,2755,3530,2792,3644

test suite466
bestAPFD:0.939053
bestSuite:1915,3011,3288,4041,830,1537,2788,390,1917,994,3559,2643,4100,4084

test suite467
bestAPFD:0.927536
bestSuite:3323,3547,2115,1750,770,2026,4075,2027,2703,1765,4115,1396

test suite468
bestAPFD:0.911594
bestSuite:4075,4112,2854,1412,2313,1425,2066,1437,960,1229,2444,3224,1638,2683,2089

test suite469
bestAPFD:0.927649
bestSuite:520,1732,4075,4115,2498,887,2901,1798,1472,790,1193,3796,3080,2059,2297,1791

test suite470
bestAPFD:0.946558
bestSuite:1787,3477,2115,627,2642,4097,3769,1774,3502,2211,3805,2427,4067,3455,2201,904,103,3418

test suite471
bestAPFD:0.943144
bestSuite:2927,3550,961,3780,3306,3140,2593,1921,2089,2050,3886,4106,4060

test suite472
bestAPFD:0.923913
bestSuite:2854,3034,1579,2123,2955,4100,2167,2370,2896,818,129,4084,836,3310

test suite473
bestAPFD:0.934420
bestSuite:1635,3857,4106,3557,1638,2595,2879,2393,3472,1778,4077,937,3901,1334,1652

test suite474
bestAPFD:0.944143
bestSuite:3765,822,578,2528,3027,1410,2825,2633,4088,2929,1012,3780,4075,1413,3103,3022,602,641

test suite475
bestAPFD:0.927110
bestSuite:2394,1604,2539,3844,3136,3924,582,4062,3521,2544,1659,2421,1603,3111,4098,2125,865

test suite476
bestAPFD:0.905797
bestSuite:2839,899,2192,4064,2229,1785,2840,678,1390,55,3438,2496,2858,4108,3805

test suite477
bestAPFD:0.962319
bestSuite:2112,3993,3717,3532,2162,4106,2269,4062,3564,683,3593,3228,2411,865,822

test suite478
bestAPFD:0.929650
bestSuite:285,680,2611,234,3380,2799,1160,2948,4084,3844,677,2573,4093,2585,2549,2513,3352,2412

test suite479
bestAPFD:0.927676
bestSuite:2531,4100,3149,1401,1720,1120,2344,2444,4075,3173,3442,3421,3602

test suite480
bestAPFD:0.941496
bestSuite:2889,2557,2665,2947,1507,1815,3938,3352,2876,2070,3143,2523,2111,4092,1561,2550,4071

test suite481
bestAPFD:0.923593
bestSuite:4088,3494,1143,1443,3428,1709,803,2549,1023,3860,3807,1451,3478,4060,2748,2547,2528

test suite482
bestAPFD:0.933794
bestSuite:4003,1354,3465,1704,566,2070,2144,4061,2675,4101,1776

test suite483
bestAPFD:0.946558
bestSuite:1395,3872,3878,3743,1697,3917,2737,4088,934,2596,2424,4062,1864,3062,3995,22,1426,3114

test suite484
bestAPFD:0.931677
bestSuite:3102,2499,2790,2290,870,1168,2408,3495,3725,2755,1944,4094,2419,4080

test suite485
bestAPFD:0.924689
bestSuite:3370,1001,1322,1030,4071,1853,2057,1474,2374,2990,4095,3552,3444,1735

test suite486
bestAPFD:0.938587
bestSuite:3278,4062,2219,2190,692,1617,3105,2642,4091,2668

test suite487
bestAPFD:0.949169
bestSuite:1109,3460,4069,1682,3645,1945,2907,2146,1280,3619,965,2491,4095,75,3777,3446,351

test suite488
bestAPFD:0.924331
bestSuite:3575,3379,960,4110,2402,3276,2285,3665,1000,3836,1509,4081,3810

test suite489
bestAPFD:0.916806
bestSuite:4084,3844,3845,2695,2295,1085,1657,1208,2867,1585,2133,4098,1458

test suite490
bestAPFD:0.934443
bestSuite:2644,956,2216,689,2633,4063,3660,4109,1535,700,3376,4020,793,2799,3122,747

test suite491
bestAPFD:0.900543
bestSuite:3161,3036,1956,1798,2335,2276,4108,2111,925,1306,1448,1115,2535,898,1696,1618,2151,4062,2311,3126

test suite492
bestAPFD:0.918818
bestSuite:3607,2280,696,3870,923,3928,321,4071,4109,1338,635,2448,3348,1284,693,1984

test suite493
bestAPFD:0.932842
bestSuite:3272,1942,642,3067,2564,2181,1894,4104,1670,1041,2172,4062,1251,2814

test suite494
bestAPFD:0.956808
bestSuite:1263,3019,850,2647,2370,1967,637,4092,935,3592,2803,85,1732,1864,4079,3510,914,2918,3872

test suite495
bestAPFD:0.918972
bestSuite:3843,2382,4063,2541,2014,2867,4115,1594,3598,2432,2122

test suite496
bestAPFD:0.918478
bestSuite:2839,2261,2457,2668,3954,4080,1745,2984,3527,3531,4105

test suite497
bestAPFD:0.954823
bestSuite:3554,988,516,1925,3615,2006,963,4066,4000,1716,1550,2965,1897,1035,4106,494

test suite498
bestAPFD:0.937980
bestSuite:1596,4107,3703,2261,3319,1296,3284,720,3662,351,1568,4063,3237,884,1372,1430,3971

test suite499
bestAPFD:0.937888
bestSuite:3502,3370,3791,4087,2083,1575,2651,4082,2112,1042,3084,2898,1986,3531

test suite500
bestAPFD:0.924215
bestSuite:2819,1482,1342,3257,3927,4098,1017,4069,791,3592,3770,3912,1241,2400,529,1720,1776,119

