test suite1
bestAPFD:0.965168
bestSuite:3561,2172,4104,3473,1198,2593,1884,2934,1979,825,4069,1599,3111,954,2664,915,3355,3438,3474,3666,2013,2790

test suite2
bestAPFD:0.943237
bestSuite:3472,2737,806,51,2919,4086,1853,1036,4063,3104,1364,3651,2675,3409,1481,2246,2562,3384

test suite3
bestAPFD:0.946671
bestSuite:3134,216,3595,2097,2511,3919,4066,3499,4108,2192,1524,4037,1255,1011,3582,2955

test suite4
bestAPFD:0.937888
bestSuite:3809,1617,567,2148,4059,3381,1354,4089,2042,701,1190,1583,1210,2341

test suite5
bestAPFD:0.932312
bestSuite:2422,27,4066,3520,4109,1915,2973,1451,3976,3589,1263

test suite6
bestAPFD:0.949879
bestSuite:1425,3896,4079,2907,3926,4103,3160,3408,3893,3813,676,1688,2535,672,799,1109,2795,995

test suite7
bestAPFD:0.945652
bestSuite:3278,3008,1589,4078,4093,844,271,2182,3864,1894,2221

test suite8
bestAPFD:0.950483
bestSuite:2270,4007,2102,3744,4066,4091,3320,822,803,2018,2276,2135,204,832,3927,2543,3453,1750

test suite9
bestAPFD:0.939829
bestSuite:2942,644,3631,1429,4082,1023,3034,4089,3091,904,988,3985,1950,928

test suite10
bestAPFD:0.948188
bestSuite:3117,2382,1811,1272,1281,4107,4085,2349,2663,1607,1640,3072,3328,3229,352

test suite11
bestAPFD:0.953804
bestSuite:3353,2948,3490,1357,4077,4107,800,24,3442,2381,174,3815,1473,1741

test suite12
bestAPFD:0.969394
bestSuite:2521,3633,4073,651,4094,1690,3516,2011,3162,3152,2943,331,1633,2483,3302,274,1557,3430,929

test suite13
bestAPFD:0.943614
bestSuite:4054,489,2498,3809,1269,801,4083,2175,1684,3875,258,2550,1578,2399,3819,4109

test suite14
bestAPFD:0.932274
bestSuite:4011,3312,141,3337,2162,4085,142,4095,528,3061,3484,3956,3689

test suite15
bestAPFD:0.952341
bestSuite:3554,2225,2035,4065,4109,1396,3144,1705,2187,291,1504,2015,920

test suite16
bestAPFD:0.963859
bestSuite:3668,2561,3327,4084,4113,3884,2568,1055,1059,3647,1277,3624,1997,116,3299,2795,1432,3910,735,736

test suite17
bestAPFD:0.935277
bestSuite:3935,3850,2020,963,4099,2017,4057,985,1398,1825,3071

test suite18
bestAPFD:0.955797
bestSuite:2372,3066,1042,657,4085,4112,1664,200,1469,1020,3317,1679,2342,3823,1502

test suite19
bestAPFD:0.928140
bestSuite:3178,2599,2906,1910,4072,4113,846,2353,3305

test suite20
bestAPFD:0.951087
bestSuite:2058,2359,2964,4065,2823,1871,1096,2299,3734,4101,1519,524,2966,2681,3773,3874,3653,1464

test suite21
bestAPFD:0.950251
bestSuite:2761,3385,3157,4103,1127,4081,1306,48,2932,861,3673,3054,2351

test suite22
bestAPFD:0.944054
bestSuite:3293,873,3304,3418,3552,4101,2956,3065,1046,1275,2976,4021,532,2130,511,2950,2111

test suite23
bestAPFD:0.960507
bestSuite:3278,287,4082,1158,4103,2027,2172,1466,1046,868,940,4046,1538,1453,1853

test suite24
bestAPFD:0.949534
bestSuite:2163,3094,2510,1355,925,4071,4104,1325,853,3312,2133,72,3505,1111

test suite25
bestAPFD:0.933333
bestSuite:1945,4084,3809,28,1290,2415,4086,3254,1481,1839,1703,2128,3958,1923,3415

test suite26
bestAPFD:0.947570
bestSuite:2087,3502,3421,3124,1765,4061,4101,1138,824,3714,1232,3137,2811,873,2939,2190,2958

test suite27
bestAPFD:0.950448
bestSuite:3349,1769,3092,1804,4072,1513,2997,3616,1888,2629,3261,4093,3022,2802,2591,1514,569

test suite28
bestAPFD:0.946558
bestSuite:3793,3924,3148,1610,2873,139,4076,448,4096,2874,1532,1988,3149,1839,1474,1595,3713,196

test suite29
bestAPFD:0.941206
bestSuite:2422,2628,4057,4107,2745,1322,1709,2755,3327,282,2516

test suite30
bestAPFD:0.960507
bestSuite:3278,2362,4110,4083,1240,3303,679,2661,3091,1402,3463,1606,1614,3569,1495

test suite31
bestAPFD:0.958333
bestSuite:2776,3437,4066,2883,4113,1745,3647,1972,1729,2573,2497,2791,1893,6,3823

test suite32
bestAPFD:0.946040
bestSuite:2369,3137,3432,3580,1061,4104,4073,926,2151,1160,729,3520,2231,418

test suite33
bestAPFD:0.918478
bestSuite:2978,2873,3097,195,3492,2235,4062,390,4105

test suite34
bestAPFD:0.941206
bestSuite:3346,118,1256,685,1809,4058,4102,3796,828,2341,2010

test suite35
bestAPFD:0.936821
bestSuite:2661,3432,1600,2248,1829,3318,4108,2952,1686,4071,2396,2865,286,3732,1438,2140

test suite36
bestAPFD:0.939381
bestSuite:3465,1680,3633,3763,2643,4105,1397,4068,2055,2989,3033,2896,4051

test suite37
bestAPFD:0.949943
bestSuite:3092,2092,3082,420,1743,955,1138,4093,1979,4057,1660,1239,1031,2568,1370,2784,3686,2286,622

test suite38
bestAPFD:0.926630
bestSuite:1659,3787,20,4032,2699,2867,4088,4065,3100,1580,3369,2000,2016,1538

test suite39
bestAPFD:0.959382
bestSuite:3625,2184,991,2654,3752,4104,1914,3029,4071,1916,2480,3341,674,2892,3481,3527,554,1714,2101

test suite40
bestAPFD:0.947593
bestSuite:2598,2432,904,3302,4073,4096,2146,2112,3480,3978,780,3831,2448,2123

test suite41
bestAPFD:0.942029
bestSuite:3125,2796,1806,3976,1603,4113,3009,4057,2977,1650,2410,2833,808,1875,2636,2621,770,301

test suite42
bestAPFD:0.931324
bestSuite:3173,236,2397,2432,757,4102,646,4076,1468,637,2565

test suite43
bestAPFD:0.956522
bestSuite:3668,2705,4068,510,1378,1021,4100,2952,3224,3602,2485,1937,2513,2706,1000,1196

test suite44
bestAPFD:0.961317
bestSuite:3771,3449,2394,4074,1290,1425,4086,3851,3326,3091,2915,1745,3398,3223,1845,3733,3945

test suite45
bestAPFD:0.957686
bestSuite:3716,138,4069,4098,3921,3252,3013,3115,2574,749,3700,987,1299,2660

test suite46
bestAPFD:0.938859
bestSuite:2422,292,3614,2461,3836,4097,4066,2595,1245,3034,1472,2205

test suite47
bestAPFD:0.946558
bestSuite:2649,3217,2680,3310,355,4100,3798,4069,3166,2271,1605,1990,1927,2227,3940,3301,2696,1354

test suite48
bestAPFD:0.961957
bestSuite:2724,4057,489,930,4103,2939,2385,1927,3139,2030,1451,3731,1532,3512,1549,2260,2358,3079,180,788

test suite49
bestAPFD:0.951373
bestSuite:1422,2637,315,4030,2825,1376,4098,4080,2831,359,1204,3447,636,2855,3056,649,974,3002,2542

test suite50
bestAPFD:0.950634
bestSuite:3716,2628,4078,4107,1061,3064,3960,2829,2606,798,3097,603

test suite51
bestAPFD:0.963673
bestSuite:3556,215,2737,4084,4109,1581,1902,2236,2383,1325,2593,3488,1606,3162,1245,2837,3239,2417,3121

test suite52
bestAPFD:0.944143
bestSuite:3688,3961,968,3048,4095,2001,1480,4066,3921,2309,1609,1742,1156,3480,1160,1281,3996,2678

test suite53
bestAPFD:0.954348
bestSuite:3449,1852,3559,4080,3063,45,3747,4106,3903,2923,1065,2926,1029,2551,927,89,3287,1701,865,2946

test suite54
bestAPFD:0.953465
bestSuite:2333,3367,1893,2168,4073,2141,4099,1625,2318,1875,2286,1713,2812,1399,441,4043

test suite55
bestAPFD:0.952597
bestSuite:2099,3833,312,3063,3010,4066,4088,1678,3605,3441,1725,537,405,3343,1824,1108,2549,1851

test suite56
bestAPFD:0.961317
bestSuite:3872,2270,4108,4076,2125,1395,1999,1929,3887,276,1114,796,1472,978,1519,3384,1597

test suite57
bestAPFD:0.952785
bestSuite:2938,207,3039,2087,1328,4090,3045,4063,2548,3737,2571,2263,3589,2111,2002,3956

test suite58
bestAPFD:0.947162
bestSuite:1838,3359,3661,3198,3325,3798,4115,4062,2832,3922,654,66,409,3018,1839,4010,1827,1965

test suite59
bestAPFD:0.935507
bestSuite:3914,916,945,434,824,2827,2387,1312,4114,4058,1601,1971,1377,3002,3497

test suite60
bestAPFD:0.962529
bestSuite:2609,475,3520,21,1119,1809,4062,4110,2805,1753,2400,536,3884,661,2106,1304,3172,2964,657

test suite61
bestAPFD:0.953804
bestSuite:2776,2474,4097,3472,2923,1331,4063,2260,3947,2404,2140,1476,3994,701,2939,3128

test suite62
bestAPFD:0.951087
bestSuite:2301,3192,4069,3951,1719,1345,4096,1212,3182,626,3577,1487,2780,717,2282

test suite63
bestAPFD:0.938241
bestSuite:3208,2942,4084,1460,1797,4113,3940,1085,3134,3020,3090

test suite64
bestAPFD:0.955918
bestSuite:1852,3167,2234,2854,4096,4081,1549,2884,1446,2184,1235,813,321,3370,894,2454,2787,3873

test suite65
bestAPFD:0.940994
bestSuite:3984,3454,3293,3963,2387,2956,4105,1997,1646,3102,3383,2540,1952,614

test suite66
bestAPFD:0.953465
bestSuite:2954,3134,3007,3831,134,4058,3053,3698,4112,3328,3297,893,3166,638,3888,1596

test suite67
bestAPFD:0.936821
bestSuite:3847,1663,2338,3155,4089,2685,1321,321,2148,1362,2298,2203,997,566,983,4064

test suite68
bestAPFD:0.938315
bestSuite:3392,4037,2207,2587,1554,3817,1669,3479,2631,4089,3301,1198,2036,3901,4045,1094,644,1861,299,4085

test suite69
bestAPFD:0.945911
bestSuite:3607,2500,3843,1357,563,669,2051,1599,4060,4110,2005,2014,3300,892,2475,2986,121,1887,1755,3363,2351

test suite70
bestAPFD:0.919837
bestSuite:2329,2700,2044,2255,4059,1243,3126,4103,3617,1026,1514,1335

test suite71
bestAPFD:0.956793
bestSuite:3984,2882,1361,3422,693,4109,4081,3153,3434,1402,1517,3661,1365,2416,2970,685,81,1937,687,3938

test suite72
bestAPFD:0.946014
bestSuite:3841,3638,3082,524,4095,360,1178,1741,4063,2531,3692,3525,1703,1814,991

test suite73
bestAPFD:0.964976
bestSuite:2080,392,4063,4005,4094,2693,2222,824,1657,3243,2820,1896,772,3930,3220,2753,1993,1498

test suite74
bestAPFD:0.946040
bestSuite:2261,2906,4053,1096,2083,4067,4104,2513,1862,4056,3833,1887,1910,607

test suite75
bestAPFD:0.927989
bestSuite:2521,3349,4106,4073,1903,3144,3903,1620

test suite76
bestAPFD:0.952341
bestSuite:2115,3964,1383,4061,4107,3606,1926,2599,884,1690,3449,3649,366

test suite77
bestAPFD:0.938708
bestSuite:2733,2659,2983,2124,4089,933,2702,1335,4078,3609,440,956,2841,944,2024,102,865,3885

test suite78
bestAPFD:0.968750
bestSuite:2179,4072,873,2858,715,2921,4115,1840,1,9,2617,630,2680,1816,3036,1722,1635,2706,2857,1430

test suite79
bestAPFD:0.954969
bestSuite:3178,2398,2491,4063,3918,4100,3976,2123,1686,1839,3703,2638,3059,696

test suite80
bestAPFD:0.941816
bestSuite:2032,3533,3148,2068,4102,3117,4059,1501,2016,1020,2937,935,3939,3857,2073,1329,2902

test suite81
bestAPFD:0.949049
bestSuite:3868,3984,3298,1997,1085,4113,1989,2109,3663,3561,1976,1870,252,3974,3856,4084

test suite82
bestAPFD:0.952685
bestSuite:3559,2534,1672,2458,3047,1013,4093,4057,2694,3391,3496,3351,1630,3092,471,1802,1203

test suite83
bestAPFD:0.967120
bestSuite:3282,2426,4002,4074,4113,2284,1473,3103,3963,3677,1261,1029,4043,3079,169,3340,1306,2797,2917,2987

test suite84
bestAPFD:0.931856
bestSuite:2096,2884,2060,3932,4112,2852,1398,960,4075,1946,521,2966,3168

test suite85
bestAPFD:0.961957
bestSuite:2115,2163,4085,3272,4086,1168,3401,2286,111,984,4033,824,488,941,3725,1721,524,2527

test suite86
bestAPFD:0.946196
bestSuite:3717,2147,4105,4058,2477,3846,3243,1809,1784,3078

test suite87
bestAPFD:0.940821
bestSuite:2193,418,1848,4063,2828,2071,3803,3150,3564,2176,4087,1103,3852,781,655,930,868,1869

test suite88
bestAPFD:0.953986
bestSuite:3841,2696,2793,1657,4093,1788,4066,3328,3553,3917,1703,1161,1789,3403,3482

test suite89
bestAPFD:0.952785
bestSuite:3069,4024,3588,1760,4092,3847,4064,4017,772,708,1241,1429,1973,3671,2229,3483

test suite90
bestAPFD:0.931438
bestSuite:3730,1014,2048,451,4107,3318,4074,2505,3015,3232,2923,1740,3495

test suite91
bestAPFD:0.954519
bestSuite:4011,525,1747,3367,271,2605,2858,4103,3348,4067,83,3172,3933,3122,1578,2823,1407,3019,3537

test suite92
bestAPFD:0.941667
bestSuite:3337,1973,2270,3381,4092,2956,1198,801,2680,859,3218,73,3761,909,1074

test suite93
bestAPFD:0.945135
bestSuite:3921,842,3681,1021,1427,4058,3923,4097,585,1075,3689,3013,3647,1309,3478,3733,2013,472,2629,841,1520

test suite94
bestAPFD:0.954106
bestSuite:3911,3017,2458,3359,4097,2550,1473,4063,518,1402,1423,853,2651,2052,1832,2299,3884,1290

test suite95
bestAPFD:0.933333
bestSuite:3447,1600,3490,3509,1614,1241,4082,20,4090,297,2308,2071,1822,1707,404

test suite96
bestAPFD:0.930307
bestSuite:3012,2697,3617,3104,1925,4058,2995,2156,3439,2550,3669,4096,3074,3122,696,2217,3168

test suite97
bestAPFD:0.947890
bestSuite:2171,2092,3961,1481,4058,4090,1184,1651,3377,2302,2340,3743,2868,1461,1571,2642,3941

test suite98
bestAPFD:0.962500
bestSuite:3868,3418,3382,2201,4059,4115,2504,2017,1650,3414,3592,1778,1244,887,383,1429,3917,4040,3426,2255

test suite99
bestAPFD:0.938406
bestSuite:2344,3197,2114,3727,1334,4088,4084,3093,1904,3549,1834,1492

test suite100
bestAPFD:0.932065
bestSuite:3465,3640,2112,1184,4111,4082,3447,2516,662,2428

test suite101
bestAPFD:0.943711
bestSuite:2548,2281,4074,2427,3710,1240,3100,4094,296,3757,3483,3183,1736,3669

test suite102
bestAPFD:0.941123
bestSuite:2372,3555,2658,1593,4113,2956,1035,3064,1428,3495,615,3227

test suite103
bestAPFD:0.958333
bestSuite:3556,921,99,1485,4111,3194,4081,3114,1532,770,2026,3725,3677,4020,1677,2416,3238,3401

test suite104
bestAPFD:0.957065
bestSuite:4006,3015,3926,2745,2437,968,4096,3783,4058,575,956,1880,1386,689,1101,473,2089,1060,1201,3701

test suite105
bestAPFD:0.946739
bestSuite:2826,93,3371,1463,2058,4115,1105,4057,798,3777,803,1433,941,2009,1027

test suite106
bestAPFD:0.931386
bestSuite:1949,3620,1892,3982,820,4062,1534,2072,4098,2522,2753,1799,3403,3703,3393,719

test suite107
bestAPFD:0.938043
bestSuite:2180,3441,2835,2964,4091,2659,2280,1216,2606,2371,3871,624,1775,775,4074

test suite108
bestAPFD:0.947593
bestSuite:3349,2950,3839,3548,4060,4099,1246,86,1651,1540,2433,1713,2580,3976

test suite109
bestAPFD:0.939799
bestSuite:3173,3703,2789,220,2324,4061,1797,1325,2440,343,1933,3056,4091

test suite110
bestAPFD:0.957094
bestSuite:3877,3327,413,934,1115,4062,2652,4101,2643,706,196,2650,2338,3286,1591,1806,2148,2250,1478

test suite111
bestAPFD:0.937500
bestSuite:3948,3612,563,667,4114,1127,4062,3837,2435,3941,1919,471,987,1213,2705,2365

test suite112
bestAPFD:0.931856
bestSuite:3993,2839,2815,3919,4087,1374,1794,4057,4055,2691,1292,2607,1196

test suite113
bestAPFD:0.948370
bestSuite:2359,3608,2221,2357,1982,3141,4111,3212,1335,671,1792,2722,4033,2227,2074,376,1755,4076

test suite114
bestAPFD:0.927310
bestSuite:3595,2000,3195,4050,2031,3798,221,4096,1400,798,3455,685,2074,1960,866,4078

test suite115
bestAPFD:0.945652
bestSuite:4046,2447,3850,3906,3266,3129,1103,1944,4075,4092,2694,1734,653,1638,83,2719

test suite116
bestAPFD:0.959079
bestSuite:2609,3209,1866,2778,4108,2333,1347,4070,1860,3334,2400,2772,3066,129,2028,1928,880

test suite117
bestAPFD:0.972332
bestSuite:2179,4083,81,4114,1454,1119,1177,2288,686,2245,3335,1470,2341,4003,2827,2345,690,1596,2678,2798,1645,3073

test suite118
bestAPFD:0.943323
bestSuite:2492,1422,332,4079,3484,4104,1333,1666,2678,1960,3496,2421,1222,2110

test suite119
bestAPFD:0.943478
bestSuite:1422,3094,2061,1883,4074,3357,2162,1667,4110,1905,76,2166,79,3444,716

test suite120
bestAPFD:0.916537
bestSuite:3506,2231,3345,107,872,2944,4060,2264,1334,1633,4088,2136,2746,1596

test suite121
bestAPFD:0.933877
bestSuite:2281,2362,3752,3616,2516,4090,4077,3857,2475,979,2645,872

test suite122
bestAPFD:0.941472
bestSuite:3080,2344,3101,1079,4090,2386,4063,1599,994,3150,2584,3729,3340

test suite123
bestAPFD:0.937953
bestSuite:3134,2375,3079,2676,1139,4070,4102,931,2327,2682,2781,1799

test suite124
bestAPFD:0.937340
bestSuite:2945,2825,780,1656,4076,1853,1061,2007,4089,2206,1,330,2855,3812,2331,1616,1692

test suite125
bestAPFD:0.946817
bestSuite:3668,72,2567,1424,4114,871,2406,1334,2956,3460,2986,3790,2316,1707

test suite126
bestAPFD:0.954484
bestSuite:3935,419,3441,4108,510,2205,3876,4072,1282,493,1015,2190,2687,1606,3699,1880

test suite127
bestAPFD:0.946931
bestSuite:3494,3980,3137,2237,3666,1355,4095,4069,1503,2576,1040,2995,3232,1779,1921,822,2169

test suite128
bestAPFD:0.953465
bestSuite:3465,2027,2016,2473,4108,2510,1115,4084,2229,1630,3550,2542,3496,788,2301,2424

test suite129
bestAPFD:0.956522
bestSuite:2954,3844,4089,2479,1714,4062,3418,2368,2306,3382,485,1192,2471,884,1847,682

test suite130
bestAPFD:0.958440
bestSuite:2826,3133,254,1338,2104,4084,4086,3028,2221,3021,2595,2021,2357,2387,1610,1946,2309

test suite131
bestAPFD:0.951389
bestSuite:2108,3012,3650,4035,3801,4080,4088,2994,2090,1324,979,799,966,1776,386,2208,2302,3276

test suite132
bestAPFD:0.943116
bestSuite:2609,1525,794,4065,4090,1045,2230,3690,1581,3701,755,3126,1463,1553,3200

test suite133
bestAPFD:0.955664
bestSuite:3324,449,2483,754,1845,1437,4026,1316,4073,2309,4110,372,989,1471,2646,2838,2221,2417,2336

test suite134
bestAPFD:0.942935
bestSuite:3809,2585,4023,2996,2715,1860,414,1383,4059,4041,4091,997,786,1870,3862,3146,1563,3852

test suite135
bestAPFD:0.931905
bestSuite:3402,2668,2468,2949,1886,156,4100,1459,2793,2282,3482,3880,188,951,661,2653,4060

test suite136
bestAPFD:0.945652
bestSuite:3921,3080,2315,1828,4071,4093,3729,1212,3604,3459,3846,274,3873,778,1535

test suite137
bestAPFD:0.942331
bestSuite:2923,3873,2508,3903,4104,1134,3008,4068,3869,3046,2865,105,2399,152,2279,1598,1010,983

test suite138
bestAPFD:0.955842
bestSuite:2333,3134,3593,915,4113,2975,4057,264,1012,3454,3137,2866,1024,1535,3711,426

test suite139
bestAPFD:0.922554
bestSuite:3644,684,355,4107,2840,1425,3007,2052,625,3440,4081,899

test suite140
bestAPFD:0.953028
bestSuite:2856,3012,2780,4101,2081,1970,4065,647,2920,3351,397,1818,2019,630

test suite141
bestAPFD:0.951863
bestSuite:2366,3013,1508,4084,4086,2406,698,3174,68,3047,2113,427,2396,3226

test suite142
bestAPFD:0.914130
bestSuite:2374,3625,3339,2212,1290,1904,4068,3699,2800,4097

test suite143
bestAPFD:0.957298
bestSuite:2164,3449,4068,2080,4105,3375,3034,3790,3305,895,135,2355,3742,763

test suite144
bestAPFD:0.937500
bestSuite:3556,2375,4099,4068,3374,1915,2548,1571,18,768

test suite145
bestAPFD:0.952785
bestSuite:3565,3641,3989,2066,4078,1052,880,4089,34,1697,586,2582,3884,3283,1676,2896

test suite146
bestAPFD:0.957337
bestSuite:2333,2257,4074,3093,200,3757,1515,1935,4110,908,988,910,1738,879,1810,595,1029,1512,882,2523

test suite147
bestAPFD:0.959541
bestSuite:2372,3854,2288,2678,4097,4070,2298,1140,1245,672,1767,2893,3785,2234,457,2407,1831,1739

test suite148
bestAPFD:0.943478
bestSuite:3559,2284,3025,2087,4105,1484,1321,4060,1920,3502,765,3801,3272,1783,3853

test suite149
bestAPFD:0.944633
bestSuite:3167,2248,4088,2242,2670,4079,3008,2629,2387,2101,3505,3458,1050,926,3992,3005

test suite150
bestAPFD:0.947251
bestSuite:3472,2561,3796,260,2322,3259,2112,4059,4100,3918,2373,926,711,3823,1592,922,2944

test suite151
bestAPFD:0.953986
bestSuite:3282,3254,3575,1743,4061,4115,2041,1942,2253,2121,1107,3876,3073,3960,245

test suite152
bestAPFD:0.948997
bestSuite:2856,3017,2939,2499,4087,3475,4071,2016,1017,2207,3128,1668,2339

test suite153
bestAPFD:0.936821
bestSuite:2344,3142,1884,3445,552,3093,1707,1226,4077,1281,3380,2810,2966,284,3620,4089

test suite154
bestAPFD:0.942220
bestSuite:1920,3323,3793,3011,4114,1675,1728,3892,425,4080,762,1800,3626,3852,2702,1293,2262,2512,527

test suite155
bestAPFD:0.943539
bestSuite:3221,2407,2079,1879,770,4115,3194,4060,2396,1045,909,244,3599,3543,2517,2605,616,2875

test suite156
bestAPFD:0.944928
bestSuite:2261,1843,4062,3234,1932,4094,639,3302,3011,2494,676,630,2159,2278,242

test suite157
bestAPFD:0.945350
bestSuite:1425,3267,34,4100,3090,2253,3177,4076,3567,1268,2740,3276,1938,1446,960,427,1245,1253

test suite158
bestAPFD:0.949728
bestSuite:1945,3490,941,4115,2437,2711,1034,1637,4069,3744,1559,2941,991,3969,2093,1752

test suite159
bestAPFD:0.931612
bestSuite:2560,2766,3042,2314,795,4072,4091,3307,2791,849,3805,4041

test suite160
bestAPFD:0.957729
bestSuite:2372,2995,111,2175,1335,4112,4074,1002,3546,2781,3698,2903,2368,1842,1601,2715,705,729

test suite161
bestAPFD:0.946377
bestSuite:3628,3924,980,4104,3214,1187,2504,3249,2255,755,1183,1814,297,1666,2956

test suite162
bestAPFD:0.955243
bestSuite:3665,2270,2666,2803,4103,4067,1115,735,2058,990,958,2961,1525,662,3187,213,2696

test suite163
bestAPFD:0.933618
bestSuite:2184,3928,1914,970,2406,1384,4074,859,2400,1174,3593,1807,79,4092

test suite164
bestAPFD:0.938545
bestSuite:1739,3293,2333,2415,4111,4065,3976,2489,1898,1449,3651,4046,691

test suite165
bestAPFD:0.952046
bestSuite:3841,791,2793,3857,2683,2398,2206,4093,3729,4072,3126,1267,492,948,1864,1340,434

test suite166
bestAPFD:0.952899
bestSuite:2179,3841,4099,4074,2419,1853,3746,3180,1088,819,968,1696

test suite167
bestAPFD:0.957686
bestSuite:3278,2752,4095,1354,4058,3769,2771,2364,3839,2976,3342,2898,3895,1590

test suite168
bestAPFD:0.950251
bestSuite:3178,2794,3583,4073,4099,1600,901,2135,860,1000,849,2392,377

test suite169
bestAPFD:0.937709
bestSuite:3521,3015,3855,2139,4107,4076,668,1978,2897,3281,2557,502,2713

test suite170
bestAPFD:0.947205
bestSuite:3781,452,2836,3263,4108,4085,3493,2787,3294,3261,647,3849,3012,1556

test suite171
bestAPFD:0.933424
bestSuite:3433,2666,1789,565,4066,4111,2691,1383,1711,1743,1863,551,622,1691,1494,3973

test suite172
bestAPFD:0.928668
bestSuite:3517,566,4115,4069,2001,3859,1614,413

test suite173
bestAPFD:0.944398
bestSuite:3313,2883,3446,4087,965,4078,2411,3766,3732,3349,872,828,2563

test suite174
bestAPFD:0.942136
bestSuite:2917,2560,1487,4079,3493,4097,3606,1528,884,1910,3334,1696,570,1817,1507,693,1095

test suite175
bestAPFD:0.944293
bestSuite:2834,3524,3494,4088,4064,881,3912,1707,677,3062,3560,3674

test suite176
bestAPFD:0.931046
bestSuite:2268,3864,2703,2171,3876,1807,3595,1292,2956,1538,1561,931,2036,1183,4107,2685

test suite177
bestAPFD:0.962815
bestSuite:3868,3665,2854,4098,806,4071,2195,663,998,3182,16,3497,1086,720,2015,1167,1777,775,1995

test suite178
bestAPFD:0.954519
bestSuite:2628,3663,4087,2243,641,2956,699,2793,1378,664,1512,2636,3118,2468,3307,3790,4055,3224,697

test suite179
bestAPFD:0.955163
bestSuite:3717,910,4088,4073,1256,757,2567,1550,1665,3340,664,2474

test suite180
bestAPFD:0.952640
bestSuite:3437,2275,2488,3040,4104,4068,1557,751,4006,1757,141,2139,2841,2603

test suite181
bestAPFD:0.967995
bestSuite:2521,3052,4105,4061,2360,1545,239,1676,2550,2075,669,2862,1894,2166,1579,4017,3098,3692

test suite182
bestAPFD:0.945313
bestSuite:2492,3920,347,2418,1250,4064,4101,1256,735,1831,3601,2542,2279,1365,119,3983

test suite183
bestAPFD:0.949879
bestSuite:2193,2032,2253,417,2101,4072,1393,4095,3218,367,577,3412,659,1791,1608,1799,3097,3828

test suite184
bestAPFD:0.929801
bestSuite:2509,3225,2194,2130,887,1622,4105,2956,1655,1825,2950,1125

test suite185
bestAPFD:0.945234
bestSuite:2145,3354,3557,4083,4095,1115,1935,2998,2123,3422,2847,2991,2386

test suite186
bestAPFD:0.935236
bestSuite:3749,1945,3071,3012,4113,4075,258,1237,3990,2150,4028,221

test suite187
bestAPFD:0.956202
bestSuite:2369,3769,812,3921,4105,2458,4075,2773,3925,312,4017,2429,2016,2062,1575,2925,1120

test suite188
bestAPFD:0.955503
bestSuite:2301,3137,4104,3242,1364,4082,1886,2497,253,2808,1010,2604,2361,1055,511,628

test suite189
bestAPFD:0.946146
bestSuite:2521,465,4057,4101,3998,3884,1472,3863,2157,1086,1534

test suite190
bestAPFD:0.943676
bestSuite:2919,1931,493,2099,2956,202,2731,3057,4115,1383,2865,2220,3364,4045,4019,1629,1715,1058,2862,2952,1254,3132

test suite191
bestAPFD:0.949389
bestSuite:3657,2032,3794,1426,36,4102,4076,3910,3562,1545,937,703,2543,656,3949,2140

test suite192
bestAPFD:0.958635
bestSuite:3615,2332,4037,117,1395,1365,4114,3476,969,2543,4085,1009,3789,3043,1542,1996,2464,437

test suite193
bestAPFD:0.945350
bestSuite:3706,2288,2060,3316,743,4100,877,3899,1290,3731,2583,4068,904,474,1661,1853,3223,1380

test suite194
bestAPFD:0.936957
bestSuite:3616,771,2376,2473,519,3864,4058,4111,2007,3103,3636,1496,1097,741,1300

test suite195
bestAPFD:0.955072
bestSuite:2275,3847,2104,4086,4061,3645,2130,2986,3614,1983,2081,990,2615,296,3769

test suite196
bestAPFD:0.947351
bestSuite:3349,2447,1115,3131,3677,4058,1596,2627,1951,2760,524,92,3901,719,1703,4094

test suite197
bestAPFD:0.956522
bestSuite:2372,4073,3767,2691,3222,4108,2089,3182,796,2597,58,499,1725,1763,2787,23,1887

test suite198
bestAPFD:0.941576
bestSuite:2163,3698,2593,3029,4099,4057,2530,1609,2006,2865,3398,475

test suite199
bestAPFD:0.961957
bestSuite:2179,770,4097,4067,1085,3570,1248,2017,2952,2127,2925,454,2438,945,2988,3203

test suite200
bestAPFD:0.938735
bestSuite:2082,3841,3358,4103,1515,4072,2140,2555,2230,3170,4034

test suite201
bestAPFD:0.940897
bestSuite:3570,2166,4079,2338,504,4110,2322,862,1287,1923,1254,3852,1616,3243,3675,955

test suite202
bestAPFD:0.953261
bestSuite:3556,2698,1590,2193,4074,4096,2543,2549,446,3462,171,3078,874,2879,14

test suite203
bestAPFD:0.958333
bestSuite:2632,4068,2718,1361,4106,3122,44,3999,3644,681,435,3243,3637,3249,3763

test suite204
bestAPFD:0.925395
bestSuite:2432,3167,3433,3580,4066,3928,4104,2589,2199,3051,942

test suite205
bestAPFD:0.944170
bestSuite:3991,662,3769,4059,1200,4099,86,1365,2058,2063,993

test suite206
bestAPFD:0.948123
bestSuite:3517,55,4110,4070,1462,4010,1320,2503,3194,1981,1624

test suite207
bestAPFD:0.947826
bestSuite:3208,909,3540,3657,809,4104,1384,1514,4073,2631,3068,1190,1596,1170,1802

test suite208
bestAPFD:0.940217
bestSuite:2595,2035,512,4010,4075,1034,3794,4086,53,820,2631,1648,1460

test suite209
bestAPFD:0.956841
bestSuite:3333,2270,2374,4078,4105,411,1174,2523,3904,2155,2288,765,3505,2512,2893,2879,3665

test suite210
bestAPFD:0.933110
bestSuite:2564,2825,3637,2239,1351,3862,4105,4067,408,2627,4034,2412,920

test suite211
bestAPFD:0.945652
bestSuite:3448,3206,230,4090,4083,2240,2098,2806,2892,3706,1099,1640,3895

test suite212
bestAPFD:0.932971
bestSuite:3570,2705,3620,2016,4093,1065,4068,1016,240,1995,1467,4050

test suite213
bestAPFD:0.909161
bestSuite:3282,3841,708,4077,4098,2929,3980

test suite214
bestAPFD:0.929348
bestSuite:2139,976,392,2753,3354,4086,1911,1033,733,2312,4032,747,2507,1222,4071

test suite215
bestAPFD:0.941576
bestSuite:2853,3848,3957,3052,4075,1707,1209,4099,891,2403,543,1967,304,3483,1648,2351

test suite216
bestAPFD:0.932971
bestSuite:2649,3490,2971,774,4105,4061,3921,3549,1579,778,3731,2395

test suite217
bestAPFD:0.938043
bestSuite:4031,2517,2541,2891,4067,3323,4089,642,1122,949,3386,696,1989,1506,927

test suite218
bestAPFD:0.940217
bestSuite:3184,3203,2398,45,785,2030,4112,4081,2971,2365,1835,475,1302,1968,3239,1974,2473

test suite219
bestAPFD:0.956522
bestSuite:3984,3529,2517,2490,3929,4080,2481,560,2267,4095,2989,1718,3188,3423,1545,889,1691,427

test suite220
bestAPFD:0.947464
bestSuite:2755,3066,2338,1586,3492,4085,4110,1200,1569,1713,70,2927,3846,978,2914

test suite221
bestAPFD:0.934006
bestSuite:3490,650,3401,3137,4087,3010,385,1557,4078,3886,800,748,3226,195

test suite222
bestAPFD:0.953465
bestSuite:3288,2834,1270,2365,999,4109,4073,1837,3869,2728,1484,1424,359,1401,2640,142

test suite223
bestAPFD:0.915373
bestSuite:936,3502,73,2277,1806,655,1316,1942,4078,4104,1783,3723,815,988

test suite224
bestAPFD:0.965153
bestSuite:2521,175,4074,4113,1036,385,1952,853,2492,1658,3584,2781,2700,3843,3471,3813,3077

test suite225
bestAPFD:0.939053
bestSuite:2329,3840,391,2548,1072,4065,3958,1845,3159,2230,642,3617,1498,4107

test suite226
bestAPFD:0.967963
bestSuite:2179,3043,4057,2162,994,2269,4095,24,1902,2123,3745,3734,3642,115,1658,3509,1951,1146,3420

test suite227
bestAPFD:0.924592
bestSuite:3554,467,2402,4097,4072,1900,1672,741

test suite228
bestAPFD:0.942935
bestSuite:3872,2082,520,4071,4109,3034,3920,3537,2176,2180,1506,3198

test suite229
bestAPFD:0.960526
bestSuite:3872,619,2322,4115,776,1119,4057,2383,2888,2152,1111,2406,3147,893,2584,2014,2540,1566,1

test suite230
bestAPFD:0.961957
bestSuite:2275,2633,3038,4089,2327,56,4074,796,2254,2054,546,836,2980,3347,2988,1326,1146,1478,2643

test suite231
bestAPFD:0.951087
bestSuite:2633,3258,2703,790,1728,4096,2425,869,4063,727,658,1527,1941,2089,3544,2540,752

test suite232
bestAPFD:0.944565
bestSuite:2427,3767,2716,1147,2156,3802,4084,1451,1156,4098,3181,1692,1690,2480,994,3180,3321,559,1917,2491

test suite233
bestAPFD:0.919466
bestSuite:2593,2362,3325,3026,4108,1091,705,4078,1884,3103,3381

test suite234
bestAPFD:0.947011
bestSuite:2633,437,3433,1608,754,3360,4098,4060,1307,3456,1451,2204,1431,420,2453,1010

test suite235
bestAPFD:0.959541
bestSuite:2548,2722,4065,1316,2763,4111,1682,417,2298,1460,635,3549,518,1014,3111,533,1574,3805

test suite236
bestAPFD:0.936701
bestSuite:2471,2119,3451,2338,646,4072,1797,1368,1312,4102,609,2245,917,3166,2739,2651,1444

test suite237
bestAPFD:0.938127
bestSuite:2333,3418,566,4083,2835,2357,2612,4115,3776,2030,106,969,3042

test suite238
bestAPFD:0.933946
bestSuite:2253,3176,3354,3982,908,4104,4079,636,2363,4053,3540,1503,792

test suite239
bestAPFD:0.928708
bestSuite:3417,3455,3901,4020,1688,637,1783,4100,802,2990,2391,1192,1727,3732,3204,4071,680

test suite240
bestAPFD:0.960358
bestSuite:2690,3907,1326,2736,4103,4069,2204,2062,2930,529,119,4029,874,2939,3490,1990,1796

test suite241
bestAPFD:0.954519
bestSuite:4054,4027,2016,2119,4081,3129,4098,2162,680,1614,3232,2846,1399,3673,2265,3321,1821,2833,3370

test suite242
bestAPFD:0.948370
bestSuite:3324,2945,4076,1920,1241,3580,4113,2997,747,3604,1689,258,2055,3760

test suite243
bestAPFD:0.924366
bestSuite:3192,4015,2673,3157,3869,2967,4093,1996,1693,4083,1562,2267

test suite244
bestAPFD:0.957801
bestSuite:3841,2944,4090,2887,3870,1547,4084,1042,393,734,852,1340,3813,815,1474,912,2496

test suite245
bestAPFD:0.968297
bestSuite:3517,228,4091,4062,1583,2435,851,637,4051,4015,3984,2985,2019,844,895,955,1899,1182

test suite246
bestAPFD:0.952252
bestSuite:3178,2814,1839,4089,2549,1661,4062,1848,3249,3488,736,2432,1611,1834

test suite247
bestAPFD:0.925362
bestSuite:1459,3666,3529,2235,2807,4064,1967,2231,4088,1331,1796,2254,389,1026,3399

test suite248
bestAPFD:0.958333
bestSuite:2337,3448,2569,227,4087,1361,4065,911,3422,21,1542,3907,496,1644,1104,2719,2858,2286

test suite249
bestAPFD:0.945992
bestSuite:3086,3844,703,4107,3206,4077,1685,3183,869,1697,1557,2946,2052,2703,3836,431

test suite250
bestAPFD:0.952899
bestSuite:2835,2661,3006,2839,2727,891,4089,3594,2687,4075,2988,1625,522,1289,1690,2494,1143,2063,1561,2859,2141

test suite251
bestAPFD:0.937319
bestSuite:3645,2028,4062,2710,1480,1890,3548,2026,4097,1200,763,1704,2739,1895,2566

test suite252
bestAPFD:0.963933
bestSuite:2561,3984,3670,1351,2956,673,1080,352,4102,1366,726,3272,3826,1111,1219,3368,2801,517,1755,1688,2286,2429

test suite253
bestAPFD:0.967133
bestSuite:2615,3921,2068,4107,4077,3502,698,1453,2198,75,1289,3462,2390,1559,621,1549,2798,787,3542,2728,2687

test suite254
bestAPFD:0.949879
bestSuite:2499,1024,3131,878,4100,2162,247,4061,3027,3120,3762,1644,1748,1472,3807,1923,2745,2363

test suite255
bestAPFD:0.964976
bestSuite:2761,4076,836,4094,887,2836,1251,2619,3475,2787,511,282,3579,2111,1243,219,2949,3899

test suite256
bestAPFD:0.954144
bestSuite:2609,3124,1417,1988,23,2728,4071,4092,1436,768,3339,3707,2286,1748,851,3983

test suite257
bestAPFD:0.945350
bestSuite:2389,1667,546,2030,4110,4068,3272,1033,2313,3979,1430,1857,2037,632,2404,3477,415,974

test suite258
bestAPFD:0.951087
bestSuite:3554,93,4105,2956,3149,3208,3784,1251,3974,1276,1663,2159,3389

test suite259
bestAPFD:0.930627
bestSuite:923,3034,3725,290,2099,1158,2001,908,4090,875,999,3238,3951,3334,990,1871,4072

test suite260
bestAPFD:0.961568
bestSuite:3717,656,4104,4071,2778,2750,3813,1875,3768,3006,640,3590,1692,138

test suite261
bestAPFD:0.907609
bestSuite:1814,2939,3017,2839,2985,4103,2250,3941,1286,4069

test suite262
bestAPFD:0.957298
bestSuite:3991,3282,1645,4076,4106,795,3203,3055,270,121,3134,894,3628,3656

test suite263
bestAPFD:0.955378
bestSuite:3927,3173,2969,1873,4064,728,1321,4108,1603,1957,3041,626,3952,2886,2993,250,679,129,3436

test suite264
bestAPFD:0.949728
bestSuite:3278,3767,4085,402,4086,3791,1050,1981,3201,2397,3804,2270

test suite265
bestAPFD:0.946332
bestSuite:2538,2888,200,3973,2083,4111,4059,1942,1263,3360,2697,3825,1587,3950,1435,57

test suite266
bestAPFD:0.942935
bestSuite:2852,4059,2068,1509,2407,2875,820,260,4099,1328,3970,2077,902,1219,1098,1560,2302,886

test suite267
bestAPFD:0.937160
bestSuite:2104,3689,3973,378,3583,3548,2368,4084,4104,1397,3284,3459,1626,2821,3402,1517

test suite268
bestAPFD:0.945234
bestSuite:3787,3911,147,2491,4083,4094,1417,896,2361,1206,1757,3271,2486

test suite269
bestAPFD:0.941123
bestSuite:2724,2408,411,4086,4061,914,1659,2530,2910,2013,1897,3362

test suite270
bestAPFD:0.928930
bestSuite:1493,3174,2590,2649,2755,1812,1331,4105,4057,3851,2528,1358,51

test suite271
bestAPFD:0.943078
bestSuite:3272,794,2823,2293,1750,2550,1461,953,4075,1190,4090,506,1393,3762,54,1595,1497,3342,1936

test suite272
bestAPFD:0.946931
bestSuite:3748,2129,2564,2401,3290,1192,4113,3525,4084,1955,148,957,956,1514,3492,3426,3533

test suite273
bestAPFD:0.951766
bestSuite:3192,345,3033,2248,3507,4102,256,2550,1887,4082,3237,2448,912,874,2996,1850

test suite274
bestAPFD:0.939578
bestSuite:3904,3094,546,679,2026,4060,4086,3929,2762,1607,1395,1651,740,2585,3931,3091,1658

test suite275
bestAPFD:0.960240
bestSuite:3333,663,244,3929,4058,1251,882,4102,749,2043,1507,2990,2194,902,4021,2742,3096,524,924

test suite276
bestAPFD:0.959954
bestSuite:3625,2737,3041,1943,4088,4059,3510,1355,3758,3315,3243,1724,1487,2232,1647,3615,3420,1738,744

test suite277
bestAPFD:0.947324
bestSuite:3935,2623,1334,2615,4060,4114,1784,917,2658,2973,3872,3793,1141

test suite278
bestAPFD:0.944293
bestSuite:2035,3890,3917,789,406,3488,4077,4113,1095,1874,891,405,212,1767,3815,1974

test suite279
bestAPFD:0.947917
bestSuite:3346,3665,1281,1131,4103,4079,916,2839,3590,786,2232,27

test suite280
bestAPFD:0.939674
bestSuite:2521,465,3751,4071,4088,877,3868,2192,1480,3817

test suite281
bestAPFD:0.956159
bestSuite:2761,626,3119,4098,3699,1388,2935,622,1485,4082,1483,1766,3061,1583,2217

test suite282
bestAPFD:0.942255
bestSuite:2864,3388,3242,2733,4106,1263,75,4059,767,2308,1976,1859,1438,2577,4053,3485

test suite283
bestAPFD:0.944099
bestSuite:2281,2898,3360,4071,2406,2180,4091,3017,1273,1223,3165,1275,3021,1602

test suite284
bestAPFD:0.939764
bestSuite:3192,3625,2989,1095,4088,4082,1849,2545,1617,1611,2353,2953

test suite285
bestAPFD:0.923913
bestSuite:2996,2666,2699,141,4112,3363,3314,4058,1193,2195,2839,3379,1544

test suite286
bestAPFD:0.932065
bestSuite:3898,715,2149,2837,1111,4061,4115,2043,2293,1960,1706,1897,2579,341,3664,2367

test suite287
bestAPFD:0.931522
bestSuite:1713,3063,2428,663,3643,4088,4072,2149,1187,1478,3805,934,2714,2585,1773

test suite288
bestAPFD:0.929710
bestSuite:2511,2006,3576,3522,2737,1664,1429,4111,4063,1697,2571,810,3136,2808,1161

test suite289
bestAPFD:0.956522
bestSuite:3069,2332,3266,2927,2201,4071,4101,834,2508,2352,2113,726,48,1291,1988,640,2886,3837

test suite290
bestAPFD:0.950767
bestSuite:1617,3257,3493,3269,4068,3221,1256,4086,740,1203,3687,2581,3978,522,551,844,53

test suite291
bestAPFD:0.957666
bestSuite:2078,3066,717,2102,4062,399,4100,2967,3696,699,1584,2351,1050,693,437,3884,2419,710,2802

test suite292
bestAPFD:0.942255
bestSuite:2058,2564,891,3420,3007,2039,4066,2731,1995,4110,3586,2713,1787,34,528,2733

test suite293
bestAPFD:0.965153
bestSuite:3219,362,4094,3013,4069,1479,1332,3291,3876,1144,703,69,2093,1586,3091,2575,1086

test suite294
bestAPFD:0.953465
bestSuite:3407,2733,3524,1811,4068,1472,4103,880,1018,2870,2876,2368,2377,2608,973,2587

test suite295
bestAPFD:0.964514
bestSuite:2179,3182,4115,2863,841,4082,3262,2452,1576,2902,2663,2224,2231,4037,2063,27,1266

test suite296
bestAPFD:0.945652
bestSuite:3966,3384,2008,4107,4077,3469,3675,2603,2845,3790,3855,2067,1872,3859

test suite297
bestAPFD:0.934365
bestSuite:3587,3873,2791,4095,1020,1376,767,3488,4064,1481,1504,1586,2237

test suite298
bestAPFD:0.946429
bestSuite:2427,3556,2871,4058,4106,1793,2402,3611,1077,759,1643,2745,2102,2449

test suite299
bestAPFD:0.932971
bestSuite:2418,3433,1442,2124,2455,4098,1101,4069,3759,3062,1772,1613,2695,2682,1289

test suite300
bestAPFD:0.944876
bestSuite:2898,3630,1780,820,1333,4105,3806,4074,715,3929,2698,2964,2024,3566

test suite301
bestAPFD:0.942726
bestSuite:3615,8,3206,2506,4069,4092,1091,2505,3575,768,1320,1870,2706

test suite302
bestAPFD:0.937047
bestSuite:2337,11,4071,640,1657,1390,1820,4092,3728,2394,1435,2058

test suite303
bestAPFD:0.959079
bestSuite:3448,1548,2509,4078,1280,4102,3397,2148,1480,72,2502,1411,3483,3343,1600,1763,3044

test suite304
bestAPFD:0.939198
bestSuite:3026,281,1916,2825,3620,4060,1138,3795,827,4095,2124,868,637,1726,743,1898

test suite305
bestAPFD:0.953645
bestSuite:3628,3089,3755,3640,1036,4111,4065,1417,823,1327,3833,677,1162,29,2282,3927,1690

test suite306
bestAPFD:0.936141
bestSuite:3628,3984,4026,1059,3809,4057,1714,2062,1895,1230,1924,4108

test suite307
bestAPFD:0.945109
bestSuite:3494,2112,2243,787,835,654,1240,474,2956,849,4087,1584,408,2746,972,3414,2881,2442,1763,2013

test suite308
bestAPFD:0.961957
bestSuite:3517,2044,4089,4060,2193,3550,1974,291,2679,3196,1434,2487,3590,732,1883

test suite309
bestAPFD:0.937747
bestSuite:2954,3071,2329,4065,1035,4106,1553,2604,927,3681,2723

test suite310
bestAPFD:0.951087
bestSuite:3868,2060,2528,160,4083,1410,2343,4112,814,3370,1567,2746,3252,2676,2350,3221

test suite311
bestAPFD:0.937500
bestSuite:3349,3709,504,3361,4068,1120,3688,2009,4089,39,3047,953

test suite312
bestAPFD:0.942754
bestSuite:3267,2270,2255,2166,1826,3145,4091,1161,4074,1484,2241,3547,2711,1720,3584

test suite313
bestAPFD:0.939010
bestSuite:2363,3611,461,3370,4087,1507,2531,1079,636,1553,4061,375,1510,371,1402,3725,3551,3804

test suite314
bestAPFD:0.951427
bestSuite:2898,1486,3686,1955,4093,4084,3469,511,1127,3934,1145,2278,3588,775,1609,1607

test suite315
bestAPFD:0.929842
bestSuite:3324,2537,3029,3176,4113,4063,4036,1801,1641,2717,1437

test suite316
bestAPFD:0.953804
bestSuite:3612,2035,312,4109,4026,4072,1396,3123,1788,3199,3413,567,772,102,2047,3325

test suite317
bestAPFD:0.955882
bestSuite:3313,2840,2507,2180,1032,4073,4090,2522,3719,2141,1909,345,352,1547,85,893,990

test suite318
bestAPFD:0.921739
bestSuite:2524,2722,4065,1790,1177,506,4111,3181,1139,754

test suite319
bestAPFD:0.947324
bestSuite:2724,3683,3195,943,4113,4066,3374,989,809,2625,1484,995,2897

test suite320
bestAPFD:0.947826
bestSuite:2700,2598,4059,688,3683,1020,4089,3982,902,649,834,3761,4045,2249,3351

test suite321
bestAPFD:0.942935
bestSuite:3517,2471,4089,4065,2456,1778,2212,1661,673,2658

test suite322
bestAPFD:0.949275
bestSuite:2567,2477,4075,3661,3329,1584,4091,1750,954,3870,1619,3650,1869,3874,2807

test suite323
bestAPFD:0.944876
bestSuite:2853,242,1378,3802,1533,1125,4108,496,3807,4060,2760,3775,504,634,1654,2744,597,4034,2198,1778,783

test suite324
bestAPFD:0.932246
bestSuite:2796,1997,3332,2952,4111,1229,1683,4076,938,1546,2573,3719,367,899,3891

test suite325
bestAPFD:0.952685
bestSuite:2337,4068,2598,1770,1184,2798,3689,1167,3073,4101,2374,3910,2603,3438,893,2943,3805

test suite326
bestAPFD:0.916848
bestSuite:3040,1945,3848,3272,4075,4112,2458,2130,3530,290

test suite327
bestAPFD:0.944488
bestSuite:3267,3907,2488,4058,4099,3928,1063,2389,1921,1827,3064,1507,3833,3675

test suite328
bestAPFD:0.955357
bestSuite:3346,40,4110,3263,4074,117,3628,1784,1422,1610,3154,720,3892,1344

test suite329
bestAPFD:0.947742
bestSuite:3231,2854,619,4089,4060,2660,2085,1835,1465,3764,263,2706,3311

test suite330
bestAPFD:0.939053
bestSuite:2058,2447,2787,3187,1034,714,4093,3626,3303,3193,3419,2463,2780,4057

test suite331
bestAPFD:0.951812
bestSuite:2422,3327,2459,1023,899,3190,4064,2745,4100,3542,687,3973,3344,171,2567

test suite332
bestAPFD:0.942136
bestSuite:2595,3411,483,2294,2093,1794,4061,1950,4107,1787,2255,3978,2089,3002,888,2838,3645

test suite333
bestAPFD:0.950767
bestSuite:2163,1546,3293,3411,4093,3957,1331,877,3938,3474,3093,2322,1433,1963,1495,179,4085

test suite334
bestAPFD:0.940897
bestSuite:3063,2464,1591,444,2709,4061,4102,2268,2221,3718,2863,1655,3885,2208,667,1705

test suite335
bestAPFD:0.957481
bestSuite:3178,3033,3603,1916,3699,4067,4089,3224,1477,1729,797,3429,773,1032,2198,2696,450

test suite336
bestAPFD:0.939441
bestSuite:3388,2683,4050,2697,1355,4075,2548,719,4105,677,1746,2862,2383,900

test suite337
bestAPFD:0.941848
bestSuite:2164,3040,4106,4059,1897,15,1870,4051,2286,524

test suite338
bestAPFD:0.925725
bestSuite:3822,3608,1776,30,2162,820,221,2075,3133,4069,1609,2838,1835,1666,4107

test suite339
bestAPFD:0.939723
bestSuite:2115,1780,4079,4111,1256,3669,2839,3673,3402,2253,2792

test suite340
bestAPFD:0.946332
bestSuite:3529,3014,1914,2506,3509,4062,4087,2786,3496,826,2256,3360,3722,1631,629,2330

test suite341
bestAPFD:0.938241
bestSuite:3964,3650,1345,4101,1547,2074,4048,3093,594,2956,1811

test suite342
bestAPFD:0.926630
bestSuite:2761,3333,4063,4112,3017,4034,2862,3885

test suite343
bestAPFD:0.950068
bestSuite:2301,2203,2853,3106,2956,4090,1169,3514,2014,46,3791,795,1545,612,3141,1309

test suite344
bestAPFD:0.945954
bestSuite:2791,2575,4105,788,4060,3009,3766,450,3548,2821,3894,1484,1749,1801,3397,1653,3163,2526

test suite345
bestAPFD:0.934006
bestSuite:3131,2668,2081,752,445,1857,4071,1944,3323,4090,710,2610,1000,3954

test suite346
bestAPFD:0.957971
bestSuite:3771,3703,2948,4097,4085,1437,4046,2618,1911,2485,1999,386,3619,2896,2927

test suite347
bestAPFD:0.932745
bestSuite:976,3491,3742,268,4032,4067,4110,2872,1361,3782,2083,3917,2950,665,2141,2266

test suite348
bestAPFD:0.941816
bestSuite:1487,3495,3488,2854,2428,4102,4059,3729,2950,2825,898,3168,844,2756,1676,3352,2247

test suite349
bestAPFD:0.958612
bestSuite:3717,856,4106,4065,3948,837,947,3854,3410,802,3748,28,2695

test suite350
bestAPFD:0.945048
bestSuite:3177,2814,2166,3242,4061,370,1378,866,4093,1943,769,3130,2930,1552,2788,1070,1447,2297

test suite351
bestAPFD:0.942935
bestSuite:3346,2253,3487,1354,4059,1655,3505,3608,937,1325,2944,4088

test suite352
bestAPFD:0.938127
bestSuite:3092,2596,3010,2744,4084,2197,1790,3846,2448,214,1364,1817,4108

test suite353
bestAPFD:0.944293
bestSuite:3167,2537,725,765,4075,1397,3552,1836,516,3295,3185,3591,3562,3463,432,4093

test suite354
bestAPFD:0.954519
bestSuite:2633,2220,3237,1769,1428,4097,2387,4084,3161,1572,151,688,721,1933,2474,2882,1356,2827,2343

test suite355
bestAPFD:0.940670
bestSuite:2826,3494,2243,3659,4099,1168,3881,4079,2283,1930,643,2996

test suite356
bestAPFD:0.945332
bestSuite:3665,4097,1772,3710,2060,1830,323,1367,1169,4059,776,1469,1626,3438,3574,1317,3495

test suite357
bestAPFD:0.937160
bestSuite:2240,2229,3822,11,2528,1395,2402,4096,3828,4074,878,333,3295,1599,848,1710

test suite358
bestAPFD:0.939441
bestSuite:3524,1988,4054,3094,4104,506,4076,1641,839,3036,3099,2271,3720,2943

test suite359
bestAPFD:0.960145
bestSuite:3231,1193,3983,4066,2008,4109,2364,3505,3851,699,2480,2965,848,91,3846,2830,769,1426

test suite360
bestAPFD:0.926087
bestSuite:3972,2257,87,3635,2846,859,2865,4060,980,4101,2317,3770,1361,2643,868

test suite361
bestAPFD:0.936594
bestSuite:3657,3225,2899,4072,1819,1121,4113,3245,3817,183,2950,2219

test suite362
bestAPFD:0.967089
bestSuite:3278,336,1351,4064,4090,2651,3919,801,2255,3188,1659,3834,3235,1883,1124,2268,210,3363

test suite363
bestAPFD:0.930602
bestSuite:2257,2163,3352,3399,4089,1334,1558,3426,2274,2748,2553,338,4060

test suite364
bestAPFD:0.937681
bestSuite:3706,1437,3552,2408,2204,865,1216,4096,4059,831,842,3750,2500,1812,2254

test suite365
bestAPFD:0.964334
bestSuite:3517,466,4102,4085,2054,1254,2263,2229,1599,3310,1472,1847,2014,1668,1322,857

test suite366
bestAPFD:0.950515
bestSuite:3984,1649,1263,2767,2416,98,4073,2400,473,730,2174,2443,3610,3970,2466,3756,1626,3352,4113

test suite367
bestAPFD:0.948799
bestSuite:3521,781,2921,446,2680,3484,1235,3579,4064,1465,117,4087,2707,1911,1342,1713,870,388,2068

test suite368
bestAPFD:0.929766
bestSuite:2032,1555,2768,2595,3659,781,4099,4066,761,3016,2208,3642,2717

test suite369
bestAPFD:0.953986
bestSuite:3353,2373,2432,1699,2956,3746,4086,1173,1160,2891,2572,3117,1720,2163,1508

test suite370
bestAPFD:0.943095
bestSuite:3221,809,2302,352,2907,4101,1085,4063,2456,2159,2949,442,3775,2915,3817,868,1377

test suite371
bestAPFD:0.941472
bestSuite:2954,328,4011,2089,2100,4065,861,130,4104,1739,595,3104,1345

test suite372
bestAPFD:0.960749
bestSuite:3324,3927,2854,4111,4069,798,1905,3533,1861,3775,1882,2011,3421,2907,2250,3296,13,2200

test suite373
bestAPFD:0.953804
bestSuite:3784,2455,3529,4076,863,4088,3155,2562,1824,2349,3737,990,2931,1452,1606,2853

test suite374
bestAPFD:0.931438
bestSuite:3026,2599,3469,1183,4112,1165,4064,2118,2584,3718,1674,1609,1446

test suite375
bestAPFD:0.945290
bestSuite:2509,3249,2796,2999,2854,4093,3008,4063,732,3187,842,850,2486,940,977

test suite376
bestAPFD:0.952536
bestSuite:4049,3094,2130,4076,2724,4102,1646,735,2713,2212,3005,1866,2691,1333,305

test suite377
bestAPFD:0.934783
bestSuite:3645,594,2855,2491,265,4097,1551,4072,75,2971,783,2914,1438,359,2707,1465

test suite378
bestAPFD:0.949488
bestSuite:2344,3473,2787,1837,1388,3663,4065,2229,4092,1566,2616,257,3636,777,3689,1813,2068

test suite379
bestAPFD:0.959783
bestSuite:4049,3208,1913,748,4106,3140,2974,2874,1624,2807,2094,1015,3714,2574,1745,3805,916,2368,2071,4073

test suite380
bestAPFD:0.943144
bestSuite:2422,4061,2722,2377,3045,4115,1096,3198,841,1058,1477,3386,1279

test suite381
bestAPFD:0.949728
bestSuite:3716,3313,1122,4094,4081,1985,1832,1819,2985,3364,3483,1809

test suite382
bestAPFD:0.948370
bestSuite:3381,3705,2917,435,4101,4081,2975,1020,1467,2900,1963,1737,1614,2095,1572,3522,3994,3490

test suite383
bestAPFD:0.935277
bestSuite:3935,351,4068,3868,1614,4101,2059,3894,3861,1378,865

test suite384
bestAPFD:0.926630
bestSuite:2906,2406,466,3455,1251,253,4080,3489,2379,1900,1914,4098

test suite385
bestAPFD:0.939073
bestSuite:3447,2871,2341,640,3504,4073,1240,1212,3661,668,1386,326,853,196,1141,3139,878,4100,2244

test suite386
bestAPFD:0.961617
bestSuite:2632,520,4060,2921,4102,3079,1537,660,3063,2749,3006,656,2127,726,1758,252

test suite387
bestAPFD:0.950128
bestSuite:3927,2166,3625,404,2561,4077,4095,1072,3744,1117,2475,299,1496,1789,819,1614,2520

test suite388
bestAPFD:0.947766
bestSuite:1852,3326,3679,1967,3003,4048,2581,4075,3593,1119,3386,4102,3863,1630,999,2885,524,1848

test suite389
bestAPFD:0.945109
bestSuite:3378,3327,122,1647,2060,4106,2687,1059,1742,2807,4025,3739,731,4067,812,1501,971,221,2979,1186

test suite390
bestAPFD:0.955072
bestSuite:3306,2705,3329,4088,3184,4063,2531,1098,80,1985,2161,3149,3504,1962,2562

test suite391
bestAPFD:0.960598
bestSuite:3448,1395,3066,750,1849,4101,4084,2971,1855,1441,2574,2608,2183,3336,2735,3940,1956,2803,2502,37

test suite392
bestAPFD:0.961957
bestSuite:2078,3167,709,4090,4061,1316,827,2452,2694,847,4025,2030,2052,2468,2095,1902,1389,200,1703,2508,3881

test suite393
bestAPFD:0.954923
bestSuite:2548,2374,3029,4060,3291,4108,1267,2053,2808,981,1643,3081,864,1087,740,90,1679

test suite394
bestAPFD:0.968685
bestSuite:3765,2425,3382,4081,1334,4090,2658,2841,1067,3482,3606,744,1558,3741,2150,722,1979,2100,1693,284,1237

test suite395
bestAPFD:0.922894
bestSuite:2397,3607,2027,3345,2888,89,1885,4078,234,681,1115,4111,3277,1221,3894,1536

test suite396
bestAPFD:0.949275
bestSuite:3991,2637,2978,4057,1127,4103,3007,3268,647,2461,515,945

test suite397
bestAPFD:0.948973
bestSuite:2382,1776,4067,3533,839,3767,1744,4113,2650,2757,1672,1930,2664,720,1854,372,3001,3150

test suite398
bestAPFD:0.961277
bestSuite:2080,2754,4069,3900,4112,4013,1605,1332,1781,2962,2159,986,3007,3110,2644,2673

test suite399
bestAPFD:0.945652
bestSuite:2609,315,2872,3256,2803,2863,4102,1611,4073,872,2621,1780,2943,1934

test suite400
bestAPFD:0.941576
bestSuite:3556,1617,3176,3973,4113,4081,1759,2820,878,2980,1963,2786

test suite401
bestAPFD:0.948822
bestSuite:2761,4020,1378,4092,4084,4043,372,3688,910,1202,51,746

test suite402
bestAPFD:0.958560
bestSuite:2724,3911,3062,4082,4105,3737,2259,3856,2457,913,1875,2362,2999,2587,1971,2919

test suite403
bestAPFD:0.931020
bestSuite:3587,3094,129,3039,1452,4077,1364,737,4097,1963,956,1506,3782

test suite404
bestAPFD:0.936759
bestSuite:3151,2660,2705,4081,4100,1061,2284,2709,528,1779,2238

test suite405
bestAPFD:0.948997
bestSuite:3346,4006,2927,4058,4099,1127,3199,3279,2185,1576,765,484,1618

test suite406
bestAPFD:0.905518
bestSuite:2402,3403,895,428,216,4108,4043,3614,3172,317,973,4072,3566

test suite407
bestAPFD:0.912440
bestSuite:2281,3176,3494,3003,4098,1491,4076,3262,1381

test suite408
bestAPFD:0.940635
bestSuite:1906,3984,144,2956,4011,3024,4106,2376,626,2615,986,1547,1549

test suite409
bestAPFD:0.930307
bestSuite:3473,1665,2778,3477,1899,2229,2408,4111,3777,1984,656,1789,4064,1705,412,768,1398

test suite410
bestAPFD:0.935688
bestSuite:2898,1422,4039,2376,2915,4086,1187,4057,2220,3260,742,1508

test suite411
bestAPFD:0.959843
bestSuite:2082,3657,2377,2629,4115,4057,3769,1767,623,2605,2268,995,2656,1735,55,1275,2039,1055

test suite412
bestAPFD:0.935802
bestSuite:2640,1732,1554,4078,3903,713,3011,3283,3453,4103,3708,3610,3398,2893,528,1696

test suite413
bestAPFD:0.930254
bestSuite:2375,3143,2705,3505,1066,4088,4080,1664,3503,1518,3790,1797

test suite414
bestAPFD:0.942688
bestSuite:2521,382,4067,766,959,248,933,811,2272,3194,4086

test suite415
bestAPFD:0.950000
bestSuite:3151,3784,165,3371,4065,3016,1489,4108,2960,3936,2666,988,2909,1533,933

test suite416
bestAPFD:0.927866
bestSuite:1838,2035,3428,4109,3040,4061,3846,2249,2649,890,3974

test suite417
bestAPFD:0.945652
bestSuite:2360,3215,1683,2293,4107,4058,591,3166,1904,3126,3677,1732

test suite418
bestAPFD:0.945652
bestSuite:2633,3575,1976,2477,2235,142,4100,4074,3243,1322,2433,649,1897,1913,1386

test suite419
bestAPFD:0.937047
bestSuite:3437,2763,4035,4073,392,1032,4114,899,3737,1775,808,1439

test suite420
bestAPFD:0.914716
bestSuite:3845,2474,3830,1550,1861,1459,3923,1059,4107,2671,1796,4058,887

test suite421
bestAPFD:0.956522
bestSuite:2898,3039,1921,4078,4110,74,1241,1491,2970,953,2614,1137,2363,4030,1500,215

test suite422
bestAPFD:0.954144
bestSuite:2609,2659,4066,361,2333,4112,2449,3748,4030,1200,996,3824,2624,1641,2083,2474

test suite423
bestAPFD:0.957686
bestSuite:2179,3876,663,4083,4101,26,2354,3993,1493,3021,2053,1850,3986,2264

test suite424
bestAPFD:0.938735
bestSuite:3465,3034,1079,2354,4107,4081,1619,673,1762,60,2617

test suite425
bestAPFD:0.950747
bestSuite:3319,1617,4,1269,4094,1484,1164,978,2272,903,2463,1863,4045,3318,243,4085

test suite426
bestAPFD:0.947690
bestSuite:2509,3840,3903,3085,2486,1,4059,4099,1149,1633,4013,298,3974,552,1775,3552

test suite427
bestAPFD:0.955378
bestSuite:3134,3926,2062,3062,2390,1178,4084,4089,525,2762,2859,3482,3189,3036,1616,2413,3369,1645,2468

test suite428
bestAPFD:0.946510
bestSuite:1649,3472,2401,1587,120,1261,4106,1856,2349,2895,3243,2943,1520,2810,1600,1191,1501,3081,4063

test suite429
bestAPFD:0.963655
bestSuite:2179,2964,4111,2201,4072,3590,3740,1482,953,2074,554,2744,1916,3770,2590,2603

test suite430
bestAPFD:0.919466
bestSuite:2925,3433,2338,2780,4111,420,4083,2666,2008,683,1109

test suite431
bestAPFD:0.944444
bestSuite:3234,3509,2658,4020,1975,1169,4084,2231,4094,3727,268,3044,2886,2932,404,980,1889,987

test suite432
bestAPFD:0.923137
bestSuite:1894,3915,2060,4037,1481,1398,4069,2313,627,4102,2622,1614,2984,3540

test suite433
bestAPFD:0.955487
bestSuite:3534,2575,3980,2432,853,1272,4098,4057,922,2442,289,1101,3762,1075,4,3161,2580,3012,24,3172,3130

test suite434
bestAPFD:0.947917
bestSuite:2360,3014,2284,4073,4097,930,698,3012,3204,3172,137,3942

test suite435
bestAPFD:0.951087
bestSuite:2360,3080,4070,1968,1168,4106,3994,3114,3078,4055,715,2861,3625

test suite436
bestAPFD:0.957126
bestSuite:1493,3844,2853,451,2909,4086,4060,3503,1449,1590,234,628,2049,3241,522,2107,396,1386

test suite437
bestAPFD:0.945652
bestSuite:3668,3072,3809,2707,3921,4098,15,2731,1004,1844,2886,1692,1539,4072

test suite438
bestAPFD:0.935277
bestSuite:2938,2096,3849,4115,2162,2956,792,3199,3899,2009,3884

test suite439
bestAPFD:0.942455
bestSuite:2534,1780,3418,3486,4106,3123,810,3434,4057,1579,1971,211,734,1720,2922,75,2220

test suite440
bestAPFD:0.939538
bestSuite:2102,2835,3119,3425,2099,1008,3694,4087,4081,3711,3232,1691,3482,696,3281,637

test suite441
bestAPFD:0.940761
bestSuite:3716,294,3993,4080,4093,2834,3357,1834,3089,44

test suite442
bestAPFD:0.933230
bestSuite:3203,3751,669,321,2240,1134,1151,4095,4084,3758,3067,1016,1491,3503

test suite443
bestAPFD:0.943614
bestSuite:2348,4006,2621,2740,2927,4099,1736,4070,737,1571,2059,1929,3132,39,1417,2411

test suite444
bestAPFD:0.952252
bestSuite:2487,3641,2706,1390,4101,4065,3426,290,3277,3697,1212,2991,3773,2820

test suite445
bestAPFD:0.951863
bestSuite:3349,2548,4072,4102,2447,2863,772,2960,1850,1913,1662,3611,3925,3425

test suite446
bestAPFD:0.941206
bestSuite:3771,2628,4007,4069,4115,2265,1127,200,2000,707,1910

test suite447
bestAPFD:0.955268
bestSuite:2521,3382,4068,3598,4086,1501,3819,674,2500,1547,3571,3146,834

test suite448
bestAPFD:0.945652
bestSuite:2035,3781,3593,1101,2656,2170,1943,1542,4082,1596,1466,54,3396,2549,3261,4087

test suite449
bestAPFD:0.934179
bestSuite:2521,34,4075,4103,1821,3231,1701,3169,2202

test suite450
bestAPFD:0.946739
bestSuite:3173,489,3957,2413,4115,3146,4058,1775,1115,3985,2256,786,66,2631,757

test suite451
bestAPFD:0.945080
bestSuite:1759,2119,2184,3528,2150,4110,1355,3372,4080,3145,1656,1704,1690,12,3536,3547,2247,3916,3729

test suite452
bestAPFD:0.958120
bestSuite:3787,3097,2780,3552,4074,4095,1899,3943,545,1358,2201,752,3883,672,960,1008,17

test suite453
bestAPFD:0.948579
bestSuite:2776,3555,2366,4093,1256,4080,2560,2182,1882,1596,2959,3567,2472

test suite454
bestAPFD:0.920290
bestSuite:2422,175,2145,4057,4088,3443,1550,2749,1290

test suite455
bestAPFD:0.937112
bestSuite:1811,2076,3728,3400,2264,4078,3269,2449,4089,1003,3011,1918,1736,2992

test suite456
bestAPFD:0.943388
bestSuite:3628,2823,3140,4079,4096,1491,2318,3174,2664,1423,659,2733

test suite457
bestAPFD:0.967105
bestSuite:3219,1355,3655,4067,3892,4107,2228,2024,2444,1926,89,1699,3539,2073,2406,1375,3840,1562,1332

test suite458
bestAPFD:0.960598
bestSuite:2164,4059,2599,3674,1849,4087,1612,2645,21,3389,3355,3878,3588,1268,511,1481

test suite459
bestAPFD:0.945652
bestSuite:2724,2564,4084,4111,648,3790,3527,2496,810,2884,2259,2812

test suite460
bestAPFD:0.962862
bestSuite:2164,3540,4079,1398,2701,3244,1679,3089,830,3679,3709,3754,2172,2983,2800,3501,3900,4103

test suite461
bestAPFD:0.939829
bestSuite:2722,2099,725,4061,1193,1584,4093,1466,3866,3260,2819,3553,659,3664

test suite462
bestAPFD:0.948849
bestSuite:3844,2108,1860,1573,3381,4061,4108,541,3505,1726,1755,665,1772,681,1228,3694,3096

test suite463
bestAPFD:0.960749
bestSuite:3178,831,263,2432,4085,2550,4090,1618,1006,3867,405,2399,3043,3475,3654,1452,2759,3128

test suite464
bestAPFD:0.960507
bestSuite:3716,329,4081,4096,2521,3369,938,947,2704,747,3609,426,3254,317,2106

test suite465
bestAPFD:0.946817
bestSuite:2369,3447,3698,4084,4103,2201,988,3530,2810,1524,2755,2274,2792,3644

test suite466
bestAPFD:0.942547
bestSuite:3288,1537,2643,3559,830,4100,4084,1915,3011,390,994,2788,1917,4041

test suite467
bestAPFD:0.940217
bestSuite:2115,4075,1765,2703,770,4115,1396,2026,3323,2027,3547,1750

test suite468
bestAPFD:0.940580
bestSuite:1425,2066,2854,4075,2313,2683,4112,1638,3224,1412,1437,1229,2444,960,2089

test suite469
bestAPFD:0.945992
bestSuite:3080,2498,3796,520,4075,1193,4115,887,1798,2901,2297,790,2059,1472,1791,1732

test suite470
bestAPFD:0.961353
bestSuite:2115,3502,2201,3477,1774,627,4097,4067,3455,3418,2427,3805,1787,2642,904,103,3769,2211

test suite471
bestAPFD:0.948997
bestSuite:3306,2927,1921,4060,3140,4106,2050,3550,3886,2593,961,3780,2089

test suite472
bestAPFD:0.925078
bestSuite:2955,3034,2123,2370,818,2167,2854,129,4100,4084,2896,836,3310,1579

test suite473
bestAPFD:0.948913
bestSuite:3557,3472,4106,3857,2595,4077,1334,2393,1638,1635,3901,1652,1778,937,2879

test suite474
bestAPFD:0.964674
bestSuite:3765,2633,3022,4088,4075,2825,2528,641,1012,1410,1413,3780,3027,602,3103,578,822,2929

test suite475
bestAPFD:0.949808
bestSuite:3521,3844,3924,3136,865,4062,1603,4098,2125,2394,1659,1604,2539,3111,2421,582,2544

test suite476
bestAPFD:0.925362
bestSuite:2496,899,55,2229,3805,2840,2839,4108,1390,678,4064,1785,2858,3438,2192

test suite477
bestAPFD:0.964130
bestSuite:3717,2112,4062,4106,2162,683,822,3228,865,3532,3593,3993,3564,2411,2269

test suite478
bestAPFD:0.952899
bestSuite:3844,2948,2611,677,4084,4093,3352,1160,2412,2573,2799,2513,2549,234,2585,3380,680,285

test suite479
bestAPFD:0.946488
bestSuite:3173,3442,2344,4075,4100,1120,3421,1720,3602,2444,3149,2531,1401

test suite480
bestAPFD:0.949169
bestSuite:2070,2947,3143,1561,2523,2876,2665,2550,2111,4071,3938,2557,1507,2889,3352,1815,4092

test suite481
bestAPFD:0.945652
bestSuite:3494,1443,3428,2528,803,1023,3478,4060,4088,2549,3807,1709,2547,1451,2748,3860,1143

test suite482
bestAPFD:0.939723
bestSuite:3465,2144,1704,4061,1354,2675,4101,1776,2070,4003,566

test suite483
bestAPFD:0.954408
bestSuite:3872,2596,2424,4062,934,1395,2737,3917,22,3995,3878,3114,3062,1426,1864,3743,1697,4088

test suite484
bestAPFD:0.940217
bestSuite:2499,2755,4080,2408,2790,1168,4094,1944,2419,870,3495,3725,3102,2290

test suite485
bestAPFD:0.938665
bestSuite:3444,1735,3552,1474,2374,4071,1001,4095,1322,1853,1030,2990,3370,2057

test suite486
bestAPFD:0.942391
bestSuite:3278,2668,4062,4091,2190,692,3105,2642,1617,2219

test suite487
bestAPFD:0.956841
bestSuite:1945,3446,3460,3645,4095,4069,1682,965,75,3777,351,2146,2907,1280,1109,3619,2491

test suite488
bestAPFD:0.938963
bestSuite:3575,2402,3665,3836,4081,1509,960,4110,3379,1000,3276,3810,2285

test suite489
bestAPFD:0.936037
bestSuite:3845,3844,2295,1657,2695,1458,4084,2867,1085,1208,2133,1585,4098

test suite490
bestAPFD:0.949728
bestSuite:2633,3660,793,3122,3376,689,4063,2216,4109,1535,747,2644,956,700,2799,4020

test suite491
bestAPFD:0.930707
bestSuite:2111,1696,2151,3126,3161,925,2311,1306,2335,1115,1618,4108,2535,1798,4062,898,1956,1448,3036,2276

test suite492
bestAPFD:0.933084
bestSuite:2448,3870,3607,2280,635,4109,1338,1984,3928,4071,693,923,3348,1284,321,696

test suite493
bestAPFD:0.939441
bestSuite:2564,3272,3067,1670,4062,1041,1251,4104,2814,2172,1894,642,1942,2181

test suite494
bestAPFD:0.959668
bestSuite:3872,2803,85,3019,914,1263,4092,4079,2918,1967,3510,2647,2370,637,935,3592,850,1864,1732

test suite495
bestAPFD:0.928854
bestSuite:3598,2382,3843,2432,2867,4115,2014,2122,1594,2541,4063

test suite496
bestAPFD:0.930830
bestSuite:2261,2457,3954,2668,4105,3527,3531,1745,2839,2984,4080

test suite497
bestAPFD:0.961277
bestSuite:3554,516,4106,1035,3615,4066,1925,1716,963,2965,2006,988,4000,1897,494,1550

test suite498
bestAPFD:0.960997
bestSuite:3319,2261,4063,3703,4107,1430,3284,884,3662,1596,3237,3971,351,1372,720,1296,1568

test suite499
bestAPFD:0.944488
bestSuite:2898,2083,4087,1986,3502,4082,1042,3370,1575,2651,2112,3084,3531,3791

test suite500
bestAPFD:0.945350
bestSuite:3927,1776,3592,3257,1342,3770,1241,119,4069,2819,2400,1720,529,4098,791,1482,1017,3912

