test suite1
bestAPFD:0.930103
bestSuite:2790,3666,2172,954,3561,2934,4069,915,4104,3111,1884,1198,3473,2664,2593,825,1599,3438,2013,3355,1979,3474

test suite2
bestAPFD:0.881027
bestSuite:1364,2562,4086,2675,3104,1036,3651,3409,1853,806,4063,3472,51,2919,3384,1481,2737,2246

test suite3
bestAPFD:0.905464
bestSuite:2511,1255,1524,2192,216,3595,2097,3919,3134,4037,2955,4108,4066,1011,3582,3499

test suite4
bestAPFD:0.910377
bestSuite:567,1354,3809,3381,1190,4059,1583,4089,701,2042,1617,2341,2148,1210

test suite5
bestAPFD:0.910520
bestSuite:1451,2973,1263,3976,4109,3520,2422,27,1915,4066,3589

test suite6
bestAPFD:0.907932
bestSuite:3160,3813,995,3896,3926,3893,2907,1425,672,676,1109,2535,3408,2795,799,4079,1688,4103

test suite7
bestAPFD:0.932819
bestSuite:1589,2182,1894,844,3008,271,4078,3278,3864,2221,4093

test suite8
bestAPFD:0.914221
bestSuite:822,3927,2270,3453,2018,204,4066,3744,2102,3320,1750,4091,832,803,2276,4007,2135,2543

test suite9
bestAPFD:0.893756
bestSuite:1023,4089,3034,2942,3985,1950,3091,644,904,928,988,3631,1429,4082

test suite10
bestAPFD:0.919706
bestSuite:1281,3229,1811,1607,3328,2382,1272,352,1640,2663,3072,2349,4085,4107,3117

test suite11
bestAPFD:0.924753
bestSuite:1357,3442,3353,2948,4107,800,3815,174,4077,2381,24,1473,3490,1741

test suite12
bestAPFD:0.958126
bestSuite:3152,651,929,331,2011,1557,1690,3162,2943,1633,4073,274,3430,3302,3633,4094,2521,2483,3516

test suite13
bestAPFD:0.906250
bestSuite:2498,2399,801,4054,3875,258,4109,3819,4083,2175,1269,489,2550,1578,3809,1684

test suite14
bestAPFD:0.876391
bestSuite:3061,4011,2162,3312,4095,528,3689,141,3956,4085,3484,3337,142

test suite15
bestAPFD:0.931543
bestSuite:2187,3554,291,1504,4109,920,2035,2015,1705,4065,1396,3144,2225

test suite16
bestAPFD:0.933176
bestSuite:2568,2561,735,3299,116,3884,1997,3624,3647,1059,3668,736,3327,4084,2795,4113,1277,1055,1432,3910

test suite17
bestAPFD:0.915094
bestSuite:2017,3935,985,4057,3850,1398,963,1825,2020,3071,4099

test suite18
bestAPFD:0.935220
bestSuite:1042,3066,3317,2342,1679,657,3823,200,1469,1020,4085,1664,1502,4112,2372

test suite19
bestAPFD:0.908106
bestSuite:3178,4113,3305,2906,1910,2599,2353,846,4072

test suite20
bestAPFD:0.903040
bestSuite:3874,2359,2823,2966,524,1871,3773,3734,2681,3653,1519,4101,1464,1096,2058,4065,2299,2964

test suite21
bestAPFD:0.899129
bestSuite:861,3673,3385,2761,3054,4081,48,1306,3157,2351,4103,1127,2932

test suite22
bestAPFD:0.910655
bestSuite:3293,3418,3304,1046,4021,1275,2976,3552,873,2130,2111,2950,532,2956,511,4101,3065

test suite23
bestAPFD:0.941929
bestSuite:2172,1538,4103,1158,1466,4046,1453,1853,3278,4082,2027,287,868,1046,940

test suite24
bestAPFD:0.897799
bestSuite:4071,2510,1355,1325,925,1111,2163,3312,2133,4104,72,3505,3094,853

test suite25
bestAPFD:0.910063
bestSuite:1290,3254,1945,4086,2415,1703,28,1923,1481,2128,3415,4084,3958,1839,3809

test suite26
bestAPFD:0.911395
bestSuite:824,2939,3714,1765,3421,873,2190,2811,3137,2087,2958,3502,4061,1138,3124,4101,1232

test suite27
bestAPFD:0.915834
bestSuite:1513,3261,4093,2629,1769,3022,2997,569,1514,3616,3092,2591,3349,1804,1888,4072,2802

test suite28
bestAPFD:0.910028
bestSuite:3149,1595,4076,3713,3924,1988,1610,1532,139,1839,3148,1474,2874,4096,448,2873,196,3793

test suite29
bestAPFD:0.921955
bestSuite:2422,1709,1322,2516,2755,4057,282,2745,3327,2628,4107

test suite30
bestAPFD:0.940671
bestSuite:1614,3303,1606,1495,1402,4083,679,3463,2362,1240,3569,3091,4110,2661,3278

test suite31
bestAPFD:0.928931
bestSuite:3437,4113,6,1893,3647,1972,2497,2883,1729,1745,3823,2573,2776,4066,2791

test suite32
bestAPFD:0.896451
bestSuite:1061,926,3520,4104,3432,3137,2369,1160,729,4073,3580,418,2231,2151

test suite33
bestAPFD:0.897624
bestSuite:3097,195,390,3492,2873,2235,4105,4062,2978

test suite34
bestAPFD:0.925386
bestSuite:3796,2010,3346,4102,1809,828,118,1256,685,2341,4058

test suite35
bestAPFD:0.883451
bestSuite:2865,2661,2396,3432,4108,2140,1686,286,4071,1438,3732,1600,1829,2952,2248,3318

test suite36
bestAPFD:0.914611
bestSuite:3763,1397,1680,3633,4105,3033,2896,4068,2643,4051,2055,3465,2989

test suite37
bestAPFD:0.912446
bestSuite:3092,420,2568,622,1370,955,1979,3082,1743,1239,2092,4057,1660,3686,2286,1031,4093,1138,2784

test suite38
bestAPFD:0.909030
bestSuite:3100,3787,2016,4032,2867,1538,4088,3369,2699,1580,4065,20,1659,2000

test suite39
bestAPFD:0.926018
bestSuite:1916,4071,2654,2101,3341,2184,1714,1914,3029,3752,2480,2892,3481,4104,3527,3625,991,554,674

test suite40
bestAPFD:0.918464
bestSuite:2448,2123,3978,3831,2146,780,2598,2112,904,2432,4073,4096,3302,3480

test suite41
bestAPFD:0.906883
bestSuite:2621,2796,1603,3009,301,2410,2833,1875,4113,808,2636,2977,4057,770,3976,1806,1650,3125

test suite42
bestAPFD:0.890509
bestSuite:2397,236,3173,1468,757,637,646,4102,2432,2565,4076

test suite43
bestAPFD:0.920008
bestSuite:2952,1000,3668,2513,3602,1937,4100,3224,2485,1196,2705,1021,2706,510,1378,4068

test suite44
bestAPFD:0.930263
bestSuite:3326,1425,2394,2915,3223,3398,3851,3449,3733,3091,4074,1745,3771,1845,1290,3945,4086

test suite45
bestAPFD:0.931491
bestSuite:4069,1299,3921,3716,3700,749,3013,138,3115,987,2574,2660,4098,3252

test suite46
bestAPFD:0.915881
bestSuite:3614,4066,2461,1472,3836,2595,2422,4097,1245,292,2205,3034

test suite47
bestAPFD:0.914221
bestSuite:2649,2271,3940,1990,3166,4069,1605,2227,4100,3301,355,3217,3310,1354,2696,1927,3798,2680

test suite48
bestAPFD:0.910535
bestSuite:1451,2385,2260,489,3079,788,180,2939,2358,1532,2030,1549,3731,2724,1927,930,3512,4057,4103,3139

test suite49
bestAPFD:0.911453
bestSuite:2831,2637,2825,3447,974,359,2542,3056,2855,3002,1376,4098,4080,649,1204,1422,636,315,4030

test suite50
bestAPFD:0.917977
bestSuite:3960,603,2628,4078,3716,2606,3064,798,1061,2829,4107,3097

test suite51
bestAPFD:0.913439
bestSuite:2837,2236,4109,1245,3121,2593,2417,2737,1902,215,3239,1606,1325,1581,4084,3488,3162,2383,3556

test suite52
bestAPFD:0.896751
bestSuite:1156,3688,4066,1160,4095,1480,2678,3996,3048,3480,3961,1609,968,2309,1742,1281,3921,2001

test suite53
bestAPFD:0.926572
bestSuite:3287,4106,89,3063,2946,45,865,3449,1029,2923,1065,2926,3903,4080,2551,1852,1701,927,3747,3559

test suite54
bestAPFD:0.906250
bestSuite:2318,441,4043,2168,1399,3367,1893,2286,1875,4073,1625,2141,1713,2333,2812,4099

test suite55
bestAPFD:0.913522
bestSuite:2099,1851,3010,1108,405,2549,3343,4088,3063,3441,312,3833,537,1678,1824,4066,3605,1725

test suite56
bestAPFD:0.894747
bestSuite:3384,3887,3872,978,2125,796,1472,1999,1519,1597,1929,276,2270,1395,4108,1114,4076

test suite57
bestAPFD:0.900354
bestSuite:2263,2548,207,2571,4090,2938,1328,3039,3045,2111,3737,3589,3956,4063,2002,2087

test suite58
bestAPFD:0.913173
bestSuite:1839,3661,4010,3798,3922,4115,3359,2832,1838,409,3325,4062,3018,1827,654,66,1965,3198

test suite59
bestAPFD:0.894549
bestSuite:1312,3497,1601,2387,916,4114,824,434,3002,4058,3914,2827,1971,945,1377

test suite60
bestAPFD:0.916418
bestSuite:2805,21,4062,3172,2609,1304,475,2964,1809,657,3520,536,3884,2106,661,2400,4110,1119,1753

test suite61
bestAPFD:0.916470
bestSuite:2404,2923,701,2260,2474,1476,3472,2140,3128,2939,4097,4063,2776,3947,1331,3994

test suite62
bestAPFD:0.887421
bestSuite:2282,4096,3192,2301,3577,4069,717,2780,1487,1719,3182,1345,3951,626,1212

test suite63
bestAPFD:0.913951
bestSuite:3090,3134,4113,2942,3940,1460,3020,1085,3208,1797,4084

test suite64
bestAPFD:0.902341
bestSuite:894,2884,2787,1852,1446,1235,4081,3873,3370,2454,2854,813,3167,2184,2234,4096,1549,321

test suite65
bestAPFD:0.905885
bestSuite:3984,1952,1646,2956,1997,3102,3454,3293,3383,4105,3963,2540,2387,614

test suite66
bestAPFD:0.922759
bestSuite:4112,3166,893,4058,3888,1596,3007,3134,134,638,3053,2954,3698,3831,3328,3297

test suite67
bestAPFD:0.894064
bestSuite:321,983,2203,4089,2298,4064,1362,3847,997,566,2338,2685,2148,1321,1663,3155

test suite68
bestAPFD:0.902044
bestSuite:2207,1861,2587,1669,3817,2631,3901,3301,4045,4089,299,2036,1094,4085,1554,1198,4037,3392,644,3479

test suite69
bestAPFD:0.905810
bestSuite:3607,1357,4110,2475,3300,2014,1599,669,4060,563,892,2351,3843,2005,3363,1887,2986,1755,2500,2051,121

test suite70
bestAPFD:0.898061
bestSuite:1243,2255,2700,4103,1514,4059,2329,3617,3126,1026,1335,2044

test suite71
bestAPFD:0.918082
bestSuite:693,1402,1361,2416,1365,4081,4109,3984,3153,3422,3938,2970,3434,687,1937,3661,1517,685,2882,81

test suite72
bestAPFD:0.918868
bestSuite:360,3525,3841,3638,991,1741,1703,524,3082,4063,1178,4095,3692,1814,2531

test suite73
bestAPFD:0.920860
bestSuite:2820,4063,1657,2080,3220,2693,2753,392,1498,1896,3930,1993,2222,4094,4005,772,824,3243

test suite74
bestAPFD:0.914420
bestSuite:4053,1887,4104,1096,3833,2906,4067,2261,1862,4056,2513,1910,2083,607

test suite75
bestAPFD:0.907626
bestSuite:3144,2521,4106,4073,1903,3349,3903,1620

test suite76
bestAPFD:0.928157
bestSuite:3606,3964,4107,2115,1926,884,1383,2599,1690,3649,4061,366,3449

test suite77
bestAPFD:0.867750
bestSuite:4078,2983,440,2702,2733,944,933,3609,1335,2841,2659,3885,102,956,2024,4089,2124,865

test suite78
bestAPFD:0.893868
bestSuite:2921,1635,873,2617,2857,2706,715,1840,630,1722,2858,1,3036,1816,2179,9,4072,2680,1430,4115

test suite79
bestAPFD:0.912624
bestSuite:4100,3918,696,4063,3976,3703,3178,1839,1686,2638,2123,3059,2491,2398

test suite80
bestAPFD:0.909915
bestSuite:2068,2032,3939,935,2073,3148,2937,2016,4102,3857,2902,3533,1501,3117,1329,4059,1020

test suite81
bestAPFD:0.921187
bestSuite:3984,3974,4113,1976,3868,4084,1997,3856,252,1989,1085,1870,3298,3561,3663,2109

test suite82
bestAPFD:0.906215
bestSuite:2534,1203,2694,3559,471,1630,2458,3391,3092,3496,4093,3351,1802,1672,3047,4057,1013

test suite83
bestAPFD:0.948585
bestSuite:2917,4002,1473,4074,169,1029,3282,3963,1261,2284,3103,2987,4113,4043,2797,1306,2426,3340,3079,3677

test suite84
bestAPFD:0.883648
bestSuite:521,2096,960,2966,4112,2852,4075,2884,3932,3168,1946,1398,2060

test suite85
bestAPFD:0.922607
bestSuite:2115,3401,941,111,984,3725,1168,3272,2527,488,824,2163,4086,2286,1721,4085,4033,524

test suite86
bestAPFD:0.927358
bestSuite:3078,2477,1784,2147,3243,3846,3717,4105,1809,4058

test suite87
bestAPFD:0.900245
bestSuite:2071,1848,2828,1869,3564,418,781,3803,868,2193,3150,3852,2176,1103,655,4063,930,4087

test suite88
bestAPFD:0.946541
bestSuite:4093,1657,3917,2793,3553,2696,1703,1789,4066,1161,3328,3841,3403,3482,1788

test suite89
bestAPFD:0.936124
bestSuite:3588,3069,1760,4024,2229,3483,1973,1429,1241,708,4017,4092,772,3671,3847,4064

test suite90
bestAPFD:0.893324
bestSuite:2505,451,3015,3730,3495,1014,4074,4107,2923,3318,2048,1740,3232

test suite91
bestAPFD:0.919067
bestSuite:271,2605,1747,4011,2858,2823,3122,525,3348,83,3537,1578,1407,3367,4103,3933,3172,3019,4067

test suite92
bestAPFD:0.918868
bestSuite:73,1074,2956,3381,2270,3761,1198,1973,909,3218,4092,859,3337,2680,801

test suite93
bestAPFD:0.905810
bestSuite:585,472,3921,3923,3647,3689,2013,1309,2629,3478,4097,1075,3733,842,1021,3013,841,4058,3681,1427,1520

test suite94
bestAPFD:0.915968
bestSuite:3884,1402,518,3017,1832,2651,2458,3359,2550,4097,2299,853,1290,4063,2052,1423,1473,3911

test suite95
bestAPFD:0.897065
bestSuite:1707,2308,4082,3509,1614,1600,20,2071,1241,297,3490,404,1822,4090,3447

test suite96
bestAPFD:0.880688
bestSuite:2995,4058,1925,3669,4096,2697,3074,3104,3439,696,3012,2156,2550,3617,2217,3168,3122

test suite97
bestAPFD:0.903626
bestSuite:3961,2171,1481,1651,2302,3377,4090,3743,1461,2868,3941,2092,2642,2340,1571,4058,1184

test suite98
bestAPFD:0.932547
bestSuite:2201,1244,4059,4040,1778,3382,1650,2017,3426,3868,383,4115,3592,2255,887,1429,3917,3418,2504,3414

test suite99
bestAPFD:0.891247
bestSuite:3549,1492,3727,2344,1334,4088,2114,1834,4084,1904,3197,3093

test suite100
bestAPFD:0.897170
bestSuite:2428,3447,4082,4111,1184,2112,2516,662,3465,3640

test suite101
bestAPFD:0.921608
bestSuite:1736,3710,3183,2548,4094,2281,3483,4074,3100,296,1240,3757,2427,3669

test suite102
bestAPFD:0.894916
bestSuite:1593,2372,1428,3555,2956,4113,2658,3227,615,3064,1035,3495

test suite103
bestAPFD:0.932390
bestSuite:4081,3725,3194,3556,2416,1485,4020,3401,1677,3114,1532,770,921,3677,3238,2026,99,4111

test suite104
bestAPFD:0.913365
bestSuite:3701,4006,2437,3783,689,1880,1201,1101,3926,956,968,1060,2745,3015,575,4058,2089,473,4096,1386

test suite105
bestAPFD:0.923061
bestSuite:3371,2826,1463,93,941,1105,4057,803,1027,4115,1433,2009,3777,798,2058

test suite106
bestAPFD:0.893278
bestSuite:1799,3393,2753,3620,3403,3703,3982,1534,1892,719,2522,1949,2072,820,4062,4098

test suite107
bestAPFD:0.881551
bestSuite:2835,624,1775,2964,2606,775,2180,2371,2280,1216,3871,2659,4074,3441,4091

test suite108
bestAPFD:0.915319
bestSuite:3349,3839,2433,2580,4099,1540,86,2950,1246,4060,1713,3548,1651,3976

test suite109
bestAPFD:0.916546
bestSuite:220,1325,1797,3056,2324,4091,2789,3173,2440,3703,4061,1933,343

test suite110
bestAPFD:0.918736
bestSuite:413,3327,1115,2148,2338,1591,934,2650,4062,3877,3286,2652,4101,2250,706,196,1806,2643,1478

test suite111
bestAPFD:0.888954
bestSuite:1919,4114,563,1213,2705,1127,2435,3837,987,3948,3941,3612,667,2365,4062,471

test suite112
bestAPFD:0.911224
bestSuite:1794,2607,4057,1196,4055,2691,2815,4087,3919,3993,2839,1374,1292

test suite113
bestAPFD:0.908281
bestSuite:376,2722,2227,3608,4111,2359,2357,3212,2221,1792,3141,1335,4076,2074,671,4033,1755,1982

test suite114
bestAPFD:0.877948
bestSuite:3195,2074,2000,866,1400,4078,4050,3595,2031,1960,3455,685,798,221,3798,4096

test suite115
bestAPFD:0.915291
bestSuite:653,3266,4046,2694,2447,4092,83,1638,1734,1944,4075,3906,3129,2719,1103,3850

test suite116
bestAPFD:0.940991
bestSuite:1860,3066,1347,1928,1866,2772,3209,880,2333,4108,2778,4070,2028,2609,2400,129,3334

test suite117
bestAPFD:0.956975
bestSuite:1119,2341,2678,2179,686,2288,4003,2798,4083,690,4114,1645,3073,2345,1470,2245,3335,1177,2827,1454,81,1596

test suite118
bestAPFD:0.922956
bestSuite:1422,3496,3484,2492,4079,1222,2421,4104,332,1333,1666,1960,2678,2110

test suite119
bestAPFD:0.902096
bestSuite:3094,1667,4074,2061,2162,1883,2166,1422,76,1905,3444,3357,4110,79,716

test suite120
bestAPFD:0.877583
bestSuite:2231,2264,1334,4088,2136,2746,3506,1633,1596,2944,3345,107,4060,872

test suite121
bestAPFD:0.900681
bestSuite:2516,3857,872,2645,979,3616,4090,2281,3752,2362,2475,4077

test suite122
bestAPFD:0.918965
bestSuite:4090,3080,2344,3101,1079,994,4063,2386,3340,2584,3150,1599,3729

test suite123
bestAPFD:0.899109
bestSuite:2327,2682,3134,931,1799,2375,4102,2781,2676,4070,3079,1139

test suite124
bestAPFD:0.876989
bestSuite:1,2855,2331,1061,1853,330,1656,780,2825,1692,2945,2007,1616,3812,4089,2206,4076

test suite125
bestAPFD:0.920261
bestSuite:1424,3668,2406,1334,2567,2316,72,871,3460,2986,3790,2956,4114,1707

test suite126
bestAPFD:0.907036
bestSuite:1282,3699,3441,1606,3935,3876,4108,2190,493,510,419,2205,1015,1880,2687,4072

test suite127
bestAPFD:0.905845
bestSuite:2995,2169,3137,1503,4069,3232,3494,1040,1921,822,3666,3980,2576,2237,4095,1355,1779

test suite128
bestAPFD:0.926297
bestSuite:3465,788,2229,2027,2510,2424,1115,4108,3496,1630,2016,2473,3550,2301,4084,2542

test suite129
bestAPFD:0.931014
bestSuite:2306,3382,2954,4062,2479,1847,3418,1714,485,1192,2368,884,2471,682,4089,3844

test suite130
bestAPFD:0.921014
bestSuite:2021,2826,2387,2221,4084,4086,1610,3028,254,2595,1338,2309,2357,3133,3021,1946,2104

test suite131
bestAPFD:0.912823
bestSuite:386,4080,3801,1776,2302,2994,979,2208,3012,2108,799,3650,4035,1324,966,4088,2090,3276

test suite132
bestAPFD:0.915933
bestSuite:3200,1045,1525,1463,3690,4090,2230,755,4065,1553,2609,1581,794,3126,3701

test suite133
bestAPFD:0.900199
bestSuite:2221,2336,449,2417,1845,4026,3324,372,2838,4073,754,1471,2483,1437,2309,2646,1316,989,4110

test suite134
bestAPFD:0.911426
bestSuite:3146,786,4059,1860,4023,4041,1563,3862,2996,3852,414,4091,2715,2585,1383,1870,997,3809

test suite135
bestAPFD:0.880318
bestSuite:2949,3402,2468,156,4060,2282,661,3880,188,2668,1459,3482,1886,951,4100,2653,2793

test suite136
bestAPFD:0.910482
bestSuite:3921,3604,3846,274,2315,3873,1535,3729,3080,4093,4071,1212,778,1828,3459

test suite137
bestAPFD:0.893256
bestSuite:4068,1134,3869,3008,152,2279,1598,2399,983,3873,4104,2923,3903,1010,3046,2865,2508,105

test suite138
bestAPFD:0.912539
bestSuite:1535,4057,3593,3134,915,1012,3711,3137,264,2333,3454,426,2866,1024,2975,4113

test suite139
bestAPFD:0.896488
bestSuite:2840,1425,899,625,4107,4081,684,3007,2052,3440,3644,355

test suite140
bestAPFD:0.905436
bestSuite:647,2019,4101,2920,3012,2081,4065,1970,630,397,3351,2780,1818,2856

test suite141
bestAPFD:0.905436
bestSuite:2406,4086,3226,3174,1508,427,698,2113,2396,3047,3013,4084,2366,68

test suite142
bestAPFD:0.874528
bestSuite:1904,2374,2800,3699,3339,4097,3625,1290,2212,4068

test suite143
bestAPFD:0.943172
bestSuite:2164,3790,3449,895,2080,4105,3034,3375,4068,3742,763,2355,3305,135

test suite144
bestAPFD:0.919182
bestSuite:3556,2375,3374,1915,768,1571,4068,2548,4099,18

test suite145
bestAPFD:0.930621
bestSuite:1676,3641,3884,34,1697,2582,3989,880,4078,2066,3283,3565,4089,586,2896,1052

test suite146
bestAPFD:0.932862
bestSuite:2333,1029,4074,4110,879,988,1738,2257,3093,910,882,200,1935,2523,3757,595,1512,1515,1810,908

test suite147
bestAPFD:0.934137
bestSuite:1831,1739,2298,1140,2372,4070,3785,672,2893,457,2678,1767,3854,2234,2407,4097,2288,1245

test suite148
bestAPFD:0.912159
bestSuite:1321,3853,3559,765,4105,1783,2087,3272,3025,1484,3502,2284,3801,1920,4060

test suite149
bestAPFD:0.902319
bestSuite:4088,926,2387,2248,3458,3005,3505,3992,3008,2101,2670,3167,1050,2242,4079,2629

test suite150
bestAPFD:0.913245
bestSuite:1592,2112,2561,3796,3259,2373,260,922,3823,4100,3918,711,4059,2944,2322,926,3472

test suite151
bestAPFD:0.928092
bestSuite:3254,2253,3575,3073,1942,2041,3282,245,4115,2121,1107,4061,3960,1743,3876

test suite152
bestAPFD:0.923319
bestSuite:2939,3017,4071,4087,2499,1668,2016,3128,1017,2207,2856,2339,3475

test suite153
bestAPFD:0.892099
bestSuite:2810,3445,552,284,4077,1281,3620,1707,2344,3093,3380,2966,1226,3142,4089,1884

test suite154
bestAPFD:0.918073
bestSuite:762,1920,3892,3793,3323,4080,1675,3852,527,1293,2262,3626,3011,2702,1728,1800,425,2512,4114

test suite155
bestAPFD:0.888365
bestSuite:2407,3543,244,616,3194,3599,3221,2079,909,2517,2605,770,1879,1045,4060,2875,4115,2396

test suite156
bestAPFD:0.905031
bestSuite:2159,639,2261,2494,3302,4062,630,676,1843,1932,4094,2278,3011,3234,242

test suite157
bestAPFD:0.905486
bestSuite:3090,2740,1938,1268,960,1245,3267,3567,4100,34,1446,427,1425,3276,1253,2253,4076,3177

test suite158
bestAPFD:0.932586
bestSuite:991,3744,941,2437,3490,2941,3969,1559,4069,2093,2711,1945,1752,1637,4115,1034

test suite159
bestAPFD:0.888627
bestSuite:2314,2766,2791,795,3307,4072,3042,2560,3805,4041,4091,849

test suite160
bestAPFD:0.925751
bestSuite:2368,729,3546,705,1335,2372,4074,2995,2781,4112,1601,2903,2715,1002,111,2175,1842,3698

test suite161
bestAPFD:0.909224
bestSuite:3249,1666,297,3628,2504,1187,1814,3214,2255,4104,1183,755,2956,980,3924

test suite162
bestAPFD:0.930263
bestSuite:2666,2270,3665,2961,990,4103,4067,735,2696,213,1525,2058,662,2803,958,1115,3187

test suite163
bestAPFD:0.900494
bestSuite:2400,3928,1914,2406,1174,970,4074,1384,79,1807,4092,2184,3593,859

test suite164
bestAPFD:0.914127
bestSuite:3976,2333,3651,3293,1449,691,4111,4065,1898,4046,2489,2415,1739

test suite165
bestAPFD:0.924713
bestSuite:3841,492,3729,2398,1340,2206,434,948,2683,3857,3126,4093,1267,791,4072,1864,2793

test suite166
bestAPFD:0.943134
bestSuite:2179,1088,3841,4099,2419,819,968,3746,4074,1696,3180,1853

test suite167
bestAPFD:0.937332
bestSuite:1354,3342,2752,2976,4095,4058,1590,3895,2364,3278,3769,3839,2771,2898

test suite168
bestAPFD:0.922351
bestSuite:849,1600,2392,377,3178,3583,4073,4099,2794,2135,1000,860,901

test suite169
bestAPFD:0.894291
bestSuite:2139,2897,3521,2713,3281,668,4076,3015,1978,2557,4107,3855,502

test suite170
bestAPFD:0.906334
bestSuite:3781,3261,3849,3493,3294,2787,647,3012,4085,2836,4108,1556,3263,452

test suite171
bestAPFD:0.881486
bestSuite:1711,3973,2691,4111,1494,2666,1691,4066,1383,1743,1789,622,3433,565,551,1863

test suite172
bestAPFD:0.920991
bestSuite:2001,3859,4069,1614,3517,4115,413,566

test suite173
bestAPFD:0.918481
bestSuite:828,3446,4078,3349,2411,2883,965,4087,3732,3766,2563,3313,872

test suite174
bestAPFD:0.873659
bestSuite:1507,2917,4079,1910,693,3334,1528,4097,884,1487,2560,1696,1817,570,1095,3606,3493

test suite175
bestAPFD:0.924790
bestSuite:3912,3674,3062,2834,4064,881,3560,1707,3494,677,4088,3524

test suite176
bestAPFD:0.891313
bestSuite:1292,2268,1807,1561,2036,2956,3595,2171,2703,1183,2685,3876,4107,1538,931,3864

test suite177
bestAPFD:0.934624
bestSuite:1995,3868,2015,1777,16,2195,3665,1167,720,663,3182,775,1086,998,3497,4071,4098,806,2854

test suite178
bestAPFD:0.921715
bestSuite:3663,1378,2243,2628,2793,3790,641,2468,2636,697,664,699,3307,4055,1512,4087,2956,3118,3224

test suite179
bestAPFD:0.943134
bestSuite:4073,757,4088,3717,664,910,1665,1550,2474,1256,2567,3340

test suite180
bestAPFD:0.937781
bestSuite:1757,2603,2275,141,4104,4006,3437,1557,2488,751,4068,3040,2841,2139

test suite181
bestAPFD:0.950559
bestSuite:3098,669,2360,4061,2862,1894,2166,3692,2550,1579,4105,2075,3052,1545,4017,1676,239,2521

test suite182
bestAPFD:0.910181
bestSuite:1831,119,1365,735,4064,4101,3920,3983,2418,347,1250,2279,2542,1256,2492,3601

test suite183
bestAPFD:0.911076
bestSuite:367,2032,2253,1393,1791,4072,4095,2193,3218,3412,1799,2101,3828,1608,3097,417,577,659

test suite184
bestAPFD:0.866090
bestSuite:1622,2130,2194,1825,3225,4105,1125,2950,2956,887,1655,2509

test suite185
bestAPFD:0.889453
bestSuite:2991,3354,2386,3557,2123,4083,4095,3422,2847,1115,2145,1935,2998

test suite186
bestAPFD:0.904350
bestSuite:1945,4028,4113,3990,3071,258,3749,221,1237,3012,2150,4075

test suite187
bestAPFD:0.930263
bestSuite:2429,2369,3769,2062,2458,3925,812,3921,2925,4017,2773,4105,312,1575,2016,1120,4075

test suite188
bestAPFD:0.933373
bestSuite:1364,1055,2301,4082,3137,3242,1010,511,2497,628,2808,4104,2604,1886,2361,253

test suite189
bestAPFD:0.925386
bestSuite:3998,2157,4101,3884,4057,1472,2521,1534,3863,1086,465

test suite190
bestAPFD:0.869211
bestSuite:1383,1058,3364,2952,4045,1715,2099,2862,3132,2956,2865,4019,1629,1931,202,2919,2220,3057,1254,493,4115,2731

test suite191
bestAPFD:0.918829
bestSuite:703,4076,1426,3794,2032,656,3949,3657,2140,3562,1545,4102,3910,2543,36,937

test suite192
bestAPFD:0.918763
bestSuite:1542,437,1365,1996,3476,3043,4037,2332,3789,1395,3615,2464,1009,969,2543,117,4085,4114

test suite193
bestAPFD:0.914221
bestSuite:1290,2583,474,3316,1380,2060,743,3899,877,904,1853,3731,3223,4068,2288,4100,3706,1661

test suite194
bestAPFD:0.869392
bestSuite:3864,2376,3616,4111,1300,1097,2007,519,3103,2473,1496,741,771,4058,3636

test suite195
bestAPFD:0.917610
bestSuite:296,2615,4061,4086,3769,3614,1983,990,2104,2130,3645,2986,2275,2081,3847

test suite196
bestAPFD:0.925511
bestSuite:92,2627,1115,719,2447,3131,3349,1596,2760,3901,3677,4094,1703,524,4058,1951

test suite197
bestAPFD:0.947651
bestSuite:2372,3222,499,1887,4108,1725,2597,2089,2787,4073,23,1763,3767,2691,58,796,3182

test suite198
bestAPFD:0.914308
bestSuite:3029,2006,475,3698,3398,1609,2163,4099,4057,2865,2593,2530

test suite199
bestAPFD:0.949489
bestSuite:2925,3203,2179,2438,2988,945,454,4097,4067,2127,2952,1085,2017,1248,770,3570

test suite200
bestAPFD:0.908805
bestSuite:3170,4034,4103,2230,2555,4072,2140,1515,2082,3841,3358

test suite201
bestAPFD:0.901533
bestSuite:1254,2338,2166,1616,4110,504,3852,3243,3570,2322,1287,3675,862,955,4079,1923

test suite202
bestAPFD:0.919287
bestSuite:2193,874,4074,2879,3462,2698,1590,446,14,3078,3556,171,2543,2549,4096

test suite203
bestAPFD:0.929350
bestSuite:44,3249,3637,2632,1361,3122,4068,3243,3644,3999,4106,2718,435,3763,681

test suite204
bestAPFD:0.880789
bestSuite:942,2589,3928,3051,3433,2199,4104,3580,3167,4066,2432

test suite205
bestAPFD:0.925386
bestSuite:3769,3991,2058,4099,2063,662,993,1200,4059,86,1365

test suite206
bestAPFD:0.932819
bestSuite:3517,3194,1462,1981,55,2503,1624,1320,4010,4070,4110

test suite207
bestAPFD:0.929350
bestSuite:3657,4104,3068,1514,4073,909,3208,1596,1190,1802,3540,2631,1384,809,1170

test suite208
bestAPFD:0.890905
bestSuite:1460,4075,512,4010,820,2631,2595,4086,3794,1648,2035,53,1034

test suite209
bestAPFD:0.929153
bestSuite:2879,3665,2893,2512,4105,3333,3904,765,4078,2270,2155,411,3505,2523,2288,2374,1174

test suite210
bestAPFD:0.899129
bestSuite:4034,3637,4067,2627,920,2825,1351,3862,2239,4105,2412,2564,408

test suite211
bestAPFD:0.919448
bestSuite:230,2892,2240,1099,3448,2098,2806,3895,3706,3206,4090,1640,4083

test suite212
bestAPFD:0.881289
bestSuite:4068,3570,1016,240,2705,1467,1065,4093,2016,3620,4050,1995

test suite213
bestAPFD:0.888140
bestSuite:3282,3980,4098,2929,3841,4077,708

test suite214
bestAPFD:0.907128
bestSuite:3354,2312,747,2507,1222,2139,1911,2753,976,733,4032,1033,4071,392,4086

test suite215
bestAPFD:0.885810
bestSuite:2853,3957,3483,2351,1209,4099,3848,1648,891,304,1707,1967,543,3052,4075,2403

test suite216
bestAPFD:0.876572
bestSuite:2395,3490,778,1579,2971,3921,4061,3549,4105,774,2649,3731

test suite217
bestAPFD:0.865199
bestSuite:1989,927,949,2541,1122,696,3386,2517,4089,2891,4031,1506,4067,3323,642

test suite218
bestAPFD:0.895486
bestSuite:2030,475,3239,2365,2473,3203,4112,4081,1974,1968,3184,1835,2971,45,1302,2398,785

test suite219
bestAPFD:0.925402
bestSuite:1718,4080,2490,3529,1545,3929,3984,560,2481,2989,3423,1691,2517,3188,427,4095,2267,889

test suite220
bestAPFD:0.904612
bestSuite:1713,3846,2914,70,2338,1200,4110,978,2755,2927,3066,3492,1586,4085,1569

test suite221
bestAPFD:0.899596
bestSuite:3490,3401,385,3886,3226,800,195,650,3010,4078,4087,1557,3137,748

test suite222
bestAPFD:0.931014
bestSuite:2640,142,1484,2834,1424,1837,3288,1270,1401,359,4109,2365,3869,4073,999,2728

test suite223
bestAPFD:0.882974
bestSuite:1806,988,936,655,3723,73,3502,2277,4078,4104,1942,1783,1316,815

test suite224
bestAPFD:0.940252
bestSuite:3077,3584,1036,2700,1658,175,2492,4074,4113,853,1952,3813,3843,2781,385,2521,3471

test suite225
bestAPFD:0.892857
bestSuite:2230,1498,3840,3617,3958,2548,1072,2329,1845,642,4107,4065,3159,391

test suite226
bestAPFD:0.925687
bestSuite:3642,3509,1951,1902,3420,1146,2123,115,994,2179,3745,4057,1658,2162,3734,3043,2269,24,4095

test suite227
bestAPFD:0.899764
bestSuite:1900,4072,3554,4097,741,1672,467,2402

test suite228
bestAPFD:0.912212
bestSuite:1506,3872,4109,4071,2180,520,3920,3198,3537,2082,3034,2176

test suite229
bestAPFD:0.912115
bestSuite:1,4057,2152,2540,2888,2322,2584,776,3147,2383,3872,1119,619,893,1566,4115,2014,2406,1111

test suite230
bestAPFD:0.925025
bestSuite:2327,836,2054,4089,1478,796,546,3038,4074,56,2275,1146,2643,2980,1326,2633,2254,2988,3347

test suite231
bestAPFD:0.928043
bestSuite:2425,790,1527,1728,3258,4063,727,869,3544,2633,1941,2703,2540,658,2089,752,4096

test suite232
bestAPFD:0.873113
bestSuite:2491,4084,1156,1451,1917,3180,3321,3767,1692,4098,559,2156,1690,2480,2716,1147,2427,3181,994,3802

test suite233
bestAPFD:0.890509
bestSuite:2593,3381,3026,3325,4078,1091,1884,3103,705,2362,4108

test suite234
bestAPFD:0.914898
bestSuite:1010,2633,1431,3456,437,1307,4060,420,1451,1608,2204,3360,3433,4098,2453,754

test suite235
bestAPFD:0.929245
bestSuite:1460,1574,2548,1682,533,2763,635,3805,4065,3549,2298,2722,4111,417,518,3111,1316,1014

test suite236
bestAPFD:0.868849
bestSuite:2245,609,2119,1312,3451,646,4072,1797,4102,2651,2471,1444,2739,2338,917,1368,3166

test suite237
bestAPFD:0.893807
bestSuite:3042,4115,2333,2612,2030,106,3418,4083,969,2357,566,2835,3776

test suite238
bestAPFD:0.892840
bestSuite:3982,2253,3354,4053,908,3176,1503,4079,2363,636,3540,792,4104

test suite239
bestAPFD:0.882908
bestSuite:1688,1783,3204,3417,802,3455,3732,4100,1192,1727,680,2990,637,4020,2391,3901,4071

test suite240
bestAPFD:0.947281
bestSuite:4029,4103,4069,2062,1990,2204,2690,2736,119,2939,3907,529,3490,874,1796,1326,2930

test suite241
bestAPFD:0.915425
bestSuite:3129,2016,2119,2846,4054,3673,3321,4098,1821,1399,1614,4027,4081,680,2162,2265,3232,2833,3370

test suite242
bestAPFD:0.917116
bestSuite:3604,3580,4076,258,3324,3760,4113,2997,1241,2055,2945,1920,1689,747

test suite243
bestAPFD:0.898585
bestSuite:1693,3869,4083,2267,3192,2967,1996,4093,3157,1562,2673,4015

test suite244
bestAPFD:0.911025
bestSuite:2496,815,912,3841,852,734,393,2887,4090,3813,1340,1547,3870,2944,1042,1474,4084

test suite245
bestAPFD:0.958246
bestSuite:2019,844,3517,3984,2985,1899,4091,637,4062,2435,851,1182,228,1583,955,4015,895,4051

test suite246
bestAPFD:0.909479
bestSuite:2549,736,1661,4089,1848,3178,3249,1611,1839,1834,4062,3488,2814,2432

test suite247
bestAPFD:0.887421
bestSuite:4064,3529,1331,3399,1796,1459,1026,3666,4088,2231,2254,1967,389,2235,2807

test suite248
bestAPFD:0.922257
bestSuite:1104,1644,3907,2719,2569,21,2858,3448,496,2286,227,3422,4065,911,4087,1542,2337,1361

test suite249
bestAPFD:0.910967
bestSuite:1557,2052,2703,703,431,4077,3086,3183,869,3206,1697,1685,3844,3836,4107,2946

test suite250
bestAPFD:0.917490
bestSuite:3006,522,2661,891,2727,2835,4075,2141,4089,2839,1625,1289,2063,2494,1561,1690,2859,3594,2988,1143,2687

test suite251
bestAPFD:0.916771
bestSuite:3645,2566,2739,763,1200,3548,1480,1704,4097,2028,2026,4062,2710,1895,1890

test suite252
bestAPFD:0.935535
bestSuite:2561,1755,3368,3670,1366,4102,726,1111,3826,673,3984,2286,1080,517,1351,2429,1219,1688,352,2956,3272,2801

test suite253
bestAPFD:0.932764
bestSuite:1289,2728,75,2687,4107,2615,787,2798,3542,3921,4077,621,1549,2198,2390,1453,1559,3502,3462,2068,698

test suite254
bestAPFD:0.912474
bestSuite:3131,3807,3762,2363,1923,2499,1024,4100,1644,2745,3120,247,4061,2162,1472,3027,1748,878

test suite255
bestAPFD:0.945667
bestSuite:511,4094,2787,2619,3899,3475,4076,2836,2949,887,3579,836,1243,282,2761,219,1251,2111

test suite256
bestAPFD:0.933373
bestSuite:3707,3124,2609,3339,2728,3983,2286,4092,768,851,23,1436,4071,1988,1417,1748

test suite257
bestAPFD:0.901642
bestSuite:1667,3477,3979,415,2389,4110,632,2404,4068,3272,2313,1033,1857,1430,974,2037,546,2030

test suite258
bestAPFD:0.932511
bestSuite:2159,3208,93,3554,3389,3784,1251,3974,4105,3149,2956,1663,1276

test suite259
bestAPFD:0.879208
bestSuite:3951,1871,3238,3725,2099,875,3034,290,4090,999,1158,2001,4072,908,923,990,3334

test suite260
bestAPFD:0.952156
bestSuite:3813,3717,4104,4071,3590,656,1875,640,2778,138,3006,2750,1692,3768

test suite261
bestAPFD:0.857547
bestSuite:4103,3941,2839,3017,2250,4069,2985,2939,1814,1286

test suite262
bestAPFD:0.939578
bestSuite:3656,3991,894,1645,795,3203,4106,3134,270,3282,3628,3055,121,4076

test suite263
bestAPFD:0.921715
bestSuite:1321,3436,3927,3173,1603,4108,679,3952,2969,626,250,3041,2886,2993,1873,1957,728,4064,129

test suite264
bestAPFD:0.914832
bestSuite:1050,3767,402,3804,2397,4085,3278,3201,1981,2270,3791,4086

test suite265
bestAPFD:0.909395
bestSuite:2697,2888,1263,4111,3825,3973,2538,1942,3360,3950,4059,2083,1435,1587,57,200

test suite266
bestAPFD:0.882774
bestSuite:1509,4099,260,2068,902,2407,4059,886,2852,2077,2875,1328,820,3970,2302,1560,1098,1219

test suite267
bestAPFD:0.897995
bestSuite:1397,4084,378,3402,3689,1517,2104,3583,3284,4104,2821,3548,3973,2368,1626,3459

test suite268
bestAPFD:0.922835
bestSuite:3787,1757,1206,2486,3271,4094,1417,896,2361,147,4083,3911,2491

test suite269
bestAPFD:0.914832
bestSuite:2724,1659,2408,2530,2013,411,1897,914,4086,4061,3362,2910

test suite270
bestAPFD:0.905902
bestSuite:2755,2528,51,4105,1812,3851,2590,2649,4057,1493,3174,1331,1358

test suite271
bestAPFD:0.875372
bestSuite:54,1190,953,3272,3342,4075,1497,1595,2823,1936,3762,1750,1461,794,1393,506,2550,4090,2293

test suite272
bestAPFD:0.915464
bestSuite:1955,2401,3748,2564,1192,3426,2129,3290,3525,956,957,4084,148,3533,4113,3492,1514

test suite273
bestAPFD:0.918042
bestSuite:874,1887,4082,3192,912,1850,2996,2448,4102,3507,3237,345,2550,2248,3033,256

test suite274
bestAPFD:0.886238
bestSuite:2026,679,3904,2585,1658,2762,3929,1395,546,1651,3094,3931,3091,740,4086,4060,1607

test suite275
bestAPFD:0.917742
bestSuite:749,4102,4021,1251,2043,924,3096,2990,882,1507,3929,2194,244,3333,902,663,4058,524,2742

test suite276
bestAPFD:0.935948
bestSuite:2737,1355,744,4088,3315,1724,3615,3243,1647,3510,3625,1487,1943,2232,3420,3758,1738,4059,3041

test suite277
bestAPFD:0.924770
bestSuite:3935,1784,2658,2973,3793,2623,1141,4114,3872,1334,2615,917,4060

test suite278
bestAPFD:0.893671
bestSuite:212,3815,1095,3917,4077,3890,4113,3488,2035,789,405,891,1767,1874,406,1974

test suite279
bestAPFD:0.928983
bestSuite:916,1131,2232,27,3590,2839,786,3346,4103,1281,3665,4079

test suite280
bestAPFD:0.914780
bestSuite:4071,2521,3868,3817,2192,465,1480,877,3751,4088

test suite281
bestAPFD:0.935220
bestSuite:1388,622,2761,2935,2217,3119,1766,1483,3699,626,4082,1485,4098,1583,3061

test suite282
bestAPFD:0.909395
bestSuite:3242,4053,75,1859,3388,2864,3485,2577,4059,2308,1438,1976,4106,2733,767,1263

test suite283
bestAPFD:0.918464
bestSuite:2180,3017,3021,2281,3360,1223,2898,2406,4091,1602,4071,1275,1273,3165

test suite284
bestAPFD:0.926363
bestSuite:1617,3625,2545,1095,2353,1611,1849,4082,4088,3192,2953,2989

test suite285
bestAPFD:0.866715
bestSuite:2839,2996,3363,2666,1544,3314,4058,3379,1193,2195,2699,141,4112

test suite286
bestAPFD:0.866156
bestSuite:1897,2149,1960,4061,341,2579,2293,1706,2837,3664,4115,2367,2043,1111,715,3898

test suite287
bestAPFD:0.876939
bestSuite:3643,3063,2585,2428,4072,1773,663,3805,4088,934,1187,2714,1713,1478,2149

test suite288
bestAPFD:0.887002
bestSuite:4111,810,2808,1429,1697,2737,3576,4063,2006,1161,3136,2511,1664,3522,2571

test suite289
bestAPFD:0.923305
bestSuite:4101,2927,640,2201,2332,48,3266,2508,2886,3837,2113,1291,3069,2352,1988,4071,834,726

test suite290
bestAPFD:0.916204
bestSuite:1617,551,3221,3687,3257,522,1203,53,4068,3978,4086,3269,1256,844,2581,3493,740

test suite291
bestAPFD:0.916749
bestSuite:4062,3696,2967,710,3884,2102,4100,399,437,699,1050,2419,1584,693,2351,2078,2802,3066,717

test suite292
bestAPFD:0.899568
bestSuite:34,2731,2564,4066,528,3420,891,2039,2733,2058,2713,1995,1787,4110,3586,3007

test suite293
bestAPFD:0.948021
bestSuite:1332,3013,1479,1144,1086,1586,4069,2575,3219,69,3876,4094,3291,3091,2093,703,362

test suite294
bestAPFD:0.903498
bestSuite:4068,3524,2377,973,1018,2587,2876,1811,1472,2608,2870,2368,2733,880,3407,4103

test suite295
bestAPFD:0.947281
bestSuite:2179,841,1266,27,3262,2863,1576,4037,2063,4115,2663,2902,4082,3182,2231,2224,2452

test suite296
bestAPFD:0.918913
bestSuite:3384,2067,3966,2008,3790,3859,2845,4077,1872,2603,3469,3855,3675,4107

test suite297
bestAPFD:0.904451
bestSuite:1481,1376,767,2791,1504,3488,3587,4095,1586,3873,4064,2237,1020

test suite298
bestAPFD:0.927898
bestSuite:2402,2427,2449,759,2745,1643,1793,3556,4106,2102,3611,2871,1077,4058

test suite299
bestAPFD:0.886583
bestSuite:2682,1101,1442,3062,3433,1613,2455,2124,1772,1289,2695,4098,2418,4069,3759

test suite300
bestAPFD:0.909479
bestSuite:2964,2898,3929,2698,3566,1780,3806,2024,715,820,4074,3630,1333,4105

test suite301
bestAPFD:0.900097
bestSuite:3575,3615,2506,4092,2706,3206,1091,2505,1870,8,1320,4069,768

test suite302
bestAPFD:0.905922
bestSuite:1435,4071,1657,4092,1390,640,2337,1820,2394,11,3728,2058

test suite303
bestAPFD:0.929893
bestSuite:3397,2509,3448,4102,1480,3044,72,4078,3483,3343,1280,1600,1548,2502,2148,1411,1763

test suite304
bestAPFD:0.911360
bestSuite:743,637,1726,3026,4060,1138,281,2124,3620,827,1916,3795,2825,4095,868,1898

test suite305
bestAPFD:0.923603
bestSuite:3833,1690,3628,29,1162,3089,3755,3640,3927,1327,1417,4065,823,2282,4111,677,1036

test suite306
bestAPFD:0.916405
bestSuite:3628,1059,2062,1230,3984,4026,1924,1714,4108,3809,4057,1895

test suite307
bestAPFD:0.904560
bestSuite:2013,2442,849,2112,2956,2746,3494,2243,1763,1584,474,654,787,3414,408,1240,835,4087,972,2881

test suite308
bestAPFD:0.953249
bestSuite:3517,291,2679,3550,3590,1434,2193,732,1883,4089,2044,3196,2487,1974,4060

test suite309
bestAPFD:0.915666
bestSuite:2954,1035,4106,927,1553,4065,3681,2329,3071,2723,2604

test suite310
bestAPFD:0.914898
bestSuite:2528,3221,2676,3868,160,1567,3252,2746,1410,814,2343,2350,2060,4083,4112,3370

test suite311
bestAPFD:0.913784
bestSuite:1120,3361,2009,3709,3688,39,4068,3349,4089,504,953,3047

test suite312
bestAPFD:0.873585
bestSuite:3145,3267,1484,2166,4074,2711,1826,1720,4091,3547,2241,1161,3584,2270,2255

test suite313
bestAPFD:0.873690
bestSuite:1510,636,461,3551,1553,1079,1402,4061,371,2363,375,3804,3611,4087,1507,2531,3725,3370

test suite314
bestAPFD:0.918042
bestSuite:4084,2898,1609,1607,1145,2278,775,1486,3588,3469,1955,3934,3686,1127,511,4093

test suite315
bestAPFD:0.911092
bestSuite:2717,1801,3029,4036,3324,1437,2537,3176,4063,1641,4113

test suite316
bestAPFD:0.921580
bestSuite:2035,312,1788,567,2047,4026,1396,4109,3612,3413,102,3199,3123,772,4072,3325

test suite317
bestAPFD:0.923603
bestSuite:893,2141,345,3719,3313,2840,2507,4090,1032,1909,1547,2522,85,4073,352,990,2180

test suite318
bestAPFD:0.898428
bestSuite:2722,3181,1790,2524,4065,1177,754,1139,4111,506

test suite319
bestAPFD:0.910740
bestSuite:2724,4113,2625,943,995,2897,989,4066,3195,3683,1484,3374,809

test suite320
bestAPFD:0.915094
bestSuite:2700,4045,649,3351,3761,2598,834,688,902,3982,4059,2249,4089,1020,3683

test suite321
bestAPFD:0.931132
bestSuite:3517,2456,1661,2471,4089,4065,2658,2212,673,1778

test suite322
bestAPFD:0.907128
bestSuite:4075,2807,1750,1619,2567,3874,1584,3650,2477,3329,1869,954,4091,3870,3661

test suite323
bestAPFD:0.867176
bestSuite:496,783,1378,3807,1533,4034,2760,1654,2853,242,597,4060,4108,634,3775,3802,1778,2198,2744,504,1125

test suite324
bestAPFD:0.890776
bestSuite:1229,1683,899,2796,3332,938,2573,1997,3891,4111,4076,1546,3719,2952,367

test suite325
bestAPFD:0.907325
bestSuite:4068,1167,2374,2943,2337,1770,3910,893,3073,2598,3805,2798,4101,1184,3438,3689,2603

test suite326
bestAPFD:0.900314
bestSuite:3272,290,2458,4075,3530,3848,1945,4112,2130,3040

test suite327
bestAPFD:0.915319
bestSuite:3833,3064,2389,1827,3928,4099,3675,3907,3267,1507,1063,4058,2488,1921

test suite328
bestAPFD:0.926550
bestSuite:3263,3628,3892,720,1422,1610,4110,40,3346,117,1784,1344,4074,3154

test suite329
bestAPFD:0.900097
bestSuite:1835,2706,2085,4060,2854,2660,3231,3311,263,1465,3764,619,4089

test suite330
bestAPFD:0.892857
bestSuite:2447,714,2780,3626,2463,1034,2058,3193,4057,3187,3419,3303,2787,4093

test suite331
bestAPFD:0.908805
bestSuite:687,1023,171,4064,2459,3973,3190,2745,3542,3344,2567,899,2422,3327,4100

test suite332
bestAPFD:0.926933
bestSuite:2093,2595,2089,483,2294,3002,2838,1787,1950,4061,3411,2255,4107,1794,3978,888,3645

test suite333
bestAPFD:0.933222
bestSuite:2322,1433,2163,877,179,1963,3474,3411,1495,4093,3957,4085,3293,3093,1331,3938,1546

test suite334
bestAPFD:0.907822
bestSuite:667,2221,3885,2208,1705,2863,1591,2268,4061,2709,3718,4102,2464,444,3063,1655

test suite335
bestAPFD:0.882168
bestSuite:1032,773,3429,1729,3699,3603,1916,797,1477,4067,2696,4089,3033,3178,450,2198,3224

test suite336
bestAPFD:0.900943
bestSuite:4050,900,2548,2683,2697,719,4075,2383,1355,3388,2862,4105,677,1746

test suite337
bestAPFD:0.916038
bestSuite:1897,2164,524,4106,3040,2286,15,4051,1870,4059

test suite338
bestAPFD:0.894549
bestSuite:1666,3822,2075,1609,4069,30,2838,2162,1776,3608,820,1835,4107,221,3133

test suite339
bestAPFD:0.904231
bestSuite:1780,2115,3673,2253,1256,2792,4111,3669,3402,4079,2839

test suite340
bestAPFD:0.893671
bestSuite:2786,826,629,2256,2330,3360,2506,3722,1914,3529,3509,4062,3496,3014,1631,4087

test suite341
bestAPFD:0.927101
bestSuite:3650,4048,3964,594,1811,1547,3093,2956,1345,2074,4101

test suite342
bestAPFD:0.906053
bestSuite:2862,4034,3017,3333,4112,3885,2761,4063

test suite343
bestAPFD:0.881879
bestSuite:46,4090,612,2956,2853,3791,3106,1545,2203,1169,3141,795,3514,2014,2301,1309

test suite344
bestAPFD:0.901992
bestSuite:3894,3397,3009,1653,1749,450,4105,3163,788,3766,2791,3548,2575,1801,1484,2821,4060,2526

test suite345
bestAPFD:0.886568
bestSuite:1944,1000,3131,1857,2668,710,445,3954,3323,2610,752,4090,2081,4071

test suite346
bestAPFD:0.939832
bestSuite:2896,2948,4085,2485,1999,3771,386,3619,4046,1437,1911,4097,3703,2618,2927

test suite347
bestAPFD:0.905464
bestSuite:1361,3742,3491,4032,4067,2141,3917,976,4110,268,2083,2950,2266,665,2872,3782

test suite348
bestAPFD:0.898076
bestSuite:3729,3168,3488,844,4059,3495,2428,2247,4102,3352,2756,898,2825,2854,1487,2950,1676

test suite349
bestAPFD:0.946057
bestSuite:3948,3410,4106,4065,3717,2695,28,856,802,947,3854,3748,837

test suite350
bestAPFD:0.906534
bestSuite:2166,3242,1070,769,2814,2788,1943,2297,370,866,2930,4093,1378,4061,1447,1552,3130,3177

test suite351
bestAPFD:0.910115
bestSuite:3346,4059,3608,2253,937,1655,1354,4088,2944,3487,3505,1325

test suite352
bestAPFD:0.925738
bestSuite:1817,214,3010,4084,2197,4108,3092,3846,1790,2596,2744,2448,1364

test suite353
bestAPFD:0.910181
bestSuite:4075,765,1397,516,3552,725,3295,3463,3185,3591,432,3167,2537,1836,3562,4093

test suite354
bestAPFD:0.901854
bestSuite:1933,3161,1428,688,2882,1572,1769,2633,2474,3237,721,2220,151,1356,2387,2827,4084,2343,4097

test suite355
bestAPFD:0.911164
bestSuite:2826,3659,4099,1168,3494,2243,2996,3881,2283,1930,643,4079

test suite356
bestAPFD:0.911395
bestSuite:4059,3710,1469,1626,323,1317,3495,2060,1772,1830,3438,776,3574,1169,4097,3665,1367

test suite357
bestAPFD:0.880307
bestSuite:1395,3822,2240,3295,2229,3828,1599,333,2528,4074,878,4096,1710,848,2402,11

test suite358
bestAPFD:0.895103
bestSuite:3036,839,3094,2943,3524,2271,3099,1988,1641,3720,506,4054,4076,4104

test suite359
bestAPFD:0.939727
bestSuite:2965,4066,1426,2830,3851,848,4109,699,91,2480,1193,2008,3231,769,3846,3983,3505,2364

test suite360
bestAPFD:0.863941
bestSuite:2865,3770,2257,3635,859,980,1361,4101,2317,868,2643,4060,2846,3972,87

test suite361
bestAPFD:0.920597
bestSuite:3245,2950,2899,3817,3657,4072,183,4113,3225,1819,1121,2219

test suite362
bestAPFD:0.914920
bestSuite:210,3278,1883,1351,2268,1124,3235,3363,4090,3919,3834,1659,336,2651,3188,801,4064,2255

test suite363
bestAPFD:0.914611
bestSuite:2553,2257,3352,1334,3399,4089,1558,3426,2748,2163,2274,4060,338

test suite364
bestAPFD:0.900000
bestSuite:3706,1437,2500,865,1216,2408,3552,2254,1812,842,2204,3750,4059,831,4096

test suite365
bestAPFD:0.910574
bestSuite:2054,2263,1847,857,2014,1668,4085,3517,1254,1322,3310,1472,4102,466,2229,1599

test suite366
bestAPFD:0.916087
bestSuite:730,2416,473,3756,1263,2767,2466,2400,1649,1626,4113,98,3352,2443,2174,3984,4073,3610,3970

test suite367
bestAPFD:0.897881
bestSuite:2068,3521,446,4087,388,1342,2707,2680,1713,4064,870,3484,117,1465,1235,781,3579,1911,2921

test suite368
bestAPFD:0.890421
bestSuite:3659,781,3016,3642,4066,2768,1555,2208,2032,2595,761,4099,2717

test suite369
bestAPFD:0.925157
bestSuite:3353,2373,1173,2572,2163,3117,2891,1160,1699,1720,1508,2956,2432,3746,4086

test suite370
bestAPFD:0.899556
bestSuite:2907,1377,352,2915,1085,3221,3775,4063,809,3817,4101,2949,2159,868,442,2456,2302

test suite371
bestAPFD:0.898162
bestSuite:3104,4065,2089,4104,1345,328,130,595,2954,861,4011,1739,2100

test suite372
bestAPFD:0.914920
bestSuite:2250,4069,2200,3927,13,2011,3324,3533,2907,4111,2854,3775,1905,798,1861,3421,3296,1882

test suite373
bestAPFD:0.897602
bestSuite:2853,3737,3784,2931,1824,2562,990,2455,1606,2349,863,3529,1452,4076,4088,3155

test suite374
bestAPFD:0.903483
bestSuite:1446,1165,3718,4112,2584,3469,1183,2118,2599,3026,4064,1674,1609

test suite375
bestAPFD:0.906289
bestSuite:2999,940,2854,850,4093,2796,3187,732,2486,3249,977,2509,4063,842,3008

test suite376
bestAPFD:0.917610
bestSuite:2724,3005,2691,1866,4102,1646,2212,305,4076,4049,735,2713,2130,1333,3094

test suite377
bestAPFD:0.878734
bestSuite:1438,2707,265,2971,3645,2855,359,2914,2491,594,783,4072,75,1465,1551,4097

test suite378
bestAPFD:0.872919
bestSuite:2068,257,1813,2787,3663,2616,1566,1837,2344,3689,2229,3636,1388,4092,4065,3473,777

test suite379
bestAPFD:0.925314
bestSuite:2094,4106,4049,1745,1624,3140,1015,2874,2574,3208,748,2071,2368,1913,3714,4073,2974,916,3805,2807

test suite380
bestAPFD:0.916546
bestSuite:841,2722,1279,1096,3045,4061,1058,2377,1477,3198,3386,2422,4115

test suite381
bestAPFD:0.930031
bestSuite:4094,1985,4081,3716,1809,3313,1122,3364,2985,3483,1832,1819

test suite382
bestAPFD:0.901293
bestSuite:3994,3522,4081,4101,1614,1963,2975,2095,1572,3490,1020,1737,3381,2900,435,3705,1467,2917

test suite383
bestAPFD:0.912807
bestSuite:4068,1614,3935,4101,2059,3861,865,351,1378,3894,3868

test suite384
bestAPFD:0.888103
bestSuite:2406,2379,253,3489,4098,3455,1900,1914,2906,466,4080,1251

test suite385
bestAPFD:0.885303
bestSuite:2871,2341,3447,4100,3661,1212,853,668,1141,3504,196,1240,878,4073,2244,3139,640,326,1386

test suite386
bestAPFD:0.946737
bestSuite:2632,520,2749,252,3006,2127,3063,726,4102,4060,656,1758,1537,660,3079,2921

test suite387
bestAPFD:0.915094
bestSuite:1117,3927,819,3625,1789,4095,2520,404,1614,2166,1072,3744,2561,1496,2475,299,4077

test suite388
bestAPFD:0.909329
bestSuite:2885,999,3003,2581,524,1967,4075,3679,1852,4102,3386,3326,1630,1119,1848,3863,3593,4048

test suite389
bestAPFD:0.903302
bestSuite:4025,1186,221,4106,3327,3739,2807,731,2979,971,3378,2060,1647,1742,122,2687,812,1059,1501,4067

test suite390
bestAPFD:0.898742
bestSuite:3149,1962,4063,80,3184,2562,3329,3306,1098,1985,2161,2531,2705,3504,4088

test suite391
bestAPFD:0.912736
bestSuite:3940,2971,3066,2735,2183,2803,1849,1441,2574,1855,3448,37,4101,3336,750,1395,2502,1956,4084,2608

test suite392
bestAPFD:0.908506
bestSuite:2694,200,2095,827,3167,2508,4061,847,1389,2078,2030,709,4025,3881,1316,1902,2452,4090,2052,1703,2468

test suite393
bestAPFD:0.904735
bestSuite:4060,2548,2374,3081,90,3291,1087,740,981,1267,1679,2808,1643,4108,3029,864,2053

test suite394
bestAPFD:0.905810
bestSuite:2150,4090,3606,3765,722,1334,1979,1237,2100,744,3482,3741,284,1558,1693,4081,2425,2841,2658,1067,3382

test suite395
bestAPFD:0.877948
bestSuite:1115,3607,2027,234,4078,3345,681,4111,1885,89,2888,1536,3894,2397,1221,3277

test suite396
bestAPFD:0.935797
bestSuite:2978,3991,945,1127,2637,4103,515,3007,647,2461,4057,3268

test suite397
bestAPFD:0.913173
bestSuite:720,3533,3001,3767,4067,2382,1744,3150,2757,839,1854,1672,372,1776,4113,2664,2650,1930

test suite398
bestAPFD:0.936124
bestSuite:2754,3110,3007,2644,1332,986,2962,2673,2080,1781,4069,1605,4112,2159,4013,3900

test suite399
bestAPFD:0.915768
bestSuite:2943,1934,315,2609,3256,4073,1780,2863,1611,2872,2803,4102,872,2621

test suite400
bestAPFD:0.914308
bestSuite:2980,4113,2786,3973,3556,1617,1759,878,2820,3176,4081,1963

test suite401
bestAPFD:0.915881
bestSuite:1378,372,910,1202,4020,4043,4092,746,2761,3688,51,4084

test suite402
bestAPFD:0.938090
bestSuite:3856,2362,1971,2457,3911,913,1875,4105,2724,2999,4082,3062,3737,2919,2259,2587

test suite403
bestAPFD:0.896710
bestSuite:3587,3094,3782,129,3039,4077,956,1452,1963,4097,737,1364,1506

test suite404
bestAPFD:0.912236
bestSuite:2660,2705,3151,2709,1061,528,4081,1779,2284,2238,4100

test suite405
bestAPFD:0.934930
bestSuite:3279,484,3346,2927,4099,765,2185,1618,1576,4058,3199,4006,1127

test suite406
bestAPFD:0.881713
bestSuite:973,3403,216,4043,428,895,3172,4108,3566,3614,4072,2402,317

test suite407
bestAPFD:0.878756
bestSuite:4098,3494,3176,2281,1381,3262,4076,3003,1491

test suite408
bestAPFD:0.912675
bestSuite:4011,3984,986,2376,2615,626,4106,2956,144,1906,3024,1549,1547

test suite409
bestAPFD:0.891787
bestSuite:4111,2408,2229,3473,1398,412,656,1899,1984,1665,3477,1789,768,3777,2778,1705,4064

test suite410
bestAPFD:0.897537
bestSuite:4086,4057,1422,2898,742,1187,1508,2376,2915,2220,4039,3260

test suite411
bestAPFD:0.929245
bestSuite:2377,2656,2268,1275,3769,1735,1767,55,995,3657,1055,4057,2039,623,2605,4115,2629,2082

test suite412
bestAPFD:0.878341
bestSuite:3453,3903,4078,3708,713,1732,3283,3610,1554,3011,4103,3398,2640,1696,2893,528

test suite413
bestAPFD:0.869759
bestSuite:3143,3505,1664,1797,2705,4080,3503,1518,3790,1066,4088,2375

test suite414
bestAPFD:0.921384
bestSuite:959,382,766,2521,248,2272,933,4067,4086,811,3194

test suite415
bestAPFD:0.920964
bestSuite:4108,3151,2909,988,3371,3936,165,2960,3016,4065,3784,2666,933,1533,1489

test suite416
bestAPFD:0.904231
bestSuite:2035,3040,2249,4061,890,3428,2649,1838,3974,4109,3846

test suite417
bestAPFD:0.918501
bestSuite:2360,1683,3677,4107,2293,1732,3126,3166,4058,3215,1904,591

test suite418
bestAPFD:0.897484
bestSuite:2477,1386,1976,1322,649,3575,4100,3243,2633,1913,4074,2235,2433,142,1897

test suite419
bestAPFD:0.904874
bestSuite:3437,808,1439,4035,899,392,4073,3737,4114,1032,1775,2763

test suite420
bestAPFD:0.879294
bestSuite:1550,3845,1059,887,1459,2671,1796,3830,1861,2474,4107,3923,4058

test suite421
bestAPFD:0.916077
bestSuite:2614,4110,4030,1500,3039,1241,2363,4078,1137,2970,1921,2898,1491,74,953,215

test suite422
bestAPFD:0.929049
bestSuite:4112,1200,2659,2333,996,2624,3748,3824,361,2474,4066,2609,1641,4030,2083,2449

test suite423
bestAPFD:0.941824
bestSuite:4101,1493,3986,26,3993,2179,4083,2053,3876,2354,2264,1850,663,3021

test suite424
bestAPFD:0.911092
bestSuite:3034,1619,3465,2617,1079,673,4081,1762,2354,4107,60

test suite425
bestAPFD:0.935338
bestSuite:1863,1164,4094,1617,3318,4,4085,1484,903,1269,2463,978,3319,4045,243,2272

test suite426
bestAPFD:0.901926
bestSuite:1149,298,4099,3903,2486,2509,3552,552,3974,1775,1,3840,4013,1633,4059,3085

test suite427
bestAPFD:0.933631
bestSuite:4089,3926,1616,3369,1178,3036,3062,2468,3134,2762,2859,3482,3189,2062,2413,1645,525,2390,4084

test suite428
bestAPFD:0.910791
bestSuite:2349,3081,2810,1587,1600,1191,3243,2401,120,4063,2943,1649,1501,3472,2895,1856,1261,1520,4106

test suite429
bestAPFD:0.927869
bestSuite:953,2201,3590,2603,2964,554,1482,3740,1916,3770,2074,2744,4111,4072,2179,2590

test suite430
bestAPFD:0.887650
bestSuite:683,420,2008,4083,4111,2666,3433,2780,2925,2338,1109

test suite431
bestAPFD:0.906883
bestSuite:2231,4084,3044,1169,1975,2658,3234,1889,4020,3509,268,3727,987,2932,4094,980,2886,404

test suite432
bestAPFD:0.881626
bestSuite:1481,4069,1398,1614,1894,3915,2984,2060,2622,4037,3540,627,2313,4102

test suite433
bestAPFD:0.913297
bestSuite:4,1272,3980,3161,2442,2580,853,3012,4057,2432,2575,289,3172,3534,922,24,4098,1101,3762,1075,3130

test suite434
bestAPFD:0.913260
bestSuite:3012,698,137,2360,930,3172,3204,4073,3942,2284,4097,3014

test suite435
bestAPFD:0.916062
bestSuite:2861,3114,1168,3625,4055,2360,1968,3080,3078,715,4070,3994,4106

test suite436
bestAPFD:0.919811
bestSuite:2853,396,1590,628,1493,2909,4060,3844,2049,451,4086,1449,3241,2107,522,3503,1386,234

test suite437
bestAPFD:0.905885
bestSuite:4072,3921,3668,15,3809,1539,2707,1692,1004,1844,3072,4098,2731,2886

test suite438
bestAPFD:0.895655
bestSuite:2162,3899,2938,3884,2009,3199,792,2096,4115,3849,2956

test suite439
bestAPFD:0.896226
bestSuite:1579,4106,3486,3418,734,211,75,4057,1720,810,2220,1971,2922,2534,3123,1780,3434

test suite440
bestAPFD:0.896816
bestSuite:3232,696,3694,3711,4081,637,4087,3119,2102,3281,2835,1008,2099,3482,3425,1691

test suite441
bestAPFD:0.920440
bestSuite:294,3089,4080,2834,3716,3357,4093,3993,44,1834

test suite442
bestAPFD:0.891509
bestSuite:3067,1016,1491,321,3503,4084,3203,3758,3751,2240,1151,669,4095,1134

test suite443
bestAPFD:0.891706
bestSuite:2411,4006,1736,2059,1417,2348,2927,2621,39,1571,4099,3132,4070,737,1929,2740

test suite444
bestAPFD:0.923405
bestSuite:2487,1390,3641,3277,3426,2820,1212,2706,3697,290,4101,3773,2991,4065

test suite445
bestAPFD:0.926999
bestSuite:4102,2447,1662,1913,3349,2960,1850,3611,2863,4072,2548,3925,3425,772

test suite446
bestAPFD:0.924242
bestSuite:2000,1127,707,3771,4007,4115,2265,2628,4069,200,1910

test suite447
bestAPFD:0.930576
bestSuite:4086,3598,1547,3571,834,2521,2500,4068,1501,3382,3146,3819,674

test suite448
bestAPFD:0.914505
bestSuite:3781,2549,1943,3593,3396,3261,1466,1101,1542,4087,2656,54,1596,2035,4082,2170

test suite449
bestAPFD:0.906709
bestSuite:3231,2521,2202,1821,34,1701,4103,4075,3169

test suite450
bestAPFD:0.912579
bestSuite:3173,2631,1115,2256,3957,3985,66,757,3146,4115,1775,489,2413,4058,786

test suite451
bestAPFD:0.901523
bestSuite:3729,1759,1704,3528,2119,1355,4110,2247,3916,4080,12,3372,3145,3536,3547,2184,1690,2150,1656

test suite452
bestAPFD:0.915834
bestSuite:3552,3097,1358,3883,3787,672,2201,17,545,2780,752,960,4074,4095,3943,1899,1008

test suite453
bestAPFD:0.920416
bestSuite:3555,4093,2472,2560,1882,2776,3567,2366,2182,4080,1256,1596,2959

test suite454
bestAPFD:0.891335
bestSuite:2145,175,1290,4088,1550,3443,4057,2422,2749

test suite455
bestAPFD:0.911276
bestSuite:3728,2264,1736,1003,3269,2076,3011,1918,4078,2992,1811,2449,4089,3400

test suite456
bestAPFD:0.908543
bestSuite:3628,3140,2664,2318,4096,1423,659,2733,2823,3174,1491,4079

test suite457
bestAPFD:0.925356
bestSuite:2073,1926,2024,2228,4067,2406,1332,3840,1562,3219,1355,1375,3539,3892,2444,4107,3655,1699,89

test suite458
bestAPFD:0.934945
bestSuite:4087,1612,4059,1481,3588,2599,1849,3674,2164,3878,3355,21,3389,511,2645,1268

test suite459
bestAPFD:0.920597
bestSuite:3790,2564,3527,2496,4111,2724,2259,810,648,4084,2812,2884

test suite460
bestAPFD:0.943222
bestSuite:3679,3709,1398,3540,3900,3089,2172,3501,3754,4079,2164,1679,2800,2983,4103,2701,3244,830

test suite461
bestAPFD:0.895553
bestSuite:4061,659,4093,1466,2819,3553,2099,2722,3664,1193,3260,725,1584,3866

test suite462
bestAPFD:0.899186
bestSuite:3096,681,3505,2108,3844,1726,1860,3694,665,1755,1772,3381,1573,541,4108,4061,1228

test suite463
bestAPFD:0.926450
bestSuite:831,1452,4090,3178,4085,1618,2550,3475,2759,1006,3654,3043,405,3128,3867,263,2399,2432

test suite464
bestAPFD:0.943187
bestSuite:3716,747,317,3254,3369,938,329,2106,947,426,2704,2521,4081,4096,3609

test suite465
bestAPFD:0.913522
bestSuite:3644,2369,3698,2201,3447,1524,2810,2755,3530,4103,2792,988,2274,4084

test suite466
bestAPFD:0.928796
bestSuite:4100,3559,4041,1537,994,3288,1915,2788,390,1917,4084,2643,3011,830

test suite467
bestAPFD:0.902778
bestSuite:770,1396,2115,2027,3547,1765,2703,4075,3323,4115,2026,1750

test suite468
bestAPFD:0.910901
bestSuite:3224,4075,1412,2854,1638,2313,960,2444,1425,2066,4112,2683,2089,1437,1229

test suite469
bestAPFD:0.896816
bestSuite:2059,3080,790,1798,1791,1472,520,1732,1193,887,2297,4115,3796,2498,4075,2901

test suite470
bestAPFD:0.921558
bestSuite:1774,2211,3477,2115,3455,1787,2201,103,3769,627,904,2642,3502,4067,4097,3805,3418,2427

test suite471
bestAPFD:0.931060
bestSuite:3780,2927,1921,3306,4060,2089,3886,2050,961,3140,3550,4106,2593

test suite472
bestAPFD:0.896002
bestSuite:1579,818,2370,836,4100,2167,3034,2955,3310,2854,129,2123,2896,4084

test suite473
bestAPFD:0.922222
bestSuite:1638,3857,937,2879,1635,4106,2595,3557,2393,4077,1778,3472,1334,3901,1652

test suite474
bestAPFD:0.916317
bestSuite:4088,1413,3027,2825,3103,822,3780,4075,2929,602,3765,1410,578,1012,3022,641,2633,2528

test suite475
bestAPFD:0.892157
bestSuite:3924,1659,3136,4098,2421,4062,3111,3844,582,865,2544,1604,2394,2539,3521,1603,2125

test suite476
bestAPFD:0.869811
bestSuite:1390,899,2229,3438,4108,2192,678,2839,55,4064,3805,2840,1785,2496,2858

test suite477
bestAPFD:0.955346
bestSuite:3717,822,2162,865,3593,3532,2112,683,3564,4106,4062,2411,3228,3993,2269

test suite478
bestAPFD:0.896052
bestSuite:3352,2513,677,2573,2412,4093,680,3844,2611,2549,2948,1160,285,4084,2585,234,2799,3380

test suite479
bestAPFD:0.924770
bestSuite:3602,2444,3442,1120,2531,3421,4075,3173,1401,2344,4100,3149,1720

test suite480
bestAPFD:0.903256
bestSuite:2876,2665,1815,2070,2111,2889,3352,4071,2947,2550,2523,1561,3143,1507,3938,2557,4092

test suite481
bestAPFD:0.861450
bestSuite:1143,4088,2549,1443,4060,2547,1451,803,1709,2528,2748,3428,3807,1023,3478,3494,3860

test suite482
bestAPFD:0.912807
bestSuite:3465,2144,2070,4003,1776,4061,1704,4101,566,1354,2675

test suite483
bestAPFD:0.911775
bestSuite:1697,1864,2596,3114,4088,3917,2737,3062,3878,1395,3872,3995,4062,22,3743,2424,934,1426

test suite484
bestAPFD:0.902740
bestSuite:3495,2419,2755,2408,3725,4094,2499,4080,2790,2290,1168,1944,870,3102

test suite485
bestAPFD:0.907682
bestSuite:1030,2990,1474,3370,2374,4071,2057,1001,3444,3552,1322,1853,4095,1735

test suite486
bestAPFD:0.924214
bestSuite:1617,692,2219,3278,2642,3105,4062,2190,2668,4091

test suite487
bestAPFD:0.925823
bestSuite:2491,965,351,75,1682,1945,4095,3777,3446,2146,3619,3645,4069,1280,2907,3460,1109

test suite488
bestAPFD:0.917513
bestSuite:960,3810,4110,2285,3836,1509,2402,3665,4081,3379,3575,3276,1000

test suite489
bestAPFD:0.898645
bestSuite:2295,4084,2867,4098,3845,1085,2695,1657,1585,1458,1208,2133,3844

test suite490
bestAPFD:0.913719
bestSuite:3122,2633,956,2799,2644,3376,2216,4109,700,4020,1535,793,3660,689,747,4063

test suite491
bestAPFD:0.865252
bestSuite:1798,2111,3036,2276,4108,1306,925,3126,4062,2535,2311,1696,3161,2335,1618,1115,2151,1956,898,1448

test suite492
bestAPFD:0.899961
bestSuite:2448,3348,3607,4071,3928,2280,635,3870,1338,4109,321,1984,693,696,1284,923

test suite493
bestAPFD:0.920261
bestSuite:2564,2181,3272,2172,1894,1041,1251,4062,2814,642,3067,4104,1670,1942

test suite494
bestAPFD:0.923370
bestSuite:637,4079,1967,3872,2803,3019,2918,914,2370,1263,1732,4092,1864,2647,3510,850,85,3592,935

test suite495
bestAPFD:0.904803
bestSuite:3843,2382,2432,1594,4115,2122,2867,3598,2541,4063,2014

test suite496
bestAPFD:0.889937
bestSuite:2668,3531,2839,2984,1745,2457,4080,4105,3954,3527,2261

test suite497
bestAPFD:0.914505
bestSuite:2965,988,2006,1550,1716,3554,1925,4000,516,4066,3615,4106,963,1035,494,1897

test suite498
bestAPFD:0.943211
bestSuite:3703,1372,3319,2261,4063,3284,1596,4107,3662,720,1296,1568,1430,884,3237,3971,351

test suite499
bestAPFD:0.917116
bestSuite:1042,1986,4087,2112,1575,3084,3791,3370,2083,3531,2898,3502,2651,4082

test suite500
bestAPFD:0.897449
bestSuite:119,1482,3912,3592,1241,3257,1017,791,1776,4069,2400,2819,3927,1720,1342,3770,529,4098

