test suite1
bestAPFD:0.923993
bestSuite:3561,825,3473,1198,1884,4104,2172,3438,2934,915,3666,4069,3474,2593,2664,954,3355,3111,2790,2013,1979,1599

test suite2
bestAPFD:0.902494
bestSuite:2737,3472,2246,1853,3409,806,2562,1481,3104,1364,3384,4086,4063,3651,2675,2919,51,1036

test suite3
bestAPFD:0.914727
bestSuite:3134,3595,216,2097,2511,1524,3499,2192,1011,4108,4066,1255,3919,2955,4037,3582

test suite4
bestAPFD:0.921629
bestSuite:1617,3381,567,2148,3809,1354,4089,4059,2042,1583,2341,701,1210,1190

test suite5
bestAPFD:0.908867
bestSuite:2422,3520,27,1451,1915,1263,3976,4066,2973,3589,4109

test suite6
bestAPFD:0.918764
bestSuite:1425,3408,3160,2907,3926,1109,3813,4103,995,1688,676,672,3896,799,3893,2535,2795,4079

test suite7
bestAPFD:0.925417
bestSuite:3278,1894,3008,4078,2221,4093,1589,3864,844,271,2182

test suite8
bestAPFD:0.913093
bestSuite:2102,2270,4007,2276,1750,4066,2018,3453,803,4091,3927,3320,204,822,3744,832,2135,2543

test suite9
bestAPFD:0.907000
bestSuite:2942,3034,928,1429,3631,644,3091,3985,904,1023,4089,4082,1950,988

test suite10
bestAPFD:0.920392
bestSuite:1811,2382,3117,1281,1272,2663,4107,3229,352,3328,2349,1607,3072,1640,4085

test suite11
bestAPFD:0.915485
bestSuite:3353,2948,1741,3442,3815,1357,4107,800,24,4077,1473,174,2381,3490

test suite12
bestAPFD:0.937435
bestSuite:2521,3633,4073,1633,2011,2943,4094,1690,929,1557,3302,3516,651,3162,3430,274,2483,331,3152

test suite13
bestAPFD:0.914136
bestSuite:3809,2498,489,4054,1578,3819,4083,4109,801,1684,2175,2399,2550,3875,258,1269

test suite14
bestAPFD:0.891260
bestSuite:4011,3337,3312,141,142,3689,3956,3061,4085,528,2162,4095,3484

test suite15
bestAPFD:0.925049
bestSuite:3554,920,2225,2035,4109,3144,1504,1396,1705,2187,2015,291,4065

test suite16
bestAPFD:0.920459
bestSuite:3668,2561,3327,4113,2568,1059,3647,1055,3624,736,3910,1432,3884,735,4084,1277,2795,116,1997,3299

test suite17
bestAPFD:0.907657
bestSuite:3935,963,3850,2020,4057,985,3071,1398,2017,1825,4099

test suite18
bestAPFD:0.929002
bestSuite:2372,3066,657,4085,1469,1042,1020,4112,1679,2342,3317,1664,200,3823,1502

test suite19
bestAPFD:0.904299
bestSuite:3178,2599,1910,846,2353,4113,3305,2906,4072

test suite20
bestAPFD:0.911350
bestSuite:2359,2058,2964,3734,1871,524,1096,3874,2966,1519,1464,4101,2299,3773,3653,2823,4065,2681

test suite21
bestAPFD:0.923263
bestSuite:2761,3157,48,861,1127,3673,4103,2351,3054,4081,3385,1306,2932

test suite22
bestAPFD:0.897635
bestSuite:3418,2950,3304,3293,873,3065,511,1275,2956,2130,4101,2976,4021,532,3552,1046,2111

test suite23
bestAPFD:0.929745
bestSuite:3278,287,1853,1538,4046,1466,1158,4103,4082,940,2172,1453,2027,1046,868

test suite24
bestAPFD:0.908850
bestSuite:3094,2163,2510,925,1355,1325,3505,4104,853,4071,1111,3312,72,2133

test suite25
bestAPFD:0.917164
bestSuite:1945,3809,28,2415,3254,4084,4086,1839,1923,3958,1481,1703,2128,3415,1290

test suite26
bestAPFD:0.913305
bestSuite:3502,2087,3421,2958,3124,2811,1138,4101,873,3137,4061,1232,824,1765,2939,2190,3714

test suite27
bestAPFD:0.916224
bestSuite:3349,1804,1513,3616,3261,3092,3022,1514,4072,2629,2802,2997,1769,1888,4093,2591,569

test suite28
bestAPFD:0.902872
bestSuite:3793,3924,1595,3148,1988,139,3149,1839,1610,1532,2874,2873,4076,196,448,4096,3713,1474

test suite29
bestAPFD:0.914798
bestSuite:2422,2628,3327,2745,4057,1709,1322,2516,2755,282,4107

test suite30
bestAPFD:0.929216
bestSuite:3278,1495,2661,3569,3303,1402,1240,4110,1606,4083,1614,3463,679,3091,2362

test suite31
bestAPFD:0.928972
bestSuite:2776,3437,1745,2573,1893,2883,4113,4066,6,3647,1729,2497,2791,1972,3823

test suite32
bestAPFD:0.901184
bestSuite:3520,3137,2369,1160,729,3432,926,3580,4073,2231,418,4104,2151,1061

test suite33
bestAPFD:0.903301
bestSuite:2978,2873,3097,3492,4062,4105,390,195,2235

test suite34
bestAPFD:0.919071
bestSuite:3346,118,685,3796,1809,1256,2341,4058,4102,2010,828

test suite35
bestAPFD:0.898445
bestSuite:2661,1438,2248,3432,2952,1600,3318,2140,4108,4071,1686,2396,3732,2865,1829,286

test suite36
bestAPFD:0.906498
bestSuite:3633,2643,3763,4051,3465,1680,2055,4068,2989,1397,4105,2896,3033

test suite37
bestAPFD:0.907973
bestSuite:3092,2092,1743,955,420,2286,1660,1031,4093,622,1979,1138,4057,1239,3686,3082,2784,2568,1370

test suite38
bestAPFD:0.914570
bestSuite:3787,2016,20,4032,2867,2699,4088,4065,1659,3369,3100,2000,1580,1538

test suite39
bestAPFD:0.913400
bestSuite:2184,3625,1914,2654,4071,991,3527,3029,554,3752,1714,2892,4104,2480,2101,674,3341,3481,1916

test suite40
bestAPFD:0.909852
bestSuite:2598,904,2432,3302,2112,2123,3480,2146,780,3978,4073,2448,3831,4096

test suite41
bestAPFD:0.887417
bestSuite:1650,3976,3125,2796,1806,1603,4057,3009,1875,2977,2833,301,2621,2636,770,4113,2410,808

test suite42
bestAPFD:0.900991
bestSuite:3173,2432,236,757,2397,2565,1468,646,4102,4076,637

test suite43
bestAPFD:0.914584
bestSuite:3668,1937,2706,510,1021,1378,2952,4068,3602,1000,2705,3224,4100,1196,2485,2513

test suite44
bestAPFD:0.934720
bestSuite:3771,1425,3326,2394,1290,4074,4086,3449,1845,3223,3091,1745,2915,3945,3851,3398,3733

test suite45
bestAPFD:0.932895
bestSuite:3716,3013,987,3252,2660,4069,749,4098,3700,2574,3115,138,1299,3921

test suite46
bestAPFD:0.908621
bestSuite:2422,3614,292,2461,3034,3836,2205,1472,4097,4066,2595,1245

test suite47
bestAPFD:0.902356
bestSuite:2649,3217,3798,355,2680,1927,3301,1990,3166,3310,1354,2227,2696,2271,1605,3940,4100,4069

test suite48
bestAPFD:0.927838
bestSuite:2724,2939,3731,788,4103,489,3512,930,4057,180,2358,1451,1532,2030,3139,2260,1549,1927,2385,3079

test suite49
bestAPFD:0.912129
bestSuite:1422,3447,4030,315,2637,2855,2825,2542,4098,649,4080,3056,1376,3002,2831,636,359,1204,974

test suite50
bestAPFD:0.925002
bestSuite:3716,2628,798,2829,1061,3097,2606,3064,4078,603,4107,3960

test suite51
bestAPFD:0.926768
bestSuite:3556,1606,2737,2837,4109,4084,2236,1581,3239,2593,215,2383,3488,2417,3162,1325,3121,1245,1902

test suite52
bestAPFD:0.915182
bestSuite:3688,1609,3961,3048,2678,1160,1281,4066,2001,4095,1480,1742,3921,2309,3996,968,1156,3480

test suite53
bestAPFD:0.927350
bestSuite:1852,3559,2551,3063,3903,1065,4080,865,2923,1029,1701,927,3449,2946,2926,3747,45,89,3287,4106

test suite54
bestAPFD:0.920434
bestSuite:2333,3367,1875,2286,4073,2318,2168,4043,4099,1713,2141,1625,441,2812,1893,1399

test suite55
bestAPFD:0.897940
bestSuite:2099,3343,1824,3063,312,3833,4066,1851,4088,2549,1678,405,3010,3605,3441,537,1108,1725

test suite56
bestAPFD:0.926689
bestSuite:3872,796,2270,1472,1519,978,4108,1395,4076,1929,1999,1597,1114,276,3887,3384,2125

test suite57
bestAPFD:0.912592
bestSuite:2938,3956,2087,207,3039,3589,2002,1328,2571,2111,4090,3045,3737,2263,2548,4063

test suite58
bestAPFD:0.910844
bestSuite:2832,1838,3325,3661,3359,3922,3798,1827,4115,4010,4062,66,1839,3018,3198,409,654,1965

test suite59
bestAPFD:0.895059
bestSuite:3914,945,2827,824,916,1601,434,2387,3002,3497,1971,1377,4058,4114,1312

test suite60
bestAPFD:0.921608
bestSuite:2609,3520,1753,661,475,2964,3172,2106,3884,4062,1809,4110,536,2805,657,21,2400,1304,1119

test suite61
bestAPFD:0.920065
bestSuite:2776,2474,3472,4063,2939,1331,2404,3128,2140,1476,2923,4097,3994,701,2260,3947

test suite62
bestAPFD:0.917712
bestSuite:3192,2301,1719,1487,3951,1345,2780,717,626,1212,4069,3577,2282,3182,4096

test suite63
bestAPFD:0.913321
bestSuite:3208,2942,1460,3134,3940,1797,1085,4084,4113,3020,3090

test suite64
bestAPFD:0.929449
bestSuite:1852,3167,2854,2234,4096,2454,894,4081,3873,1446,813,1549,2184,2884,3370,1235,2787,321

test suite65
bestAPFD:0.900979
bestSuite:3293,3984,2387,1646,3454,3383,2540,3102,4105,3963,614,2956,1952,1997

test suite66
bestAPFD:0.921679
bestSuite:2954,3831,3134,3007,134,1596,893,4058,3698,638,4112,3053,3328,3166,3888,3297

test suite67
bestAPFD:0.891483
bestSuite:1663,2338,3847,3155,983,2298,321,4089,4064,566,1321,2203,2685,2148,1362,997

test suite68
bestAPFD:0.897274
bestSuite:2207,3392,2587,4037,3817,1554,2631,644,1861,4045,3479,4089,1198,2036,4085,299,1669,3301,1094,3901

test suite69
bestAPFD:0.895892
bestSuite:2051,3607,2500,3843,1357,669,4110,563,892,1599,4060,2351,3363,2986,2014,1755,2005,1887,2475,3300,121

test suite70
bestAPFD:0.899589
bestSuite:2700,2044,3126,2329,1514,4059,2255,1335,1026,4103,3617,1243

test suite71
bestAPFD:0.909910
bestSuite:3984,2882,3153,2416,1517,687,1937,4081,3434,4109,3661,3938,2970,1361,3422,1365,693,685,81,1402

test suite72
bestAPFD:0.912088
bestSuite:3841,1814,3638,524,3692,360,4095,1703,991,3525,2531,1178,4063,3082,1741

test suite73
bestAPFD:0.925387
bestSuite:1657,392,2080,4005,4094,4063,3243,1896,2753,772,1498,3930,1993,2693,824,2222,2820,3220

test suite74
bestAPFD:0.913345
bestSuite:2261,3833,2083,4053,2906,1096,1910,2513,4104,1887,4067,607,1862,4056

test suite75
bestAPFD:0.903044
bestSuite:2521,3349,1620,3903,4073,1903,4106,3144

test suite76
bestAPFD:0.924655
bestSuite:3964,2115,1690,4061,3449,1383,884,4107,2599,1926,3649,3606,366

test suite77
bestAPFD:0.889366
bestSuite:2733,3885,2659,2124,956,2841,2024,4089,3609,933,1335,4078,944,865,440,102,2983,2702

test suite78
bestAPFD:0.934751
bestSuite:2179,1635,3036,2858,1430,2921,4115,873,4072,2680,630,9,2617,2857,1722,715,1,2706,1840,1816

test suite79
bestAPFD:0.926703
bestSuite:3178,2491,2123,696,1686,1839,4100,4063,3059,2398,2638,3918,3703,3976

test suite80
bestAPFD:0.911538
bestSuite:3117,2068,2032,2016,3148,1501,4059,935,1020,2073,2937,3857,3939,1329,3533,2902,4102

test suite81
bestAPFD:0.918541
bestSuite:3561,3984,1976,3868,3298,2109,4113,4084,1085,1997,3663,1989,1870,3974,252,3856

test suite82
bestAPFD:0.915653
bestSuite:3559,2534,2458,3047,1013,1672,1630,2694,1802,4057,4093,3496,1203,471,3092,3351,3391

test suite83
bestAPFD:0.937231
bestSuite:3282,2426,4002,1306,4074,169,4113,1473,1029,3340,2917,2797,3103,3079,4043,3677,2284,1261,3963,2987

test suite84
bestAPFD:0.889524
bestSuite:2096,2852,2966,2060,4075,960,1398,1946,4112,521,3168,2884,3932

test suite85
bestAPFD:0.922417
bestSuite:2115,984,2163,4033,824,941,4086,1168,2286,3272,2527,4085,3725,3401,488,111,1721,524

test suite86
bestAPFD:0.924528
bestSuite:3717,1809,3078,3243,2147,4058,4105,1784,2477,3846

test suite87
bestAPFD:0.898158
bestSuite:2193,930,2071,2828,3852,418,1848,781,4087,3803,1103,1869,655,4063,3564,868,3150,2176

test suite88
bestAPFD:0.928488
bestSuite:3841,1657,2696,2793,3328,4093,4066,3917,1788,1161,1789,3553,1703,3482,3403

test suite89
bestAPFD:0.926804
bestSuite:4024,3588,708,3069,1973,3847,4092,1760,1429,2229,4017,4064,1241,3671,772,3483

test suite90
bestAPFD:0.893266
bestSuite:3495,1740,3015,451,3318,3730,3232,2923,1014,4074,2505,2048,4107

test suite91
bestAPFD:0.918298
bestSuite:4011,1578,2605,3367,4103,2858,271,1747,4067,2823,3537,3348,3172,3122,525,3019,1407,3933,83

test suite92
bestAPFD:0.906694
bestSuite:3381,2270,1198,3337,1973,2956,3761,4092,3218,801,909,1074,2680,73,859

test suite93
bestAPFD:0.896356
bestSuite:3923,841,3681,3921,2629,3689,3647,842,1427,1520,3013,4058,3478,472,4097,1309,2013,1075,3733,585,1021

test suite94
bestAPFD:0.905341
bestSuite:3911,3359,1423,1290,1473,2299,518,2550,1402,853,3884,4097,4063,2052,3017,2651,1832,2458

test suite95
bestAPFD:0.888962
bestSuite:3490,3447,1614,20,3509,2308,1707,1600,1241,404,4082,297,1822,2071,4090

test suite96
bestAPFD:0.891010
bestSuite:3617,3439,2697,3104,3012,2156,1925,2550,4058,2995,3122,3168,4096,2217,3074,696,3669

test suite97
bestAPFD:0.907490
bestSuite:2171,3961,2092,1481,1571,3941,1184,2642,1461,3743,4090,2340,2302,1651,4058,2868,3377

test suite98
bestAPFD:0.922330
bestSuite:3868,1650,3426,3382,4115,3418,2201,4059,1778,2504,887,383,2017,3414,2255,3592,1429,4040,1244,3917

test suite99
bestAPFD:0.904370
bestSuite:2344,3197,2114,1904,3727,1492,1834,1334,4088,4084,3549,3093

test suite100
bestAPFD:0.901049
bestSuite:3465,662,2112,3640,3447,2516,1184,4082,4111,2428

test suite101
bestAPFD:0.917283
bestSuite:2281,2548,3669,3710,1736,3183,1240,3757,4074,2427,3483,4094,296,3100

test suite102
bestAPFD:0.910127
bestSuite:2372,2658,3555,1428,1593,1035,3495,4113,3227,615,2956,3064

test suite103
bestAPFD:0.926250
bestSuite:3556,1485,99,3194,3725,1532,4081,921,770,3677,4020,2026,2416,3114,3401,1677,3238,4111

test suite104
bestAPFD:0.917495
bestSuite:4006,3015,2437,3926,4058,968,4096,956,1101,1386,1060,2089,575,1880,2745,1201,689,3701,3783,473

test suite105
bestAPFD:0.915381
bestSuite:2826,4057,2058,798,93,1433,3777,941,1027,3371,4115,803,2009,1105,1463

test suite106
bestAPFD:0.892243
bestSuite:1949,3620,3982,1534,3403,2072,820,1799,4062,3393,2522,4098,1892,2753,3703,719

test suite107
bestAPFD:0.887763
bestSuite:2180,3441,2835,2964,2280,2371,775,1216,2606,4074,624,4091,3871,2659,1775

test suite108
bestAPFD:0.907619
bestSuite:3349,3839,2950,1713,1246,4060,2580,1651,4099,2433,3976,1540,86,3548

test suite109
bestAPFD:0.910014
bestSuite:3173,2324,2440,220,1797,4061,343,2789,1325,1933,4091,3056,3703

test suite110
bestAPFD:0.918769
bestSuite:3877,2643,2338,413,4101,3327,1478,2652,4062,934,1115,706,196,2250,1591,2650,3286,1806,2148

test suite111
bestAPFD:0.907586
bestSuite:3612,3948,2705,2365,3941,1919,2435,987,1127,1213,4062,4114,563,471,667,3837

test suite112
bestAPFD:0.907962
bestSuite:1794,2691,3993,2815,2839,4057,4087,1196,2607,1374,4055,3919,1292

test suite113
bestAPFD:0.902005
bestSuite:2359,3141,4033,1755,2357,1335,1792,3608,2221,671,4111,1982,2227,4076,376,2074,3212,2722

test suite114
bestAPFD:0.892142
bestSuite:3455,4050,1960,3595,3195,221,685,1400,866,798,3798,4096,4078,2031,2000,2074

test suite115
bestAPFD:0.897111
bestSuite:3266,2447,1638,3906,3129,2694,1734,653,1103,4075,83,4092,1944,4046,2719,3850

test suite116
bestAPFD:0.928096
bestSuite:2333,3066,1928,2778,2028,4108,4070,2772,880,1866,2400,1347,2609,3334,3209,129,1860

test suite117
bestAPFD:0.936732
bestSuite:2179,3073,1596,81,4114,1645,1119,4003,2345,4083,686,2678,1470,690,1454,3335,2341,2288,2245,2798,2827,1177

test suite118
bestAPFD:0.915993
bestSuite:1422,2492,4079,332,3496,1960,3484,4104,1333,1222,1666,2421,2110,2678

test suite119
bestAPFD:0.912251
bestSuite:3444,1422,3094,2061,1883,4110,79,2162,2166,1905,1667,3357,76,716,4074

test suite120
bestAPFD:0.881662
bestSuite:1633,3506,2746,107,2136,3345,2944,872,1334,2231,4060,2264,1596,4088

test suite121
bestAPFD:0.906803
bestSuite:2281,3752,3616,2516,2362,979,4077,4090,872,3857,2475,2645

test suite122
bestAPFD:0.914526
bestSuite:2344,3080,2386,3729,994,4063,2584,3101,1079,3150,1599,3340,4090

test suite123
bestAPFD:0.907450
bestSuite:3134,2375,931,3079,2327,2781,4070,2676,1799,1139,4102,2682

test suite124
bestAPFD:0.889206
bestSuite:2331,2945,1656,2825,3812,2855,2206,1061,1616,2007,1692,4076,1853,1,330,4089,780

test suite125
bestAPFD:0.912021
bestSuite:3668,2567,72,2406,4114,1424,1707,871,3460,1334,3790,2316,2986,2956

test suite126
bestAPFD:0.921264
bestSuite:3935,493,3876,3441,510,1606,1880,4072,4108,2190,3699,1015,1282,2687,419,2205

test suite127
bestAPFD:0.907836
bestSuite:3494,3980,3137,822,3666,3232,1779,2576,1355,2237,2995,4095,1040,1921,2169,1503,4069

test suite128
bestAPFD:0.915629
bestSuite:3465,2027,2510,2016,2301,1630,1115,788,2473,3550,4084,3496,2542,4108,2229,2424

test suite129
bestAPFD:0.928560
bestSuite:2954,3844,2479,1847,4089,2368,485,2306,1714,4062,3382,2471,1192,3418,682,884

test suite130
bestAPFD:0.923846
bestSuite:2826,3133,2104,1338,1946,3028,2021,1610,4084,254,3021,2309,2387,2357,4086,2221,2595

test suite131
bestAPFD:0.913887
bestSuite:2108,3012,3650,1776,4035,966,2090,799,386,4088,4080,2302,2208,1324,3276,979,3801,2994

test suite132
bestAPFD:0.921808
bestSuite:2609,3126,1525,3200,1581,1045,1553,2230,4090,794,4065,755,1463,3690,3701

test suite133
bestAPFD:0.906467
bestSuite:4026,3324,1437,2483,1471,1845,1316,4110,4073,754,449,2221,2838,2309,2336,989,372,2646,2417

test suite134
bestAPFD:0.907005
bestSuite:3809,2715,4023,2585,4091,2996,4041,1860,4059,1870,786,1563,997,1383,3852,414,3146,3862

test suite135
bestAPFD:0.883235
bestSuite:1459,2668,3402,2468,2653,661,2949,156,1886,4060,3880,2793,3482,188,2282,4100,951

test suite136
bestAPFD:0.906881
bestSuite:3080,3921,2315,4071,1828,778,3604,3846,3729,1535,4093,3873,3459,1212,274

test suite137
bestAPFD:0.884975
bestSuite:3873,2923,1598,3869,3903,2508,3046,983,1134,2865,105,3008,152,4068,4104,1010,2399,2279

test suite138
bestAPFD:0.930574
bestSuite:3134,2333,2975,264,4057,4113,3454,3137,3593,915,1012,1535,3711,1024,426,2866

test suite139
bestAPFD:0.907916
bestSuite:1425,3644,355,2840,3440,3007,2052,899,4107,684,4081,625

test suite140
bestAPFD:0.920299
bestSuite:2856,3012,647,2780,1818,4101,2081,4065,397,1970,3351,630,2920,2019

test suite141
bestAPFD:0.919300
bestSuite:2366,1508,3013,2406,2396,2113,4086,4084,3047,68,3174,427,3226,698

test suite142
bestAPFD:0.887039
bestSuite:3625,2374,2212,3339,1904,2800,3699,4068,4097,1290

test suite143
bestAPFD:0.929033
bestSuite:2080,3034,895,3449,4068,4105,3742,3375,3790,763,2164,3305,135,2355

test suite144
bestAPFD:0.908486
bestSuite:3556,2375,1571,1915,4099,768,4068,2548,18,3374

test suite145
bestAPFD:0.925263
bestSuite:3565,2066,3641,880,1052,3884,2896,4078,4089,2582,586,1676,1697,34,3989,3283

test suite146
bestAPFD:0.920104
bestSuite:2333,2257,4074,3757,200,1515,4110,3093,1029,2523,910,882,1512,1810,879,988,595,1935,908,1738

test suite147
bestAPFD:0.931905
bestSuite:2372,3854,2407,1739,1245,4097,4070,672,1831,1140,3785,2893,2678,2298,2288,2234,457,1767

test suite148
bestAPFD:0.903372
bestSuite:3502,2284,2087,1783,1484,3025,1920,3559,4060,1321,4105,3272,765,3801,3853

test suite149
bestAPFD:0.905089
bestSuite:3167,3992,926,2248,2670,2242,3458,3008,4088,4079,1050,3505,2101,2387,3005,2629

test suite150
bestAPFD:0.905397
bestSuite:3259,3796,926,2322,2112,260,4100,4059,2561,3472,3918,711,3823,922,2373,2944,1592

test suite151
bestAPFD:0.931198
bestSuite:3282,3254,1942,3575,3960,4115,2253,4061,1743,2041,1107,3876,2121,245,3073

test suite152
bestAPFD:0.912636
bestSuite:2856,2939,3128,2016,2499,4087,1668,4071,2207,1017,3475,2339,3017

test suite153
bestAPFD:0.913603
bestSuite:2344,3142,552,1707,2966,1884,4089,1281,4077,3380,3620,2810,3093,284,3445,1226

test suite154
bestAPFD:0.902277
bestSuite:3793,1920,3323,1728,1675,1800,3011,4080,3892,4114,2512,762,3852,3626,425,2262,1293,527,2702

test suite155
bestAPFD:0.904086
bestSuite:3221,2407,1879,3194,770,2396,909,2605,2517,4115,4060,3543,244,3599,2875,2079,616,1045

test suite156
bestAPFD:0.909754
bestSuite:2261,1843,3011,1932,639,2159,4062,2278,4094,2494,3234,3302,676,242,630

test suite157
bestAPFD:0.917602
bestSuite:1425,3267,3090,34,3177,2253,1245,4100,960,427,4076,3276,1268,1938,1253,2740,1446,3567

test suite158
bestAPFD:0.925806
bestSuite:1945,3490,2437,2711,1034,941,4115,4069,3969,1559,2941,2093,991,3744,1752,1637

test suite159
bestAPFD:0.891224
bestSuite:2766,2560,3042,795,2314,2791,4041,4091,849,3307,3805,4072

test suite160
bestAPFD:0.926746
bestSuite:2372,2995,111,1002,4074,705,2781,1335,1842,1601,2715,3698,4112,2175,2903,3546,729,2368

test suite161
bestAPFD:0.912851
bestSuite:3628,3924,1814,1666,3214,755,980,1183,4104,3249,2956,1187,2255,2504,297

test suite162
bestAPFD:0.919863
bestSuite:3665,2058,4103,662,958,2666,4067,2961,1115,2803,2270,3187,735,213,1525,990,2696

test suite163
bestAPFD:0.902945
bestSuite:3928,2406,2184,1914,970,1384,859,4074,1807,4092,3593,79,1174,2400

test suite164
bestAPFD:0.914808
bestSuite:2333,3976,1739,2415,3293,4065,1449,691,1898,4111,2489,3651,4046

test suite165
bestAPFD:0.919875
bestSuite:3841,2398,1864,3126,3857,2683,2206,791,4093,2793,948,1267,4072,3729,434,492,1340

test suite166
bestAPFD:0.933104
bestSuite:2179,3841,1853,4099,4074,819,3746,1696,1088,968,3180,2419

test suite167
bestAPFD:0.928419
bestSuite:3278,2898,3769,2976,3839,1590,4058,1354,2752,4095,3342,2364,3895,2771

test suite168
bestAPFD:0.922446
bestSuite:3178,3583,2794,1600,4073,4099,860,901,2392,1000,849,377,2135

test suite169
bestAPFD:0.902711
bestSuite:3521,2139,3855,1978,3015,668,4076,2557,4107,2897,3281,502,2713

test suite170
bestAPFD:0.913456
bestSuite:3781,2836,3012,3493,3263,2787,4108,1556,4085,3849,3294,3261,452,647

test suite171
bestAPFD:0.893645
bestSuite:2666,3433,2691,622,565,1691,3973,4066,1789,1863,4111,1383,1494,551,1743,1711

test suite172
bestAPFD:0.916638
bestSuite:3517,566,1614,4115,4069,2001,413,3859

test suite173
bestAPFD:0.911823
bestSuite:3349,3313,2883,965,2563,3446,828,4087,4078,3766,3732,2411,872

test suite174
bestAPFD:0.901629
bestSuite:2917,1817,2560,3493,4097,1696,3606,1487,4079,884,570,1507,1528,693,3334,1910,1095

test suite175
bestAPFD:0.915550
bestSuite:2834,3524,881,3494,677,4088,1707,3062,4064,3560,3912,3674

test suite176
bestAPFD:0.888983
bestSuite:3595,2036,1538,931,2703,3876,3864,1561,1807,2268,2171,2685,1292,4107,1183,2956

test suite177
bestAPFD:0.928944
bestSuite:3868,3665,806,4098,1086,1777,1995,2854,998,4071,3182,775,3497,16,2195,663,2015,1167,720

test suite178
bestAPFD:0.916473
bestSuite:2628,699,3663,697,664,2243,2956,4087,1378,4055,2793,3307,641,2636,1512,3224,3790,3118,2468

test suite179
bestAPFD:0.933700
bestSuite:3717,1665,757,664,4073,4088,1550,3340,2567,1256,910,2474

test suite180
bestAPFD:0.926468
bestSuite:2275,1757,3040,2488,4068,4104,2841,141,2139,3437,4006,751,1557,2603

test suite181
bestAPFD:0.938826
bestSuite:2521,3052,4105,1894,4061,2360,3098,669,1579,1676,2862,1545,2550,4017,2075,2166,3692,239

test suite182
bestAPFD:0.904766
bestSuite:2492,3920,119,1256,1831,2418,1250,1365,4064,2279,735,4101,3983,347,3601,2542

test suite183
bestAPFD:0.915096
bestSuite:2032,3097,417,2101,2193,2253,1799,3828,4072,1608,4095,577,367,659,3218,3412,1393,1791

test suite184
bestAPFD:0.901782
bestSuite:2509,3225,1622,2130,2194,887,2950,2956,1125,1825,1655,4105

test suite185
bestAPFD:0.918974
bestSuite:2145,3354,3557,2991,4095,1115,3422,4083,2386,1935,2123,2847,2998

test suite186
bestAPFD:0.913490
bestSuite:3749,1945,3071,3012,4075,2150,258,4113,3990,1237,4028,221

test suite187
bestAPFD:0.916105
bestSuite:2369,3769,2925,4017,3921,2429,2016,4105,1575,2062,2458,312,1120,2773,812,3925,4075

test suite188
bestAPFD:0.920918
bestSuite:2301,3242,2497,628,1364,2808,4104,4082,511,1886,2361,1010,3137,2604,1055,253

test suite189
bestAPFD:0.918292
bestSuite:2521,465,3863,1534,1086,3884,4057,3998,4101,1472,2157

test suite190
bestAPFD:0.884980
bestSuite:2862,2099,3057,1715,1931,2220,2731,493,202,2919,4115,3132,1383,2952,1629,1254,4045,2956,1058,2865,3364,4019

test suite191
bestAPFD:0.914371
bestSuite:3794,2032,3657,937,36,703,4102,2140,4076,2543,1426,1545,656,3949,3910,3562

test suite192
bestAPFD:0.909760
bestSuite:3043,2332,969,437,117,1365,4085,1542,1395,4114,1009,4037,2543,3476,3615,2464,1996,3789

test suite193
bestAPFD:0.896720
bestSuite:3706,2060,3316,3899,2288,1290,2583,877,904,1661,474,1380,3731,1853,4100,743,4068,3223

test suite194
bestAPFD:0.887440
bestSuite:3616,771,2376,2007,741,519,2473,4111,3864,1496,4058,1097,1300,3103,3636

test suite195
bestAPFD:0.920087
bestSuite:2275,3847,2104,3645,3769,4086,2986,990,296,2081,2130,1983,4061,3614,2615

test suite196
bestAPFD:0.921294
bestSuite:3349,3131,1596,2447,1115,719,3677,4058,1703,1951,4094,2627,3901,524,92,2760

test suite197
bestAPFD:0.929871
bestSuite:2372,3767,2691,3222,2787,1725,4073,1763,4108,1887,3182,2597,499,2089,23,58,796

test suite198
bestAPFD:0.907295
bestSuite:2163,3698,2593,3029,3398,2006,4099,4057,2530,475,2865,1609

test suite199
bestAPFD:0.936052
bestSuite:2179,3203,4097,2925,1085,2988,4067,2438,2127,3570,945,2952,770,1248,454,2017

test suite200
bestAPFD:0.910341
bestSuite:2082,3841,3358,1515,2140,4072,2555,4103,2230,4034,3170

test suite201
bestAPFD:0.904829
bestSuite:3570,862,504,2338,3852,2166,3243,1287,4110,4079,955,1254,1923,1616,2322,3675

test suite202
bestAPFD:0.920543
bestSuite:3556,2193,2698,4096,1590,3078,2549,4074,14,874,2879,446,171,3462,2543

test suite203
bestAPFD:0.934567
bestSuite:2632,3637,2718,3763,4068,1361,4106,3644,3249,3122,3243,3999,435,681,44

test suite204
bestAPFD:0.888231
bestSuite:3928,2432,3167,3580,942,3051,4104,4066,2199,2589,3433

test suite205
bestAPFD:0.919382
bestSuite:3991,662,3769,1365,2063,4099,1200,4059,993,2058,86

test suite206
bestAPFD:0.931103
bestSuite:3517,2503,1462,4110,1981,1320,4070,4010,3194,55,1624

test suite207
bestAPFD:0.922284
bestSuite:3208,909,3657,3540,1514,809,4073,4104,1384,3068,1596,1170,2631,1190,1802

test suite208
bestAPFD:0.905745
bestSuite:2595,2035,4010,512,2631,1648,4086,820,4075,3794,1460,53,1034

test suite209
bestAPFD:0.926342
bestSuite:3333,3665,2270,4078,2155,3505,2512,2523,4105,765,3904,2374,2879,411,1174,2288,2893

test suite210
bestAPFD:0.894889
bestSuite:2564,3637,920,2627,4067,4034,2412,1351,3862,4105,2825,2239,408

test suite211
bestAPFD:0.914231
bestSuite:3448,3206,2098,230,1640,2240,4083,4090,2806,1099,3706,3895,2892

test suite212
bestAPFD:0.899757
bestSuite:3570,2705,3620,2016,1016,4093,4068,4050,1467,240,1995,1065

test suite213
bestAPFD:0.897169
bestSuite:3282,3841,708,4077,4098,3980,2929

test suite214
bestAPFD:0.881755
bestSuite:4032,2139,1911,392,976,2753,747,733,2507,3354,1033,4086,2312,1222,4071

test suite215
bestAPFD:0.906521
bestSuite:3848,1707,3052,2351,2853,3957,1648,4099,1967,1209,2403,4075,891,304,543,3483

test suite216
bestAPFD:0.891694
bestSuite:3490,2649,774,2971,778,3921,3731,3549,4061,4105,2395,1579

test suite217
bestAPFD:0.890574
bestSuite:4031,2517,3386,3323,2891,927,642,1506,2541,4067,4089,696,949,1122,1989

test suite218
bestAPFD:0.900216
bestSuite:3203,3184,2030,2398,785,3239,45,2365,4081,1835,1302,4112,2473,1974,2971,475,1968

test suite219
bestAPFD:0.915506
bestSuite:3529,3984,2517,1691,2989,4095,889,2490,560,3423,4080,1718,3188,427,1545,3929,2267,2481

test suite220
bestAPFD:0.910379
bestSuite:2755,3066,1586,2338,2927,978,3492,1200,1713,4110,2914,1569,3846,70,4085

test suite221
bestAPFD:0.892146
bestSuite:3137,3490,3401,650,3010,195,3886,748,1557,4087,4078,3226,385,800

test suite222
bestAPFD:0.925912
bestSuite:2834,3288,2365,999,1837,2728,4109,1270,2640,1484,359,4073,3869,142,1424,1401

test suite223
bestAPFD:0.883801
bestSuite:3502,2277,655,1806,936,73,1942,3723,988,4104,1783,815,4078,1316

test suite224
bestAPFD:0.932452
bestSuite:2521,175,4074,2781,853,2700,3584,4113,2492,1036,385,3077,1952,3471,1658,3843,3813

test suite225
bestAPFD:0.910158
bestSuite:3840,2548,2230,2329,391,642,1072,1498,3617,4107,1845,3159,3958,4065

test suite226
bestAPFD:0.938847
bestSuite:2179,3043,2162,1951,4057,4095,3509,994,3642,2123,24,3745,1658,115,2269,1146,1902,3734,3420

test suite227
bestAPFD:0.901670
bestSuite:3554,467,1672,2402,741,1900,4097,4072

test suite228
bestAPFD:0.915438
bestSuite:2082,3034,2180,1506,4109,3537,2176,3198,3872,520,3920,4071

test suite229
bestAPFD:0.923079
bestSuite:3872,2584,2540,2014,2888,619,4115,4057,776,1119,2406,2383,3147,1,893,2322,1111,1566,2152

test suite230
bestAPFD:0.925115
bestSuite:2275,2980,2633,546,2327,4089,1478,2054,2988,796,836,1146,4074,3347,1326,2643,3038,2254,56

test suite231
bestAPFD:0.919289
bestSuite:3258,2425,2633,2703,790,2540,1527,1941,4063,658,4096,727,752,3544,1728,869,2089

test suite232
bestAPFD:0.903977
bestSuite:2427,3767,1692,1690,2716,3802,3181,1451,2491,994,2480,1917,4084,4098,1147,1156,3180,559,3321,2156

test suite233
bestAPFD:0.903085
bestSuite:3026,1884,2362,3381,2593,4108,1091,4078,3325,705,3103

test suite234
bestAPFD:0.909015
bestSuite:2633,3433,1608,1451,437,754,1431,2204,3360,420,4098,2453,1010,3456,1307,4060

test suite235
bestAPFD:0.920366
bestSuite:2548,2722,3805,635,2763,1014,1682,4065,533,518,4111,417,1316,3549,3111,1460,2298,1574

test suite236
bestAPFD:0.888174
bestSuite:2119,2471,646,2651,3451,1797,3166,917,4072,2338,4102,2739,2245,1312,1444,1368,609

test suite237
bestAPFD:0.910944
bestSuite:2333,3418,2357,566,2835,4115,3042,2030,4083,969,106,2612,3776

test suite238
bestAPFD:0.894741
bestSuite:2253,3354,3176,908,3540,4053,636,3982,4104,4079,1503,2363,792

test suite239
bestAPFD:0.892017
bestSuite:3417,3455,1688,3901,1783,2990,802,1192,4020,1727,3204,637,4071,4100,680,3732,2391

test suite240
bestAPFD:0.933876
bestSuite:2690,3907,2736,1990,4103,4029,1326,529,4069,2939,2062,874,3490,1796,2930,119,2204

test suite241
bestAPFD:0.915626
bestSuite:4054,3129,2016,4027,2119,2162,4081,4098,1614,3321,3232,3673,1821,2265,1399,680,2833,3370,2846

test suite242
bestAPFD:0.910770
bestSuite:3324,2945,3580,3604,4113,747,1689,1241,2055,3760,4076,258,2997,1920

test suite243
bestAPFD:0.900681
bestSuite:3192,2267,3869,4015,2673,1693,3157,4083,1562,2967,4093,1996

test suite244
bestAPFD:0.924014
bestSuite:3841,2944,852,2496,1547,3870,4090,4084,734,1474,815,2887,393,3813,912,1340,1042

test suite245
bestAPFD:0.940755
bestSuite:3517,228,4091,1583,2435,4062,895,3984,844,4015,2985,2019,851,1899,955,1182,4051,637

test suite246
bestAPFD:0.925413
bestSuite:3178,2814,1839,1611,2432,3249,4089,4062,736,1661,3488,1848,1834,2549

test suite247
bestAPFD:0.884054
bestSuite:3666,3529,1459,2235,3399,1967,2231,2254,4088,4064,1796,1026,1331,389,2807

test suite248
bestAPFD:0.926655
bestSuite:2337,3907,2569,3448,1644,2286,1361,21,4087,911,3422,2858,227,2719,1104,1542,496,4065

test suite249
bestAPFD:0.903573
bestSuite:3086,703,2052,3183,3836,1697,3206,1557,4107,2703,3844,4077,2946,869,1685,431

test suite250
bestAPFD:0.912327
bestSuite:3006,2661,2835,2839,2687,891,1625,4089,3594,2727,2141,2063,4075,2494,1561,1289,522,2988,2859,1690,1143

test suite251
bestAPFD:0.903589
bestSuite:2028,3645,1480,2710,2026,3548,4097,1895,2739,2566,4062,1704,1200,763,1890

test suite252
bestAPFD:0.922477
bestSuite:3984,3670,2561,673,1351,726,1688,1755,4102,2956,3826,2286,3368,3272,517,1219,2801,352,2429,1080,1111,1366

test suite253
bestAPFD:0.925222
bestSuite:2615,3921,2068,2198,1549,3502,4077,4107,698,3542,1453,2798,3462,75,787,1559,2728,1289,2390,2687,621

test suite254
bestAPFD:0.900004
bestSuite:2499,1024,1748,3131,2745,2162,3807,878,3762,1644,3027,2363,4100,247,1472,1923,3120,4061

test suite255
bestAPFD:0.933684
bestSuite:2761,3899,2836,887,1243,1251,4094,219,4076,2111,511,2949,2787,836,3475,2619,3579,282

test suite256
bestAPFD:0.925071
bestSuite:2609,3124,1748,4092,4071,851,1417,3339,1436,2728,3983,2286,768,23,1988,3707

test suite257
bestAPFD:0.901652
bestSuite:3477,2389,1667,2030,546,3272,632,1430,1033,4110,3979,2404,2313,4068,415,974,2037,1857

test suite258
bestAPFD:0.923735
bestSuite:3554,93,3208,4105,3974,2159,1251,2956,3389,3784,3149,1276,1663

test suite259
bestAPFD:0.905080
bestSuite:3034,923,290,2099,2001,4072,3725,908,4090,1871,1158,3951,999,875,3238,3334,990

test suite260
bestAPFD:0.937635
bestSuite:3717,1875,3006,2778,4104,4071,3590,1692,656,2750,640,3768,138,3813

test suite261
bestAPFD:0.878744
bestSuite:1814,2939,3017,2839,2985,2250,4103,4069,1286,3941

test suite262
bestAPFD:0.935188
bestSuite:3991,3282,795,4106,3055,4076,1645,3203,894,3628,270,3134,3656,121

test suite263
bestAPFD:0.919212
bestSuite:3173,3927,728,1873,679,4108,1603,2886,1957,129,2993,3041,1321,4064,2969,3436,3952,626,250

test suite264
bestAPFD:0.928444
bestSuite:3278,2270,3791,2397,4085,3804,3767,1981,4086,402,3201,1050

test suite265
bestAPFD:0.905094
bestSuite:2538,3973,200,2888,3360,1942,2697,57,4111,1263,2083,4059,3950,3825,1587,1435

test suite266
bestAPFD:0.897096
bestSuite:2852,886,2302,3970,2068,2875,1509,820,260,1560,2407,1098,4099,4059,1328,2077,1219,902

test suite267
bestAPFD:0.893695
bestSuite:3973,2104,1517,378,3548,3583,3689,3402,1397,3284,4104,2368,1626,4084,2821,3459

test suite268
bestAPFD:0.919851
bestSuite:3787,1757,3911,147,4083,2491,1206,2361,3271,1417,2486,896,4094

test suite269
bestAPFD:0.908210
bestSuite:2724,2408,4061,914,411,1897,3362,1659,2530,2013,2910,4086

test suite270
bestAPFD:0.901360
bestSuite:1493,3174,2755,2590,1812,2649,1331,3851,4057,4105,2528,51,1358

test suite271
bestAPFD:0.890802
bestSuite:3272,2823,794,2293,1750,1461,1595,1936,1393,3762,953,4075,3342,1497,54,1190,506,4090,2550

test suite272
bestAPFD:0.908618
bestSuite:3748,2564,2401,2129,956,3492,3290,3426,4084,148,1514,957,4113,3525,1955,3533,1192

test suite273
bestAPFD:0.918673
bestSuite:3192,345,3033,2248,874,4102,4082,2550,2448,2996,3507,3237,256,1850,1887,912

test suite274
bestAPFD:0.896869
bestSuite:2762,3094,2026,546,740,4086,3929,1658,1395,1651,4060,2585,3904,679,3931,3091,1607

test suite275
bestAPFD:0.919563
bestSuite:3333,244,924,749,4058,3929,1507,663,1251,882,4102,2194,2043,4021,2742,3096,902,2990,524

test suite276
bestAPFD:0.923232
bestSuite:3625,2737,3243,1724,3758,1943,1487,4059,1355,4088,3420,3615,3315,1738,744,1647,3510,2232,3041

test suite277
bestAPFD:0.923768
bestSuite:3935,2615,2623,917,4114,1334,1784,3872,1141,3793,4060,2973,2658

test suite278
bestAPFD:0.910683
bestSuite:2035,3917,3890,3815,789,3488,1095,4077,212,4113,1767,405,891,406,1974,1874

test suite279
bestAPFD:0.925847
bestSuite:3346,1281,3665,4103,2839,1131,4079,3590,27,916,786,2232

test suite280
bestAPFD:0.911847
bestSuite:2521,3868,465,1480,3751,3817,2192,4071,4088,877

test suite281
bestAPFD:0.922401
bestSuite:2761,1483,3119,626,2935,1583,1388,2217,4098,4082,1485,1766,622,3061,3699

test suite282
bestAPFD:0.913137
bestSuite:3388,1438,3242,3485,4059,1859,2864,1263,1976,767,2733,75,4106,4053,2308,2577

test suite283
bestAPFD:0.920910
bestSuite:2281,2898,3360,1602,2406,3165,3017,4071,4091,2180,1273,1223,1275,3021

test suite284
bestAPFD:0.917426
bestSuite:1617,3625,2353,3192,1095,4082,4088,2545,2989,1611,2953,1849

test suite285
bestAPFD:0.879434
bestSuite:2839,2996,2666,141,2699,1544,3363,2195,4112,3379,1193,3314,4058

test suite286
bestAPFD:0.894035
bestSuite:3898,715,2149,2837,1897,2367,3664,1111,1706,2293,4061,1960,2579,4115,2043,341

test suite287
bestAPFD:0.891965
bestSuite:663,3063,2428,2149,1713,1773,1187,2714,934,3643,4072,2585,3805,4088,1478

test suite288
bestAPFD:0.891201
bestSuite:2511,2737,3576,3522,1664,3136,1429,4111,810,4063,2006,2808,1697,1161,2571

test suite289
bestAPFD:0.916369
bestSuite:3069,3266,834,2927,4071,2332,726,640,2886,2508,4101,2113,1291,3837,48,2201,1988,2352

test suite290
bestAPFD:0.926121
bestSuite:1617,3257,522,3493,3221,1256,4086,3978,4068,2581,844,3687,740,551,53,1203,3269

test suite291
bestAPFD:0.912307
bestSuite:2102,1584,3066,2078,2351,437,717,3884,4100,3696,4062,699,710,2967,2419,2802,1050,693,399

test suite292
bestAPFD:0.898101
bestSuite:2058,891,3420,2564,2731,3007,1995,4066,2733,2713,34,3586,2039,4110,528,1787

test suite293
bestAPFD:0.939139
bestSuite:3219,3013,1086,703,4094,2575,3876,4069,1586,3291,362,1479,2093,3091,1332,69,1144

test suite294
bestAPFD:0.919621
bestSuite:3524,1811,2733,3407,2876,4068,1472,2870,880,1018,2368,973,2608,2377,2587,4103

test suite295
bestAPFD:0.936183
bestSuite:2179,3182,2902,2863,4115,3262,841,4082,2224,4037,1576,2452,2231,2063,2663,27,1266

test suite296
bestAPFD:0.921892
bestSuite:3966,2008,3469,3384,2845,2603,3675,3859,4107,4077,2067,3790,3855,1872

test suite297
bestAPFD:0.894666
bestSuite:3587,767,2791,3873,1504,2237,1020,3488,1481,4064,1586,4095,1376

test suite298
bestAPFD:0.921711
bestSuite:3556,2871,2427,1793,1643,2745,4058,4106,3611,2102,2449,2402,1077,759

test suite299
bestAPFD:0.889248
bestSuite:3433,2418,2124,1442,2455,2682,3062,4098,1289,1613,1101,1772,2695,4069,3759

test suite300
bestAPFD:0.905779
bestSuite:2898,3630,820,1780,715,3929,2964,2024,4105,3806,3566,2698,4074,1333

test suite301
bestAPFD:0.902076
bestSuite:3615,2506,2706,3206,8,1870,768,4092,1091,3575,4069,1320,2505

test suite302
bestAPFD:0.914048
bestSuite:2337,1657,11,3728,1390,2058,4071,1435,1820,2394,640,4092

test suite303
bestAPFD:0.926584
bestSuite:3448,2509,4078,1548,72,3343,3483,1600,1480,4102,2502,1763,3397,2148,1280,1411,3044

test suite304
bestAPFD:0.909780
bestSuite:3026,827,2124,2825,3620,1726,637,281,1138,743,4095,868,4060,1916,3795,1898

test suite305
bestAPFD:0.919789
bestSuite:3628,3927,1690,3640,677,1417,3833,4111,29,2282,3755,1162,3089,823,1036,1327,4065

test suite306
bestAPFD:0.909166
bestSuite:3628,3984,2062,4026,1924,4108,1714,1059,3809,4057,1230,1895

test suite307
bestAPFD:0.908502
bestSuite:2112,3494,787,654,474,2013,835,972,1584,2746,4087,3414,1240,2243,1763,2881,408,849,2442,2956

test suite308
bestAPFD:0.939037
bestSuite:3517,2044,732,1434,4089,4060,2487,3590,1883,2679,2193,3196,291,3550,1974

test suite309
bestAPFD:0.908081
bestSuite:2954,3071,1553,2329,4065,4106,1035,2723,2604,3681,927

test suite310
bestAPFD:0.919118
bestSuite:3868,2060,160,2528,3221,3252,1410,2676,1567,4112,4083,2350,2343,2746,3370,814

test suite311
bestAPFD:0.908053
bestSuite:3349,3688,504,3361,953,1120,2009,4089,3709,3047,39,4068

test suite312
bestAPFD:0.917522
bestSuite:3267,2270,2166,1720,2255,1161,2711,4074,1826,1484,3145,3547,3584,2241,4091

test suite313
bestAPFD:0.888057
bestSuite:3611,636,2363,3370,375,1507,1510,3551,2531,1402,4061,1079,1553,461,371,4087,3725,3804

test suite314
bestAPFD:0.923097
bestSuite:2898,1486,3469,3686,1955,4093,4084,1127,1607,3934,511,1145,775,1609,2278,3588

test suite315
bestAPFD:0.905836
bestSuite:3324,2537,1437,1641,3176,1801,3029,2717,4063,4036,4113

test suite316
bestAPFD:0.922194
bestSuite:3612,2035,4026,3325,772,4109,3199,1396,4072,312,102,2047,3123,1788,567,3413

test suite317
bestAPFD:0.912789
bestSuite:3313,1547,2180,2522,2840,1909,1032,345,4090,4073,990,2507,352,3719,85,2141,893

test suite318
bestAPFD:0.889991
bestSuite:2524,1790,2722,3181,1139,754,4111,506,4065,1177

test suite319
bestAPFD:0.921866
bestSuite:2724,3195,3683,809,3374,4113,943,4066,989,2625,2897,1484,995

test suite320
bestAPFD:0.912850
bestSuite:2700,3982,1020,688,2598,2249,3761,4045,834,902,3683,4089,649,3351,4059

test suite321
bestAPFD:0.925289
bestSuite:3517,2471,2658,1661,4065,1778,2212,4089,673,2456

test suite322
bestAPFD:0.903920
bestSuite:2567,1584,3874,2477,3661,1750,1619,4075,3329,954,1869,4091,3870,3650,2807

test suite323
bestAPFD:0.881494
bestSuite:1533,3802,1378,2853,242,1125,496,504,1778,1654,3807,783,2198,4108,2744,3775,4060,597,634,4034,2760

test suite324
bestAPFD:0.888414
bestSuite:2796,899,1997,3332,3891,938,1683,1229,2952,4111,2573,367,4076,3719,1546

test suite325
bestAPFD:0.911616
bestSuite:2337,3689,2598,4068,2798,1770,2943,1184,893,4101,3073,3910,2603,2374,1167,3438,3805

test suite326
bestAPFD:0.905259
bestSuite:1945,3848,3040,3272,2458,4075,3530,4112,290,2130

test suite327
bestAPFD:0.914703
bestSuite:3267,3907,2488,3928,3833,4099,1507,4058,3064,3675,1827,1063,2389,1921

test suite328
bestAPFD:0.929130
bestSuite:3346,40,3263,1422,3892,1610,3628,4110,1784,720,117,1344,4074,3154

test suite329
bestAPFD:0.920832
bestSuite:3231,2854,2706,4060,1835,1465,2660,3311,3764,2085,263,619,4089

test suite330
bestAPFD:0.897133
bestSuite:2058,2447,3187,4093,1034,714,2787,2463,3626,2780,4057,3419,3303,3193

test suite331
bestAPFD:0.923232
bestSuite:2422,3190,2567,2459,2745,687,4064,1023,3973,4100,899,3327,171,3542,3344

test suite332
bestAPFD:0.912909
bestSuite:2595,1794,3411,4107,2294,1950,483,3645,4061,3978,888,2838,3002,2255,1787,2089,2093

test suite333
bestAPFD:0.920556
bestSuite:2163,3411,1495,1546,2322,1433,1331,4085,1963,4093,3093,877,3474,3957,3938,179,3293

test suite334
bestAPFD:0.896205
bestSuite:2709,3718,2464,2221,1655,667,444,2268,1591,1705,2863,2208,4061,4102,3063,3885

test suite335
bestAPFD:0.927843
bestSuite:3178,797,3603,3033,3699,4067,1477,4089,2198,2696,1916,450,1729,3429,1032,773,3224

test suite336
bestAPFD:0.900380
bestSuite:3388,1746,4050,677,2683,2697,4075,1355,2548,900,4105,2383,719,2862

test suite337
bestAPFD:0.922254
bestSuite:2164,3040,1897,1870,4106,4059,2286,524,4051,15

test suite338
bestAPFD:0.898267
bestSuite:3822,3133,1776,3608,820,2162,221,2838,1666,4107,30,2075,1835,4069,1609

test suite339
bestAPFD:0.907025
bestSuite:2115,1780,2839,4079,2253,3673,1256,2792,4111,3669,3402

test suite340
bestAPFD:0.909464
bestSuite:2506,3014,3529,826,3509,4087,3360,4062,1631,1914,3496,2786,3722,2256,2330,629

test suite341
bestAPFD:0.922311
bestSuite:3964,1811,1547,3650,1345,2956,4048,594,3093,2074,4101

test suite342
bestAPFD:0.904307
bestSuite:2761,3333,3017,3885,4034,4063,2862,4112

test suite343
bestAPFD:0.909899
bestSuite:2301,2014,2203,3141,795,2853,1169,3791,2956,46,612,3106,1309,1545,3514,4090

test suite344
bestAPFD:0.901370
bestSuite:2791,3766,2575,3548,1801,1653,3894,3009,788,4105,1749,1484,3397,2526,2821,450,3163,4060

test suite345
bestAPFD:0.894335
bestSuite:2668,3131,2081,3323,752,1944,1857,4071,1000,710,4090,445,3954,2610

test suite346
bestAPFD:0.930403
bestSuite:3771,2485,3703,1911,1437,4085,2948,4097,386,4046,2618,2896,2927,3619,1999

test suite347
bestAPFD:0.899371
bestSuite:2083,3491,4032,268,3742,1361,976,3917,665,4067,2950,2141,3782,4110,2266,2872

test suite348
bestAPFD:0.907486
bestSuite:1487,3495,3488,2247,2428,2950,2854,1676,4102,4059,844,2756,3729,898,3352,2825,3168

test suite349
bestAPFD:0.933816
bestSuite:3717,856,837,2695,3854,4106,3410,4065,3748,28,3948,802,947

test suite350
bestAPFD:0.904714
bestSuite:3242,866,2814,1943,2166,370,2297,4061,3177,1552,1378,769,2930,2788,4093,1070,3130,1447

test suite351
bestAPFD:0.921027
bestSuite:3346,2253,3487,1655,3505,1354,4088,1325,4059,3608,2944,937

test suite352
bestAPFD:0.912986
bestSuite:3092,2596,1817,3846,4108,3010,1790,2197,4084,1364,214,2744,2448

test suite353
bestAPFD:0.905231
bestSuite:2537,3167,765,3552,3295,432,3463,725,4075,1836,3591,1397,516,4093,3185,3562

test suite354
bestAPFD:0.912685
bestSuite:2633,1769,2220,3237,2387,1572,688,2343,2827,1933,2882,4097,4084,1356,721,151,3161,2474,1428

test suite355
bestAPFD:0.905720
bestSuite:2826,3494,2243,643,3659,1168,1930,4079,2996,4099,2283,3881

test suite356
bestAPFD:0.917919
bestSuite:3665,1772,3495,2060,3710,1169,1830,4097,776,4059,1626,323,3438,3574,1317,1469,1367

test suite357
bestAPFD:0.895565
bestSuite:3822,2240,2229,1710,11,3295,2528,2402,1599,848,3828,4074,4096,333,1395,878

test suite358
bestAPFD:0.895989
bestSuite:3094,4054,1641,3036,2943,1988,839,3099,3524,4076,4104,3720,506,2271

test suite359
bestAPFD:0.933261
bestSuite:3231,2008,3846,1193,699,1426,4109,4066,2364,769,3983,848,3851,3505,2965,91,2830,2480

test suite360
bestAPFD:0.888454
bestSuite:3972,2257,2643,3635,859,87,1361,3770,2865,2846,868,980,2317,4060,4101

test suite361
bestAPFD:0.913629
bestSuite:3657,3225,1819,2899,3817,1121,2219,4072,4113,3245,183,2950

test suite362
bestAPFD:0.931261
bestSuite:3278,336,801,1883,3235,2255,4064,4090,3834,2268,3363,1659,1124,2651,210,3188,3919,1351

test suite363
bestAPFD:0.909986
bestSuite:2163,3399,3426,3352,4089,1558,2274,1334,338,4060,2748,2257,2553

test suite364
bestAPFD:0.891752
bestSuite:3706,865,3552,842,2408,1437,2204,3750,2254,4096,831,4059,1812,2500,1216

test suite365
bestAPFD:0.939484
bestSuite:3517,466,4102,1847,4085,3310,2054,2014,1668,1599,2263,2229,857,1254,1472,1322

test suite366
bestAPFD:0.915899
bestSuite:3984,1649,2767,2416,3756,98,2400,4113,1263,3610,4073,2174,2466,730,473,1626,3352,3970,2443

test suite367
bestAPFD:0.907280
bestSuite:3521,1713,3484,446,1235,2707,2921,781,1911,1465,4087,2068,1342,388,870,2680,117,3579,4064

test suite368
bestAPFD:0.905827
bestSuite:2595,2032,3016,1555,781,2768,761,4099,2717,3642,4066,3659,2208

test suite369
bestAPFD:0.918717
bestSuite:3353,1720,2163,2432,2373,3746,4086,3117,2956,2891,1699,2572,1160,1173,1508

test suite370
bestAPFD:0.899686
bestSuite:868,3221,352,2907,2302,2949,4101,1085,809,4063,2159,3817,2456,442,1377,3775,2915

test suite371
bestAPFD:0.913393
bestSuite:4011,2954,1739,328,2100,2089,4065,861,4104,1345,3104,130,595

test suite372
bestAPFD:0.922789
bestSuite:3324,1861,2854,2011,13,1905,1882,4069,3927,798,2907,3533,3775,3296,2250,2200,3421,4111

test suite373
bestAPFD:0.910808
bestSuite:3784,2455,3529,1452,863,1606,3737,1824,990,4088,2853,2562,2349,2931,4076,3155

test suite374
bestAPFD:0.906718
bestSuite:3026,1446,2599,3469,1609,2118,2584,4112,1165,4064,3718,1674,1183

test suite375
bestAPFD:0.907894
bestSuite:2509,3249,940,2854,977,2999,842,2486,3008,4093,3187,2796,732,850,4063

test suite376
bestAPFD:0.926363
bestSuite:2724,3094,4049,4076,2212,1866,2691,2130,1646,3005,735,305,2713,1333,4102

test suite377
bestAPFD:0.897909
bestSuite:3645,2491,594,2914,1438,1551,4072,1465,2855,2707,4097,2971,783,75,359,265

test suite378
bestAPFD:0.916307
bestSuite:2344,3473,1813,2787,1837,2616,4092,1388,2229,4065,3663,3689,2068,1566,3636,257,777

test suite379
bestAPFD:0.921126
bestSuite:4049,1913,4106,2368,3208,1745,1015,916,3805,3140,2874,2807,2071,3714,1624,2574,2974,2094,4073,748

test suite380
bestAPFD:0.918462
bestSuite:2422,3198,2722,1477,2377,1096,841,4061,4115,1279,1058,3045,3386

test suite381
bestAPFD:0.921643
bestSuite:3716,1809,3313,1819,1985,2985,1122,4081,1832,3483,3364,4094

test suite382
bestAPFD:0.911339
bestSuite:3705,3381,2917,3490,2975,3994,4101,1963,3522,1572,435,2095,4081,1020,1737,1614,1467,2900

test suite383
bestAPFD:0.915880
bestSuite:3935,3868,351,2059,1614,4068,4101,1378,865,3894,3861

test suite384
bestAPFD:0.897202
bestSuite:2906,3455,2406,466,1914,253,3489,2379,4098,1900,4080,1251

test suite385
bestAPFD:0.900873
bestSuite:2244,2871,3504,2341,640,3447,853,1240,878,4100,4073,668,326,196,1212,1141,1386,3661,3139

test suite386
bestAPFD:0.937940
bestSuite:2632,3006,2127,2921,4102,4060,3063,2749,656,726,1758,3079,520,252,660,1537

test suite387
bestAPFD:0.910242
bestSuite:3625,819,3927,2166,404,1789,1072,1496,1614,4077,2561,299,4095,2520,1117,2475,3744

test suite388
bestAPFD:0.919107
bestSuite:1852,3326,3679,2581,1848,4048,1967,1119,4075,524,4102,3386,3593,2885,3863,999,1630,3003

test suite389
bestAPFD:0.893681
bestSuite:1647,3327,2060,1186,2807,122,2687,1742,1059,4067,2979,4106,971,4025,812,3739,221,731,1501,3378

test suite390
bestAPFD:0.929512
bestSuite:3306,2562,3149,3329,1962,4063,1985,4088,1098,2161,3504,80,2705,2531,3184

test suite391
bestAPFD:0.930777
bestSuite:3448,3066,1849,750,4084,2971,4101,1956,1395,1441,1855,2803,2502,2735,3940,3336,2574,37,2608,2183

test suite392
bestAPFD:0.911643
bestSuite:3167,2078,827,2030,200,1703,4061,2452,4090,1316,2468,2694,4025,3881,847,2052,1389,1902,2095,2508,709

test suite393
bestAPFD:0.911070
bestSuite:2548,864,3029,3291,2374,1643,3081,1679,4060,2808,4108,2053,1087,981,740,90,1267

test suite394
bestAPFD:0.933051
bestSuite:3765,2658,3382,1693,4081,1979,1334,1558,4090,2425,2150,3482,722,744,1237,2841,2100,3741,1067,3606,284

test suite395
bestAPFD:0.886171
bestSuite:2888,3607,681,3894,2397,2027,1885,3277,234,1221,1115,89,1536,4078,3345,4111

test suite396
bestAPFD:0.928696
bestSuite:3991,2978,2461,1127,4103,4057,3268,945,647,515,2637,3007

test suite397
bestAPFD:0.905873
bestSuite:3533,2382,720,1776,839,1672,2650,4067,3767,2664,4113,1930,3150,1854,3001,372,2757,1744

test suite398
bestAPFD:0.928677
bestSuite:2080,3007,2754,1605,2159,4112,1332,1781,4069,986,3110,4013,2644,2673,3900,2962

test suite399
bestAPFD:0.904127
bestSuite:2609,315,3256,2872,2803,1780,2943,1611,1934,4073,2621,4102,872,2863

test suite400
bestAPFD:0.918870
bestSuite:3556,3973,1617,3176,4081,4113,1759,1963,878,2820,2786,2980

test suite401
bestAPFD:0.917122
bestSuite:2761,4020,1202,910,372,4092,3688,4084,746,4043,51,1378

test suite402
bestAPFD:0.929268
bestSuite:2724,3911,1875,2259,4082,2362,4105,2457,913,3737,2587,2999,3062,2919,3856,1971

test suite403
bestAPFD:0.890757
bestSuite:3587,956,129,3039,3094,737,1963,3782,1364,1452,4097,1506,4077

test suite404
bestAPFD:0.911785
bestSuite:3151,2660,2705,2709,4100,1061,2284,528,1779,2238,4081

test suite405
bestAPFD:0.929735
bestSuite:3346,2927,4006,1127,2185,4099,3199,4058,1576,3279,765,1618,484

test suite406
bestAPFD:0.878824
bestSuite:3403,895,3566,2402,428,3172,3614,4072,973,317,4108,216,4043

test suite407
bestAPFD:0.896781
bestSuite:2281,3176,1491,3494,3003,1381,3262,4098,4076

test suite408
bestAPFD:0.908193
bestSuite:4011,3984,1906,144,3024,2956,4106,2376,626,1549,1547,986,2615

test suite409
bestAPFD:0.892372
bestSuite:3473,1665,2229,1984,1899,3477,2408,1398,1789,656,2778,4064,3777,4111,1705,768,412

test suite410
bestAPFD:0.902403
bestSuite:1422,2898,4039,2915,2376,1187,4057,2220,4086,3260,742,1508

test suite411
bestAPFD:0.927404
bestSuite:3657,2082,2656,995,55,1735,4115,2605,4057,1767,1275,3769,2268,2629,2377,2039,1055,623

test suite412
bestAPFD:0.886844
bestSuite:1732,2640,1554,3283,3011,3903,4078,713,4103,1696,2893,528,3610,3708,3453,3398

test suite413
bestAPFD:0.881823
bestSuite:3143,2375,2705,1664,3790,4088,3503,4080,1518,3505,1066,1797

test suite414
bestAPFD:0.914915
bestSuite:2521,382,3194,811,933,2272,959,4067,766,248,4086

test suite415
bestAPFD:0.915062
bestSuite:3151,2909,3016,3371,3784,4065,4108,2960,1489,165,2666,988,3936,1533,933

test suite416
bestAPFD:0.894189
bestSuite:2035,3040,1838,2649,2249,4109,3974,3428,4061,3846,890

test suite417
bestAPFD:0.912137
bestSuite:2360,3215,1904,1683,3166,1732,3126,2293,4107,3677,4058,591

test suite418
bestAPFD:0.910448
bestSuite:2633,1976,2477,3243,2235,4100,2433,4074,142,1913,3575,1386,1322,649,1897

test suite419
bestAPFD:0.905039
bestSuite:3437,1775,2763,392,4035,1032,899,4073,808,1439,3737,4114

test suite420
bestAPFD:0.892743
bestSuite:3845,1459,3830,2474,1550,887,1861,3923,1059,4058,4107,2671,1796

test suite421
bestAPFD:0.924546
bestSuite:2898,3039,1491,2970,1241,1921,4110,2614,4078,74,1500,4030,2363,953,1137,215

test suite422
bestAPFD:0.921994
bestSuite:2609,3748,2474,2333,2659,1641,4066,2449,361,4112,2624,996,3824,2083,1200,4030

test suite423
bestAPFD:0.933882
bestSuite:2179,3876,1493,663,4101,2354,4083,3993,2264,1850,3986,2053,3021,26

test suite424
bestAPFD:0.906687
bestSuite:3465,3034,2354,1619,673,1079,4107,4081,2617,60,1762

test suite425
bestAPFD:0.927990
bestSuite:1617,3319,4,4045,4085,1269,1164,4094,3318,1863,903,1484,2272,243,2463,978

test suite426
bestAPFD:0.918024
bestSuite:3840,2509,3903,2486,4099,1,1775,4059,1633,4013,552,3552,298,3085,3974,1149

test suite427
bestAPFD:0.916930
bestSuite:3134,2062,3926,3036,1178,3062,2390,4084,2859,3482,2762,1645,3369,2468,1616,2413,3189,525,4089

test suite428
bestAPFD:0.913720
bestSuite:1649,3472,2401,3243,1856,120,1261,4106,2943,2895,4063,1501,1520,1600,3081,2349,1587,1191,2810

test suite429
bestAPFD:0.938445
bestSuite:2179,2964,4072,953,4111,2201,2590,2603,3770,3740,1482,2074,1916,2744,554,3590

test suite430
bestAPFD:0.892916
bestSuite:2925,3433,2780,2008,2338,683,4083,1109,4111,420,2666

test suite431
bestAPFD:0.899153
bestSuite:2231,3509,1975,2658,3234,4020,987,404,2886,1889,4084,3727,2932,1169,268,980,4094,3044

test suite432
bestAPFD:0.882221
bestSuite:3915,1894,2060,4037,1481,1398,627,4069,2622,4102,2984,1614,3540,2313

test suite433
bestAPFD:0.917291
bestSuite:3534,3012,3980,2575,2432,24,4057,4098,3172,922,3130,853,4,289,1101,3161,3762,1075,1272,2580,2442

test suite434
bestAPFD:0.919741
bestSuite:2360,3014,2284,3012,4073,3172,4097,698,3942,3204,930,137

test suite435
bestAPFD:0.915104
bestSuite:2360,3078,1968,3994,4055,3080,4070,1168,4106,2861,715,3114,3625

test suite436
bestAPFD:0.924102
bestSuite:1493,2909,3844,451,3503,4060,396,1449,4086,628,3241,522,2107,1590,2049,234,1386,2853

test suite437
bestAPFD:0.916182
bestSuite:3668,3809,3072,2886,1004,3921,1539,1692,4072,2707,1844,2731,15,4098

test suite438
bestAPFD:0.898799
bestSuite:2938,3849,2162,2096,792,3884,3899,3199,4115,2009,2956

test suite439
bestAPFD:0.905033
bestSuite:3486,3418,2534,1780,3123,810,4057,1720,2220,4106,1971,211,1579,75,2922,734,3434

test suite440
bestAPFD:0.891191
bestSuite:2099,3425,3119,1691,2102,696,2835,1008,3694,3711,3232,4087,3281,3482,637,4081

test suite441
bestAPFD:0.921934
bestSuite:3716,3993,2834,1834,4080,4093,3357,44,294,3089

test suite442
bestAPFD:0.896241
bestSuite:3751,1491,321,3203,2240,1134,1016,3067,3503,4095,3758,1151,4084,669

test suite443
bestAPFD:0.902708
bestSuite:2348,1571,2927,4006,2621,2740,1736,4070,1929,2059,2411,39,4099,3132,1417,737

test suite444
bestAPFD:0.915125
bestSuite:2487,3641,2706,2820,3426,2991,1390,4065,3277,4101,290,1212,3773,3697

test suite445
bestAPFD:0.919423
bestSuite:3349,2548,2863,772,2447,1913,1662,3611,4072,2960,3925,1850,4102,3425

test suite446
bestAPFD:0.914547
bestSuite:3771,200,4007,2000,1910,707,1127,4115,4069,2265,2628

test suite447
bestAPFD:0.928395
bestSuite:2521,3382,1547,3598,674,834,4068,4086,1501,3571,2500,3819,3146

test suite448
bestAPFD:0.917097
bestSuite:3781,2035,1466,2656,1596,3593,4087,1542,1101,4082,2549,3261,3396,1943,2170,54

test suite449
bestAPFD:0.909908
bestSuite:2521,34,3231,1821,3169,4103,4075,2202,1701

test suite450
bestAPFD:0.910579
bestSuite:3173,3957,489,3146,1775,2413,2631,1115,757,4115,4058,786,66,2256,3985

test suite451
bestAPFD:0.907996
bestSuite:2119,2184,3916,1759,2150,1690,3729,1355,3547,4080,1656,3536,1704,3145,3372,2247,12,3528,4110

test suite452
bestAPFD:0.923785
bestSuite:3787,2780,3097,1899,960,1358,4095,4074,752,672,545,3883,2201,1008,3943,17,3552

test suite453
bestAPFD:0.915340
bestSuite:2776,3567,2560,2182,1596,1256,1882,4093,2959,2366,3555,2472,4080

test suite454
bestAPFD:0.897181
bestSuite:2422,2145,3443,175,1550,4057,4088,2749,1290

test suite455
bestAPFD:0.915969
bestSuite:1811,3400,2076,3728,2264,1003,3011,4078,1918,2449,1736,3269,2992,4089

test suite456
bestAPFD:0.913001
bestSuite:3628,2823,3140,1491,4079,2318,4096,3174,2733,2664,659,1423

test suite457
bestAPFD:0.936335
bestSuite:3219,2073,1699,2444,2228,1355,4067,3892,3840,89,1562,4107,2406,1375,2024,3655,1926,1332,3539

test suite458
bestAPFD:0.932037
bestSuite:2164,3674,3588,1612,4087,511,2599,1481,3389,1849,3878,1268,3355,21,2645,4059

test suite459
bestAPFD:0.918541
bestSuite:2724,2564,3790,810,2496,4084,2812,4111,2259,648,3527,2884

test suite460
bestAPFD:0.934579
bestSuite:2164,3900,2983,3709,4103,1679,1398,2701,3679,2172,830,3501,3244,3540,3089,2800,3754,4079

test suite461
bestAPFD:0.898154
bestSuite:2722,2099,3664,1584,659,725,1466,4093,3260,1193,3866,3553,4061,2819

test suite462
bestAPFD:0.909937
bestSuite:2108,681,3844,3381,665,3505,1573,1726,1772,4061,1755,3096,1860,1228,3694,541,4108

test suite463
bestAPFD:0.927396
bestSuite:3178,2432,831,4090,263,3128,3475,1618,1006,4085,3867,3043,2399,2759,2550,3654,405,1452

test suite464
bestAPFD:0.930555
bestSuite:3716,329,747,2521,4096,3369,947,4081,938,3254,426,3609,317,2106,2704

test suite465
bestAPFD:0.906624
bestSuite:2369,3447,3698,988,2274,2201,2755,3644,2810,1524,4084,4103,3530,2792

test suite466
bestAPFD:0.915861
bestSuite:3288,2643,4041,1537,3559,1915,4100,3011,4084,390,1917,2788,830,994

test suite467
bestAPFD:0.900188
bestSuite:2115,1765,3547,770,2703,4115,1750,2026,3323,2027,1396,4075

test suite468
bestAPFD:0.910269
bestSuite:1425,2683,3224,2066,2089,2854,4075,4112,1638,1229,2444,1437,2313,960,1412

test suite469
bestAPFD:0.910537
bestSuite:3080,3796,520,2498,1798,2059,790,1193,1791,1732,4115,887,1472,2297,2901,4075

test suite470
bestAPFD:0.919568
bestSuite:3502,2115,3769,3477,3418,627,3455,2201,2427,4097,904,3805,4067,1774,103,1787,2211,2642

test suite471
bestAPFD:0.925155
bestSuite:3306,2927,961,1921,3140,4060,3550,4106,2050,2089,2593,3886,3780

test suite472
bestAPFD:0.904025
bestSuite:3034,2854,2123,818,2167,3310,2370,2896,4084,2955,4100,836,129,1579

test suite473
bestAPFD:0.914793
bestSuite:2595,3557,3857,1635,3472,1334,1652,1778,2879,4077,2393,1638,937,3901,4106

test suite474
bestAPFD:0.933197
bestSuite:3765,2633,1012,602,822,641,2825,4088,4075,578,2528,2929,3027,3022,1413,1410,3780,3103

test suite475
bestAPFD:0.905457
bestSuite:3521,3844,3924,865,1603,3136,4098,2421,1659,4062,2125,3111,2394,2544,2539,582,1604

test suite476
bestAPFD:0.891016
bestSuite:2496,1785,3438,2840,2839,55,2229,2192,1390,4108,4064,899,678,2858,3805

test suite477
bestAPFD:0.939453
bestSuite:3717,683,2112,2411,4062,4106,3993,3564,2269,865,3532,2162,822,3593,3228

test suite478
bestAPFD:0.910968
bestSuite:2948,2549,2412,3844,3380,677,2585,2799,4084,4093,234,2513,680,2573,3352,1160,285,2611

test suite479
bestAPFD:0.918340
bestSuite:3173,3442,2344,4100,1720,2444,1120,3602,3149,3421,1401,2531,4075

test suite480
bestAPFD:0.913875
bestSuite:2070,3143,4092,2947,2876,2550,1561,1815,2523,2111,1507,3352,2889,2557,3938,2665,4071

test suite481
bestAPFD:0.904144
bestSuite:3494,2528,2748,1443,1709,3807,803,1023,1143,2547,4060,3860,4088,3478,1451,3428,2549

test suite482
bestAPFD:0.913481
bestSuite:3465,2070,1704,2144,566,1354,4101,2675,4003,1776,4061

test suite483
bestAPFD:0.917137
bestSuite:3872,1864,1426,3062,2596,1697,3917,934,1395,4062,4088,2737,3743,2424,3878,22,3995,3114

test suite484
bestAPFD:0.895391
bestSuite:2755,3725,2499,2408,2790,1944,3495,870,1168,4080,4094,2419,3102,2290

test suite485
bestAPFD:0.917642
bestSuite:1735,3444,3552,2374,1474,4071,4095,2990,1322,3370,1030,1853,2057,1001

test suite486
bestAPFD:0.921920
bestSuite:3278,2668,1617,3105,4062,4091,2190,2219,692,2642

test suite487
bestAPFD:0.931750
bestSuite:1945,3446,3460,4095,4069,3645,3777,965,1682,3619,351,2907,75,1109,2146,1280,2491

test suite488
bestAPFD:0.906861
bestSuite:3575,3665,2402,3836,3276,1509,3379,4110,1000,3810,4081,2285,960

test suite489
bestAPFD:0.916154
bestSuite:3845,3844,1657,2295,2133,4084,4098,1458,2695,1085,1208,1585,2867

test suite490
bestAPFD:0.910516
bestSuite:2633,3660,689,3122,700,793,747,4063,2799,3376,2644,4020,2216,956,1535,4109

test suite491
bestAPFD:0.884068
bestSuite:3126,2151,1696,4108,3161,2311,2111,2335,1618,4062,925,1306,2535,1448,3036,1798,898,1956,2276,1115

test suite492
bestAPFD:0.903226
bestSuite:3928,3607,2280,1984,2448,635,696,3870,1338,4109,1284,3348,4071,923,693,321

test suite493
bestAPFD:0.909483
bestSuite:3067,1894,2564,1670,3272,1251,4062,4104,642,1942,2172,2814,2181,1041

test suite494
bestAPFD:0.923597
bestSuite:3872,1732,85,914,637,3510,1263,1864,1967,2918,4079,2803,3592,850,935,2370,2647,3019,4092

test suite495
bestAPFD:0.897091
bestSuite:3598,2014,1594,2382,2867,2432,4063,3843,4115,2541,2122

test suite496
bestAPFD:0.896749
bestSuite:2261,3527,2457,2668,2984,4105,4080,1745,2839,3531,3954

test suite497
bestAPFD:0.931008
bestSuite:3554,1716,516,3615,1897,4066,1550,1035,4106,1925,2965,988,494,2006,4000,963

test suite498
bestAPFD:0.926088
bestSuite:2261,3319,1596,884,3703,720,3284,4063,3237,1568,1430,3971,1372,1296,3662,351,4107

test suite499
bestAPFD:0.912330
bestSuite:2898,2112,3502,1986,3084,3370,2651,3791,1042,4082,1575,3531,4087,2083

test suite500
bestAPFD:0.904656
bestSuite:3927,1776,3770,3257,791,1241,2400,1342,3592,1720,529,4098,119,1482,4069,1017,2819,3912

