test suite1
bestAPFD:0.948113
bestSuite:3561,1599,3473,915,2172,3438,1979,4104,4069,2934,1198,3474,3355,2790,825,2013,2593,1884,954,3111,3666,2664

test suite2
bestAPFD:0.921209
bestSuite:2737,3472,2562,2919,1853,806,3409,3384,4086,1364,1481,4063,2246,1036,2675,51,3651,3104

test suite3
bestAPFD:0.927869
bestSuite:3134,2097,3595,216,4108,4066,2511,1524,1255,3582,2955,4037,3919,3499,1011,2192

test suite4
bestAPFD:0.937332
bestSuite:1617,3381,567,2148,4059,4089,3809,1354,1190,701,1210,1583,2341,2042

test suite5
bestAPFD:0.919668
bestSuite:2422,3520,27,1915,1451,4066,2973,1263,3589,3976,4109

test suite6
bestAPFD:0.941824
bestSuite:1425,3926,3896,2907,4079,3160,1109,3408,672,3813,1688,799,2535,3893,676,2795,995,4103

test suite7
bestAPFD:0.937965
bestSuite:3278,3008,1894,4093,2221,4078,3864,271,1589,2182,844

test suite8
bestAPFD:0.931691
bestSuite:2102,2018,2270,3744,2543,4007,803,4091,832,4066,1750,204,2135,3320,822,2276,3453,3927

test suite9
bestAPFD:0.924304
bestSuite:2942,3034,644,1429,928,1950,904,1023,3091,4089,4082,3631,3985,988

test suite10
bestAPFD:0.938574
bestSuite:1811,3117,2382,2349,4085,1272,4107,1281,1640,3229,3328,2663,352,1607,3072

test suite11
bestAPFD:0.930593
bestSuite:3353,2948,3815,24,4107,3442,1741,1357,3490,2381,1473,800,174,4077

test suite12
bestAPFD:0.962761
bestSuite:2521,3633,2011,4094,4073,651,2943,3302,3430,2483,274,3516,1557,1633,929,1690,331,3162,3152

test suite13
bestAPFD:0.931407
bestSuite:3809,4054,2498,489,1578,1269,3819,4109,2399,2550,2175,1684,801,3875,258,4083

test suite14
bestAPFD:0.903000
bestSuite:4011,3337,3312,142,141,3956,3689,4085,3484,528,4095,2162,3061

test suite15
bestAPFD:0.942671
bestSuite:3554,2225,920,2035,4065,4109,3144,1396,1504,2187,2015,1705,291

test suite16
bestAPFD:0.942610
bestSuite:3668,4084,116,3327,2568,1055,1059,3910,736,3884,1277,4113,1432,2561,3647,3624,1997,735,2795,3299

test suite17
bestAPFD:0.920812
bestSuite:3935,985,3071,2020,963,4099,1398,4057,3850,1825,2017

test suite18
bestAPFD:0.945702
bestSuite:2372,3066,1679,1664,4085,1042,657,3823,4112,1502,1020,200,3317,1469,2342

test suite19
bestAPFD:0.910901
bestSuite:3178,2599,1910,3305,2906,4072,4113,846,2353

test suite20
bestAPFD:0.928197
bestSuite:2058,2966,2359,1519,3734,1871,2823,3874,4065,4101,524,1096,1464,2681,3653,2299,3773,2964

test suite21
bestAPFD:0.937349
bestSuite:2761,3157,48,861,4103,3673,4081,2351,3054,1127,3385,1306,2932

test suite22
bestAPFD:0.910285
bestSuite:2130,3293,3304,3418,873,1275,3065,2950,511,2956,4101,2111,3552,4021,2976,532,1046

test suite23
bestAPFD:0.947379
bestSuite:3278,287,4082,4103,1538,4046,1466,1158,1853,2172,868,2027,1453,1046,940

test suite24
bestAPFD:0.913073
bestSuite:2163,3094,4071,925,3505,1355,4104,853,1325,2133,72,1111,3312,2510

test suite25
bestAPFD:0.928512
bestSuite:1945,3415,3254,2415,28,1923,1290,4084,4086,1839,1481,3809,2128,3958,1703

test suite26
bestAPFD:0.928043
bestSuite:2087,873,3421,2190,2958,4061,2811,3502,4101,3124,3714,1232,1765,3137,2939,824,1138

test suite27
bestAPFD:0.939882
bestSuite:3349,1769,3092,1513,3616,1804,2802,1514,2997,4072,1888,3261,2629,4093,3022,569,2591

test suite28
bestAPFD:0.921209
bestSuite:1839,3793,3148,3149,2873,1988,139,3924,4076,1610,4096,196,1532,448,2874,3713,1474,1595

test suite29
bestAPFD:0.925386
bestSuite:2422,2628,3327,1709,2745,1322,4057,2755,2516,282,4107

test suite30
bestAPFD:0.947799
bestSuite:3278,2661,4110,1495,1402,4083,1240,3303,3569,679,2362,3463,3091,1606,1614

test suite31
bestAPFD:0.943187
bestSuite:2776,3437,2791,4113,1745,4066,2883,1729,3647,3823,1972,6,2573,2497,1893

test suite32
bestAPFD:0.918464
bestSuite:2369,3137,729,3520,1061,4073,3432,4104,1160,926,2151,418,3580,2231

test suite33
bestAPFD:0.910901
bestSuite:2978,2873,3097,2235,3492,195,4105,390,4062

test suite34
bestAPFD:0.929388
bestSuite:3346,118,685,3796,4058,1809,1256,828,2341,2010,4102

test suite35
bestAPFD:0.917256
bestSuite:2661,3318,2248,2952,1438,3432,1600,2396,2140,4071,4108,3732,1829,286,2865,1686

test suite36
bestAPFD:0.920416
bestSuite:3465,2989,2643,3633,4051,3763,2055,4105,4068,3033,1680,2896,1397

test suite37
bestAPFD:0.924363
bestSuite:2092,1743,2286,3092,420,1979,4093,955,4057,1138,1031,1660,622,1239,2784,2568,3686,1370,3082

test suite38
bestAPFD:0.931042
bestSuite:3787,2016,4032,20,2699,1538,2867,4065,4088,2000,1580,3369,3100,1659

test suite39
bestAPFD:0.945548
bestSuite:3625,2184,2654,3029,991,3527,1914,4071,4104,2892,1916,3481,2101,554,674,3341,2480,1714,3752

test suite40
bestAPFD:0.923854
bestSuite:2598,3302,2112,904,2123,2432,780,4096,2146,3480,3831,3978,2448,4073

test suite41
bestAPFD:0.918064
bestSuite:2796,3976,1806,3125,808,4113,3009,2977,1650,2410,1603,2833,770,4057,1875,301,2636,2621

test suite42
bestAPFD:0.909949
bestSuite:3173,236,2432,2397,757,4102,2565,4076,1468,646,637

test suite43
bestAPFD:0.931800
bestSuite:3668,2705,510,1021,3602,4100,1378,1937,2952,3224,2706,4068,1000,1196,2513,2485

test suite44
bestAPFD:0.953570
bestSuite:3771,3449,2394,1290,1845,3398,4086,3733,4074,3223,3326,1425,3945,3851,1745,2915,3091

test suite45
bestAPFD:0.947664
bestSuite:3716,987,3013,3252,2660,749,4098,4069,3921,138,1299,2574,3700,3115

test suite46
bestAPFD:0.917453
bestSuite:2422,292,3614,2461,3034,2205,1472,1245,2595,4097,3836,4066

test suite47
bestAPFD:0.920161
bestSuite:2649,355,3217,2680,1927,1990,3798,4100,2227,2271,1605,3310,3301,3166,1354,4069,3940,2696

test suite48
bestAPFD:0.952673
bestSuite:2724,930,3512,489,4057,2939,4103,3731,788,3079,1927,2385,1451,3139,2358,2260,1532,2030,180,1549

test suite49
bestAPFD:0.937603
bestSuite:1422,2637,4030,315,1376,4098,2825,974,2831,4080,649,3002,3447,3056,359,1204,2542,636,2855

test suite50
bestAPFD:0.936845
bestSuite:3716,2628,798,3097,3064,1061,2606,4078,3960,2829,603,4107

test suite51
bestAPFD:0.951506
bestSuite:3556,2737,1606,2837,4084,4109,3488,1581,215,2417,2236,1245,3239,3162,2383,3121,1325,2593,1902

test suite52
bestAPFD:0.934836
bestSuite:3688,2678,3921,1609,3048,4066,2001,4095,1156,3961,1480,2309,968,3996,3480,1281,1742,1160

test suite53
bestAPFD:0.953616
bestSuite:1852,3449,3063,3559,4106,1065,2926,2946,4080,1701,89,2923,1029,865,927,2551,45,3747,3287,3903

test suite54
bestAPFD:0.940448
bestSuite:2333,3367,1713,2168,4099,1625,2286,4043,4073,1875,1399,441,2318,2812,1893,2141

test suite55
bestAPFD:0.925402
bestSuite:2099,3063,3010,1678,2549,312,3833,3343,4088,1824,1725,3441,537,4066,3605,1851,1108,405

test suite56
bestAPFD:0.949501
bestSuite:3872,2270,1472,978,796,1395,1519,2125,4108,276,4076,3384,1929,3887,1114,1999,1597

test suite57
bestAPFD:0.934945
bestSuite:2938,3039,2548,207,1328,3589,4063,3956,2002,2087,2571,3045,4090,3737,2111,2263

test suite58
bestAPFD:0.928896
bestSuite:2832,3325,3922,3661,3359,3798,1827,1838,3198,4010,654,4062,4115,3018,409,1965,1839,66

test suite59
bestAPFD:0.911321
bestSuite:3914,916,945,434,2827,824,4114,3497,1601,1312,3002,1971,4058,1377,2387

test suite60
bestAPFD:0.940252
bestSuite:3520,475,2609,4062,3172,3884,2964,657,1119,1809,4110,536,21,1753,661,1304,2805,2400,2106

test suite61
bestAPFD:0.940055
bestSuite:2776,3472,2474,2923,1476,1331,4063,2140,3128,4097,2404,3994,2260,2939,3947,701

test suite62
bestAPFD:0.934801
bestSuite:3192,2301,717,1719,1212,4069,1487,1345,2780,4096,3951,3182,626,3577,2282

test suite63
bestAPFD:0.920812
bestSuite:3208,2942,4113,1460,3134,1085,3940,4084,3020,3090,1797

test suite64
bestAPFD:0.948113
bestSuite:1852,3167,2234,2854,2884,4096,2184,3370,2454,1549,894,321,1235,2787,813,3873,1446,4081

test suite65
bestAPFD:0.920261
bestSuite:1997,3293,3383,3984,2956,3454,2540,1646,4105,3102,614,2387,3963,1952

test suite66
bestAPFD:0.940448
bestSuite:2954,3134,1596,3328,134,4112,3007,4058,3831,3888,3166,893,3698,3297,3053,638

test suite67
bestAPFD:0.902712
bestSuite:3155,3847,2148,2338,2298,983,1663,321,4089,4064,1321,566,2685,1362,2203,997

test suite68
bestAPFD:0.919340
bestSuite:2207,3817,1554,4037,3392,2631,644,1861,2587,4085,1198,4089,3301,2036,4045,3479,1669,3901,1094,299

test suite69
bestAPFD:0.926774
bestSuite:3607,669,3843,2051,2014,563,2500,1599,4110,1357,121,892,2986,1887,4060,1755,2005,3300,2351,2475,3363

test suite70
bestAPFD:0.911164
bestSuite:2700,3126,2329,1514,2044,4059,1026,2255,1335,1243,3617,4103

test suite71
bestAPFD:0.935377
bestSuite:3984,3422,2882,2416,1402,1937,3153,3661,3434,4109,3938,4081,1361,687,685,81,693,1517,1365,2970

test suite72
bestAPFD:0.924319
bestSuite:3841,3638,1814,3692,360,524,4063,3525,1178,1703,1741,4095,3082,991,2531

test suite73
bestAPFD:0.955101
bestSuite:2080,392,4005,1993,1657,4063,772,4094,824,2753,2222,3930,3243,1896,2820,1498,2693,3220

test suite74
bestAPFD:0.926999
bestSuite:2261,3833,2083,4053,1910,2513,2906,4067,1887,1096,4104,607,1862,4056

test suite75
bestAPFD:0.909984
bestSuite:2521,3349,3903,1620,4073,4106,1903,3144

test suite76
bestAPFD:0.938800
bestSuite:3964,2115,884,4107,1383,3449,1690,4061,1926,3606,3649,2599,366

test suite77
bestAPFD:0.905136
bestSuite:2659,956,2733,3885,2841,2124,2024,1335,3609,4089,865,944,4078,2983,2702,440,102,933

test suite78
bestAPFD:0.959906
bestSuite:2179,4072,1635,3036,2921,2706,2858,1430,873,4115,2857,1722,1816,2617,2680,630,1840,9,1,715

test suite79
bestAPFD:0.940476
bestSuite:3178,2491,2123,1686,4063,696,4100,2638,3703,3918,3976,2398,3059,1839

test suite80
bestAPFD:0.932482
bestSuite:3117,2032,2016,2068,3533,3148,4102,4059,1501,3939,1329,3857,935,2937,1020,2902,2073

test suite81
bestAPFD:0.939269
bestSuite:3868,3984,252,3298,1976,1085,3663,4113,2109,4084,1870,3974,3856,1997,1989,3561

test suite82
bestAPFD:0.932112
bestSuite:3559,2534,3092,4093,1013,2458,1802,4057,3047,2694,1672,3496,3351,1203,1630,3391,471

test suite83
bestAPFD:0.963365
bestSuite:3282,2426,4002,1261,4113,1473,2797,4074,1306,3677,169,3963,3079,2284,4043,2987,2917,1029,3340,3103

test suite84
bestAPFD:0.905418
bestSuite:2852,2966,3932,2096,1946,960,4112,2060,4075,1398,521,3168,2884

test suite85
bestAPFD:0.944270
bestSuite:2163,2115,4033,941,4086,1168,3725,824,984,2286,111,2527,488,3272,1721,3401,524,4085

test suite86
bestAPFD:0.934277
bestSuite:3717,1809,2147,3243,4105,4058,3078,2477,1784,3846

test suite87
bestAPFD:0.921908
bestSuite:2193,2828,3564,418,1848,2071,2176,4087,868,655,930,1103,4063,1869,781,3150,3803,3852

test suite88
bestAPFD:0.944444
bestSuite:3841,1657,3328,2696,2793,4093,4066,3482,1789,1788,3917,3403,1703,1161,3553

test suite89
bestAPFD:0.945165
bestSuite:4024,3588,1760,708,3847,1973,1429,4064,4092,1241,3483,772,3671,4017,3069,2229

test suite90
bestAPFD:0.907837
bestSuite:3495,1740,3015,3318,451,4074,3730,4107,1014,2505,3232,2048,2923

test suite91
bestAPFD:0.938596
bestSuite:4011,2605,3367,1747,3172,4103,3348,2858,83,1578,4067,525,3122,1407,3019,3537,3933,271,2823

test suite92
bestAPFD:0.926834
bestSuite:3381,1973,2270,3337,3761,4092,1198,859,2956,3218,909,73,801,1074,2680

test suite93
bestAPFD:0.927673
bestSuite:3921,3923,1427,3681,842,3689,1021,1075,4058,1520,841,3647,3478,472,585,2629,3013,3733,2013,1309,4097

test suite94
bestAPFD:0.933089
bestSuite:3911,2458,853,3359,3884,3017,2651,4063,4097,2550,1402,1832,1290,2052,518,1423,2299,1473

test suite95
bestAPFD:0.905870
bestSuite:3447,3490,3509,20,1600,404,4090,4082,1822,2308,1241,1614,297,2071,1707

test suite96
bestAPFD:0.902516
bestSuite:2697,2550,3012,3104,3439,1925,2156,2995,4096,4058,3617,2217,3122,3669,3074,3168,696

test suite97
bestAPFD:0.928413
bestSuite:2171,3961,2092,1481,1571,4090,3941,2642,4058,1184,1461,2868,3377,2340,3743,1651,2302

test suite98
bestAPFD:0.952358
bestSuite:3868,1650,3382,3418,2201,3917,2255,4059,4115,1778,2504,3426,4040,1244,1429,3592,3414,383,887,2017

test suite99
bestAPFD:0.915881
bestSuite:2344,3197,2114,1904,4084,3727,1492,1834,4088,1334,3549,3093

test suite100
bestAPFD:0.907862
bestSuite:3465,2112,3640,1184,4082,662,3447,2516,2428,4111

test suite101
bestAPFD:0.930144
bestSuite:2281,2427,3710,4074,2548,4094,1240,3183,1736,3483,3100,296,3669,3757

test suite102
bestAPFD:0.926363
bestSuite:2372,3555,1593,2658,3495,2956,1035,1428,4113,3064,3227,615

test suite103
bestAPFD:0.947414
bestSuite:3556,1485,3194,99,4081,770,1532,3725,3401,921,1677,3677,4020,3238,3114,2026,2416,4111

test suite104
bestAPFD:0.946384
bestSuite:4006,3015,2437,3926,2745,956,4058,3701,968,473,3783,4096,1201,689,1101,575,2089,1386,1880,1060

test suite105
bestAPFD:0.933124
bestSuite:2826,4057,2058,798,93,3777,1433,4115,1027,1463,941,2009,1105,803,3371

test suite106
bestAPFD:0.917649
bestSuite:3403,820,3982,3393,1534,2072,1949,2522,3620,4098,1799,2753,1892,3703,719,4062

test suite107
bestAPFD:0.907128
bestSuite:2180,3441,2964,2280,2835,1216,1775,624,4091,4074,775,2659,3871,2371,2606

test suite108
bestAPFD:0.929695
bestSuite:3349,2950,3839,1713,3548,1246,2580,4060,4099,1651,2433,1540,86,3976

test suite109
bestAPFD:0.927189
bestSuite:3173,2440,2324,1797,220,1325,4061,3703,4091,343,1933,2789,3056

test suite110
bestAPFD:0.938596
bestSuite:3877,413,934,2338,2643,3327,4062,1806,4101,1115,706,196,2652,2650,2250,1591,2148,3286,1478

test suite111
bestAPFD:0.922759
bestSuite:3612,563,2705,2365,3948,4062,1213,2435,1919,987,1127,3941,471,667,3837,4114

test suite112
bestAPFD:0.915094
bestSuite:1794,3993,2815,2839,4087,3919,4057,1196,1292,4055,1374,2607,2691

test suite113
bestAPFD:0.925751
bestSuite:2359,4033,2221,2357,1755,3141,2722,4076,3608,1792,4111,2074,1982,671,376,3212,2227,1335

test suite114
bestAPFD:0.896816
bestSuite:3455,685,3595,2074,3195,1400,866,221,798,4096,3798,1960,4078,2000,2031,4050

test suite115
bestAPFD:0.925511
bestSuite:4046,2447,3906,3266,3129,1638,1103,83,653,4092,4075,1734,2694,2719,1944,3850

test suite116
bestAPFD:0.947651
bestSuite:2609,3209,2333,2028,2778,1928,4108,1347,129,1860,880,2772,3334,3066,1866,2400,4070

test suite117
bestAPFD:0.966981
bestSuite:2179,1596,3335,2678,1119,4114,4083,81,2341,1645,2288,2345,1470,2798,686,3073,2827,1177,2245,1454,4003,690

test suite118
bestAPFD:0.932839
bestSuite:1422,2492,3484,332,1333,1960,4079,2421,1666,4104,2678,3496,1222,2110

test suite119
bestAPFD:0.931447
bestSuite:3444,1422,2061,3094,1883,1905,4074,4110,2162,3357,716,2166,1667,79,76

test suite120
bestAPFD:0.895103
bestSuite:1633,3506,2944,2136,2746,107,872,4088,3345,2264,2231,1334,4060,1596

test suite121
bestAPFD:0.919549
bestSuite:2281,3752,3616,2362,4077,979,3857,2516,4090,2645,872,2475

test suite122
bestAPFD:0.927189
bestSuite:2344,3080,3101,994,1079,2584,4090,4063,3729,2386,3150,3340,1599

test suite123
bestAPFD:0.916405
bestSuite:3134,2375,3079,931,2676,4070,1139,1799,2781,4102,2682,2327

test suite124
bestAPFD:0.903626
bestSuite:2331,1616,2945,4076,2855,1692,1656,1061,2206,3812,4089,2825,1853,330,1,780,2007

test suite125
bestAPFD:0.932390
bestSuite:3668,2406,72,1707,4114,3790,1334,871,3460,2986,2956,2567,2316,1424

test suite126
bestAPFD:0.941234
bestSuite:3935,510,493,1606,4108,4072,3441,1880,2205,3876,1015,2190,1282,3699,2687,419

test suite127
bestAPFD:0.928043
bestSuite:3494,3137,822,3980,3666,4095,2576,2237,1779,1040,3232,2169,4069,2995,1503,1921,1355

test suite128
bestAPFD:0.932586
bestSuite:3465,788,2027,2016,2301,2473,1115,4084,4108,2229,2510,2424,3550,2542,1630,3496

test suite129
bestAPFD:0.949882
bestSuite:2954,3844,1847,2479,4062,2368,4089,1714,2306,3382,682,3418,2471,485,884,1192

test suite130
bestAPFD:0.938032
bestSuite:2826,254,2104,4084,1946,3028,4086,1338,2021,2387,2221,2309,3021,3133,2357,2595,1610

test suite131
bestAPFD:0.936233
bestSuite:3650,4035,2108,3276,3012,2090,4080,4088,966,799,2302,3801,979,1324,386,2208,1776,2994

test suite132
bestAPFD:0.934801
bestSuite:2609,3126,1553,1525,2230,3200,1045,4090,3701,4065,794,1463,755,3690,1581

test suite133
bestAPFD:0.945548
bestSuite:3324,4026,1845,2483,2309,1437,4073,4110,1471,1316,989,449,2646,2838,754,2417,2336,372,2221

test suite134
bestAPFD:0.925751
bestSuite:3809,997,2585,2996,3862,4059,1870,1860,414,4023,4041,1563,4091,2715,3852,786,3146,1383

test suite135
bestAPFD:0.896596
bestSuite:2668,188,3402,2468,2282,2949,1886,661,2793,3482,4060,951,4100,3880,1459,156,2653

test suite136
bestAPFD:0.925577
bestSuite:3080,3921,2315,1828,3604,778,3846,4093,4071,3729,1535,274,3459,3873,1212

test suite137
bestAPFD:0.915269
bestSuite:2923,3873,3869,2508,3008,1134,3046,4068,2865,3903,1598,4104,105,2279,983,1010,152,2399

test suite138
bestAPFD:0.950275
bestSuite:2333,3134,264,4113,2975,4057,3137,1012,426,2866,915,1024,3454,3593,3711,1535

test suite139
bestAPFD:0.920073
bestSuite:1425,3440,2840,3644,355,4107,684,3007,2052,899,625,4081

test suite140
bestAPFD:0.935535
bestSuite:2856,3012,2780,4065,2081,1818,647,3351,1970,2920,2019,630,397,4101

test suite141
bestAPFD:0.935085
bestSuite:2366,2406,3013,1508,2396,4084,4086,427,3226,68,3047,2113,698,3174

test suite142
bestAPFD:0.895283
bestSuite:3625,2374,3339,2212,1904,1290,3699,2800,4097,4068

test suite143
bestAPFD:0.947664
bestSuite:2164,3034,135,895,4105,2080,3790,4068,2355,3449,763,3742,3305,3375

test suite144
bestAPFD:0.919811
bestSuite:3556,2375,1571,3374,1915,768,4068,4099,18,2548

test suite145
bestAPFD:0.943200
bestSuite:3565,2066,3641,880,3884,2896,4089,3989,1052,586,3283,4078,1676,34,2582,1697

test suite146
bestAPFD:0.941352
bestSuite:2257,2333,3757,1810,200,3093,4074,910,879,4110,1515,1935,1029,908,1512,988,882,2523,595,1738

test suite147
bestAPFD:0.953005
bestSuite:2372,3854,1739,1245,2407,2893,4097,4070,457,2678,3785,2234,1767,672,1831,2288,2298,1140

test suite148
bestAPFD:0.925996
bestSuite:3559,2087,2284,4060,3025,1484,1321,765,1920,3801,3502,3853,1783,3272,4105

test suite149
bestAPFD:0.927869
bestSuite:2248,3167,926,3992,2242,4088,4079,2670,3505,3005,2101,2629,2387,1050,3008,3458

test suite150
bestAPFD:0.925083
bestSuite:2561,1592,3796,2112,260,2322,4100,926,3259,3823,711,2373,2944,3472,3918,922,4059

test suite151
bestAPFD:0.949476
bestSuite:3282,3575,1743,4115,3254,4061,2253,2041,245,3876,1942,2121,1107,3073,3960

test suite152
bestAPFD:0.931543
bestSuite:2856,3017,2499,3475,2939,2016,4071,2207,3128,1017,2339,1668,4087

test suite153
bestAPFD:0.933766
bestSuite:2344,3142,1884,552,2966,3445,1707,4089,1281,3380,4077,3093,284,1226,3620,2810

test suite154
bestAPFD:0.923701
bestSuite:3793,3892,1675,3323,3011,762,2702,1920,3852,3626,4080,425,1728,2262,1800,1293,4114,527,2512

test suite155
bestAPFD:0.920860
bestSuite:2407,3221,770,1879,3194,2517,4060,909,1045,2605,3543,2396,244,4115,3599,2079,2875,616

test suite156
bestAPFD:0.926834
bestSuite:2261,1932,639,3011,2159,4062,1843,3302,4094,676,630,2278,2494,3234,242

test suite157
bestAPFD:0.939727
bestSuite:1425,3177,4100,3090,34,3267,1245,4076,960,3276,2253,1253,1938,427,3567,1268,1446,2740

test suite158
bestAPFD:0.943200
bestSuite:1945,3490,2437,941,1034,4115,3969,1752,2093,1559,2941,2711,1637,991,3744,4069

test suite159
bestAPFD:0.906971
bestSuite:2791,2560,4041,795,2766,3042,4072,4091,2314,3307,3805,849

test suite160
bestAPFD:0.946017
bestSuite:2372,2995,111,1002,1842,4112,4074,3698,2781,2903,1601,1335,2715,2175,2368,3546,729,705

test suite161
bestAPFD:0.925577
bestSuite:3628,3924,1814,1183,1187,980,2255,4104,2956,297,755,3214,2504,3249,1666

test suite162
bestAPFD:0.941361
bestSuite:2058,3665,662,2696,990,1115,2803,4067,4103,2961,213,2666,735,3187,958,2270,1525

test suite163
bestAPFD:0.911725
bestSuite:2406,2184,3928,1914,970,1384,4074,859,4092,1807,2400,1174,79,3593

test suite164
bestAPFD:0.934930
bestSuite:1739,3293,2415,3976,2333,4065,4111,4046,1898,691,1449,3651,2489

test suite165
bestAPFD:0.936922
bestSuite:3841,791,2206,3857,2398,4072,3729,4093,3126,492,2683,948,1340,2793,434,1267,1864

test suite166
bestAPFD:0.946279
bestSuite:2179,3841,4099,1853,4074,819,3746,2419,3180,1088,968,1696

test suite167
bestAPFD:0.945418
bestSuite:3278,1354,3839,2976,4095,1590,4058,3769,2364,2771,3342,2752,3895,2898

test suite168
bestAPFD:0.936865
bestSuite:3178,1600,3583,2794,4073,860,4099,901,2135,849,2392,1000,377

test suite169
bestAPFD:0.918965
bestSuite:3521,1978,3855,3015,4076,2139,668,2557,2713,2897,3281,502,4107

test suite170
bestAPFD:0.927448
bestSuite:3781,3012,2836,3263,4108,647,4085,3493,452,2787,3261,3294,3849,1556

test suite171
bestAPFD:0.906643
bestSuite:2691,3973,565,1863,3433,622,1789,1691,4066,2666,551,1711,4111,1383,1494,1743

test suite172
bestAPFD:0.924135
bestSuite:3517,566,2001,4069,4115,3859,413,1614

test suite173
bestAPFD:0.925254
bestSuite:3313,3349,872,2883,4078,965,4087,828,2563,2411,3732,3766,3446

test suite174
bestAPFD:0.928043
bestSuite:2560,1487,3493,2917,1817,1696,693,3606,4097,4079,3334,1507,1095,1528,1910,570,884

test suite175
bestAPFD:0.928459
bestSuite:2834,3524,881,3494,3062,1707,4088,677,4064,3560,3674,3912

test suite176
bestAPFD:0.904285
bestSuite:2268,2171,3864,2703,4107,1538,3595,1561,931,1807,3876,2036,1183,2685,2956,1292

test suite177
bestAPFD:0.952499
bestSuite:3868,806,3665,1086,4098,1995,1777,4071,2854,3182,3497,775,663,1167,998,720,2195,16,2015

test suite178
bestAPFD:0.938265
bestSuite:2628,697,3663,2243,3118,699,1378,4087,2956,4055,3307,2636,3790,664,2468,3224,2793,641,1512

test suite179
bestAPFD:0.947851
bestSuite:3717,1665,4088,664,757,4073,2567,1256,1550,3340,2474,910

test suite180
bestAPFD:0.944519
bestSuite:3437,2275,1757,3040,4068,4104,2841,1557,141,2603,751,2488,4006,2139

test suite181
bestAPFD:0.962439
bestSuite:2521,3692,1894,2862,4061,4105,3098,2550,4017,239,3052,2360,2166,1579,1545,2075,1676,669

test suite182
bestAPFD:0.923939
bestSuite:2492,3920,1831,119,1250,4064,2418,4101,2542,2279,1256,3983,3601,735,347,1365

test suite183
bestAPFD:0.936583
bestSuite:3097,2032,2193,1799,417,1791,2101,659,4095,367,1393,3218,3412,3828,577,2253,1608,4072

test suite184
bestAPFD:0.903826
bestSuite:3225,2509,2130,887,2950,2194,1825,4105,2956,1125,1655,1622

test suite185
bestAPFD:0.927673
bestSuite:3557,2145,3354,2998,4083,1115,1935,3422,4095,2386,2847,2123,2991

test suite186
bestAPFD:0.926887
bestSuite:1945,3749,3071,4113,3990,4075,2150,258,4028,3012,221,1237

test suite187
bestAPFD:0.931373
bestSuite:2369,2429,3769,2925,1575,3921,4075,4105,2062,2458,4017,312,3925,1120,812,2016,2773

test suite188
bestAPFD:0.940841
bestSuite:2301,3137,628,3242,2497,4082,4104,1364,1886,2808,2604,1055,2361,511,1010,253

test suite189
bestAPFD:0.928245
bestSuite:2521,3863,465,4101,4057,1534,1472,3884,1086,3998,2157

test suite190
bestAPFD:0.916095
bestSuite:2220,2952,1931,3132,2731,3057,4115,202,2956,2919,1715,2099,4019,2862,1383,2865,1629,4045,493,3364,1058,1254

test suite191
bestAPFD:0.936517
bestSuite:3657,703,2032,36,3562,3794,4076,4102,1545,656,937,3910,2543,3949,1426,2140

test suite192
bestAPFD:0.936233
bestSuite:3615,2332,3789,117,4114,1009,2543,1542,437,1395,3476,969,4085,1996,2464,4037,3043,1365

test suite193
bestAPFD:0.919113
bestSuite:3706,2288,2060,1661,3899,3316,877,4068,1290,1380,2583,3223,1853,4100,3731,474,743,904

test suite194
bestAPFD:0.901258
bestSuite:2376,771,3616,3636,519,3864,2007,4058,1496,1300,4111,1097,3103,741,2473

test suite195
bestAPFD:0.936478
bestSuite:2275,3847,2986,2104,4061,3645,990,3614,4086,3769,296,1983,2130,2615,2081

test suite196
bestAPFD:0.940841
bestSuite:3349,3131,1596,3677,2447,1115,719,4094,4058,1951,524,1703,2627,3901,92,2760

test suite197
bestAPFD:0.951720
bestSuite:2372,3222,3767,2691,1763,2787,4073,4108,3182,58,1725,499,2089,23,796,2597,1887

test suite198
bestAPFD:0.920597
bestSuite:2163,3698,2593,2006,3029,3398,2530,4099,4057,1609,475,2865

test suite199
bestAPFD:0.957744
bestSuite:2179,2988,2925,4097,4067,1085,2438,454,3203,3570,2017,945,770,2952,2127,1248

test suite200
bestAPFD:0.923671
bestSuite:3841,2082,3358,2230,2555,4103,2140,4072,1515,4034,3170

test suite201
bestAPFD:0.926297
bestSuite:3570,2166,504,2338,1287,862,4079,4110,3675,3852,1254,1923,2322,1616,955,3243

test suite202
bestAPFD:0.938574
bestSuite:3556,2193,446,2543,3078,1590,2549,4096,4074,3462,874,2879,14,2698,171

test suite203
bestAPFD:0.953249
bestSuite:2632,3763,2718,4106,4068,3637,1361,3249,681,3644,3122,44,3999,3243,435

test suite204
bestAPFD:0.901372
bestSuite:3928,3167,942,2432,3580,2199,3051,4066,4104,2589,3433

test suite205
bestAPFD:0.929960
bestSuite:3991,662,2063,4059,3769,1365,1200,86,4099,993,2058

test suite206
bestAPFD:0.943110
bestSuite:3517,1462,2503,4070,4110,3194,55,1320,1624,4010,1981

test suite207
bestAPFD:0.935639
bestSuite:3208,809,3657,3540,4104,909,4073,1514,1170,1190,2631,1596,1802,3068,1384

test suite208
bestAPFD:0.917997
bestSuite:2595,2035,4010,512,1034,4086,2631,820,1460,4075,53,3794,1648

test suite209
bestAPFD:0.943581
bestSuite:3333,2155,3665,4078,2270,2523,4105,411,3505,2893,2288,765,1174,2879,2374,3904,2512

test suite210
bestAPFD:0.908805
bestSuite:2564,920,3637,4034,4105,2239,408,2825,2412,3862,2627,4067,1351

test suite211
bestAPFD:0.925738
bestSuite:3448,3206,1640,230,1099,2098,2806,4083,4090,2240,3895,3706,2892

test suite212
bestAPFD:0.914308
bestSuite:3570,2016,2705,3620,1016,1065,4093,1467,4068,240,4050,1995

test suite213
bestAPFD:0.902516
bestSuite:3282,3841,708,4098,4077,3980,2929

test suite214
bestAPFD:0.911740
bestSuite:2139,392,3354,2753,1911,4071,4086,2507,976,1222,747,4032,733,2312,1033

test suite215
bestAPFD:0.922759
bestSuite:2853,3848,1707,1209,3052,2351,4099,4075,3957,1648,2403,543,304,1967,3483,891

test suite216
bestAPFD:0.903302
bestSuite:3490,2649,774,2971,3921,778,3549,4061,3731,1579,2395,4105

test suite217
bestAPFD:0.910901
bestSuite:4031,1506,2517,2541,2891,3323,927,4089,642,3386,1989,949,4067,696,1122

test suite218
bestAPFD:0.919164
bestSuite:3203,2473,2030,2398,1968,45,1974,2365,1835,4081,3239,4112,2971,475,3184,1302,785

test suite219
bestAPFD:0.940077
bestSuite:3984,3529,2517,889,1691,2989,4095,4080,2481,1718,2490,2267,3929,3423,3188,560,1545,427

test suite220
bestAPFD:0.929769
bestSuite:2755,3066,1713,2338,2927,4110,978,1200,3492,1569,70,2914,4085,1586,3846

test suite221
bestAPFD:0.906783
bestSuite:3490,3401,3137,748,4087,3886,1557,650,4078,3010,195,385,3226,800

test suite222
bestAPFD:0.942414
bestSuite:2834,3288,999,1484,2365,1270,2640,4073,3869,1401,4109,2728,1837,1424,359,142

test suite223
bestAPFD:0.902291
bestSuite:3502,1806,2277,73,655,1942,936,4104,815,988,1783,1316,3723,4078

test suite224
bestAPFD:0.949501
bestSuite:2521,3471,175,2700,1952,853,2781,4074,3584,3077,1036,2492,3813,1658,385,3843,4113

test suite225
bestAPFD:0.920261
bestSuite:2329,3840,2548,391,1072,2230,1498,4107,1845,3958,642,3159,3617,4065

test suite226
bestAPFD:0.964085
bestSuite:2179,3043,994,2162,4057,4095,3509,3734,2269,1902,1658,24,3642,115,3745,3420,1951,2123,1146

test suite227
bestAPFD:0.906840
bestSuite:3554,467,2402,1672,4097,1900,4072,741

test suite228
bestAPFD:0.927411
bestSuite:2082,3034,2180,2176,1506,520,4071,3920,3537,3872,3198,4109

test suite229
bestAPFD:0.949189
bestSuite:3872,2584,619,2406,776,4115,4057,893,1119,2888,2383,2014,3147,2322,2540,2152,1566,1,1111

test suite230
bestAPFD:0.946541
bestSuite:2275,2633,2054,3038,796,2327,1478,2254,4089,546,836,4074,1146,2980,1326,2988,56,2643,3347

test suite231
bestAPFD:0.939882
bestSuite:3258,2633,2703,790,4063,2425,1527,4096,1941,869,2540,2089,3544,727,658,1728,752

test suite232
bestAPFD:0.919340
bestSuite:2427,1690,3181,4098,2716,3767,1692,4084,2480,3802,1156,1451,994,1147,3321,2491,1917,559,3180,2156

test suite233
bestAPFD:0.893368
bestSuite:2593,3325,2362,3026,705,4078,3381,4108,1091,1884,3103

test suite234
bestAPFD:0.930621
bestSuite:2633,3433,437,1608,1431,4060,754,1451,3456,4098,1010,1307,3360,2204,420,2453

test suite235
bestAPFD:0.937282
bestSuite:2763,2722,1014,3805,2548,1316,635,4065,4111,1682,533,1574,3549,417,2298,3111,1460,518

test suite236
bestAPFD:0.906215
bestSuite:2119,2471,2338,917,3451,646,2739,1797,2651,3166,2245,4102,1312,609,1444,1368,4072

test suite237
bestAPFD:0.927673
bestSuite:2333,3418,566,2357,2835,969,4083,2030,4115,2612,3776,3042,106

test suite238
bestAPFD:0.907354
bestSuite:2253,3176,3354,3982,4053,4104,908,4079,3540,792,1503,2363,636

test suite239
bestAPFD:0.902886
bestSuite:3417,1783,3455,2990,3901,4020,802,637,3204,1688,4100,1192,680,1727,2391,3732,4071

test suite240
bestAPFD:0.956160
bestSuite:2690,3490,2736,4069,1990,1326,4103,2930,2939,4029,2062,529,3907,119,1796,874,2204

test suite241
bestAPFD:0.937603
bestSuite:4054,4027,2162,3129,2119,2016,4098,3232,680,4081,2846,2833,1399,3370,1821,1614,2265,3673,3321

test suite242
bestAPFD:0.926999
bestSuite:3324,2945,3604,747,3580,4076,4113,2997,2055,258,3760,1241,1689,1920

test suite243
bestAPFD:0.909591
bestSuite:3192,2267,3869,2967,2673,3157,4093,4015,1562,1996,1693,4083

test suite244
bestAPFD:0.939882
bestSuite:3841,2496,2944,4084,734,852,815,3870,1340,1547,4090,1474,1042,912,393,2887,3813

test suite245
bestAPFD:0.965584
bestSuite:3517,228,4062,1583,4091,2985,1182,844,2435,851,4015,637,3984,4051,955,895,1899,2019

test suite246
bestAPFD:0.942722
bestSuite:3178,2814,736,1839,2432,1611,4062,4089,1848,1661,3488,3249,2549,1834

test suite247
bestAPFD:0.912998
bestSuite:3529,1967,3666,1459,2235,1796,3399,2807,2254,4088,1331,4064,389,2231,1026

test suite248
bestAPFD:0.948463
bestSuite:3448,2337,3907,1644,4065,2858,1361,2569,21,4087,496,2719,227,1104,911,2286,1542,3422

test suite249
bestAPFD:0.924725
bestSuite:3206,3086,703,2703,4077,3836,3183,2946,3844,4107,1557,431,869,1697,1685,2052

test suite250
bestAPFD:0.934861
bestSuite:2835,2661,3594,3006,2839,2859,891,4075,4089,2063,2727,1690,1143,2988,1625,2494,2141,2687,522,1561,1289

test suite251
bestAPFD:0.927254
bestSuite:2028,3645,3548,2710,1480,4062,1890,1895,2739,4097,1704,2566,1200,2026,763

test suite252
bestAPFD:0.949543
bestSuite:2561,3670,3984,673,726,4102,1351,2956,1755,1366,2429,1688,1080,1219,3272,2286,517,1111,2801,3368,352,3826

test suite253
bestAPFD:0.946840
bestSuite:2615,3921,2390,2687,3502,1549,4107,2198,1453,698,3542,75,2798,787,621,2728,2068,1559,3462,1289,4077

test suite254
bestAPFD:0.928197
bestSuite:3131,1024,1748,2499,878,2162,3120,4100,4061,3762,3807,3027,1923,1472,1644,2745,247,2363

test suite255
bestAPFD:0.950908
bestSuite:2761,3579,2836,836,1243,2111,4094,4076,3899,1251,2619,219,511,282,3475,2949,887,2787

test suite256
bestAPFD:0.946737
bestSuite:2609,1748,3983,851,3707,4092,4071,1417,1436,3124,1988,3339,23,768,2286,2728

test suite257
bestAPFD:0.918414
bestSuite:3272,1667,2389,546,2030,3477,415,4068,1430,2313,632,1857,1033,2404,974,2037,3979,4110

test suite258
bestAPFD:0.939768
bestSuite:3554,93,3208,1251,2159,2956,4105,3974,1276,1663,3784,3389,3149

test suite259
bestAPFD:0.922494
bestSuite:3034,923,2099,2001,290,908,990,4090,3951,3725,999,875,3238,3334,1158,1871,4072

test suite260
bestAPFD:0.954852
bestSuite:3717,1875,3006,2778,4071,4104,656,3590,3813,1692,640,3768,138,2750

test suite261
bestAPFD:0.886478
bestSuite:2939,2839,3017,1814,3941,4069,2250,2985,1286,4103

test suite262
bestAPFD:0.950359
bestSuite:3282,3991,894,4106,4076,795,3055,270,3134,3203,3628,3656,121,1645

test suite263
bestAPFD:0.937934
bestSuite:3173,3927,1603,728,2969,1321,679,1957,4064,1873,250,3041,2886,4108,129,3436,626,3952,2993

test suite264
bestAPFD:0.942610
bestSuite:3278,2270,3791,4085,4086,2397,3767,1981,3201,402,3804,1050

test suite265
bestAPFD:0.918436
bestSuite:2888,3973,200,3360,2697,1942,4111,1435,4059,3825,57,1263,2083,3950,2538,1587

test suite266
bestAPFD:0.912474
bestSuite:2852,886,4059,2302,2875,2068,820,4099,1098,1219,260,1328,2407,1560,902,3970,2077,1509

test suite267
bestAPFD:0.909788
bestSuite:3973,2104,3689,378,3583,3284,1517,3402,3548,2368,4104,4084,1397,2821,3459,1626

test suite268
bestAPFD:0.931543
bestSuite:3787,1757,147,3911,4094,2491,1417,1206,2486,2361,896,3271,4083

test suite269
bestAPFD:0.923218
bestSuite:2724,2408,4061,411,1897,2530,4086,3362,2013,914,2910,1659

test suite270
bestAPFD:0.909773
bestSuite:2649,1493,3174,2755,1812,3851,1358,4057,51,4105,2528,2590,1331

test suite271
bestAPFD:0.912777
bestSuite:3272,2823,794,1461,2293,1750,1595,4075,953,2550,54,1936,1393,3342,4090,3762,506,1497,1190

test suite272
bestAPFD:0.931003
bestSuite:3748,2564,956,2401,1955,3492,2129,1514,4113,3426,3533,1192,148,4084,957,3525,3290

test suite273
bestAPFD:0.934159
bestSuite:3192,345,3033,4102,1887,874,3507,2248,912,4082,3237,2448,1850,2996,256,2550

test suite274
bestAPFD:0.918424
bestSuite:3929,3094,546,2026,679,4060,1607,2762,4086,1658,3091,3904,740,3931,2585,1395,1651

test suite275
bestAPFD:0.947534
bestSuite:3333,749,244,3929,924,1507,1251,4102,902,4058,663,2043,2742,882,3096,2990,2194,524,4021

test suite276
bestAPFD:0.940583
bestSuite:3615,3243,2737,1943,3625,4059,1355,1724,1647,4088,3041,1487,3315,3420,3510,1738,3758,2232,744

test suite277
bestAPFD:0.934446
bestSuite:3935,3872,2623,917,2973,4060,4114,1784,1334,3793,2615,1141,2658

test suite278
bestAPFD:0.927083
bestSuite:2035,3917,1767,3890,3815,3488,4077,4113,789,1095,1874,1974,212,406,405,891

test suite279
bestAPFD:0.942086
bestSuite:3346,3665,2839,4103,4079,3590,1281,27,786,1131,916,2232

test suite280
bestAPFD:0.920440
bestSuite:2521,3817,465,4071,3751,2192,877,3868,4088,1480

test suite281
bestAPFD:0.942767
bestSuite:2761,3119,626,2935,1388,1583,1483,3061,4082,4098,2217,3699,1766,622,1485

test suite282
bestAPFD:0.928263
bestSuite:3388,3242,2864,1976,3485,1438,1263,767,4106,2308,75,4053,1859,2733,2577,4059

test suite283
bestAPFD:0.932839
bestSuite:2281,3360,2898,1602,2406,3165,3021,4071,1275,2180,4091,1223,1273,3017

test suite284
bestAPFD:0.925839
bestSuite:1617,3625,2989,3192,1095,4082,4088,1611,2545,1849,2953,2353

test suite285
bestAPFD:0.903483
bestSuite:2996,2699,141,2666,3363,2839,4058,1544,3379,4112,2195,3314,1193

test suite286
bestAPFD:0.911753
bestSuite:3898,715,2149,2837,1111,3664,1897,2367,1706,2293,4061,4115,1960,341,2043,2579

test suite287
bestAPFD:0.911740
bestSuite:3063,663,2149,1713,2428,3643,4072,1773,2585,2714,1478,4088,3805,934,1187

test suite288
bestAPFD:0.907128
bestSuite:2737,3576,2511,3522,1664,1697,2808,810,4111,1429,4063,1161,3136,2571,2006

test suite289
bestAPFD:0.943920
bestSuite:3069,2332,834,2927,4101,3266,726,4071,640,2886,2352,2508,1988,2113,2201,48,3837,1291

test suite290
bestAPFD:0.948391
bestSuite:1617,3269,3257,3493,4086,3221,4068,2581,1256,3687,3978,740,53,844,551,1203,522

test suite291
bestAPFD:0.936279
bestSuite:2102,3066,710,2078,2351,4100,717,3884,699,2802,2419,693,399,1050,2967,1584,3696,437,4062

test suite292
bestAPFD:0.921187
bestSuite:2058,2564,3420,2733,891,1995,4066,2731,3007,34,2713,4110,2039,1787,528,3586

test suite293
bestAPFD:0.958750
bestSuite:3219,362,3013,4094,703,1086,1144,4069,1479,3091,2093,3876,1586,3291,69,1332,2575

test suite294
bestAPFD:0.945558
bestSuite:1811,3524,2733,3407,4068,4103,2876,2587,2870,973,2608,2368,880,2377,1018,1472

test suite295
bestAPFD:0.957640
bestSuite:2179,3182,2863,841,4082,2902,4115,1266,27,2224,2452,2231,3262,2663,2063,4037,1576

test suite296
bestAPFD:0.938230
bestSuite:3966,2008,3384,4107,2603,4077,3469,2845,3859,3855,3675,2067,3790,1872

test suite297
bestAPFD:0.907837
bestSuite:3587,767,2791,3873,1376,1504,4095,1020,3488,2237,1481,4064,1586

test suite298
bestAPFD:0.937332
bestSuite:3556,1793,2427,2745,2871,1643,4058,4106,2449,2402,759,3611,2102,1077

test suite299
bestAPFD:0.904612
bestSuite:3433,2418,2124,1442,2695,2455,4098,1101,1613,3062,1289,2682,3759,1772,4069

test suite300
bestAPFD:0.918913
bestSuite:2898,820,3630,1780,3806,2964,3929,1333,2024,4074,715,2698,3566,4105

test suite301
bestAPFD:0.913643
bestSuite:3615,3575,2505,3206,8,1870,4092,1091,2506,4069,2706,768,1320

test suite302
bestAPFD:0.919025
bestSuite:2337,2058,1657,11,3728,1820,1390,4092,1435,4071,2394,640

test suite303
bestAPFD:0.948761
bestSuite:3448,2509,1480,1548,3343,1600,1411,4078,2148,72,1763,4102,1280,3483,2502,3397,3044

test suite304
bestAPFD:0.923939
bestSuite:3026,2124,1726,2825,3620,1138,827,637,281,4095,1916,4060,743,3795,1898,868

test suite305
bestAPFD:0.938772
bestSuite:3628,3927,677,3640,1690,3755,4111,3833,2282,1417,1162,823,4065,1327,1036,3089,29

test suite306
bestAPFD:0.919549
bestSuite:3628,3984,4026,2062,1924,1714,4108,3809,1059,1230,1895,4057

test suite307
bestAPFD:0.936950
bestSuite:3494,474,787,2112,835,654,2013,2746,1240,972,4087,2956,2881,2442,3414,1763,849,1584,2243,408

test suite308
bestAPFD:0.959119
bestSuite:3517,2044,1434,4089,4060,2679,3550,732,2193,3196,1974,291,3590,1883,2487

test suite309
bestAPFD:0.924242
bestSuite:2954,3071,2329,4106,927,1035,2604,3681,1553,2723,4065

test suite310
bestAPFD:0.937303
bestSuite:3868,2060,814,160,3221,2528,4112,2350,1410,3252,2746,1567,3370,2676,2343,4083

test suite311
bestAPFD:0.917977
bestSuite:3349,504,3688,3361,953,2009,4068,1120,4089,39,3047,3709

test suite312
bestAPFD:0.927673
bestSuite:3267,2270,2255,2166,3145,4091,2711,1720,1826,1161,3584,2241,3547,1484,4074

test suite313
bestAPFD:0.906883
bestSuite:2363,3370,3725,3611,3804,1507,1079,1402,636,4087,2531,4061,461,1553,1510,371,375,3551

test suite314
bestAPFD:0.938876
bestSuite:2898,1486,1127,3934,3469,4084,1955,4093,3686,1609,3588,2278,511,1607,775,1145

test suite315
bestAPFD:0.916238
bestSuite:3324,2537,1437,3176,3029,4063,1801,2717,4113,1641,4036

test suite316
bestAPFD:0.940055
bestSuite:3612,2035,4026,3199,772,3325,4072,567,1396,4109,102,312,2047,1788,3123,3413

test suite317
bestAPFD:0.934332
bestSuite:3313,2840,2180,4090,893,4073,1032,1547,2522,345,990,1909,3719,85,2141,352,2507

test suite318
bestAPFD:0.889623
bestSuite:2722,1790,2524,4065,1139,1177,506,4111,754,3181

test suite319
bestAPFD:0.935897
bestSuite:2724,3195,943,3683,4113,809,4066,3374,2625,989,2897,995,1484

test suite320
bestAPFD:0.926415
bestSuite:2700,2598,1020,4045,688,2249,4089,4059,3761,3982,902,3683,3351,649,834

test suite321
bestAPFD:0.936792
bestSuite:3517,2471,2658,673,4065,4089,1778,2212,2456,1661

test suite322
bestAPFD:0.923480
bestSuite:2567,2477,1869,3661,1619,2807,4075,1584,4091,3329,3870,954,3874,3650,1750

test suite323
bestAPFD:0.908206
bestSuite:3802,2853,1125,2198,504,242,1533,496,4060,783,1654,1378,2760,4034,3807,3775,1778,4108,597,634,2744

test suite324
bestAPFD:0.906709
bestSuite:2796,1997,3332,2952,3891,2573,938,899,1683,1546,4111,4076,367,3719,1229

test suite325
bestAPFD:0.934702
bestSuite:2337,3910,2598,1770,893,2798,4068,2943,3805,2603,1184,3438,3689,4101,3073,1167,2374

test suite326
bestAPFD:0.912893
bestSuite:1945,3040,3848,3272,2458,4075,4112,3530,290,2130

test suite327
bestAPFD:0.923405
bestSuite:3928,3907,3267,2488,1921,4099,3833,3675,3064,1827,1063,2389,1507,4058

test suite328
bestAPFD:0.944969
bestSuite:3346,1422,40,3892,4074,1610,3154,4110,3628,3263,720,1344,1784,117

test suite329
bestAPFD:0.936865
bestSuite:3231,2854,2706,4060,1465,3311,4089,1835,2085,2660,3764,263,619

test suite330
bestAPFD:0.917565
bestSuite:2058,2447,3187,2787,714,2463,3303,4093,1034,3626,3419,4057,2780,3193

test suite331
bestAPFD:0.942767
bestSuite:2422,3327,2459,2567,4064,2745,4100,687,1023,3973,171,899,3190,3344,3542

test suite332
bestAPFD:0.934332
bestSuite:2595,1794,3411,483,4061,2294,4107,1950,1787,3645,888,2838,2255,2089,2093,3002,3978

test suite333
bestAPFD:0.940991
bestSuite:2163,3411,4085,1546,1331,3093,4093,1963,1433,1495,877,3293,3938,3474,3957,179,2322

test suite334
bestAPFD:0.918436
bestSuite:2709,2464,3063,1591,444,1655,3885,2268,4061,4102,2863,3718,2208,2221,1705,667

test suite335
bestAPFD:0.948391
bestSuite:3178,3603,3699,3033,1477,4067,1729,4089,3429,773,3224,450,2696,1916,797,1032,2198

test suite336
bestAPFD:0.914870
bestSuite:3388,1746,2862,2383,2683,4075,4050,719,677,1355,2697,4105,2548,900

test suite337
bestAPFD:0.932390
bestSuite:2164,3040,1897,1870,4059,4106,2286,524,15,4051

test suite338
bestAPFD:0.902935
bestSuite:3608,3822,2162,3133,820,221,1776,4107,4069,2838,1666,2075,30,1835,1609

test suite339
bestAPFD:0.915666
bestSuite:2115,1780,2839,3673,2253,3669,4111,1256,3402,2792,4079

test suite340
bestAPFD:0.927476
bestSuite:2506,3014,3529,3509,1914,4062,3722,826,3360,4087,2256,629,2330,3496,1631,2786

test suite341
bestAPFD:0.935678
bestSuite:3964,1811,4101,1547,1345,2956,2074,3093,3650,4048,594

test suite342
bestAPFD:0.911557
bestSuite:2761,3333,3017,4112,3885,4063,4034,2862

test suite343
bestAPFD:0.924725
bestSuite:2301,2853,3141,795,2014,1169,2956,2203,1309,3514,3791,612,4090,1545,3106,46

test suite344
bestAPFD:0.923305
bestSuite:2791,2575,3766,788,3397,4060,3894,1484,4105,1749,1653,1801,3548,3009,3163,450,2526,2821

test suite345
bestAPFD:0.903639
bestSuite:2668,3131,3323,2081,4071,710,752,1857,445,3954,2610,1000,4090,1944

test suite346
bestAPFD:0.949476
bestSuite:3771,2485,3703,1437,4085,2896,4097,2618,2927,386,3619,1999,2948,4046,1911

test suite347
bestAPFD:0.916863
bestSuite:3917,3742,4032,268,2083,3491,1361,976,665,4110,2950,2266,2872,3782,2141,4067

test suite348
bestAPFD:0.930263
bestSuite:1487,3495,3488,2428,2950,2854,1676,4102,3168,2247,844,3352,2756,898,4059,2825,3729

test suite349
bestAPFD:0.949444
bestSuite:3717,837,4065,4106,3854,856,2695,3948,3410,802,3748,947,28

test suite350
bestAPFD:0.925402
bestSuite:3242,2814,2930,2166,1943,370,4093,2297,866,4061,769,1552,3130,1378,3177,2788,1070,1447

test suite351
bestAPFD:0.932128
bestSuite:3346,3487,2253,1325,4059,1354,4088,1655,2944,3505,3608,937

test suite352
bestAPFD:0.927189
bestSuite:3092,2596,1817,3846,4084,4108,1790,3010,1364,214,2744,2197,2448

test suite353
bestAPFD:0.920008
bestSuite:2537,3167,3295,765,3552,725,4093,432,3463,3185,3591,1397,4075,3562,516,1836

test suite354
bestAPFD:0.933962
bestSuite:2633,1769,3161,2343,2220,4097,3237,1572,2387,4084,688,2882,1428,2474,1356,151,2827,721,1933

test suite355
bestAPFD:0.917977
bestSuite:2826,2996,2243,3659,3494,3881,1168,1930,4099,4079,643,2283

test suite356
bestAPFD:0.937292
bestSuite:3665,1772,3710,3495,4097,1469,1626,4059,1169,776,1830,3438,323,3574,2060,1367,1317

test suite357
bestAPFD:0.909788
bestSuite:2240,3822,11,2229,848,3828,2528,4074,878,1710,2402,4096,3295,1395,333,1599

test suite358
bestAPFD:0.909928
bestSuite:4054,3094,839,3036,3720,4104,1641,4076,1988,3099,3524,506,2271,2943

test suite359
bestAPFD:0.956499
bestSuite:3231,2008,3846,3505,4066,1193,4109,2364,91,848,2965,769,1426,699,3983,3851,2830,2480

test suite360
bestAPFD:0.900000
bestSuite:3972,2643,2257,87,3770,980,3635,4101,1361,859,868,2846,2317,4060,2865

test suite361
bestAPFD:0.923742
bestSuite:3657,3225,1819,2899,1121,2219,4113,2950,4072,3245,183,3817

test suite362
bestAPFD:0.955800
bestSuite:3278,3834,1883,2255,4090,4064,801,1351,3235,336,2268,3919,3363,1659,3188,210,2651,1124

test suite363
bestAPFD:0.921867
bestSuite:2163,3399,3426,1558,4089,3352,4060,2274,2553,338,2257,2748,1334

test suite364
bestAPFD:0.916352
bestSuite:3706,1437,3552,865,2408,2204,4096,4059,831,2500,1812,2254,3750,1216,842

test suite365
bestAPFD:0.960495
bestSuite:3517,466,4102,4085,3310,1847,2263,1668,1472,2054,2229,1254,2014,857,1599,1322

test suite366
bestAPFD:0.936941
bestSuite:3984,1649,473,1626,3610,2466,4073,2174,2400,1263,2767,4113,3352,730,2443,98,3970,2416,3756

test suite367
bestAPFD:0.934293
bestSuite:3521,3484,446,781,1235,4064,2707,4087,2921,1911,1342,1465,870,3579,117,388,2680,2068,1713

test suite368
bestAPFD:0.920416
bestSuite:2595,2032,3016,1555,781,2768,761,4099,4066,3659,2717,2208,3642

test suite369
bestAPFD:0.933962
bestSuite:3353,1699,2373,2163,3746,2432,1720,2572,2956,3117,4086,1508,1173,2891,1160

test suite370
bestAPFD:0.921754
bestSuite:3221,809,352,2907,2302,4063,4101,1085,2159,2915,3817,442,2949,868,2456,1377,3775

test suite371
bestAPFD:0.930576
bestSuite:2954,1739,4011,328,2100,4065,4104,595,861,2089,130,1345,3104

test suite372
bestAPFD:0.944969
bestSuite:3324,3927,2854,3421,2200,1905,4069,1882,2011,3775,4111,3533,2250,13,798,3296,1861,2907

test suite373
bestAPFD:0.926297
bestSuite:3784,1452,2455,3529,4076,1606,990,1824,863,3737,4088,2853,2349,2562,2931,3155

test suite374
bestAPFD:0.917513
bestSuite:3026,2599,1446,3469,1609,4064,2584,1183,4112,1165,3718,1674,2118

test suite375
bestAPFD:0.919706
bestSuite:2509,3249,842,940,977,2999,2486,732,4093,850,4063,3187,3008,2796,2854

test suite376
bestAPFD:0.939413
bestSuite:2724,3005,4049,2212,3094,4076,2130,4102,305,735,2691,1646,2713,1333,1866

test suite377
bestAPFD:0.916470
bestSuite:3645,2491,2855,594,1438,2971,2707,783,1551,2914,75,4097,4072,265,359,1465

test suite378
bestAPFD:0.936552
bestSuite:2344,3473,2229,2787,1813,4065,1388,4092,1837,2616,2068,3636,777,1566,3663,3689,257

test suite379
bestAPFD:0.949843
bestSuite:4049,3208,748,3140,1745,1913,1015,916,2874,4073,4106,2094,1624,2574,2807,2071,2974,3714,2368,3805

test suite380
bestAPFD:0.932027
bestSuite:2422,2722,3198,2377,841,3045,4061,1096,4115,1477,1279,1058,3386

test suite381
bestAPFD:0.933176
bestSuite:3716,3313,1985,4094,4081,1122,2985,1809,3364,1819,1832,3483

test suite382
bestAPFD:0.933089
bestSuite:1614,3490,2917,3381,3994,1963,3705,1737,4081,4101,3522,435,1572,2095,1467,2900,2975,1020

test suite383
bestAPFD:0.927673
bestSuite:3935,3868,351,4101,865,4068,1378,2059,3861,3894,1614

test suite384
bestAPFD:0.901730
bestSuite:2906,2406,3455,4098,466,4080,1914,2379,1251,3489,1900,253

test suite385
bestAPFD:0.931976
bestSuite:3447,2871,2244,4073,3504,640,1240,4100,878,853,1141,2341,3139,326,1212,668,1386,196,3661

test suite386
bestAPFD:0.956564
bestSuite:2632,4060,520,3006,4102,2921,2127,726,660,1758,3063,1537,2749,656,252,3079

test suite387
bestAPFD:0.929893
bestSuite:3625,1496,3927,2166,404,819,4077,3744,2520,1614,2475,1789,1117,1072,299,2561,4095

test suite388
bestAPFD:0.938679
bestSuite:1852,3679,3326,3003,1967,2581,1119,4075,4102,999,3593,3863,3386,4048,1630,1848,2885,524

test suite389
bestAPFD:0.925943
bestSuite:2060,3327,1742,3378,1501,122,1647,2807,4067,4106,2979,2687,1059,731,971,4025,812,1186,3739,221

test suite390
bestAPFD:0.946122
bestSuite:3306,2562,1985,4088,3329,1962,4063,3149,1098,2161,3184,2705,3504,80,2531

test suite391
bestAPFD:0.951101
bestSuite:3448,1849,37,3066,3940,1395,1956,2735,750,4101,2971,2183,4084,1855,2574,2608,2803,2502,1441,3336

test suite392
bestAPFD:0.934561
bestSuite:2078,827,3167,2468,2452,4061,3881,2030,1703,1389,2694,2508,1902,4025,4090,709,2052,200,2095,847,1316

test suite393
bestAPFD:0.923233
bestSuite:2374,2548,90,3291,740,4060,864,2808,1643,1267,981,1679,4108,2053,3081,1087,3029

test suite394
bestAPFD:0.958521
bestSuite:3765,2658,1693,4081,3382,4090,1979,1334,744,1067,3482,2150,2841,2100,1237,2425,722,284,3741,1558,3606

test suite395
bestAPFD:0.900747
bestSuite:2888,3607,2027,2397,1885,681,1221,3277,3345,234,1115,89,4078,3894,1536,4111

test suite396
bestAPFD:0.941562
bestSuite:3991,2978,2637,4103,3007,945,4057,647,2461,3268,515,1127

test suite397
bestAPFD:0.925402
bestSuite:2382,3533,1776,720,4067,2650,1672,1744,3767,1854,4113,2664,372,3150,1930,2757,3001,839

test suite398
bestAPFD:0.945165
bestSuite:2080,2754,2962,4112,1332,4069,1781,1605,986,3007,3900,3110,2673,2644,4013,2159

test suite399
bestAPFD:0.920710
bestSuite:2609,1780,315,4073,2803,1611,2943,1934,4102,2863,2872,3256,872,2621

test suite400
bestAPFD:0.934748
bestSuite:3556,1617,3176,3973,2980,4113,4081,1759,2820,2786,1963,878

test suite401
bestAPFD:0.931080
bestSuite:2761,4020,910,372,1202,4092,3688,1378,4084,746,4043,51

test suite402
bestAPFD:0.949489
bestSuite:2724,3911,2362,4082,913,3062,1875,1971,2587,4105,3856,2259,2457,3737,2919,2999

test suite403
bestAPFD:0.902516
bestSuite:3587,1963,3039,129,3094,4077,956,3782,1506,4097,1364,737,1452

test suite404
bestAPFD:0.921384
bestSuite:3151,2660,2705,2284,2709,1061,4100,1779,2238,528,4081

test suite405
bestAPFD:0.942187
bestSuite:3346,2927,4006,4099,4058,1127,765,484,3279,3199,1618,1576,2185

test suite406
bestAPFD:0.900581
bestSuite:3403,895,3566,2402,3614,4043,428,3172,216,973,4072,317,4108

test suite407
bestAPFD:0.901817
bestSuite:2281,3176,1491,3494,4098,4076,3003,3262,1381

test suite408
bestAPFD:0.929124
bestSuite:3984,1906,144,3024,2615,4106,2956,4011,1549,986,1547,2376,626

test suite409
bestAPFD:0.907325
bestSuite:3473,1665,2778,3477,1899,2408,1984,1398,2229,4111,1705,3777,1789,768,656,412,4064

test suite410
bestAPFD:0.917977
bestSuite:2898,1422,4039,2220,2376,4057,1187,4086,1508,742,3260,2915

test suite411
bestAPFD:0.952306
bestSuite:2082,3657,1735,2377,2656,4115,4057,2629,1275,1767,55,995,2268,3769,2039,2605,1055,623

test suite412
bestAPFD:0.896030
bestSuite:3610,2640,1732,1696,3903,1554,4078,3011,713,3398,528,3708,4103,3453,2893,3283

test suite413
bestAPFD:0.897537
bestSuite:2375,3143,2705,3505,1797,4080,1518,1066,3503,1664,4088,3790

test suite414
bestAPFD:0.924814
bestSuite:2521,4067,382,959,811,3194,2272,766,4086,248,933

test suite415
bestAPFD:0.928931
bestSuite:3784,2909,3151,3016,4065,3371,4108,1489,1533,933,165,988,2666,2960,3936

test suite416
bestAPFD:0.909377
bestSuite:1838,2035,3428,4109,3846,3040,4061,2649,3974,890,2249

test suite417
bestAPFD:0.924790
bestSuite:2360,3215,1683,3126,4107,3166,4058,1732,591,1904,3677,2293

test suite418
bestAPFD:0.929350
bestSuite:2633,3575,2235,1976,2477,142,2433,4074,1322,1386,1897,649,1913,3243,4100

test suite419
bestAPFD:0.912212
bestSuite:3437,899,2763,392,4035,1775,1032,4073,3737,4114,808,1439

test suite420
bestAPFD:0.903967
bestSuite:3845,1459,2474,3830,3923,1550,887,4058,1861,1796,2671,4107,1059

test suite421
bestAPFD:0.942414
bestSuite:2898,1491,3039,1921,2970,2614,1241,4110,4078,953,1500,4030,2363,74,1137,215

test suite422
bestAPFD:0.940841
bestSuite:2609,3748,2083,361,4066,2449,2333,1641,4112,1200,2474,2659,3824,4030,2624,996

test suite423
bestAPFD:0.949461
bestSuite:2179,1493,3993,663,4101,26,4083,2264,2354,3021,1850,2053,3986,3876

test suite424
bestAPFD:0.909949
bestSuite:3034,3465,2354,1762,1619,1079,4107,673,4081,60,2617

test suite425
bestAPFD:0.948310
bestSuite:1617,3319,4,4094,2463,1269,4085,1484,3318,2272,243,1863,903,1164,978,4045

test suite426
bestAPFD:0.936517
bestSuite:3840,2509,3903,2486,1,1775,4099,1149,298,1633,4059,552,3552,3085,3974,4013

test suite427
bestAPFD:0.944224
bestSuite:3134,2062,3926,3482,3036,2390,1616,1178,4084,3062,4089,3189,2413,1645,2468,3369,2762,2859,525

test suite428
bestAPFD:0.934293
bestSuite:1649,3472,3243,120,2401,4106,1856,4063,2943,1600,2895,1587,2810,1191,1501,3081,1520,2349,1261

test suite429
bestAPFD:0.956958
bestSuite:2179,2964,2074,4111,2201,3590,2590,4072,953,3770,1482,1916,3740,2744,2603,554

test suite430
bestAPFD:0.901372
bestSuite:2925,3433,2780,2666,2008,4111,683,1109,4083,2338,420

test suite431
bestAPFD:0.922956
bestSuite:3234,2658,987,4020,3509,1975,1889,2886,4094,1169,980,4084,2932,2231,3727,3044,404,268

test suite432
bestAPFD:0.912174
bestSuite:1894,2060,3540,2313,4102,1481,3915,627,4037,4069,1398,2984,1614,2622

test suite433
bestAPFD:0.942348
bestSuite:2432,3012,3534,24,3980,1101,2575,922,4057,1075,3172,4098,3161,2442,3130,4,289,853,3762,2580,1272

test suite434
bestAPFD:0.933176
bestSuite:2360,3014,2284,3172,3012,4097,3204,4073,698,3942,930,137

test suite435
bestAPFD:0.933962
bestSuite:2360,3078,1968,3625,3994,4055,1168,4106,4070,3114,2861,3080,715

test suite436
bestAPFD:0.943222
bestSuite:1493,2909,3844,1449,4086,3503,2853,451,234,4060,628,2107,1590,1386,522,2049,3241,396

test suite437
bestAPFD:0.930593
bestSuite:3668,3809,1539,3072,1004,4072,3921,2886,1692,15,4098,1844,2731,2707

test suite438
bestAPFD:0.909377
bestSuite:2938,2096,3849,2162,792,3899,3884,2956,4115,2009,3199

test suite439
bestAPFD:0.924713
bestSuite:1780,2534,3418,810,1720,4057,4106,3434,2922,3123,1971,211,2220,1579,734,75,3486

test suite440
bestAPFD:0.910967
bestSuite:2099,3425,1691,3119,2835,2102,3232,3694,4081,696,3482,4087,3711,3281,637,1008

test suite441
bestAPFD:0.927987
bestSuite:3716,3993,2834,3089,1834,4093,44,3357,294,4080

test suite442
bestAPFD:0.903639
bestSuite:2240,3751,321,1491,3503,3203,1134,1016,4095,3067,669,1151,3758,4084

test suite443
bestAPFD:0.919222
bestSuite:2348,2621,4006,737,2927,2740,1417,1571,4099,1736,4070,2059,3132,39,1929,2411

test suite444
bestAPFD:0.927898
bestSuite:2487,3641,3773,4101,4065,3426,3277,2991,3697,2820,1390,2706,290,1212

test suite445
bestAPFD:0.932839
bestSuite:2548,3349,1662,2447,4072,772,2863,3611,1913,4102,3425,3925,2960,1850

test suite446
bestAPFD:0.924814
bestSuite:3771,2628,4007,1910,707,2000,1127,4115,2265,4069,200

test suite447
bestAPFD:0.943154
bestSuite:2521,3382,1547,834,4086,4068,674,3598,2500,3819,1501,3146,3571

test suite448
bestAPFD:0.933373
bestSuite:3781,3593,2035,2656,4087,1596,3396,1542,4082,3261,1101,54,1943,1466,2549,2170

test suite449
bestAPFD:0.918588
bestSuite:2521,3231,34,1821,4103,4075,3169,2202,1701

test suite450
bestAPFD:0.927673
bestSuite:3173,3957,1775,489,3146,2631,2413,757,1115,4115,4058,786,66,3985,2256

test suite451
bestAPFD:0.929328
bestSuite:2184,2119,1759,3916,4080,2150,1690,3729,1355,3547,3145,3536,4110,1656,3372,1704,3528,12,2247

test suite452
bestAPFD:0.947651
bestSuite:3787,3097,3552,1358,960,4095,1899,4074,752,3883,2201,672,2780,1008,3943,545,17

test suite453
bestAPFD:0.929124
bestSuite:2366,3555,1596,2776,4093,1882,4080,1256,2560,2472,3567,2959,2182

test suite454
bestAPFD:0.900419
bestSuite:2145,2422,3443,175,1550,4088,1290,2749,4057

test suite455
bestAPFD:0.926999
bestSuite:3400,1811,2076,3728,4078,4089,3011,2264,2449,3269,2992,1736,1003,1918

test suite456
bestAPFD:0.921122
bestSuite:3628,2823,1423,1491,4079,3140,2733,2664,2318,3174,4096,659

test suite457
bestAPFD:0.960113
bestSuite:3219,1355,2073,2228,1699,4107,4067,2444,3655,89,2024,3892,2406,1375,1332,3539,1926,3840,1562

test suite458
bestAPFD:0.953420
bestSuite:2164,1612,3674,511,4087,4059,1268,1481,21,3355,3389,1849,2599,3878,2645,3588

test suite459
bestAPFD:0.929507
bestSuite:2724,2564,3527,810,2496,4084,2812,648,3790,2259,2884,4111

test suite460
bestAPFD:0.956848
bestSuite:2164,3244,4079,2983,2800,3709,1398,1679,2172,4103,3540,3501,3754,830,3900,2701,3089,3679

test suite461
bestAPFD:0.912624
bestSuite:2722,2099,3664,659,725,1466,1584,1193,4061,3260,4093,2819,3553,3866

test suite462
bestAPFD:0.928413
bestSuite:3381,2108,681,1573,4108,3844,665,4061,1755,1772,3505,3694,1860,3096,1228,541,1726

test suite463
bestAPFD:0.952306
bestSuite:3178,831,405,4085,2432,3128,1452,2550,4090,1618,2399,1006,3475,3867,263,3654,2759,3043

test suite464
bestAPFD:0.950314
bestSuite:3716,329,3369,747,4096,938,2521,4081,426,317,3609,947,3254,2704,2106

test suite465
bestAPFD:0.917565
bestSuite:3447,3698,2369,1524,4084,2810,2755,988,2274,2792,4103,3644,3530,2201

test suite466
bestAPFD:0.927448
bestSuite:3288,994,2643,3559,1915,1917,3011,4084,4100,1537,390,2788,830,4041

test suite467
bestAPFD:0.911164
bestSuite:2115,3323,2703,1765,2026,770,4075,1396,3547,1750,2027,4115

test suite468
bestAPFD:0.930189
bestSuite:1425,2854,2066,3224,2683,4112,4075,2089,1638,1229,1412,2313,1437,960,2444

test suite469
bestAPFD:0.930228
bestSuite:3080,1732,3796,520,4075,1791,1798,1193,4115,1472,790,887,2059,2901,2498,2297

test suite470
bestAPFD:0.942173
bestSuite:2115,3455,627,4097,3502,2211,904,3769,4067,2201,103,1774,3418,3805,1787,2642,2427,3477

test suite471
bestAPFD:0.941219
bestSuite:3306,2927,1921,3140,961,4106,4060,2089,3886,2593,3550,3780,2050

test suite472
bestAPFD:0.904088
bestSuite:2955,3034,2123,2370,2854,2167,4084,818,4100,2896,3310,129,1579,836

test suite473
bestAPFD:0.928512
bestSuite:2595,3557,3857,1334,1652,3472,4106,1635,1638,937,2879,1778,3901,2393,4077

test suite474
bestAPFD:0.956499
bestSuite:3765,2633,602,822,4088,641,4075,1012,2528,2825,3027,3780,3103,1410,578,3022,2929,1413

test suite475
bestAPFD:0.925083
bestSuite:3521,3844,1603,3136,3924,2125,4062,4098,1604,865,1659,3111,582,2544,2539,2394,2421

test suite476
bestAPFD:0.901677
bestSuite:2496,1785,3805,2229,2839,2840,55,2192,4064,1390,4108,2858,678,899,3438

test suite477
bestAPFD:0.959539
bestSuite:3717,2112,683,4106,4062,822,3993,2162,3564,3228,3593,3532,2411,2269,865

test suite478
bestAPFD:0.937631
bestSuite:2948,3844,2549,677,2412,2585,2513,4084,4093,3352,2799,285,680,234,2611,3380,1160,2573

test suite479
bestAPFD:0.927673
bestSuite:2344,3442,1720,3173,2531,2444,4075,3421,3602,4100,3149,1401,1120

test suite480
bestAPFD:0.935442
bestSuite:2070,3143,2876,1561,4092,2947,3352,4071,2550,2523,2111,2557,3938,2889,1507,2665,1815

test suite481
bestAPFD:0.918794
bestSuite:3494,2528,1443,2549,2748,1709,1143,1023,2547,4060,4088,803,3478,1451,3860,3428,3807

test suite482
bestAPFD:0.921955
bestSuite:3465,2070,1704,4101,566,1776,4061,1354,4003,2675,2144

test suite483
bestAPFD:0.937282
bestSuite:2596,3872,3917,3062,1864,4088,1395,1426,3114,4062,934,3878,3995,1697,22,2737,2424,3743

test suite484
bestAPFD:0.909928
bestSuite:2499,3495,2408,870,2790,2755,3725,4094,1168,4080,1944,2290,2419,3102

test suite485
bestAPFD:0.929245
bestSuite:1735,3444,1474,3552,2374,4071,1001,2990,4095,1853,2057,3370,1030,1322

test suite486
bestAPFD:0.929874
bestSuite:3278,2668,1617,4062,4091,2190,692,2642,2219,3105

test suite487
bestAPFD:0.952830
bestSuite:1945,3446,3460,4095,3645,4069,1682,3619,2146,2907,75,351,2491,1109,965,1280,3777

test suite488
bestAPFD:0.920416
bestSuite:3575,960,3665,3836,2402,4081,1509,2285,1000,3810,3276,3379,4110

test suite489
bestAPFD:0.928641
bestSuite:1657,3844,2295,2867,1085,4084,2133,1458,2695,1585,3845,1208,4098

test suite490
bestAPFD:0.929442
bestSuite:2633,3660,700,3122,3376,4063,793,956,2644,1535,2216,4109,2799,689,4020,747

test suite491
bestAPFD:0.914308
bestSuite:3126,2151,2335,2535,1798,1696,3161,898,2276,1115,2311,4108,1956,4062,1306,2111,925,1618,1448,3036

test suite492
bestAPFD:0.913719
bestSuite:3928,696,3607,1984,2280,635,1338,2448,3870,923,4109,1284,4071,693,3348,321

test suite493
bestAPFD:0.926999
bestSuite:3067,2564,1894,1670,1251,3272,4062,4104,2172,1041,2814,642,1942,2181

test suite494
bestAPFD:0.945548
bestSuite:3872,1864,637,85,935,914,4079,1263,4092,3019,1967,850,3510,2803,2370,3592,2647,1732,2918

test suite495
bestAPFD:0.913379
bestSuite:3598,1594,2382,2867,2432,2014,3843,2541,4115,4063,2122

test suite496
bestAPFD:0.909377
bestSuite:2261,3527,2984,2457,3954,2668,4105,4080,1745,3531,2839

test suite497
bestAPFD:0.953027
bestSuite:3554,1897,3615,1550,1035,4066,4106,1716,2965,4000,1925,494,988,2006,516,963

test suite498
bestAPFD:0.950240
bestSuite:3319,2261,1596,4107,3284,720,3703,4063,884,1296,3662,1430,3971,3237,351,1568,1372

test suite499
bestAPFD:0.928796
bestSuite:2898,3084,2112,1986,3502,4082,3370,3791,4087,1042,3531,2083,2651,1575

test suite500
bestAPFD:0.921558
bestSuite:3257,3927,1776,3592,3770,1241,4098,1342,791,3912,1482,2819,2400,4069,529,1017,119,1720

