test suite1
bestAPFD:0.935535
bestSuite:3561,2172,1884,825,2013,1599,915,954,1979,2934,2664,3473,3666,1198,2790,2593,3438,4069,4104,3474,3355,3111

test suite2
bestAPFD:0.912124
bestSuite:3472,2737,806,1364,2562,2919,3409,2246,1853,51,3384,1481,1036,3104,2675,4063,4086,3651

test suite3
bestAPFD:0.922366
bestSuite:3134,2192,3595,1524,2511,2097,216,2955,1011,1255,3499,4037,3582,4108,4066,3919

test suite4
bestAPFD:0.929695
bestSuite:1617,3381,3809,567,2042,4059,2341,2148,1354,4089,1210,701,1190,1583

test suite5
bestAPFD:0.900800
bestSuite:2422,3520,2973,3589,3976,4066,1915,1451,27,4109,1263

test suite6
bestAPFD:0.939727
bestSuite:1425,3926,3896,3408,2907,3813,2535,3160,3893,4079,1688,1109,2795,672,4103,995,676,799

test suite7
bestAPFD:0.932819
bestSuite:3278,271,1894,3008,2182,1589,844,2221,4093,4078,3864

test suite8
bestAPFD:0.919462
bestSuite:3927,2270,822,1750,2102,2018,832,803,4007,204,2135,2276,2543,3744,3453,3320,4091,4066

test suite9
bestAPFD:0.920261
bestSuite:2942,3034,1950,1429,644,904,928,988,3631,3091,3985,4082,4089,1023

test suite10
bestAPFD:0.925157
bestSuite:1811,3072,3117,2382,3328,352,3229,2349,4085,2663,1281,1272,1607,4107,1640

test suite11
bestAPFD:0.923405
bestSuite:3353,2948,1473,1741,800,3442,24,3490,1357,174,2381,3815,4077,4107

test suite12
bestAPFD:0.947203
bestSuite:2521,3633,3162,3516,3302,3430,3152,4073,274,1633,2011,651,4094,1690,2483,2943,929,331,1557

test suite13
bestAPFD:0.918436
bestSuite:3809,1684,2498,801,1578,4054,489,2399,258,3819,1269,2550,2175,3875,4083,4109

test suite14
bestAPFD:0.902516
bestSuite:4011,3312,3337,141,3484,142,2162,528,3061,3689,3956,4095,4085

test suite15
bestAPFD:0.933962
bestSuite:3554,2225,920,2035,1504,1705,2015,1396,2187,291,3144,4065,4109

test suite16
bestAPFD:0.934748
bestSuite:3668,2561,1997,736,3327,116,1277,1055,2568,1059,735,3647,1432,2795,3910,3884,3299,4084,4113,3624

test suite17
bestAPFD:0.914523
bestSuite:3935,985,963,3850,3071,2020,2017,1825,1398,4099,4057

test suite18
bestAPFD:0.935220
bestSuite:2372,3066,3317,3823,4085,200,657,1679,1664,1469,1020,4112,1502,1042,2342

test suite19
bestAPFD:0.909504
bestSuite:3178,2599,2906,1910,846,2353,3305,4072,4113

test suite20
bestAPFD:0.921209
bestSuite:2058,3773,2359,2964,2966,1519,1871,3874,1464,2823,3734,3653,4065,2681,2299,524,4101,1096

test suite21
bestAPFD:0.928641
bestSuite:2761,3157,3385,3054,3673,4081,2351,48,861,4103,2932,1127,1306

test suite22
bestAPFD:0.914724
bestSuite:3293,873,3304,3418,1275,3552,2976,2111,511,2130,2950,532,1046,4021,3065,4101,2956

test suite23
bestAPFD:0.939832
bestSuite:3278,287,1853,1466,1538,868,940,1158,2027,1453,1046,2172,4046,4103,4082

test suite24
bestAPFD:0.922058
bestSuite:2163,3094,3312,853,2510,925,3505,4071,1111,4104,1325,1355,72,2133

test suite25
bestAPFD:0.928931
bestSuite:1945,3809,3415,3254,28,3958,4084,2415,1290,1923,4086,1703,2128,1481,1839

test suite26
bestAPFD:0.916944
bestSuite:3502,2939,2087,3137,2958,873,824,1765,2190,3421,3714,2811,3124,1138,1232,4101,4061

test suite27
bestAPFD:0.929523
bestSuite:3349,1769,1804,3616,1513,2591,3022,3092,1514,2629,3261,1888,2997,2802,569,4072,4093

test suite28
bestAPFD:0.916667
bestSuite:3793,3924,1839,3148,3149,1595,1532,2874,1988,1610,2873,1474,139,448,196,4076,4096,3713

test suite29
bestAPFD:0.919668
bestSuite:2422,2628,3327,2755,282,4057,4107,2516,2745,1709,1322

test suite30
bestAPFD:0.938155
bestSuite:3278,2362,2661,1495,1606,1240,1614,679,1402,3569,3303,4110,4083,3463,3091

test suite31
bestAPFD:0.938155
bestSuite:2776,3437,2791,1972,3823,4066,3647,6,2883,2497,1893,4113,1729,2573,1745

test suite32
bestAPFD:0.918913
bestSuite:2369,3137,926,3520,729,3432,3580,2231,4073,1160,4104,1061,2151,418

test suite33
bestAPFD:0.902516
bestSuite:2978,2873,195,3097,390,2235,3492,4062,4105

test suite34
bestAPFD:0.924242
bestSuite:3346,118,685,2010,828,1809,1256,2341,3796,4058,4102

test suite35
bestAPFD:0.900747
bestSuite:2661,3318,1438,1686,1829,1600,2248,2396,3432,2952,3732,4071,2140,4108,2865,286

test suite36
bestAPFD:0.910256
bestSuite:3465,1680,2989,2643,3633,2896,3763,2055,1397,4051,3033,4068,4105

test suite37
bestAPFD:0.920722
bestSuite:3092,2092,1743,2286,1660,420,2568,1979,622,1370,1031,3082,955,3686,1239,2784,1138,4057,4093

test suite38
bestAPFD:0.911276
bestSuite:3787,2016,1538,1659,1580,2000,4032,20,2867,2699,3369,4065,4088,3100

test suite39
bestAPFD:0.929659
bestSuite:3625,2184,991,1914,674,1916,1714,2654,3341,2892,2480,2101,554,3752,3481,3029,3527,4104,4071

test suite40
bestAPFD:0.919811
bestSuite:2598,2432,2112,3302,3978,904,2448,3480,780,3831,4073,2123,4096,2146

test suite41
bestAPFD:0.915269
bestSuite:2796,3976,3125,2977,1806,3009,770,1603,2636,808,1875,1650,2621,4057,2410,2833,4113,301

test suite42
bestAPFD:0.905374
bestSuite:3173,2432,2397,637,236,757,1468,646,2565,4076,4102

test suite43
bestAPFD:0.921187
bestSuite:3668,2705,1937,2706,2513,1000,2952,1021,510,1378,1196,2485,3602,3224,4068,4100

test suite44
bestAPFD:0.948761
bestSuite:3771,1425,2394,1845,3449,1745,1290,3326,2915,3398,3223,4074,4086,3733,3945,3851,3091

test suite45
bestAPFD:0.940476
bestSuite:3716,138,3013,3921,987,749,2660,1299,2574,3252,4069,4098,3700,3115

test suite46
bestAPFD:0.913784
bestSuite:2422,3614,3836,3034,4066,292,1472,2461,4097,2205,1245,2595

test suite47
bestAPFD:0.914570
bestSuite:2649,3217,2696,3310,3166,355,1927,1990,3798,3301,2271,2680,3940,4069,2227,4100,1605,1354

test suite48
bestAPFD:0.929088
bestSuite:2724,788,930,2939,1451,1532,1927,1549,3731,3512,3139,3079,4057,489,4103,2030,180,2358,2385,2260

test suite49
bestAPFD:0.931645
bestSuite:1422,3447,2637,4030,2825,315,2855,359,3056,3002,4080,2831,1376,2542,4098,649,1204,974,636

test suite50
bestAPFD:0.933700
bestSuite:3716,2628,603,798,1061,2829,2606,3097,4078,4107,3960,3064

test suite51
bestAPFD:0.947534
bestSuite:3556,2737,1606,1581,1902,215,2236,2837,2593,3121,1245,2383,2417,1325,3488,4084,4109,3162,3239

test suite52
bestAPFD:0.911426
bestSuite:3688,1609,2001,1742,3921,3961,1480,2678,968,3048,1281,1160,2309,1156,3996,3480,4066,4095

test suite53
bestAPFD:0.947327
bestSuite:1852,3559,3449,3063,3903,3747,2923,89,45,3287,2946,4080,2551,2926,1065,4106,1029,927,865,1701

test suite54
bestAPFD:0.935731
bestSuite:2333,3367,1875,1625,4043,2168,1713,1893,4073,441,2286,2812,4099,2318,2141,1399

test suite55
bestAPFD:0.917365
bestSuite:3063,2099,1678,1725,1851,1824,312,2549,3010,405,1108,3441,3833,537,3343,3605,4088,4066

test suite56
bestAPFD:0.942841
bestSuite:3872,2270,978,1519,796,1472,1597,276,1999,3384,1929,2125,1114,1395,4076,4108,3887

test suite57
bestAPFD:0.916077
bestSuite:2938,3039,3737,3045,3589,2087,2548,3956,2571,4063,207,4090,1328,2002,2263,2111

test suite58
bestAPFD:0.927149
bestSuite:1838,3359,3661,3018,3325,2832,3198,3798,3922,409,4010,4062,66,1965,1839,654,4115,1827

test suite59
bestAPFD:0.906289
bestSuite:3914,945,916,2827,824,2387,1601,3497,434,1971,3002,1312,1377,4058,4114

test suite60
bestAPFD:0.944886
bestSuite:2609,3520,2964,3884,3172,4062,475,1809,657,661,1753,4110,2400,2805,1119,536,2106,1304,21

test suite61
bestAPFD:0.925118
bestSuite:2776,3472,3128,3947,3994,2474,4063,2939,2923,4097,1331,701,1476,2404,2140,2260

test suite62
bestAPFD:0.928931
bestSuite:3192,2301,2780,1487,1719,717,2282,1345,626,1212,3182,4096,3951,4069,3577

test suite63
bestAPFD:0.923099
bestSuite:3208,2942,3134,1460,1797,1085,3940,4113,4084,3090,3020

test suite64
bestAPFD:0.944619
bestSuite:1852,3167,2184,3873,2854,2234,321,2884,3370,2454,4081,1235,4096,2787,813,894,1549,1446

test suite65
bestAPFD:0.906783
bestSuite:3984,1997,2387,3454,3293,3102,3383,1952,1646,614,3963,2540,4105,2956

test suite66
bestAPFD:0.929049
bestSuite:2954,3134,3328,3007,3166,3831,3297,3053,3888,3698,4058,1596,134,893,4112,638

test suite67
bestAPFD:0.899961
bestSuite:2203,1663,2148,3155,983,3847,997,1321,1362,2338,4064,321,2298,566,4089,2685

test suite68
bestAPFD:0.908648
bestSuite:2207,3392,3817,4037,1554,1861,644,1669,3479,4045,2036,2587,3901,3301,2631,4085,4089,1094,1198,299

test suite69
bestAPFD:0.919886
bestSuite:1599,3843,3607,2051,669,3363,892,2500,563,2014,2475,3300,1755,2986,2351,4060,1357,121,4110,2005,1887

test suite70
bestAPFD:0.906447
bestSuite:2700,3126,2255,3617,2329,2044,1514,4059,4103,1026,1335,1243

test suite71
bestAPFD:0.921855
bestSuite:3984,1937,2882,1517,3422,693,3153,1361,2416,685,687,1402,81,1365,2970,3661,3434,3938,4081,4109

test suite72
bestAPFD:0.918868
bestSuite:3841,1814,3638,2531,1741,524,1703,991,360,3082,3692,1178,4063,4095,3525

test suite73
bestAPFD:0.948812
bestSuite:2080,392,4005,3220,3243,3930,1657,4063,2693,1896,1993,4094,1498,2820,772,824,2222,2753

test suite74
bestAPFD:0.916667
bestSuite:2261,3833,4056,2906,1096,4053,2083,1862,4067,4104,1910,2513,1887,607

test suite75
bestAPFD:0.909198
bestSuite:2521,3349,3903,3144,4073,1620,4106,1903

test suite76
bestAPFD:0.931543
bestSuite:3964,2115,2599,1690,1926,884,3449,1383,366,3606,3649,4107,4061

test suite77
bestAPFD:0.899196
bestSuite:2733,2983,2659,3885,3609,2124,956,944,1335,865,933,2841,4078,2702,2024,4089,440,102

test suite78
bestAPFD:0.952673
bestSuite:2179,3036,4072,1430,1635,715,1840,1816,1722,873,630,2858,4115,1,2921,9,2617,2706,2857,2680

test suite79
bestAPFD:0.935535
bestSuite:3178,2398,2491,2123,2638,1839,696,1686,3918,3703,3059,4063,4100,3976

test suite80
bestAPFD:0.919904
bestSuite:3117,1501,2068,2016,1020,2032,2902,935,3148,2073,3857,2937,3533,1329,4059,4102,3939

test suite81
bestAPFD:0.926297
bestSuite:3868,1870,1997,1976,3984,1989,252,1085,3298,2109,3561,3663,3974,4084,4113,3856

test suite82
bestAPFD:0.926193
bestSuite:3559,2534,2458,1013,1672,471,1802,3391,1203,3092,3047,1630,2694,3496,4057,4093,3351

test suite83
bestAPFD:0.956132
bestSuite:3282,2426,1473,1306,2987,169,2917,2284,4002,1029,2797,1261,4074,4113,3340,3677,3079,4043,3103,3963

test suite84
bestAPFD:0.907837
bestSuite:2852,2966,2060,2096,960,3932,1946,3168,4075,521,4112,1398,2884

test suite85
bestAPFD:0.939029
bestSuite:2115,4033,3725,3272,2163,824,3401,984,4085,941,2527,1721,524,4086,1168,488,2286,111

test suite86
bestAPFD:0.929245
bestSuite:3717,1809,2147,2477,1784,3078,3243,4105,4058,3846

test suite87
bestAPFD:0.899546
bestSuite:2193,3564,3852,1848,3803,2828,930,2071,655,781,3150,2176,1869,868,4063,418,4087,1103

test suite88
bestAPFD:0.938994
bestSuite:3841,1657,2696,1789,3917,1788,3403,3328,2793,1703,1161,3482,4093,4066,3553

test suite89
bestAPFD:0.940448
bestSuite:4024,3588,2229,3847,3069,1760,1973,708,1241,1429,772,4092,4064,3483,3671,4017

test suite90
bestAPFD:0.889453
bestSuite:3730,1740,1014,3015,3495,3318,2048,2923,451,2505,3232,4074,4107

test suite91
bestAPFD:0.932969
bestSuite:4011,1747,1578,3367,525,2823,271,2605,83,2858,1407,3172,3019,4103,4067,3933,3348,3537,3122

test suite92
bestAPFD:0.917191
bestSuite:3381,2270,3218,1973,3337,1198,73,909,859,2680,1074,801,3761,2956,4092

test suite93
bestAPFD:0.910302
bestSuite:3013,3681,1427,842,1520,3923,1309,2629,3689,841,3921,472,2013,3647,1075,1021,585,3478,3733,4097,4058

test suite94
bestAPFD:0.924354
bestSuite:3911,1423,2458,1473,3359,3017,853,2052,2651,518,2299,1402,2550,1290,1832,3884,4063,4097

test suite95
bestAPFD:0.892872
bestSuite:3447,1614,1600,3509,1707,1822,3490,2071,2308,20,404,1241,297,4090,4082

test suite96
bestAPFD:0.903626
bestSuite:3617,3012,2697,696,1925,2995,3439,2156,2550,3168,3104,3074,3669,2217,3122,4058,4096

test suite97
bestAPFD:0.919904
bestSuite:2092,2171,3961,2642,1481,3941,2868,1651,1571,1461,1184,2302,3377,3743,4058,4090,2340

test suite98
bestAPFD:0.931604
bestSuite:3868,1650,887,1429,3418,1778,2017,2201,2504,3382,1244,383,2255,3426,3592,4059,3917,4115,3414,4040

test suite99
bestAPFD:0.907495
bestSuite:2344,3197,3093,3727,1904,3549,2114,4084,1834,1492,4088,1334

test suite100
bestAPFD:0.904717
bestSuite:3465,662,2428,2112,3640,2516,3447,1184,4111,4082

test suite101
bestAPFD:0.926999
bestSuite:2281,3183,2427,2548,3669,3710,3757,3483,3100,4074,1736,4094,1240,296

test suite102
bestAPFD:0.913260
bestSuite:2372,3555,3495,3227,3064,2956,2658,1593,1428,4113,1035,615

test suite103
bestAPFD:0.937980
bestSuite:3556,1485,770,1532,1677,921,3194,99,2026,2416,3677,3725,4111,4081,3238,3114,4020,3401

test suite104
bestAPFD:0.928459
bestSuite:4006,3015,1880,956,689,1201,2437,1101,968,473,2745,3926,575,2089,1060,1386,3783,4058,4096,3701

test suite105
bestAPFD:0.927254
bestSuite:2826,3777,3371,2058,941,1433,4057,93,1463,798,4115,2009,803,1027,1105

test suite106
bestAPFD:0.902319
bestSuite:3403,820,3393,1949,1892,1534,719,1799,3620,2072,3982,3703,2522,2753,4062,4098

test suite107
bestAPFD:0.897484
bestSuite:2180,2964,775,3441,1775,2835,3871,624,2280,4074,2659,2606,4091,2371,1216

test suite108
bestAPFD:0.921608
bestSuite:3349,2950,3839,3548,1713,3976,1540,2433,1651,1246,2580,86,4060,4099

test suite109
bestAPFD:0.920416
bestSuite:3173,2440,2324,2789,343,1797,220,3703,1933,1325,4091,4061,3056

test suite110
bestAPFD:0.935617
bestSuite:3877,2338,413,1806,934,3327,706,2643,2652,1591,1115,1478,2650,2148,196,2250,3286,4062,4101

test suite111
bestAPFD:0.916077
bestSuite:3612,2705,563,667,471,2365,3941,3948,1919,2435,987,1127,1213,4062,4114,3837

test suite112
bestAPFD:0.915578
bestSuite:1794,3993,2691,2839,3919,2815,4055,4057,1196,4087,1374,2607,1292

test suite113
bestAPFD:0.918414
bestSuite:2359,4033,3608,2221,2722,3141,3212,2357,1755,1982,2074,4076,1792,671,2227,4111,376,1335

test suite114
bestAPFD:0.900747
bestSuite:3455,3195,3595,4050,685,1960,2000,798,866,2074,221,1400,2031,3798,4078,4096

test suite115
bestAPFD:0.913325
bestSuite:4046,2447,83,1734,3850,3906,3266,653,1638,1944,3129,2694,1103,2719,4075,4092

test suite116
bestAPFD:0.943581
bestSuite:2609,3209,3066,2028,2333,3334,4070,129,1866,2778,880,2772,4108,1860,2400,1928,1347

test suite117
bestAPFD:0.955260
bestSuite:2179,3335,4003,3073,1596,4083,686,690,1470,1454,81,2678,1645,4114,1119,2798,2341,2345,1177,2245,2827,2288

test suite118
bestAPFD:0.926550
bestSuite:1422,2492,3496,2678,3484,332,4079,1333,4104,1960,2421,1222,2110,1666

test suite119
bestAPFD:0.923061
bestSuite:1422,3094,3444,2061,3357,2166,2162,79,76,4074,4110,1883,1905,1667,716

test suite120
bestAPFD:0.881177
bestSuite:1633,3506,2264,2746,3345,2231,2944,2136,107,4060,1596,1334,872,4088

test suite121
bestAPFD:0.918501
bestSuite:2281,3616,3752,2362,3857,4077,2516,979,872,4090,2475,2645

test suite122
bestAPFD:0.916062
bestSuite:2344,3080,3340,2386,3101,3150,3729,2584,4063,994,1599,4090,1079

test suite123
bestAPFD:0.909067
bestSuite:3134,2375,2327,1799,2676,2781,931,3079,2682,1139,4102,4070

test suite124
bestAPFD:0.897706
bestSuite:2331,2945,1692,2206,780,1656,1,1616,2007,1853,2855,3812,4076,330,2825,4089,1061

test suite125
bestAPFD:0.923854
bestSuite:3668,2406,2567,1424,3460,72,1707,871,1334,2316,3790,2986,4114,2956

test suite126
bestAPFD:0.928656
bestSuite:3935,1606,419,2190,493,510,1880,2687,1015,2205,1282,3876,3441,4072,4108,3699

test suite127
bestAPFD:0.905475
bestSuite:3494,3137,1921,822,1779,1503,2169,2576,2237,3980,2995,3232,3666,1355,1040,4095,4069

test suite128
bestAPFD:0.925511
bestSuite:3465,788,2016,2027,1630,3496,2301,2510,2473,2542,2229,1115,2424,3550,4084,4108

test suite129
bestAPFD:0.936124
bestSuite:2954,3844,3382,3418,1847,2471,4062,485,2479,1714,2368,4089,1192,682,884,2306

test suite130
bestAPFD:0.934702
bestSuite:2826,3133,2104,3028,2595,3021,4084,254,2309,1946,2357,1610,4086,2021,1338,2221,2387

test suite131
bestAPFD:0.918763
bestSuite:3650,1776,3012,4035,966,2208,979,2994,799,2090,2108,386,2302,3801,1324,4088,4080,3276

test suite132
bestAPFD:0.923061
bestSuite:2609,3126,3200,3690,3701,4065,1525,794,2230,1581,755,1553,4090,1463,1045

test suite133
bestAPFD:0.938928
bestSuite:3324,1437,1845,754,449,2483,989,4026,1471,2221,372,2646,2336,1316,2417,2838,2309,4073,4110

test suite134
bestAPFD:0.915269
bestSuite:3809,2996,2715,1563,786,3862,1860,1870,997,2585,4023,4041,1383,414,3852,3146,4059,4091

test suite135
bestAPFD:0.899926
bestSuite:2668,1886,3402,1459,661,2468,2653,3880,951,3482,2949,2282,2793,156,4060,188,4100

test suite136
bestAPFD:0.918029
bestSuite:3080,3921,1828,2315,778,3873,1535,274,3846,1212,3604,3459,3729,4071,4093

test suite137
bestAPFD:0.906534
bestSuite:2923,3008,3873,3869,3903,983,1010,2508,1598,3046,4068,152,2279,2399,2865,4104,1134,105

test suite138
bestAPFD:0.942414
bestSuite:2333,3134,3137,2975,3593,1012,915,1535,3454,3711,4057,264,4113,426,2866,1024

test suite139
bestAPFD:0.919025
bestSuite:1425,3440,3644,355,3007,2052,2840,4081,899,4107,684,625

test suite140
bestAPFD:0.932839
bestSuite:2856,3012,647,2780,1818,630,1970,2019,3351,4065,2081,4101,397,2920

test suite141
bestAPFD:0.923854
bestSuite:2366,3013,3174,3047,2406,1508,3226,4084,698,2396,4086,2113,68,427

test suite142
bestAPFD:0.891509
bestSuite:3625,1904,2374,2212,3339,2800,1290,3699,4097,4068

test suite143
bestAPFD:0.938230
bestSuite:2164,3449,3034,3375,3305,3790,3742,4068,135,895,2080,4105,763,2355

test suite144
bestAPFD:0.916038
bestSuite:3556,2375,1571,768,1915,18,2548,3374,4099,4068

test suite145
bestAPFD:0.928656
bestSuite:3565,2066,3989,3641,586,34,1697,880,1676,2896,1052,2582,3884,3283,4078,4089

test suite146
bestAPFD:0.908019
bestSuite:2333,2257,1515,910,1810,1738,908,882,1512,879,1935,988,3757,3093,4074,200,4110,595,1029,2523

test suite147
bestAPFD:0.949860
bestSuite:2372,3854,2407,3785,1739,4070,457,2288,2678,4097,2234,1245,1831,672,2893,1767,1140,2298

test suite148
bestAPFD:0.917610
bestSuite:3559,2087,2284,765,1783,3502,3801,3025,1920,1321,1484,3853,3272,4105,4060

test suite149
bestAPFD:0.908608
bestSuite:2248,3167,3008,3005,926,3992,2670,3505,1050,3458,2387,2242,4079,2101,4088,2629

test suite150
bestAPFD:0.915094
bestSuite:2112,3472,3796,3259,926,2373,2561,3918,1592,922,711,3823,4059,2944,2322,260,4100

test suite151
bestAPFD:0.939832
bestSuite:3282,1942,1743,1107,3254,3575,2041,245,2253,2121,4115,4061,3876,3073,3960

test suite152
bestAPFD:0.925254
bestSuite:2856,3017,2016,1017,2939,1668,2499,3128,3475,4071,4087,2207,2339

test suite153
bestAPFD:0.913719
bestSuite:2344,3142,3093,2966,1884,3620,3380,4077,3445,552,1707,4089,2810,1281,284,1226

test suite154
bestAPFD:0.901854
bestSuite:3793,3892,2262,1920,1728,3323,2702,2512,762,3011,1800,3626,1675,425,3852,527,1293,4080,4114

test suite155
bestAPFD:0.919113
bestSuite:3221,2407,1879,909,770,2517,1045,3543,3194,244,2079,616,2605,2396,2875,3599,4115,4060

test suite156
bestAPFD:0.924319
bestSuite:2261,3234,1843,1932,3011,3302,4062,639,2159,676,630,2278,4094,2494,242

test suite157
bestAPFD:0.936233
bestSuite:1425,3177,3267,34,2740,3090,3567,427,3276,2253,4076,1245,4100,960,1253,1268,1446,1938

test suite158
bestAPFD:0.935731
bestSuite:1945,3490,3744,2711,3969,4069,2437,2941,1034,941,4115,2093,991,1559,1752,1637

test suite159
bestAPFD:0.897537
bestSuite:2560,2766,4041,2791,3042,3805,849,2314,3307,795,4072,4091

test suite160
bestAPFD:0.939727
bestSuite:2372,2995,3546,3698,4074,111,1002,2781,729,705,4112,1842,1601,1335,2715,2903,2368,2175

test suite161
bestAPFD:0.921803
bestSuite:3628,3924,1666,297,1814,980,1183,2504,2255,3214,755,1187,3249,2956,4104

test suite162
bestAPFD:0.932112
bestSuite:3665,2058,2696,2270,2666,2803,662,3187,990,958,735,1115,1525,213,2961,4103,4067

test suite163
bestAPFD:0.906334
bestSuite:3928,2184,1807,970,1914,859,1174,2406,79,2400,3593,1384,4092,4074

test suite164
bestAPFD:0.911708
bestSuite:4046,2333,1739,3293,1449,691,2415,1898,2489,3976,4065,4111,3651

test suite165
bestAPFD:0.923603
bestSuite:3841,791,2398,2683,1864,3729,2793,948,2206,3126,1267,3857,434,1340,492,4072,4093

test suite166
bestAPFD:0.942610
bestSuite:2179,3841,1853,3180,3746,4074,1696,819,968,1088,4099,2419

test suite167
bestAPFD:0.936882
bestSuite:3278,2898,2364,2752,1590,3839,1354,2771,3769,2976,4095,4058,3895,3342

test suite168
bestAPFD:0.929608
bestSuite:3178,377,860,901,1600,3583,2794,1000,849,2135,2392,4099,4073

test suite169
bestAPFD:0.912192
bestSuite:3521,1978,2139,3855,3015,2897,502,668,2713,2557,3281,4076,4107

test suite170
bestAPFD:0.924304
bestSuite:3781,2836,3012,452,647,3493,1556,2787,3849,3263,4085,4108,3294,3261

test suite171
bestAPFD:0.897209
bestSuite:2691,3973,3433,1743,1863,622,1711,1789,1691,1494,2666,4066,565,4111,1383,551

test suite172
bestAPFD:0.920204
bestSuite:3517,566,413,1614,2001,4069,4115,3859

test suite173
bestAPFD:0.923319
bestSuite:3349,3313,965,2411,872,828,3446,2563,2883,4087,4078,3732,3766

test suite174
bestAPFD:0.918424
bestSuite:2560,1817,1487,2917,3493,1696,3606,1910,693,1507,884,3334,1528,4079,4097,1095,570

test suite175
bestAPFD:0.913784
bestSuite:2834,3524,3062,3494,3560,3674,3912,4064,677,881,1707,4088

test suite176
bestAPFD:0.903498
bestSuite:2268,2171,3864,3595,2703,1561,931,1538,1807,2036,3876,1292,2685,2956,1183,4107

test suite177
bestAPFD:0.940252
bestSuite:3868,3665,2015,720,998,806,1777,1995,775,663,16,2854,1086,1167,2195,4071,4098,3182,3497

test suite178
bestAPFD:0.922046
bestSuite:2628,2468,697,699,641,664,3224,3663,1512,2243,3307,4055,3790,3118,2956,4087,2793,1378,2636

test suite179
bestAPFD:0.941562
bestSuite:3717,1665,1550,664,757,2567,910,2474,1256,4088,4073,3340

test suite180
bestAPFD:0.938679
bestSuite:2275,3437,4006,1757,3040,2139,2488,4068,141,751,2841,2603,4104,1557

test suite181
bestAPFD:0.953704
bestSuite:2521,3052,3692,3098,4017,4061,1894,239,2360,2862,669,1676,4105,1545,1579,2075,2550,2166

test suite182
bestAPFD:0.905464
bestSuite:2492,3920,3601,2418,2279,2542,1256,3983,1831,735,4064,347,119,1365,1250,4101

test suite183
bestAPFD:0.915618
bestSuite:2193,3097,2032,3412,3218,2253,659,1799,1608,1791,3828,4072,417,1393,2101,577,4095,367

test suite184
bestAPFD:0.904874
bestSuite:2509,3225,1622,2130,1825,2950,887,1655,2956,2194,4105,1125

test suite185
bestAPFD:0.926222
bestSuite:2145,2998,3354,2991,3557,1935,3422,4083,2386,2123,4095,1115,2847

test suite186
bestAPFD:0.924790
bestSuite:1945,3749,3071,3990,3012,2150,4028,221,258,4075,4113,1237

test suite187
bestAPFD:0.930263
bestSuite:2369,3769,3921,812,2016,1575,2925,4017,2458,2062,312,3925,4075,2429,4105,1120,2773

test suite188
bestAPFD:0.935338
bestSuite:2301,3137,3242,2497,628,1010,1886,2361,4082,2808,4104,1055,511,1364,2604,253

test suite189
bestAPFD:0.920240
bestSuite:2521,3884,3863,3998,4057,465,4101,1534,1086,1472,2157

test suite190
bestAPFD:0.907233
bestSuite:2099,2862,3364,1931,3132,1383,4019,493,4045,3057,2220,2956,1629,2919,1715,2952,1254,202,2731,4115,1058,2865

test suite191
bestAPFD:0.936517
bestSuite:3657,703,2032,36,3794,937,656,1426,1545,2140,2543,4102,4076,3910,3949,3562

test suite192
bestAPFD:0.925751
bestSuite:3615,2332,3043,3789,1365,1996,1542,437,4037,2543,1009,117,969,2464,1395,4114,4085,3476

test suite193
bestAPFD:0.909679
bestSuite:3706,2060,2288,1661,1853,877,743,904,3316,474,2583,1290,1380,3899,3731,4100,3223,4068

test suite194
bestAPFD:0.887841
bestSuite:3616,771,741,1496,2007,2376,1300,3864,519,3636,2473,3103,1097,4111,4058

test suite195
bestAPFD:0.930608
bestSuite:2275,3847,3614,3645,2615,3769,2081,2104,2986,4061,2130,990,1983,4086,296

test suite196
bestAPFD:0.929049
bestSuite:3349,3131,2447,1596,1703,2627,719,1951,1115,92,524,2760,3677,4094,4058,3901

test suite197
bestAPFD:0.944691
bestSuite:2372,3222,3767,3182,4073,58,2691,1725,499,796,2787,4108,1763,1887,2089,2597,23

test suite198
bestAPFD:0.916405
bestSuite:2163,3698,1609,2593,3398,2006,3029,4057,4099,2530,475,2865

test suite199
bestAPFD:0.948310
bestSuite:2179,3203,2988,2017,770,3570,4067,945,2925,4097,2438,1085,454,1248,2952,2127

test suite200
bestAPFD:0.913951
bestSuite:3841,2082,2230,2555,1515,2140,3170,3358,4034,4103,4072

test suite201
bestAPFD:0.909002
bestSuite:3570,2166,862,1923,1616,504,2338,955,2322,3243,3675,1287,1254,3852,4079,4110

test suite202
bestAPFD:0.927254
bestSuite:3556,2193,1590,874,2698,14,446,2879,2549,2543,171,3078,4096,4074,3462

test suite203
bestAPFD:0.935639
bestSuite:2632,3763,3637,3249,3122,3644,3243,3999,4068,2718,4106,681,1361,435,44

test suite204
bestAPFD:0.894511
bestSuite:3928,3167,942,2432,2199,3433,3580,3051,2589,4066,4104

test suite205
bestAPFD:0.924242
bestSuite:3991,662,993,3769,2063,1365,1200,86,2058,4099,4059

test suite206
bestAPFD:0.938536
bestSuite:3517,55,2503,1462,1624,1981,1320,4070,4110,4010,3194

test suite207
bestAPFD:0.924319
bestSuite:3208,909,809,1596,3657,1514,2631,1802,3540,1384,1190,1170,4104,4073,3068

test suite208
bestAPFD:0.915094
bestSuite:2595,2035,3794,512,4010,820,4075,2631,1460,1648,4086,53,1034

test suite209
bestAPFD:0.929893
bestSuite:3333,3665,765,2270,2374,2288,2512,3904,1174,2155,411,2893,2523,3505,2879,4105,4078

test suite210
bestAPFD:0.903000
bestSuite:2564,920,3637,2825,4034,3862,2412,1351,2627,4067,2239,4105,408

test suite211
bestAPFD:0.921867
bestSuite:3448,1640,3206,1099,230,2098,2892,2240,2806,4083,4090,3895,3706

test suite212
bestAPFD:0.903826
bestSuite:3570,2705,2016,1467,1995,1016,3620,4050,240,1065,4093,4068

test suite213
bestAPFD:0.898922
bestSuite:3282,3841,708,3980,2929,4077,4098

test suite214
bestAPFD:0.895388
bestSuite:2139,3354,4032,747,976,392,1911,733,2312,4071,2753,4086,2507,1033,1222

test suite215
bestAPFD:0.913719
bestSuite:3848,2853,891,1967,1707,1648,2351,2403,3957,3052,1209,543,304,4075,4099,3483

test suite216
bestAPFD:0.898061
bestSuite:2649,3490,3921,2971,3549,2395,3731,774,4061,778,1579,4105

test suite217
bestAPFD:0.906289
bestSuite:4031,2517,1506,2541,3323,3386,1122,927,2891,696,949,1989,642,4089,4067

test suite218
bestAPFD:0.905105
bestSuite:3203,3184,2473,2398,2030,1974,1835,1968,475,785,2365,1302,45,2971,3239,4081,4112

test suite219
bestAPFD:0.924004
bestSuite:3984,3529,2490,1545,3929,1691,2517,2267,560,2481,889,1718,2989,427,3423,3188,4095,4080

test suite220
bestAPFD:0.915514
bestSuite:2755,3066,3846,1713,1586,978,2338,1569,3492,2927,4085,70,4110,1200,2914

test suite221
bestAPFD:0.898697
bestSuite:3137,3401,800,3490,650,3886,3010,748,3226,195,1557,385,4078,4087

test suite222
bestAPFD:0.932586
bestSuite:2834,3288,3869,2640,4073,359,999,1424,1837,2365,142,2728,4109,1270,1401,1484

test suite223
bestAPFD:0.895553
bestSuite:3502,1806,2277,1783,1942,936,655,815,73,988,3723,1316,4078,4104

test suite224
bestAPFD:0.938402
bestSuite:2521,3077,3584,3813,3843,3471,4074,175,4113,853,2700,2781,385,1952,1658,2492,1036

test suite225
bestAPFD:0.921159
bestSuite:3840,2548,2329,2230,1845,391,1498,642,1072,3617,3958,3159,4065,4107

test suite226
bestAPFD:0.953161
bestSuite:2179,3043,3420,3509,3745,3642,3734,4057,1951,994,1902,1658,2162,4095,115,1146,24,2269,2123

test suite227
bestAPFD:0.906840
bestSuite:3554,467,1672,2402,741,1900,4072,4097

test suite228
bestAPFD:0.922170
bestSuite:3872,2082,1506,2180,3034,520,2176,3920,3537,4071,4109,3198

test suite229
bestAPFD:0.933631
bestSuite:3872,2014,2406,2584,2322,893,776,2888,619,2540,1111,1566,1,1119,2383,2152,3147,4057,4115

test suite230
bestAPFD:0.945548
bestSuite:2275,3038,2633,2988,2980,2643,3347,2327,4074,836,546,1146,56,2054,796,4089,1478,1326,2254

test suite231
bestAPFD:0.932112
bestSuite:3258,2425,2633,2703,790,869,2540,1728,1527,658,752,1941,727,2089,3544,4063,4096

test suite232
bestAPFD:0.910535
bestSuite:2427,3767,1692,1917,1690,1451,994,3802,3181,2491,2716,3321,3180,4084,2480,2156,1147,4098,1156,559

test suite233
bestAPFD:0.900800
bestSuite:3026,1884,3325,3381,705,2593,2362,1091,3103,4108,4078

test suite234
bestAPFD:0.915684
bestSuite:2633,3433,1608,1451,754,1431,1010,3360,1307,437,3456,4060,420,2453,4098,2204

test suite235
bestAPFD:0.925751
bestSuite:2548,2722,635,1682,1574,1014,1460,3805,3549,3111,4065,417,533,2763,4111,1316,2298,518

test suite236
bestAPFD:0.889197
bestSuite:2119,2471,646,917,1444,1797,3451,2338,3166,1368,2651,4072,609,2245,2739,4102,1312

test suite237
bestAPFD:0.914127
bestSuite:2333,3418,2835,3042,969,3776,4083,566,106,2357,2030,4115,2612

test suite238
bestAPFD:0.900097
bestSuite:2253,3176,3354,2363,3540,3982,4053,636,1503,908,792,4079,4104

test suite239
bestAPFD:0.898076
bestSuite:3455,3417,1783,2990,1688,637,802,680,1727,4020,2391,1192,3901,4071,3204,4100,3732

test suite240
bestAPFD:0.944691
bestSuite:2690,3490,3907,4029,4069,2930,119,2736,1990,2062,4103,1326,1796,874,529,2204,2939

test suite241
bestAPFD:0.922377
bestSuite:4054,2016,1614,1821,680,4027,3129,2265,2162,2119,2833,3232,3370,2846,1399,3673,4081,4098,3321

test suite242
bestAPFD:0.924753
bestSuite:3324,2945,1920,747,1689,2055,1241,258,3604,3580,2997,4113,4076,3760

test suite243
bestAPFD:0.903826
bestSuite:3192,1996,2673,3869,2267,1693,2967,4015,1562,3157,4093,4083

test suite244
bestAPFD:0.929523
bestSuite:3841,2944,2887,2496,1547,1474,852,3813,815,912,734,393,1340,1042,3870,4084,4090

test suite245
bestAPFD:0.958945
bestSuite:3517,228,1583,844,2019,851,1899,955,895,637,1182,2435,2985,4091,4062,4015,3984,4051

test suite246
bestAPFD:0.936882
bestSuite:3178,2814,2432,736,1839,2549,1611,1834,1661,1848,3488,3249,4089,4062

test suite247
bestAPFD:0.903774
bestSuite:3529,1967,1459,2231,3666,1796,3399,2807,2235,389,2254,1026,1331,4064,4088

test suite248
bestAPFD:0.941824
bestSuite:2337,3907,3448,3422,4065,2569,1542,2286,227,1644,911,2858,21,496,4087,1361,2719,1104

test suite249
bestAPFD:0.893278
bestSuite:3183,1697,869,1685,3206,3086,3844,703,2703,1557,2052,2946,431,3836,4107,4077

test suite250
bestAPFD:0.927972
bestSuite:2661,3006,2988,2835,1690,1625,1561,891,2839,2687,3594,4075,2063,1289,1143,4089,2141,2494,2727,2859,522

test suite251
bestAPFD:0.914256
bestSuite:2028,3645,763,1704,1480,1890,3548,1895,2710,4062,4097,2739,1200,2026,2566

test suite252
bestAPFD:0.936964
bestSuite:3984,2561,3272,1351,3670,1755,726,673,517,2801,352,2286,1111,1688,3368,2429,1366,1080,1219,4102,2956,3826

test suite253
bestAPFD:0.942348
bestSuite:2615,3921,3502,2068,2728,1559,1549,698,787,1453,3462,3542,4077,621,2798,2390,2687,4107,1289,75,2198

test suite254
bestAPFD:0.921908
bestSuite:3131,2499,2162,1024,1748,2363,878,247,1472,1644,1923,2745,3120,3807,3762,3027,4061,4100

test suite255
bestAPFD:0.947065
bestSuite:2761,3899,3475,3579,4076,2949,2836,1243,836,2111,887,4094,2619,1251,2787,219,511,282

test suite256
bestAPFD:0.934159
bestSuite:2609,3124,3983,1748,3707,3339,4071,1988,851,23,768,4092,1436,2286,2728,1417

test suite257
bestAPFD:0.901642
bestSuite:2389,1667,3272,1430,632,3477,974,2030,1857,3979,546,4068,415,2313,2404,4110,1033,2037

test suite258
bestAPFD:0.936865
bestSuite:3554,93,1663,1251,2159,1276,3208,3784,2956,3974,4105,3389,3149

test suite259
bestAPFD:0.914724
bestSuite:3034,923,2099,290,3951,1158,3334,908,1871,2001,990,875,3238,3725,999,4072,4090

test suite260
bestAPFD:0.946765
bestSuite:3717,640,1692,1875,2778,656,3006,138,2750,3590,4071,4104,3813,3768

test suite261
bestAPFD:0.880189
bestSuite:1814,2939,2839,3941,2985,3017,4069,2250,4103,1286

test suite262
bestAPFD:0.944969
bestSuite:3991,3282,795,894,3134,3203,3628,1645,121,270,4076,3055,4106,3656

test suite263
bestAPFD:0.936279
bestSuite:3173,129,679,1873,3927,728,1603,2969,626,1957,1321,250,2886,2993,4108,4064,3952,3436,3041

test suite264
bestAPFD:0.933700
bestSuite:3278,2270,3767,3804,1981,2397,402,1050,3201,3791,4086,4085

test suite265
bestAPFD:0.911360
bestSuite:2538,3973,2888,3360,1435,1942,1587,2083,3825,3950,4059,200,2697,4111,1263,57

test suite266
bestAPFD:0.891160
bestSuite:2852,886,1509,1560,820,2068,902,1219,2302,3970,2407,4059,2875,260,4099,1098,1328,2077

test suite267
bestAPFD:0.900747
bestSuite:2104,3973,3583,1626,1517,3689,3284,3402,3548,3459,2368,4084,378,4104,1397,2821

test suite268
bestAPFD:0.927673
bestSuite:3787,1757,3911,896,147,2486,2491,2361,1206,1417,4083,4094,3271

test suite269
bestAPFD:0.903302
bestSuite:2724,2408,914,1897,1659,2013,3362,4061,411,4086,2530,2910

test suite270
bestAPFD:0.907837
bestSuite:1493,3174,2755,2649,3851,2528,51,4057,2590,1331,1812,4105,1358

test suite271
bestAPFD:0.906488
bestSuite:3272,2823,1750,1497,794,2293,953,1595,2550,1393,1461,1936,506,54,3342,1190,3762,4090,4075

test suite272
bestAPFD:0.923233
bestSuite:3748,2564,2401,1955,956,148,3290,1514,2129,3426,957,1192,3492,3533,4113,4084,3525

test suite273
bestAPFD:0.927476
bestSuite:3192,2448,345,3033,912,256,874,2996,3507,1887,2248,1850,2550,3237,4102,4082

test suite274
bestAPFD:0.912505
bestSuite:3929,3094,2762,679,546,2026,2585,3904,740,1651,1607,1658,3091,1395,4086,4060,3931

test suite275
bestAPFD:0.931645
bestSuite:3333,749,663,1507,882,924,3929,902,244,2990,1251,524,2742,2043,2194,4102,4058,4021,3096

test suite276
bestAPFD:0.939259
bestSuite:3615,2737,3625,1487,1943,1724,2232,1738,744,1647,3243,1355,3510,3420,3041,3315,3758,4088,4059

test suite277
bestAPFD:0.929124
bestSuite:3935,2615,2623,2658,3872,917,2973,1784,3793,1334,1141,4060,4114

test suite278
bestAPFD:0.918829
bestSuite:2035,1767,3917,3890,891,1974,789,1095,1874,3488,3815,4077,405,4113,212,406

test suite279
bestAPFD:0.933176
bestSuite:3346,3665,2232,27,2839,1281,1131,786,3590,916,4103,4079

test suite280
bestAPFD:0.914151
bestSuite:2521,3751,3817,3868,4071,465,4088,1480,877,2192

test suite281
bestAPFD:0.936059
bestSuite:2761,3119,3699,3061,4082,626,1583,1485,1483,4098,2217,2935,1766,622,1388

test suite282
bestAPFD:0.922366
bestSuite:3388,2733,1438,1976,767,1859,3242,2577,2864,3485,2308,1263,75,4053,4059,4106

test suite283
bestAPFD:0.929245
bestSuite:2281,3017,2898,3360,3165,2180,3021,4071,1602,2406,1223,4091,1275,1273

test suite284
bestAPFD:0.921646
bestSuite:3192,1617,3625,2989,2353,1849,1611,2545,1095,2953,4088,4082

test suite285
bestAPFD:0.894775
bestSuite:2699,2996,3363,3379,1544,2839,2666,3314,4058,141,4112,2195,1193

test suite286
bestAPFD:0.889347
bestSuite:3898,715,2149,2043,1706,1960,2293,3664,1897,2579,2837,1111,2367,341,4061,4115

test suite287
bestAPFD:0.898742
bestSuite:3063,663,1713,934,1773,2714,2428,1478,2149,3643,2585,3805,1187,4088,4072

test suite288
bestAPFD:0.889937
bestSuite:2511,1664,2006,2737,1697,3576,810,3136,3522,1429,4063,2571,2808,4111,1161

test suite289
bestAPFD:0.927498
bestSuite:3069,834,2332,640,726,1988,2927,2352,2508,2201,2886,2113,48,1291,3266,4071,4101,3837

test suite290
bestAPFD:0.940991
bestSuite:1617,3269,3257,3221,3687,3493,2581,522,551,3978,4068,1256,53,4086,1203,844,740

test suite291
bestAPFD:0.929328
bestSuite:2078,3066,717,699,2967,710,1584,3696,2102,693,437,1050,3884,2351,4062,399,2419,4100,2802

test suite292
bestAPFD:0.916470
bestSuite:2058,2564,2733,3007,891,1787,1995,2731,3420,3586,34,4066,2039,4110,528,2713

test suite293
bestAPFD:0.950240
bestSuite:3219,362,3013,69,2575,1586,1479,703,1086,1144,2093,1332,3876,4069,4094,3091,3291

test suite294
bestAPFD:0.940448
bestSuite:1811,3407,3524,2733,2870,2587,2876,2377,4068,2368,4103,2608,973,880,1472,1018

test suite295
bestAPFD:0.948761
bestSuite:2179,4037,3182,3262,2902,4082,841,1576,2224,1266,2452,2863,4115,27,2063,2663,2231

test suite296
bestAPFD:0.930593
bestSuite:3966,2008,2845,3384,2603,1872,3675,2067,3859,3790,3855,3469,4107,4077

test suite297
bestAPFD:0.891872
bestSuite:3587,1586,1481,1504,1020,767,3873,2791,3488,2237,1376,4095,4064

test suite298
bestAPFD:0.922507
bestSuite:3556,2871,1793,759,1643,1077,2427,2402,2745,3611,2102,2449,4106,4058

test suite299
bestAPFD:0.893291
bestSuite:2418,3433,1772,3062,1442,1613,2124,3759,2455,4069,2695,1289,2682,4098,1101

test suite300
bestAPFD:0.916217
bestSuite:2898,3630,3929,2964,3806,820,2698,1780,3566,4074,2024,715,4105,1333

test suite301
bestAPFD:0.909773
bestSuite:3615,2506,3575,3206,8,768,1320,1870,2706,2505,1091,4092,4069

test suite302
bestAPFD:0.918501
bestSuite:2337,1657,2058,11,3728,4071,640,1820,1435,2394,4092,1390

test suite303
bestAPFD:0.943951
bestSuite:3448,2509,1548,1763,1600,1480,1280,72,2502,1411,2148,3343,4078,4102,3044,3483,3397

test suite304
bestAPFD:0.902319
bestSuite:3026,1898,1916,637,827,743,868,1726,2124,2825,3620,281,1138,4060,4095,3795

test suite305
bestAPFD:0.923233
bestSuite:3628,3927,1690,29,677,3089,3755,2282,823,1417,1327,3640,1036,1162,3833,4111,4065

test suite306
bestAPFD:0.911688
bestSuite:3628,3984,3809,1895,4026,2062,1714,1924,1059,1230,4108,4057

test suite307
bestAPFD:0.920283
bestSuite:3494,2112,787,408,1763,849,835,1584,474,2243,2881,972,654,2013,2746,1240,2442,2956,4087,3414

test suite308
bestAPFD:0.953249
bestSuite:3517,2044,1434,1974,732,1883,2193,291,2679,2487,4089,4060,3590,3196,3550

test suite309
bestAPFD:0.915094
bestSuite:2954,3071,3681,2329,4065,2604,2723,1553,927,4106,1035

test suite310
bestAPFD:0.930228
bestSuite:3868,2528,814,2060,1567,160,2676,2343,3221,1410,2746,2350,3252,4112,4083,3370

test suite311
bestAPFD:0.907495
bestSuite:3349,3709,3688,3361,3047,953,504,1120,2009,39,4089,4068

test suite312
bestAPFD:0.926834
bestSuite:3267,2270,2166,1720,1826,1484,2711,2255,1161,2241,3145,3584,3547,4091,4074

test suite313
bestAPFD:0.909679
bestSuite:2363,3611,3370,3725,3551,3804,1079,1507,1510,636,1402,375,4061,1553,461,2531,4087,371

test suite314
bestAPFD:0.933766
bestSuite:2898,1486,3686,3588,3469,775,3934,1955,4084,1609,2278,511,1607,4093,1127,1145

test suite315
bestAPFD:0.916238
bestSuite:3324,2537,1437,3176,1641,3029,1801,2717,4063,4113,4036

test suite316
bestAPFD:0.928263
bestSuite:3612,2035,312,3199,1788,567,4026,772,3123,3413,1396,102,2047,3325,4109,4072

test suite317
bestAPFD:0.929893
bestSuite:3313,2840,1547,893,1909,990,2180,345,2507,1032,2522,85,352,2141,4090,4073,3719

test suite318
bestAPFD:0.895912
bestSuite:2524,1790,2722,754,3181,4065,506,1177,4111,1139

test suite319
bestAPFD:0.932511
bestSuite:2724,3195,3683,943,809,989,995,1484,3374,4066,4113,2625,2897

test suite320
bestAPFD:0.920964
bestSuite:2598,2700,3761,3982,1020,4045,649,3683,834,688,3351,4059,902,2249,4089

test suite321
bestAPFD:0.931761
bestSuite:3517,2471,1661,2658,673,1778,2456,2212,4065,4089

test suite322
bestAPFD:0.917191
bestSuite:2567,2477,1584,3661,954,3874,1869,1619,1750,3650,3329,3870,4075,4091,2807

test suite323
bestAPFD:0.908805
bestSuite:2853,4034,1125,3802,1378,242,3807,504,1533,3775,4060,597,634,496,1654,1778,783,2744,2198,2760,4108

test suite324
bestAPFD:0.901677
bestSuite:1997,2796,3891,3332,3719,2952,899,1546,4076,2573,1229,1683,367,4111,938

test suite325
bestAPFD:0.924343
bestSuite:2337,2598,3910,2943,3689,3805,3073,3438,4068,1770,2798,893,4101,1184,1167,2603,2374

test suite326
bestAPFD:0.911635
bestSuite:1945,3848,3040,3272,2458,290,2130,3530,4075,4112

test suite327
bestAPFD:0.925651
bestSuite:2488,3907,3267,1827,3928,3833,1921,1507,3675,3064,4058,2389,4099,1063

test suite328
bestAPFD:0.938230
bestSuite:3346,40,1422,720,1784,1610,117,1344,3263,3892,4110,4074,3154,3628

test suite329
bestAPFD:0.925738
bestSuite:3231,2854,2085,2706,619,263,1835,1465,2660,3311,4089,4060,3764

test suite330
bestAPFD:0.899146
bestSuite:2058,2447,2780,3193,714,3187,3303,3626,3419,4057,2787,2463,4093,1034

test suite331
bestAPFD:0.925996
bestSuite:2422,3327,2567,3190,3973,3542,3344,4064,2459,2745,687,4100,1023,899,171

test suite332
bestAPFD:0.921754
bestSuite:2595,3411,1794,3002,3645,3978,2294,4061,2255,483,1950,888,1787,4107,2089,2838,2093

test suite333
bestAPFD:0.932482
bestSuite:2163,3411,3293,3957,1433,1495,1546,1963,2322,3093,877,4085,3474,3938,4093,1331,179

test suite334
bestAPFD:0.904285
bestSuite:2709,3718,3063,2464,2268,2863,667,3885,1591,2221,444,1655,4061,1705,4102,2208

test suite335
bestAPFD:0.933592
bestSuite:3178,1729,3033,1477,797,2696,773,1916,3603,2198,450,1032,3699,3224,4089,4067,3429

test suite336
bestAPFD:0.906783
bestSuite:2548,4050,2683,719,900,677,1746,3388,4075,2862,2383,2697,4105,1355

test suite337
bestAPFD:0.924214
bestSuite:2164,3040,4051,4059,15,1897,1870,4106,524,2286

test suite338
bestAPFD:0.905451
bestSuite:3822,1776,3133,820,2838,2162,3608,30,1666,1609,2075,221,1835,4107,4069

test suite339
bestAPFD:0.913951
bestSuite:2115,1780,2839,3673,2253,3402,3669,4079,2792,4111,1256

test suite340
bestAPFD:0.918436
bestSuite:2506,3014,1914,3722,3529,826,3496,3509,629,1631,3360,4062,2256,2330,4087,2786

test suite341
bestAPFD:0.929960
bestSuite:3964,1811,1547,3650,2074,3093,1345,594,2956,4101,4048

test suite342
bestAPFD:0.910770
bestSuite:2761,3333,3017,3885,4034,4063,4112,2862

test suite343
bestAPFD:0.918436
bestSuite:2301,795,2014,2853,3141,2203,1545,3106,3791,3514,2956,612,4090,1169,46,1309

test suite344
bestAPFD:0.917715
bestSuite:2791,3009,2575,3766,788,2821,3548,1749,1801,1653,3397,1484,3894,3163,4060,2526,4105,450

test suite345
bestAPFD:0.896002
bestSuite:3131,2668,1857,1000,2081,445,710,3323,3954,752,1944,2610,4071,4090

test suite346
bestAPFD:0.937317
bestSuite:3771,2927,386,2485,1437,2948,1911,1999,3703,2896,2618,4046,4097,4085,3619

test suite347
bestAPFD:0.909002
bestSuite:3491,665,2083,976,3742,2872,4032,268,3917,2266,1361,2950,2141,3782,4067,4110

test suite348
bestAPFD:0.916204
bestSuite:3495,1487,844,898,2428,1676,2950,2854,2756,3488,3352,2247,3729,3168,2825,4059,4102

test suite349
bestAPFD:0.944606
bestSuite:3717,837,856,802,2695,947,28,3854,4065,4106,3410,3748,3948

test suite350
bestAPFD:0.910727
bestSuite:3242,2930,866,3177,2814,1378,1943,769,1552,2166,1447,2788,370,2297,1070,4061,4093,3130

test suite351
bestAPFD:0.930556
bestSuite:3346,2253,3487,1354,1655,1325,2944,937,3505,4059,4088,3608

test suite352
bestAPFD:0.914127
bestSuite:3092,2596,2448,1790,1817,3846,214,2744,2197,3010,1364,4084,4108

test suite353
bestAPFD:0.919222
bestSuite:2537,3167,765,3552,725,1836,3463,3295,3591,3185,3562,4075,4093,1397,432,516

test suite354
bestAPFD:0.918073
bestSuite:2633,1769,2220,1428,721,1572,3161,688,3237,1933,1356,2882,2474,4084,2343,2387,2827,4097,151

test suite355
bestAPFD:0.909591
bestSuite:2826,3494,2996,3659,3881,1930,4079,2243,2283,643,4099,1168

test suite356
bestAPFD:0.931003
bestSuite:3665,3495,1772,3710,1830,1469,2060,1626,3574,776,1367,1169,1317,323,3438,4097,4059

test suite357
bestAPFD:0.906643
bestSuite:3822,2240,878,2229,2402,11,1599,2528,1710,848,333,3295,1395,3828,4096,4074

test suite358
bestAPFD:0.905436
bestSuite:4054,3094,1988,1641,839,2943,3524,2271,3036,3099,506,3720,4076,4104

test suite359
bestAPFD:0.943920
bestSuite:3231,2008,2830,1193,91,2364,699,769,3846,2480,848,3983,1426,2965,3505,4109,4066,3851

test suite360
bestAPFD:0.887002
bestSuite:3972,980,2257,2643,859,868,2317,2846,3635,87,2865,3770,1361,4101,4060

test suite361
bestAPFD:0.920597
bestSuite:3657,3225,2899,1819,2219,183,2950,1121,3817,3245,4072,4113

test suite362
bestAPFD:0.949161
bestSuite:3278,336,1883,801,1659,3834,2255,1351,2268,1124,2651,210,4090,3235,4064,3188,3363,3919

test suite363
bestAPFD:0.917030
bestSuite:2163,3399,2257,3426,1558,3352,2748,4060,4089,1334,2274,2553,338

test suite364
bestAPFD:0.897904
bestSuite:3706,1437,2408,865,1812,842,831,3552,2204,1216,2500,2254,3750,4059,4096

test suite365
bestAPFD:0.948703
bestSuite:3517,466,1668,1599,857,2014,1847,1472,1254,2229,2054,1322,2263,3310,4102,4085

test suite366
bestAPFD:0.927673
bestSuite:3984,1649,2466,3756,1263,2767,1626,473,730,2416,98,2174,2443,2400,3610,3970,4073,3352,4113

test suite367
bestAPFD:0.923370
bestSuite:3521,3484,446,870,781,2921,1911,1713,2680,2707,2068,1465,1342,1235,388,117,4087,4064,3579

test suite368
bestAPFD:0.911708
bestSuite:2595,3016,2032,2768,1555,3642,3659,4066,781,761,4099,2717,2208

test suite369
bestAPFD:0.915094
bestSuite:3353,1699,1508,1720,2373,1173,2163,2432,2891,3117,1160,2572,3746,2956,4086

test suite370
bestAPFD:0.905845
bestSuite:2907,809,868,3221,2915,3817,1085,352,2302,2159,3775,4063,442,2456,4101,2949,1377

test suite371
bestAPFD:0.923803
bestSuite:2954,4011,3104,1739,4065,2100,328,2089,4104,861,1345,595,130

test suite372
bestAPFD:0.938679
bestSuite:3324,3927,2854,2011,1861,798,2907,13,3421,3296,1905,1882,3533,2200,2250,3775,4069,4111

test suite373
bestAPFD:0.916470
bestSuite:3784,2455,2853,1452,2349,2562,3529,990,1824,3737,863,3155,1606,2931,4076,4088

test suite374
bestAPFD:0.911224
bestSuite:3026,1446,2599,1609,1674,2584,3469,2118,3718,1183,1165,4112,4064

test suite375
bestAPFD:0.911321
bestSuite:2509,3249,2999,3008,842,3187,2854,940,977,2796,850,732,4063,2486,4093

test suite376
bestAPFD:0.940671
bestSuite:2724,3094,3005,4049,1866,1646,735,4076,2212,4102,2130,305,2691,2713,1333

test suite377
bestAPFD:0.904285
bestSuite:3645,2855,2491,2914,1465,1438,594,783,1551,2971,359,75,2707,265,4097,4072

test suite378
bestAPFD:0.920644
bestSuite:2344,3473,3663,2787,3689,3636,2229,4065,777,257,1837,1813,4092,1566,1388,2616,2068

test suite379
bestAPFD:0.942296
bestSuite:3208,748,2874,4049,1913,2368,916,1015,1745,2974,1624,2807,2574,2094,2071,3805,4073,3140,4106,3714

test suite380
bestAPFD:0.927189
bestSuite:2422,2722,3198,2377,3045,3386,4061,1477,841,4115,1096,1279,1058

test suite381
bestAPFD:0.929507
bestSuite:3716,1809,1819,1985,3313,1122,1832,2985,4081,4094,3364,3483

test suite382
bestAPFD:0.923655
bestSuite:3381,3705,1614,2917,3490,1963,1467,1020,1572,2975,435,1737,2900,2095,3522,3994,4101,4081

test suite383
bestAPFD:0.924814
bestSuite:3935,3868,351,865,2059,1614,1378,3861,4101,4068,3894

test suite384
bestAPFD:0.899633
bestSuite:2906,3455,2406,3489,4080,1914,1900,466,253,4098,2379,1251

test suite385
bestAPFD:0.922708
bestSuite:3447,2871,3504,878,853,640,668,1141,2244,1386,1212,326,3661,2341,1240,196,3139,4100,4073

test suite386
bestAPFD:0.949882
bestSuite:2632,3006,3079,3063,4060,520,2127,656,4102,2921,660,1758,726,1537,252,2749

test suite387
bestAPFD:0.915834
bestSuite:3625,1496,2166,1789,819,1614,1117,404,3927,2561,2475,3744,1072,299,2520,4077,4095

test suite388
bestAPFD:0.928546
bestSuite:1852,3326,3593,3679,2581,3003,4048,3863,524,3386,4075,1119,2885,1848,1967,4102,1630,999

test suite389
bestAPFD:0.901415
bestSuite:3327,1647,2060,2979,3378,812,1501,971,731,1742,1059,4025,2807,1186,122,2687,221,4067,4106,3739

test suite390
bestAPFD:0.931447
bestSuite:3306,2705,2562,1985,1962,3149,2531,3184,80,2161,1098,3329,3504,4088,4063

test suite391
bestAPFD:0.940094
bestSuite:3448,1849,750,1441,1855,1956,3066,2971,37,2502,2735,2803,1395,2183,2608,2574,4101,4084,3940,3336

test suite392
bestAPFD:0.925876
bestSuite:2078,3167,2468,709,847,1703,827,200,1902,2030,2452,2052,3881,4025,4061,1389,2508,2694,4090,1316,2095

test suite393
bestAPFD:0.931373
bestSuite:2548,2374,3029,740,1679,3291,864,1643,981,3081,4060,90,2808,1267,4108,1087,2053

test suite394
bestAPFD:0.940252
bestSuite:3765,2658,2841,2100,2425,1693,1558,722,1334,744,3382,1979,1237,284,1067,2150,3741,3482,4090,4081,3606

test suite395
bestAPFD:0.886596
bestSuite:2888,3345,3894,3277,3607,2027,1885,681,2397,89,234,4078,4111,1536,1115,1221

test suite396
bestAPFD:0.935273
bestSuite:3991,2978,2637,647,945,2461,1127,515,3007,4103,4057,3268

test suite397
bestAPFD:0.925052
bestSuite:2382,3533,1776,839,372,720,1930,1672,1744,3767,3150,3001,4067,1854,2650,4113,2664,2757

test suite398
bestAPFD:0.934552
bestSuite:2080,3900,3007,2754,2962,4013,3110,4069,2673,1781,1605,4112,986,2159,1332,2644

test suite399
bestAPFD:0.914870
bestSuite:2609,3256,4073,1780,315,2872,1611,1934,4102,2803,2943,2863,872,2621

test suite400
bestAPFD:0.919025
bestSuite:3556,1617,878,3973,1759,1963,2980,3176,2820,2786,4113,4081

test suite401
bestAPFD:0.924266
bestSuite:2761,4020,3688,4043,4084,1202,372,910,4092,746,1378,51

test suite402
bestAPFD:0.942414
bestSuite:2724,3911,2999,3062,1875,1971,913,2362,3737,3856,4082,2587,2457,2259,4105,2919

test suite403
bestAPFD:0.882680
bestSuite:3587,956,1452,737,1506,1963,3094,3039,129,1364,3782,4097,4077

test suite404
bestAPFD:0.916238
bestSuite:3151,2660,2705,2284,528,1779,2709,1061,2238,4081,4100

test suite405
bestAPFD:0.940252
bestSuite:3346,2927,4006,1127,2185,484,1618,1576,765,3199,4099,4058,3279

test suite406
bestAPFD:0.885583
bestSuite:3403,895,973,3566,2402,216,428,3614,4043,317,3172,4072,4108

test suite407
bestAPFD:0.899022
bestSuite:2281,3176,3003,3494,1491,3262,4076,4098,1381

test suite408
bestAPFD:0.924286
bestSuite:1906,3984,3024,2376,4011,2615,144,2956,4106,626,986,1547,1549

test suite409
bestAPFD:0.879208
bestSuite:3477,1665,1789,768,1899,1984,656,2408,1705,2778,2229,3473,3777,412,1398,4111,4064

test suite410
bestAPFD:0.907495
bestSuite:2898,1422,1508,3260,4039,742,2915,2376,4057,2220,4086,1187

test suite411
bestAPFD:0.943571
bestSuite:3657,1735,2082,2268,2377,623,995,3769,2656,55,2629,2605,1767,2039,1275,1055,4057,4115

test suite412
bestAPFD:0.899568
bestSuite:1732,2640,3283,3610,3903,3011,1696,1554,528,3708,3453,3398,4078,713,4103,2893

test suite413
bestAPFD:0.892820
bestSuite:2375,3143,1797,3505,2705,3503,3790,1066,1664,4080,1518,4088

test suite414
bestAPFD:0.923671
bestSuite:2521,3194,4067,382,959,811,933,4086,766,2272,248

test suite415
bestAPFD:0.915933
bestSuite:3151,2666,2909,3784,165,1533,933,3016,1489,988,3371,2960,4065,4108,3936

test suite416
bestAPFD:0.906518
bestSuite:1838,2035,3040,3428,3846,2649,3974,4061,890,4109,2249

test suite417
bestAPFD:0.920073
bestSuite:2360,3215,3126,1904,3166,3677,1683,1732,4058,4107,2293,591

test suite418
bestAPFD:0.919706
bestSuite:3575,2633,2433,1976,1913,2235,1897,649,2477,142,3243,1386,1322,4100,4074

test suite419
bestAPFD:0.901730
bestSuite:3437,1775,808,899,1439,4035,2763,392,1032,3737,4114,4073

test suite420
bestAPFD:0.894775
bestSuite:3845,1861,1550,1459,887,3830,1796,2474,3923,1059,2671,4058,4107

test suite421
bestAPFD:0.939269
bestSuite:2898,3039,1491,2970,1921,2614,215,4030,4078,2363,953,1500,4110,1241,74,1137

test suite422
bestAPFD:0.933766
bestSuite:2609,3748,2333,2083,361,3824,4030,4066,2474,2659,996,1641,2449,4112,1200,2624

test suite423
bestAPFD:0.943621
bestSuite:2179,3876,3993,663,3986,1493,3021,4083,1850,2354,4101,26,2264,2053

test suite424
bestAPFD:0.912807
bestSuite:3465,3034,673,1762,1619,2354,2617,1079,60,4107,4081

test suite425
bestAPFD:0.943200
bestSuite:1617,3319,4,3318,2272,4045,243,4085,2463,1269,4094,1164,1863,903,1484,978

test suite426
bestAPFD:0.920008
bestSuite:3840,2509,3903,3552,1633,1149,552,298,3974,1775,2486,1,4099,4059,4013,3085

test suite427
bestAPFD:0.930321
bestSuite:3134,2062,3926,525,3369,2390,2762,2413,3036,3189,1616,1645,2468,2859,3062,1178,3482,4089,4084

test suite428
bestAPFD:0.928335
bestSuite:1649,3472,3243,2943,2349,3081,2401,120,4063,2895,1587,1856,1261,4106,1501,1191,1520,2810,1600

test suite429
bestAPFD:0.953420
bestSuite:2179,2964,3770,3590,1916,3740,4072,953,1482,4111,2201,2744,554,2590,2074,2603

test suite430
bestAPFD:0.900229
bestSuite:2925,3433,2780,2008,2338,683,2666,4083,420,4111,1109

test suite431
bestAPFD:0.913173
bestSuite:3234,980,987,2658,2231,1889,3509,1975,404,2932,4020,2886,3727,3044,1169,268,4094,4084

test suite432
bestAPFD:0.898697
bestSuite:1894,2060,4037,3915,3540,1614,1398,2313,2622,2984,4069,627,1481,4102

test suite433
bestAPFD:0.937257
bestSuite:2432,3012,3980,3534,3161,853,922,2575,24,4,3172,3130,3762,4057,1272,1075,4098,1101,2442,289,2580

test suite434
bestAPFD:0.921646
bestSuite:2360,3014,3012,3172,3204,698,930,2284,3942,4073,4097,137

test suite435
bestAPFD:0.920900
bestSuite:2360,3080,3078,3625,3994,4055,715,1968,3114,4070,2861,4106,1168

test suite436
bestAPFD:0.938679
bestSuite:1493,3844,3241,2909,2853,3503,451,2107,522,234,4060,1449,396,4086,628,1386,2049,1590

test suite437
bestAPFD:0.919811
bestSuite:3668,3809,15,2707,1844,3072,1539,1692,1004,2886,2731,3921,4098,4072

test suite438
bestAPFD:0.903659
bestSuite:2938,3199,3849,2096,3884,3899,2162,2956,792,4115,2009

test suite439
bestAPFD:0.918054
bestSuite:1780,3486,2534,3418,2220,3434,2922,3123,75,211,4057,734,810,1971,4106,1720,1579

test suite440
bestAPFD:0.895244
bestSuite:2102,2835,2099,1691,3119,637,1008,3232,696,3281,3425,3482,3694,3711,4081,4087

test suite441
bestAPFD:0.927358
bestSuite:3716,294,3993,2834,1834,44,4093,4080,3357,3089

test suite442
bestAPFD:0.898697
bestSuite:3203,3751,3067,2240,1491,669,1016,321,3503,1134,1151,3758,4084,4095

test suite443
bestAPFD:0.907036
bestSuite:2348,1736,1571,4006,2621,737,1929,2740,2411,3132,2927,4070,39,2059,4099,1417

test suite444
bestAPFD:0.926550
bestSuite:2487,3641,3773,2991,3426,3697,3277,2706,4065,290,4101,2820,1390,1212

test suite445
bestAPFD:0.932839
bestSuite:3349,2548,1662,2447,3611,772,2863,1850,1913,2960,4102,4072,3425,3925

test suite446
bestAPFD:0.908805
bestSuite:3771,2265,200,2628,707,2000,1910,1127,4007,4115,4069

test suite447
bestAPFD:0.932995
bestSuite:2521,3382,3598,3571,3819,3146,4068,674,834,1547,1501,4086,2500

test suite448
bestAPFD:0.933373
bestSuite:3781,2035,3593,2656,1542,1596,2549,1943,1466,1101,2170,54,3396,4082,4087,3261

test suite449
bestAPFD:0.912998
bestSuite:2521,3169,3231,34,4075,1701,1821,4103,2202

test suite450
bestAPFD:0.917191
bestSuite:3173,489,1775,757,786,2413,2631,1115,3957,66,3146,2256,4058,4115,3985

test suite451
bestAPFD:0.914432
bestSuite:2119,2184,1759,1704,1656,1690,3729,3372,3916,3528,3547,3536,3145,2150,4080,4110,12,1355,2247

test suite452
bestAPFD:0.939142
bestSuite:3787,2780,3097,960,1899,1008,752,672,17,545,3552,1358,2201,4095,4074,3883,3943

test suite453
bestAPFD:0.923319
bestSuite:2776,3555,2560,2182,2959,3567,4080,2366,2472,1596,1882,4093,1256

test suite454
bestAPFD:0.899720
bestSuite:2422,2145,3443,4057,1550,175,2749,4088,1290

test suite455
bestAPFD:0.925651
bestSuite:1811,3269,3400,2076,3011,2264,3728,2992,2449,4078,1003,4089,1736,1918

test suite456
bestAPFD:0.920073
bestSuite:3628,2823,1491,2664,2733,3140,2318,659,3174,1423,4096,4079

test suite457
bestAPFD:0.954816
bestSuite:3219,2073,1699,1926,2228,1355,1562,3655,2444,1375,89,1332,2024,2406,4107,4067,3892,3539,3840

test suite458
bestAPFD:0.947917
bestSuite:2164,3588,3878,3674,511,3355,3389,4059,2599,1612,4087,1481,1849,1268,2645,21

test suite459
bestAPFD:0.924266
bestSuite:2724,2564,810,648,3527,3790,4084,2259,4111,2884,2496,2812

test suite460
bestAPFD:0.948113
bestSuite:2164,3244,3900,3540,2983,3709,3754,3089,3679,3501,4079,1679,4103,830,1398,2701,2800,2172

test suite461
bestAPFD:0.899596
bestSuite:2722,2099,3664,3553,3260,1584,3866,1466,725,659,4061,1193,2819,4093

test suite462
bestAPFD:0.919534
bestSuite:3381,3844,1860,681,2108,1573,1755,665,541,3694,1726,1228,1772,3505,4108,4061,3096

test suite463
bestAPFD:0.945318
bestSuite:3178,2432,405,263,831,1618,1452,2399,1006,2759,2550,3043,3128,4090,4085,3654,3867,3475

test suite464
bestAPFD:0.938574
bestSuite:3716,329,938,747,947,3609,2521,317,2704,2106,426,3369,4081,4096,3254

test suite465
bestAPFD:0.916217
bestSuite:2369,3698,3447,3644,1524,988,2755,3530,4084,2274,2810,2201,4103,2792

test suite466
bestAPFD:0.918464
bestSuite:3288,2643,1917,1537,3559,994,830,4041,1915,2788,390,3011,4100,4084

test suite467
bestAPFD:0.910115
bestSuite:2115,3323,1765,1750,2703,3547,770,4075,2027,4115,2026,1396

test suite468
bestAPFD:0.925577
bestSuite:1425,3224,2854,2313,2683,2066,2444,4075,2089,1229,4112,960,1638,1412,1437

test suite469
bestAPFD:0.914898
bestSuite:3080,1732,3796,2498,790,1193,1798,887,1791,1472,520,2059,2297,2901,4115,4075

test suite470
bestAPFD:0.938330
bestSuite:2115,3502,3769,3455,3477,3805,3418,627,904,1787,4067,1774,2211,2427,2201,4097,2642,103

test suite471
bestAPFD:0.933478
bestSuite:3306,1921,2927,2050,961,2089,2593,3140,3886,3550,4060,4106,3780

test suite472
bestAPFD:0.899596
bestSuite:3034,2854,2955,836,2123,2370,129,1579,2167,818,3310,2896,4084,4100

test suite473
bestAPFD:0.920545
bestSuite:3557,2595,2393,3472,1778,1652,1635,937,1638,2879,3857,1334,4077,4106,3901

test suite474
bestAPFD:0.950210
bestSuite:3765,2633,602,822,1012,641,1410,3022,2929,578,2825,2528,1413,3103,3027,4075,4088,3780

test suite475
bestAPFD:0.925083
bestSuite:3521,1604,3844,3924,1603,2421,582,865,2544,1659,2539,2125,2394,3136,4098,4062,3111

test suite476
bestAPFD:0.878616
bestSuite:2496,1785,899,2840,678,2839,3438,3805,2192,2229,4064,55,2858,4108,1390

test suite477
bestAPFD:0.954088
bestSuite:3717,2112,822,683,2411,865,2269,2162,3993,4106,4062,3593,3228,3532,3564

test suite478
bestAPFD:0.926799
bestSuite:2948,3844,2549,2611,3352,2513,3380,2585,2412,677,4084,285,1160,680,2799,4093,2573,234

test suite479
bestAPFD:0.927189
bestSuite:3173,2344,3442,3421,2444,1401,1720,3149,1120,2531,4100,4075,3602

test suite480
bestAPFD:0.926933
bestSuite:2070,3143,3352,3938,4071,2947,2876,1561,1815,2557,4092,1507,2523,2550,2665,2111,2889

test suite481
bestAPFD:0.919534
bestSuite:3494,2528,1443,2748,1451,1709,803,2549,1143,2547,3428,1023,3807,4060,4088,3860,3478

test suite482
bestAPFD:0.923099
bestSuite:2070,3465,1704,2144,566,4003,4061,1776,4101,1354,2675

test suite483
bestAPFD:0.931342
bestSuite:3872,1864,2424,934,22,2596,3062,1426,2737,1697,3917,1395,3878,3114,4088,4062,3995,3743

test suite484
bestAPFD:0.907233
bestSuite:2755,2499,3495,2408,870,3725,1944,3102,2419,4080,2790,4094,2290,1168

test suite485
bestAPFD:0.927448
bestSuite:1735,3444,3552,2374,2990,2057,3370,4071,1474,1322,4095,1853,1030,1001

test suite486
bestAPFD:0.922327
bestSuite:3278,2668,2190,1617,692,2642,2219,3105,4091,4062

test suite487
bestAPFD:0.948021
bestSuite:1945,3446,3645,3460,2907,2491,3777,3619,75,351,4069,1109,4095,1280,2146,1682,965

test suite488
bestAPFD:0.912192
bestSuite:3575,3665,1509,960,1000,3810,3836,2402,3379,2285,3276,4110,4081

test suite489
bestAPFD:0.926222
bestSuite:3845,1657,3844,2295,1458,1585,1208,2867,1085,2133,2695,4084,4098

test suite490
bestAPFD:0.923546
bestSuite:2633,3660,793,689,700,956,4020,747,1535,3122,3376,2216,4063,2644,2799,4109

test suite491
bestAPFD:0.875943
bestSuite:3126,1696,1798,2535,925,1618,1448,2335,2151,898,2276,1115,1956,2111,1306,3036,2311,3161,4108,4062

test suite492
bestAPFD:0.899568
bestSuite:3928,635,693,923,1984,3607,696,1284,2280,321,2448,3870,3348,1338,4109,4071

test suite493
bestAPFD:0.922507
bestSuite:2564,3067,3272,1894,1670,1251,2172,1942,2814,642,4062,2181,4104,1041

test suite494
bestAPFD:0.935286
bestSuite:3872,1732,914,1864,637,1967,935,85,2918,2803,850,2370,1263,3019,2647,4079,3510,4092,3592

test suite495
bestAPFD:0.906518
bestSuite:3598,1594,2382,2014,2541,2432,2867,3843,2122,4115,4063

test suite496
bestAPFD:0.901944
bestSuite:2261,3527,3531,2457,2668,3954,2984,2839,4080,4105,1745

test suite497
bestAPFD:0.945558
bestSuite:3554,516,1550,1716,1897,3615,963,988,1925,1035,2006,494,2965,4066,4106,4000

test suite498
bestAPFD:0.941731
bestSuite:3319,2261,1596,720,351,884,1430,3703,1568,3284,1296,1372,3971,3662,4063,4107,3237

test suite499
bestAPFD:0.917116
bestSuite:3084,2898,2651,2112,1986,2083,1575,3502,1042,3370,3791,4087,4082,3531

test suite500
bestAPFD:0.915968
bestSuite:3927,1776,3257,791,1017,1720,3770,1482,2400,529,1342,2819,1241,119,3592,3912,4069,4098

