test suite1
bestAPFD:0.925455
bestSuite:3474,4104,915,1599,3473,1198,3438,2664,3561,2934,2593,2790,3666,2013,1884,2172,3111,4069,825,1979,954,3355

test suite2
bestAPFD:0.935556
bestSuite:4063,3472,3104,806,3651,1364,2562,1853,2919,3384,51,2246,4086,3409,1036,1481,2737,2675

test suite3
bestAPFD:0.929688
bestSuite:4066,4108,3595,3134,2192,3919,3582,1255,1011,216,2955,3499,2097,4037,2511,1524

test suite4
bestAPFD:0.923571
bestSuite:3809,567,4089,1583,701,1617,1190,1354,2148,1210,2042,4059,3381,2341

test suite5
bestAPFD:0.919545
bestSuite:2422,4066,27,3520,1451,3589,3976,4109,1915,1263,2973

test suite6
bestAPFD:0.935833
bestSuite:4103,3160,995,2795,2907,1109,672,1425,676,3896,2535,1688,4079,3408,799,3893,3926,3813

test suite7
bestAPFD:0.930000
bestSuite:1589,3864,3278,3008,2182,844,1894,271,2221,4078,4093

test suite8
bestAPFD:0.949444
bestSuite:2018,204,822,2135,832,3320,2270,4007,2102,2276,4091,2543,3453,1750,4066,3927,803,3744

test suite9
bestAPFD:0.916429
bestSuite:1023,1429,3034,988,4082,904,3091,644,2942,928,3631,4089,3985,1950

test suite10
bestAPFD:0.930000
bestSuite:3072,4085,2382,1811,4107,352,3229,1281,1640,3328,1607,3117,1272,2663,2349

test suite11
bestAPFD:0.902143
bestSuite:3815,1741,4077,3442,4107,800,24,174,2948,1357,1473,2381,3490,3353

test suite12
bestAPFD:0.931316
bestSuite:274,2943,4094,1690,3430,2011,1557,1633,331,651,3162,3516,3633,929,4073,2521,3302,2483,3152

test suite13
bestAPFD:0.917813
bestSuite:3809,4083,3875,258,2550,2399,1578,2175,1269,4109,801,1684,3819,4054,2498,489

test suite14
bestAPFD:0.903846
bestSuite:142,4095,4011,3484,3061,3312,4085,3689,141,2162,528,3956,3337

test suite15
bestAPFD:0.942692
bestSuite:1396,3144,2187,2015,1705,2225,4109,291,4065,920,1504,3554,2035

test suite16
bestAPFD:0.931500
bestSuite:116,3910,3624,3327,2561,1277,1059,1997,736,735,3299,2795,3647,2568,1055,4084,3668,1432,3884,4113

test suite17
bestAPFD:0.917273
bestSuite:3935,985,3850,963,1398,4057,2020,1825,4099,2017,3071

test suite18
bestAPFD:0.937333
bestSuite:2372,1502,1020,657,2342,4112,3823,3066,200,1664,3317,1469,1042,4085,1679

test suite19
bestAPFD:0.892222
bestSuite:4113,2599,3305,2906,3178,2353,846,1910,4072

test suite20
bestAPFD:0.930278
bestSuite:524,1519,2058,1871,1096,2359,3874,3653,2966,3734,2299,1464,4065,2823,4101,2964,2681,3773

test suite21
bestAPFD:0.939231
bestSuite:3673,4103,3054,3157,1306,2351,4081,48,2761,3385,2932,861,1127

test suite22
bestAPFD:0.908529
bestSuite:2950,4021,1275,3293,2111,2130,532,3552,3304,3418,4101,3065,1046,873,511,2956,2976

test suite23
bestAPFD:0.956333
bestSuite:2027,1538,3278,1853,1158,287,4082,940,4103,4046,1453,2172,1466,868,1046

test suite24
bestAPFD:0.922143
bestSuite:853,2163,3094,4104,4071,925,3312,72,1325,1355,1111,2133,2510,3505

test suite25
bestAPFD:0.913667
bestSuite:1839,3254,1481,1923,3958,2415,3415,1703,4086,3809,28,2128,1945,4084,1290

test suite26
bestAPFD:0.927059
bestSuite:2190,1765,1138,4101,824,873,1232,3714,2958,2939,3124,3502,3421,4061,2087,2811,3137

test suite27
bestAPFD:0.934706
bestSuite:3022,4093,1888,569,4072,3349,2802,2629,1769,1513,1514,3261,1804,2591,3092,3616,2997

test suite28
bestAPFD:0.916667
bestSuite:1610,139,2873,1474,448,3924,3148,1532,1988,1595,4096,2874,4076,196,3793,3149,3713,1839

test suite29
bestAPFD:0.924545
bestSuite:2755,1709,2745,3327,282,2422,2516,1322,2628,4107,4057

test suite30
bestAPFD:0.932667
bestSuite:3303,2362,2661,4083,1495,1606,3569,3278,1614,4110,1240,3463,1402,3091,679

test suite31
bestAPFD:0.946333
bestSuite:4066,2776,2573,1745,4113,2497,3823,6,3437,1893,2791,1972,2883,3647,1729

test suite32
bestAPFD:0.918571
bestSuite:3520,3580,4104,729,1061,2369,1160,2151,4073,418,2231,926,3137,3432

test suite33
bestAPFD:0.902778
bestSuite:2873,2978,4062,2235,3097,4105,3492,195,390

test suite34
bestAPFD:0.930909
bestSuite:1256,3796,4058,4102,3346,1809,2010,685,118,828,2341

test suite35
bestAPFD:0.912188
bestSuite:1686,2661,3732,286,3432,2140,1600,1438,2952,4071,2248,2396,3318,2865,1829,4108

test suite36
bestAPFD:0.914615
bestSuite:3763,4105,2989,3633,4051,2896,1680,3033,2055,1397,3465,2643,4068

test suite37
bestAPFD:0.922895
bestSuite:2092,955,1239,1743,4057,622,3082,2568,4093,3686,1370,1138,3092,1979,1660,1031,2286,2784,420

test suite38
bestAPFD:0.916786
bestSuite:4065,4032,3369,4088,2016,20,2000,1580,3787,1538,3100,1659,2867,2699

test suite39
bestAPFD:0.935789
bestSuite:3341,3527,1916,2654,3481,3625,4104,554,2892,1714,991,2101,4071,2184,3752,3029,2480,1914,674

test suite40
bestAPFD:0.939643
bestSuite:2432,2448,2598,2112,3978,4073,2123,780,904,3480,4096,3302,2146,3831

test suite41
bestAPFD:0.946667
bestSuite:4113,2796,1650,301,808,3125,3976,3009,2621,1875,2833,1603,4057,2636,2977,1806,770,2410

test suite42
bestAPFD:0.891818
bestSuite:4076,3173,236,757,2397,1468,637,2565,4102,2432,646

test suite43
bestAPFD:0.938438
bestSuite:3224,2952,3668,2485,1378,2706,1937,3602,4100,2705,2513,4068,1196,510,1000,1021

test suite44
bestAPFD:0.946471
bestSuite:3771,3398,1745,2394,2915,3223,4086,3449,3945,4074,1845,1425,1290,3733,3091,3851,3326

test suite45
bestAPFD:0.948571
bestSuite:3700,3716,3921,2660,987,138,749,1299,3115,3013,3252,4069,2574,4098

test suite46
bestAPFD:0.913750
bestSuite:1472,3034,2595,2461,4097,3836,292,4066,1245,2422,2205,3614

test suite47
bestAPFD:0.934444
bestSuite:2649,3940,1990,1927,3217,3301,4069,355,3166,2271,4100,3310,1354,1605,2696,3798,2680,2227

test suite48
bestAPFD:0.953250
bestSuite:2030,1927,4057,489,4103,3079,1532,788,2724,3512,2385,2939,2260,3139,3731,180,2358,1451,1549,930

test suite49
bestAPFD:0.913684
bestSuite:649,2542,2825,1204,4030,1422,3447,636,359,2637,1376,2831,3056,4098,974,3002,315,4080,2855

test suite50
bestAPFD:0.943333
bestSuite:3064,4107,3960,3716,2606,798,2628,603,4078,3097,2829,1061

test suite51
bestAPFD:0.940263
bestSuite:2737,2236,3121,215,2837,2593,1606,4084,1581,3162,1902,2417,3488,1245,3556,1325,2383,4109,3239

test suite52
bestAPFD:0.935556
bestSuite:968,1281,2309,2001,3921,1609,4066,3688,1156,3961,4095,3048,1160,3480,3996,2678,1742,1480

test suite53
bestAPFD:0.943000
bestSuite:3559,3747,1852,2551,2923,927,1065,4106,1701,89,865,3449,1029,4080,2946,2926,3287,45,3903,3063

test suite54
bestAPFD:0.932500
bestSuite:1399,4073,2318,4043,2168,1893,1625,3367,2286,441,2812,2141,1713,2333,4099,1875

test suite55
bestAPFD:0.932778
bestSuite:2549,3441,3063,3605,2099,4066,1725,1824,3343,537,1851,3010,312,4088,1108,405,1678,3833

test suite56
bestAPFD:0.944118
bestSuite:4108,2125,1999,1929,3872,1114,1519,1472,3384,796,978,3887,1395,4076,1597,276,2270

test suite57
bestAPFD:0.922500
bestSuite:4063,2087,2263,2938,3589,207,2548,3956,2002,3737,3045,2571,2111,4090,1328,3039

test suite58
bestAPFD:0.923333
bestSuite:2832,409,4010,1838,3798,1965,654,3325,3198,3661,3018,1827,4115,66,1839,3359,3922,4062

test suite59
bestAPFD:0.902000
bestSuite:916,2387,1601,3497,3002,2827,945,1971,434,1312,3914,4058,824,1377,4114

test suite60
bestAPFD:0.946842
bestSuite:657,3172,1119,475,2609,1753,21,661,4062,536,4110,2400,3520,1304,2964,2106,2805,3884,1809

test suite61
bestAPFD:0.924063
bestSuite:1476,1331,2140,2474,2776,4063,2923,3472,3128,2404,3994,3947,2939,4097,2260,701

test suite62
bestAPFD:0.913667
bestSuite:3192,4069,717,2282,1345,2301,3182,626,2780,3577,4096,1487,1719,3951,1212

test suite63
bestAPFD:0.915909
bestSuite:1085,2942,1460,4084,3020,1797,3208,3940,4113,3090,3134

test suite64
bestAPFD:0.937222
bestSuite:2184,2787,2854,894,1852,3370,3167,1549,4096,2454,2234,3873,2884,1235,321,1446,813,4081

test suite65
bestAPFD:0.917857
bestSuite:3383,1646,2540,1952,3454,3102,3293,1997,2956,3984,3963,4105,2387,614

test suite66
bestAPFD:0.933438
bestSuite:4112,3888,3328,134,3698,638,4058,3053,3166,3297,893,3134,3831,3007,1596,2954

test suite67
bestAPFD:0.924688
bestSuite:2148,3847,983,566,3155,321,4064,4089,2338,2203,2298,997,1321,1362,1663,2685

test suite68
bestAPFD:0.927000
bestSuite:2207,2631,4089,1198,3817,1861,4045,2587,2036,3392,3901,4037,1554,3479,3301,1094,4085,644,299,1669

test suite69
bestAPFD:0.921429
bestSuite:1887,1599,2005,2986,4060,563,3843,669,4110,2500,2014,2051,2475,3363,892,1755,2351,121,1357,3300,3607

test suite70
bestAPFD:0.903333
bestSuite:1243,2255,2329,1514,4103,4059,3126,1335,1026,2044,2700,3617

test suite71
bestAPFD:0.917000
bestSuite:81,3938,1402,1361,2970,685,1365,3984,2882,687,4081,3153,3661,2416,3434,3422,693,4109,1937,1517

test suite72
bestAPFD:0.923667
bestSuite:3692,991,524,1178,3841,1814,3525,1703,3082,4063,1741,4095,360,2531,3638

test suite73
bestAPFD:0.933333
bestSuite:1993,2080,2753,4005,2820,1896,2222,1498,824,772,3243,3220,392,2693,1657,3930,4063,4094

test suite74
bestAPFD:0.928214
bestSuite:4053,2261,3833,4056,1910,4067,2083,607,1862,2513,1887,4104,2906,1096

test suite75
bestAPFD:0.919375
bestSuite:3349,3903,4073,2521,4106,1903,1620,3144

test suite76
bestAPFD:0.938846
bestSuite:2115,1926,3964,1383,4107,3606,2599,3649,3449,4061,1690,366,884

test suite77
bestAPFD:0.923889
bestSuite:3609,1335,2983,865,2733,3885,102,2124,944,956,4078,2702,933,2024,4089,440,2659,2841

test suite78
bestAPFD:0.920750
bestSuite:2858,2921,3036,9,1722,2680,1430,4072,2179,630,1,1840,2617,2706,4115,715,873,1635,2857,1816

test suite79
bestAPFD:0.928214
bestSuite:2491,2638,3178,4100,1839,3976,3703,3059,3918,2123,4063,2398,1686,696

test suite80
bestAPFD:0.919412
bestSuite:3857,2937,935,2032,4059,3939,1020,3533,1501,2902,2073,2016,3148,4102,1329,2068,3117

test suite81
bestAPFD:0.929375
bestSuite:1976,3868,252,1870,4113,1085,2109,3984,3561,1997,3298,3974,3663,4084,3856,1989

test suite82
bestAPFD:0.935882
bestSuite:1672,1630,1802,3391,1013,4057,2458,2694,3559,2534,3351,3092,3047,471,4093,1203,3496

test suite83
bestAPFD:0.957000
bestSuite:3963,3282,3079,4043,1261,2797,3340,1473,4113,2917,3677,2426,2284,4002,1029,169,4074,2987,1306,3103

test suite84
bestAPFD:0.916923
bestSuite:3932,4075,1946,2884,4112,2096,2060,3168,2852,1398,960,2966,521

test suite85
bestAPFD:0.927500
bestSuite:524,3725,4085,488,1168,824,2286,3272,2527,111,4033,941,3401,2115,4086,1721,2163,984

test suite86
bestAPFD:0.942000
bestSuite:2147,4105,3243,3717,1809,3078,3846,4058,1784,2477

test suite87
bestAPFD:0.903889
bestSuite:2193,1848,4087,1869,2071,3564,4063,655,868,3852,3150,3803,1103,2176,2828,781,418,930

test suite88
bestAPFD:0.937667
bestSuite:3841,1788,4093,1161,1789,1703,2696,3482,3553,3403,3328,4066,3917,1657,2793

test suite89
bestAPFD:0.934063
bestSuite:4024,4092,4064,1973,3671,4017,1241,1429,1760,772,3847,2229,3069,3588,708,3483

test suite90
bestAPFD:0.910000
bestSuite:2505,1014,3232,3730,3015,4074,2923,3318,2048,3495,451,1740,4107

test suite91
bestAPFD:0.912632
bestSuite:271,4011,4067,1407,1578,1747,3537,2605,2823,4103,525,83,3367,3172,3019,3122,3933,3348,2858

test suite92
bestAPFD:0.929333
bestSuite:3381,2270,3337,2956,3761,1074,73,2680,3218,4092,801,1198,859,909,1973

test suite93
bestAPFD:0.907381
bestSuite:3733,3923,585,3681,1021,4058,3013,4097,1309,2629,3647,2013,3921,3478,3689,841,1075,1520,1427,472,842

test suite94
bestAPFD:0.906667
bestSuite:518,3359,853,2458,4063,4097,1402,1473,2052,2550,2299,2651,1290,3017,3911,3884,1423,1832

test suite95
bestAPFD:0.906333
bestSuite:297,404,20,3509,1822,2071,3490,2308,4082,1600,3447,1241,1614,1707,4090

test suite96
bestAPFD:0.897353
bestSuite:3074,1925,3669,3012,3104,3168,696,2697,4096,4058,3617,2550,2156,3439,2217,3122,2995

test suite97
bestAPFD:0.902353
bestSuite:1651,4058,4090,2340,1184,2642,3743,1461,2171,2868,3961,3377,1481,2302,2092,1571,3941

test suite98
bestAPFD:0.924250
bestSuite:3592,4040,3426,2017,4115,2504,383,3917,3414,3382,887,1650,3868,2255,1244,1429,4059,3418,2201,1778

test suite99
bestAPFD:0.905833
bestSuite:2344,3727,4088,4084,1904,1834,3549,3197,1334,3093,2114,1492

test suite100
bestAPFD:0.916500
bestSuite:662,3447,1184,2516,4111,2428,3640,2112,3465,4082

test suite101
bestAPFD:0.920714
bestSuite:3757,1736,2548,3100,2427,3483,3710,2281,4074,3669,296,3183,4094,1240

test suite102
bestAPFD:0.897500
bestSuite:3064,1035,3555,2956,615,2372,2658,1593,3495,1428,3227,4113

test suite103
bestAPFD:0.935556
bestSuite:921,1485,4081,3725,3114,3194,2026,770,3556,2416,3238,1532,99,1677,3677,4020,4111,3401

test suite104
bestAPFD:0.917750
bestSuite:689,968,3926,3701,3015,1101,4006,4096,575,4058,2089,1201,1060,473,1880,956,1386,3783,2745,2437

test suite105
bestAPFD:0.909000
bestSuite:1463,3777,2826,93,941,2058,3371,1027,2009,1105,803,798,4115,4057,1433

test suite106
bestAPFD:0.902188
bestSuite:2522,3982,3403,2072,1892,4062,719,1799,820,3703,4098,3620,2753,1534,1949,3393

test suite107
bestAPFD:0.910000
bestSuite:775,2659,2964,3441,3871,624,2606,2835,2280,1216,4091,2371,1775,4074,2180

test suite108
bestAPFD:0.911429
bestSuite:3976,1540,4060,2580,86,2950,1246,1713,2433,3839,4099,1651,3349,3548

test suite109
bestAPFD:0.928846
bestSuite:3173,220,3703,4061,4091,1325,1933,2440,1797,2324,2789,343,3056

test suite110
bestAPFD:0.918421
bestSuite:2643,3327,2652,1115,3286,413,2338,2250,934,196,1806,2148,4101,2650,1591,1478,706,4062,3877

test suite111
bestAPFD:0.930000
bestSuite:3941,2435,4114,3837,3612,667,2365,1127,563,987,4062,1919,2705,1213,471,3948

test suite112
bestAPFD:0.911154
bestSuite:3919,2691,2839,3993,1196,2815,1292,4057,1374,4087,4055,2607,1794

test suite113
bestAPFD:0.925833
bestSuite:2722,3608,4076,2359,3212,1755,2357,3141,1335,376,2074,1982,1792,4033,4111,671,2221,2227

test suite114
bestAPFD:0.917500
bestSuite:2000,3595,3455,221,4050,3798,2074,1400,1960,3195,798,4096,4078,2031,866,685

test suite115
bestAPFD:0.922500
bestSuite:2447,3850,83,1734,3129,2719,1638,3906,1103,4046,1944,4092,4075,3266,2694,653

test suite116
bestAPFD:0.952353
bestSuite:2778,1860,2333,3066,4108,1347,2772,2609,1866,3334,880,4070,2400,1928,2028,129,3209

test suite117
bestAPFD:0.950682
bestSuite:1470,2341,2179,81,2345,1596,2245,686,2288,2798,2827,1645,690,3335,1119,4114,4003,3073,1177,4083,1454,2678

test suite118
bestAPFD:0.918929
bestSuite:1960,4104,2492,2678,1666,332,1222,2110,4079,1422,3496,3484,2421,1333

test suite119
bestAPFD:0.924333
bestSuite:2061,2162,3094,1422,1905,1667,3444,79,1883,3357,2166,716,4110,76,4074

test suite120
bestAPFD:0.884643
bestSuite:107,2746,872,4060,3506,1596,3345,2136,1334,2264,4088,2231,1633,2944

test suite121
bestAPFD:0.905000
bestSuite:872,2362,3616,4090,979,2516,2281,3857,3752,2645,2475,4077

test suite122
bestAPFD:0.921538
bestSuite:4090,3340,4063,3080,1599,3101,994,2386,2344,2584,3729,1079,3150

test suite123
bestAPFD:0.904167
bestSuite:2676,4070,3079,1799,2781,931,2682,2375,1139,2327,4102,3134

test suite124
bestAPFD:0.909706
bestSuite:4076,780,330,1692,2825,1656,1,2945,2331,2007,2206,1616,1853,2855,4089,1061,3812

test suite125
bestAPFD:0.930357
bestSuite:2406,1707,3460,2986,3668,4114,2567,871,72,3790,1334,2956,2316,1424

test suite126
bestAPFD:0.917813
bestSuite:1880,3935,3441,2190,1282,510,3876,493,2687,4108,4072,419,1015,2205,1606,3699

test suite127
bestAPFD:0.925882
bestSuite:4095,1921,1503,1355,3137,3980,2169,3494,3232,4069,2237,2576,2995,1779,3666,1040,822

test suite128
bestAPFD:0.910000
bestSuite:1115,3496,2027,2424,2016,4084,788,1630,2473,3550,2510,4108,2229,2542,2301,3465

test suite129
bestAPFD:0.942813
bestSuite:485,3844,3382,1192,682,2954,1847,1714,2368,884,3418,4062,2479,4089,2306,2471

test suite130
bestAPFD:0.938235
bestSuite:254,3133,1610,2221,2357,2826,2021,4084,1946,2595,2309,1338,3028,2104,2387,4086,3021

test suite131
bestAPFD:0.910556
bestSuite:2208,966,386,4080,2108,1776,3012,2994,4088,3276,2302,4035,3650,979,2090,1324,799,3801

test suite132
bestAPFD:0.914000
bestSuite:2230,755,2609,1553,1045,3126,3200,1463,3701,4065,3690,794,4090,1525,1581

test suite133
bestAPFD:0.893684
bestSuite:2838,2646,449,372,2483,989,1437,4026,2417,2221,1471,2336,4110,1316,2309,1845,3324,754,4073

test suite134
bestAPFD:0.908333
bestSuite:3862,4091,4023,2715,1870,2585,1383,3146,1860,3852,4041,3809,1563,4059,414,786,2996,997

test suite135
bestAPFD:0.905294
bestSuite:2282,2949,2668,3482,2468,2653,188,2793,3880,3402,1459,4100,661,156,4060,951,1886

test suite136
bestAPFD:0.939333
bestSuite:4071,3873,778,3846,3921,1828,3729,4093,1535,3604,274,3080,3459,1212,2315

test suite137
bestAPFD:0.913333
bestSuite:3873,1134,1598,152,2865,983,2508,105,4068,3869,3046,2279,2923,2399,3008,1010,4104,3903

test suite138
bestAPFD:0.940625
bestSuite:3454,3134,1024,426,3593,1535,3137,264,4057,2866,3711,4113,2333,1012,2975,915

test suite139
bestAPFD:0.911250
bestSuite:684,2052,3644,899,3007,2840,1425,4081,4107,3440,625,355

test suite140
bestAPFD:0.940714
bestSuite:1970,2081,3012,3351,1818,630,2780,397,2019,2920,2856,647,4101,4065

test suite141
bestAPFD:0.915000
bestSuite:4084,698,3013,2113,2396,2366,3047,3174,4086,68,427,2406,1508,3226

test suite142
bestAPFD:0.899000
bestSuite:2374,4068,3339,2800,3699,1904,3625,2212,1290,4097

test suite143
bestAPFD:0.948929
bestSuite:2164,3790,3034,3449,3305,4068,2080,763,135,2355,4105,3375,3742,895

test suite144
bestAPFD:0.925500
bestSuite:2548,1915,2375,4099,18,1571,3556,4068,768,3374

test suite145
bestAPFD:0.940000
bestSuite:1697,3884,3565,2066,880,2582,3989,4078,1676,3283,1052,3641,4089,2896,586,34

test suite146
bestAPFD:0.903250
bestSuite:2523,1515,908,910,4110,3093,595,988,2257,1738,879,882,200,1029,2333,3757,1810,1512,1935,4074

test suite147
bestAPFD:0.931389
bestSuite:2234,1831,672,3854,457,2407,2893,2372,2678,1245,1767,2298,2288,1739,1140,3785,4070,4097

test suite148
bestAPFD:0.925333
bestSuite:1920,4060,765,3559,4105,2284,3801,2087,3502,1783,3272,3025,3853,1484,1321

test suite149
bestAPFD:0.903438
bestSuite:2670,2242,3505,926,2387,3167,2101,3005,3008,3992,2248,1050,3458,2629,4079,4088

test suite150
bestAPFD:0.930294
bestSuite:4059,1592,2944,2561,922,926,3472,3918,4100,2112,3796,3823,3259,2322,260,711,2373

test suite151
bestAPFD:0.916000
bestSuite:3575,3282,4061,1743,3876,3254,1942,3073,2041,2253,1107,3960,2121,4115,245

test suite152
bestAPFD:0.918462
bestSuite:1668,2939,2339,2499,4087,1017,2856,3017,3475,2016,4071,3128,2207

test suite153
bestAPFD:0.911563
bestSuite:1884,3093,2810,3620,3142,284,3445,2344,552,3380,1281,1226,2966,4089,4077,1707

test suite154
bestAPFD:0.920263
bestSuite:527,2512,425,1675,3323,1293,3793,3011,4080,2262,1920,3852,2702,762,1800,3892,3626,1728,4114

test suite155
bestAPFD:0.925833
bestSuite:2407,2605,2079,2875,4060,3194,2396,3599,3543,770,3221,4115,616,244,1879,2517,909,1045

test suite156
bestAPFD:0.929333
bestSuite:2278,2159,1932,676,630,1843,2494,242,3234,4094,3302,2261,3011,4062,639

test suite157
bestAPFD:0.927778
bestSuite:3177,3267,960,2740,1253,1245,3567,34,2253,1268,4100,427,1446,3276,1938,3090,1425,4076

test suite158
bestAPFD:0.936875
bestSuite:3490,991,2093,1752,941,1034,2941,2711,4069,2437,1637,1945,1559,4115,3744,3969

test suite159
bestAPFD:0.925417
bestSuite:2791,4041,795,3307,2560,3042,2766,849,4072,4091,2314,3805

test suite160
bestAPFD:0.925000
bestSuite:3546,2715,729,705,3698,4074,2995,111,2781,2372,2368,2175,2903,1842,1335,1601,4112,1002

test suite161
bestAPFD:0.907333
bestSuite:3214,1666,2956,755,3924,1183,2255,3249,980,1814,4104,3628,297,1187,2504

test suite162
bestAPFD:0.945882
bestSuite:213,958,2666,990,735,2696,2058,1525,3187,662,1115,4067,2803,3665,4103,2961,2270

test suite163
bestAPFD:0.902857
bestSuite:1174,1807,3928,79,970,1384,859,2184,2400,4092,3593,4074,2406,1914

test suite164
bestAPFD:0.926154
bestSuite:3293,2489,4046,2415,4111,1449,1739,691,4065,3976,2333,1898,3651

test suite165
bestAPFD:0.942059
bestSuite:791,3857,3841,2206,3126,1267,492,434,1340,2793,4093,2398,4072,948,2683,1864,3729

test suite166
bestAPFD:0.921667
bestSuite:2419,819,3746,4099,3180,968,4074,1853,2179,1088,1696,3841

test suite167
bestAPFD:0.930357
bestSuite:3839,2898,1354,2976,1590,3769,4095,3278,4058,2771,3895,3342,2364,2752

test suite168
bestAPFD:0.932692
bestSuite:2392,1600,901,3583,1000,2794,860,3178,377,4073,2135,4099,849

test suite169
bestAPFD:0.916154
bestSuite:2557,3015,2713,4076,3855,3281,668,502,4107,1978,2139,3521,2897

test suite170
bestAPFD:0.929286
bestSuite:1556,3294,2836,3781,3263,2787,452,3849,647,3493,4085,3012,3261,4108

test suite171
bestAPFD:0.906875
bestSuite:622,4066,2666,1383,1494,1743,1863,3973,1789,551,2691,1691,565,4111,3433,1711

test suite172
bestAPFD:0.913125
bestSuite:4115,3859,1614,2001,566,4069,413,3517

test suite173
bestAPFD:0.932692
bestSuite:828,3446,2563,872,3732,965,3349,4087,2883,4078,2411,3313,3766

test suite174
bestAPFD:0.905294
bestSuite:3334,2917,570,1528,3493,1487,3606,1696,693,2560,1095,1910,1507,4079,1817,884,4097

test suite175
bestAPFD:0.924583
bestSuite:1707,4064,881,3912,3062,3560,3674,2834,3494,677,3524,4088

test suite176
bestAPFD:0.908125
bestSuite:2036,3595,3864,1807,2268,4107,1183,1561,2703,2956,2171,2685,931,3876,1292,1538

test suite177
bestAPFD:0.928158
bestSuite:998,4098,663,1167,3868,2854,1086,4071,1777,3665,775,3182,1995,720,2195,16,2015,3497,806

test suite178
bestAPFD:0.942368
bestSuite:2628,664,2636,3224,3118,1512,2243,3307,2956,641,699,2793,1378,2468,4055,697,3790,3663,4087

test suite179
bestAPFD:0.945833
bestSuite:3717,664,1256,2567,757,1550,1665,3340,4073,2474,910,4088

test suite180
bestAPFD:0.936429
bestSuite:1757,2603,3040,4006,2841,141,2139,3437,751,1557,2275,4104,4068,2488

test suite181
bestAPFD:0.958611
bestSuite:3052,2075,3692,1545,4105,2360,669,2862,1676,4061,1894,2521,239,1579,3098,2550,4017,2166

test suite182
bestAPFD:0.921875
bestSuite:3920,1256,1365,1250,2542,2279,2492,735,3601,347,119,3983,2418,4064,1831,4101

test suite183
bestAPFD:0.923611
bestSuite:367,659,2193,1799,1393,3828,2253,3097,1608,3412,4072,417,2032,4095,3218,1791,577,2101

test suite184
bestAPFD:0.905417
bestSuite:4105,1622,1655,2956,3225,2130,887,2194,2509,1125,2950,1825

test suite185
bestAPFD:0.933077
bestSuite:1935,2998,2847,2123,2145,1115,4095,3354,2991,3557,2386,3422,4083

test suite186
bestAPFD:0.902083
bestSuite:4113,258,1945,2150,3749,221,3071,4028,1237,3990,4075,3012

test suite187
bestAPFD:0.939706
bestSuite:2369,812,2925,312,3769,1120,2062,4105,2773,2429,3921,2016,3925,4017,1575,4075,2458

test suite188
bestAPFD:0.911875
bestSuite:511,4104,3137,1364,2604,2301,1886,4082,2808,253,2497,1010,628,2361,1055,3242

test suite189
bestAPFD:0.918636
bestSuite:1472,4057,1086,1534,3998,2521,2157,3863,465,4101,3884

test suite190
bestAPFD:0.929318
bestSuite:2865,493,202,3057,1383,2956,2099,1254,1931,2731,3364,4019,2220,2952,4045,3132,1629,2862,4115,2919,1058,1715

test suite191
bestAPFD:0.934688
bestSuite:656,703,3949,4076,4102,36,1545,3657,2140,3562,2543,3910,2032,937,3794,1426

test suite192
bestAPFD:0.935000
bestSuite:2332,2464,3043,1365,3789,1542,1395,4037,1009,3615,2543,4114,3476,117,1996,437,4085,969

test suite193
bestAPFD:0.911944
bestSuite:2288,2060,743,474,3316,3899,3731,2583,877,1661,904,3223,4068,3706,1380,1290,4100,1853

test suite194
bestAPFD:0.913667
bestSuite:4058,1300,2007,3103,3636,1496,4111,2376,2473,3616,519,3864,1097,771,741

test suite195
bestAPFD:0.939333
bestSuite:1983,4086,3614,2615,2130,3769,990,3645,2275,2104,2081,4061,3847,2986,296

test suite196
bestAPFD:0.929688
bestSuite:1951,4058,4094,3349,3677,1596,719,3901,1703,3131,2627,2760,2447,92,1115,524

test suite197
bestAPFD:0.940588
bestSuite:796,23,1887,4073,2372,3767,3182,499,3222,2691,1763,4108,1725,2597,2787,2089,58

test suite198
bestAPFD:0.890417
bestSuite:2163,2865,4057,1609,3029,3698,3398,475,2530,4099,2006,2593

test suite199
bestAPFD:0.948750
bestSuite:1248,945,2017,2988,2127,4097,2952,454,3203,4067,1085,770,2438,3570,2179,2925

test suite200
bestAPFD:0.924091
bestSuite:4103,2082,2230,3841,2140,3358,4034,1515,4072,2555,3170

test suite201
bestAPFD:0.910000
bestSuite:2322,1254,1616,4110,3243,4079,955,3675,862,1287,2166,2338,1923,3570,504,3852

test suite202
bestAPFD:0.942333
bestSuite:3556,2193,2698,2543,2879,874,2549,1590,446,4074,171,3462,3078,4096,14

test suite203
bestAPFD:0.944667
bestSuite:3763,3644,3122,2632,3637,3249,4106,2718,681,1361,435,44,4068,3999,3243

test suite204
bestAPFD:0.900909
bestSuite:3928,2589,3051,3167,2199,3580,942,4066,2432,4104,3433

test suite205
bestAPFD:0.928182
bestSuite:993,2063,4059,3769,1365,2058,4099,86,662,3991,1200

test suite206
bestAPFD:0.941364
bestSuite:2503,3517,55,1320,4070,1462,1624,4010,3194,1981,4110

test suite207
bestAPFD:0.926333
bestSuite:4104,3540,4073,3208,1514,1190,1170,809,1384,909,2631,1596,3657,1802,3068

test suite208
bestAPFD:0.900000
bestSuite:2035,1034,4086,820,3794,1648,2595,4075,1460,2631,512,4010,53

test suite209
bestAPFD:0.940294
bestSuite:2288,2270,3904,3665,1174,2512,4105,2155,765,3505,2523,3333,2879,2893,411,2374,4078

test suite210
bestAPFD:0.927308
bestSuite:2564,2627,4034,4105,4067,2239,3637,1351,2825,3862,408,2412,920

test suite211
bestAPFD:0.908846
bestSuite:2806,3448,4090,2240,2892,3895,3706,1099,1640,2098,230,4083,3206

test suite212
bestAPFD:0.907917
bestSuite:4093,3620,3570,1995,4050,2705,2016,1065,1016,240,4068,1467

test suite213
bestAPFD:0.886429
bestSuite:3980,708,4098,3841,2929,4077,3282

test suite214
bestAPFD:0.918333
bestSuite:4032,2753,2139,1033,1911,2312,747,4086,976,3354,733,392,2507,4071,1222

test suite215
bestAPFD:0.916875
bestSuite:1707,304,891,3483,1209,4099,2351,2853,2403,3848,3957,543,1967,4075,1648,3052

test suite216
bestAPFD:0.907500
bestSuite:774,2395,2971,3549,4105,778,3921,1579,3490,4061,2649,3731

test suite217
bestAPFD:0.905667
bestSuite:2541,4031,4089,2517,696,1122,3323,642,1506,3386,1989,4067,927,949,2891

test suite218
bestAPFD:0.914412
bestSuite:4081,785,4112,2030,475,1835,2473,2398,2971,2365,1968,45,3239,3203,1302,1974,3184

test suite219
bestAPFD:0.930278
bestSuite:1545,3188,889,2517,3529,3423,3929,2481,560,2490,1691,4095,1718,427,3984,2267,4080,2989

test suite220
bestAPFD:0.926667
bestSuite:2927,3066,2755,2914,978,3846,3492,1713,2338,70,1200,1569,4085,4110,1586

test suite221
bestAPFD:0.907500
bestSuite:3137,195,3226,800,3010,3886,4087,1557,4078,3490,385,3401,650,748

test suite222
bestAPFD:0.933438
bestSuite:142,1401,1484,2834,999,1837,3288,4109,1270,3869,2365,1424,359,2728,2640,4073

test suite223
bestAPFD:0.878214
bestSuite:1316,988,3723,2277,936,4104,815,1783,73,655,4078,1806,1942,3502

test suite224
bestAPFD:0.935882
bestSuite:2521,3471,3843,2700,3077,2492,3813,385,853,4074,175,1036,1952,4113,2781,1658,3584

test suite225
bestAPFD:0.887857
bestSuite:4107,3617,4065,1845,2329,1498,2548,2230,391,3159,1072,642,3958,3840

test suite226
bestAPFD:0.954474
bestSuite:1146,2123,1902,2179,1658,3420,4057,1951,3642,994,2162,2269,24,3745,3509,3043,115,3734,4095

test suite227
bestAPFD:0.913125
bestSuite:3554,467,741,1900,2402,1672,4097,4072

test suite228
bestAPFD:0.934583
bestSuite:2176,1506,2082,520,3537,3034,2180,4071,3872,4109,3920,3198

test suite229
bestAPFD:0.908158
bestSuite:1111,1,2383,2322,2014,2888,2152,3147,1119,2406,619,4057,1566,2584,3872,2540,776,4115,893

test suite230
bestAPFD:0.935000
bestSuite:2327,1326,1146,2980,796,2275,2643,56,4074,3347,2633,546,2054,3038,1478,2988,2254,4089,836

test suite231
bestAPFD:0.930294
bestSuite:2425,2540,727,2633,658,3258,1941,4096,3544,2703,4063,869,1728,790,1527,2089,752

test suite232
bestAPFD:0.921500
bestSuite:1690,1156,2491,2156,2716,3180,1147,3181,4084,2427,3321,3802,994,1917,3767,2480,4098,1692,559,1451

test suite233
bestAPFD:0.907727
bestSuite:1884,2593,4108,3325,3103,1091,2362,705,3381,3026,4078

test suite234
bestAPFD:0.916562
bestSuite:1307,3360,2204,2633,1451,754,437,1431,3433,1010,3456,420,2453,1608,4060,4098

test suite235
bestAPFD:0.945556
bestSuite:518,417,4065,2548,3549,1682,533,1460,1316,2763,4111,1014,635,3111,2722,2298,3805,1574

test suite236
bestAPFD:0.927059
bestSuite:2119,4102,1797,2338,3451,2245,2739,2471,1312,4072,1368,1444,3166,917,646,609,2651

test suite237
bestAPFD:0.925769
bestSuite:2835,3042,2333,4115,969,106,2357,3418,2030,566,4083,3776,2612

test suite238
bestAPFD:0.921923
bestSuite:4053,3176,4079,1503,3354,4104,2253,2363,908,3982,636,792,3540

test suite239
bestAPFD:0.899118
bestSuite:1783,2391,1688,3901,3417,1192,3455,2990,4100,4071,637,802,3732,680,3204,1727,4020

test suite240
bestAPFD:0.947647
bestSuite:529,3490,2930,2690,4069,4103,3907,1326,1990,119,2062,874,2939,2204,2736,1796,4029

test suite241
bestAPFD:0.928421
bestSuite:2833,3232,2162,4027,3673,1399,3370,3129,2119,4081,4054,4098,2846,3321,1821,680,1614,2016,2265

test suite242
bestAPFD:0.937500
bestSuite:2945,747,2055,1920,1241,3580,4113,4076,3760,1689,3604,3324,2997,258

test suite243
bestAPFD:0.907917
bestSuite:1562,3192,3869,2267,2673,1693,1996,4015,3157,4083,2967,4093

test suite244
bestAPFD:0.944706
bestSuite:3841,4090,2887,2496,2944,912,1042,1547,852,3870,4084,1474,3813,1340,393,815,734

test suite245
bestAPFD:0.939167
bestSuite:4062,1899,4015,1583,2985,4091,844,851,3984,4051,2019,2435,228,3517,1182,955,637,895

test suite246
bestAPFD:0.920357
bestSuite:4089,1611,2549,1839,2814,3488,2432,1661,736,3178,4062,1848,3249,1834

test suite247
bestAPFD:0.919000
bestSuite:3529,1459,4088,2235,389,2807,1331,2254,2231,4064,3666,3399,1967,1796,1026

test suite248
bestAPFD:0.945278
bestSuite:2337,3448,1104,2569,496,227,911,1644,2719,4087,4065,3907,21,2286,1542,1361,3422,2858

test suite249
bestAPFD:0.925625
bestSuite:3086,3844,1697,3206,3836,2703,869,1557,2946,1685,431,4077,2052,3183,703,4107

test suite250
bestAPFD:0.928095
bestSuite:2063,4075,2661,1690,1143,2687,2141,3006,2988,2859,1289,2839,2727,1561,4089,2494,3594,1625,2835,522,891

test suite251
bestAPFD:0.914333
bestSuite:2710,4062,1895,1480,4097,2028,2566,2739,1200,2026,3548,3645,1890,1704,763

test suite252
bestAPFD:0.941591
bestSuite:517,352,1111,1688,3984,2429,1366,1755,2956,726,3826,1080,2286,1219,673,1351,3670,3272,3368,2561,2801,4102

test suite253
bestAPFD:0.943810
bestSuite:1549,75,698,4077,1289,2615,3542,3921,2068,3462,787,2728,2198,4107,621,3502,2798,1453,2687,2390,1559

test suite254
bestAPFD:0.926944
bestSuite:3120,1748,1923,4100,2162,3131,1644,878,3807,1024,3762,2499,1472,2745,2363,247,4061,3027

test suite255
bestAPFD:0.911944
bestSuite:2619,4094,2111,1251,3899,1243,3579,219,2949,887,511,3475,282,4076,2836,836,2761,2787

test suite256
bestAPFD:0.927188
bestSuite:2286,2609,1988,851,4071,1417,768,2728,4092,3124,23,3339,1748,1436,3707,3983

test suite257
bestAPFD:0.920556
bestSuite:3979,3272,1667,3477,632,1430,1857,2404,974,2037,2389,4110,2030,4068,1033,546,415,2313

test suite258
bestAPFD:0.928846
bestSuite:3784,2956,3208,93,3974,1251,4105,1663,3389,1276,2159,3554,3149

test suite259
bestAPFD:0.906471
bestSuite:3951,875,923,290,4090,2099,3238,1158,3034,908,3334,2001,999,990,1871,3725,4072

test suite260
bestAPFD:0.957857
bestSuite:3006,3717,4104,3768,4071,3813,656,1692,1875,138,640,3590,2750,2778

test suite261
bestAPFD:0.895500
bestSuite:2839,1814,4103,4069,3017,1286,2939,2985,3941,2250

test suite262
bestAPFD:0.942857
bestSuite:3134,3282,270,4076,1645,894,795,3628,3203,4106,3656,3991,3055,121

test suite263
bestAPFD:0.919737
bestSuite:3041,2993,1873,626,3927,679,1321,4108,3173,728,250,3952,4064,1957,2886,129,3436,1603,2969

test suite264
bestAPFD:0.939167
bestSuite:3278,3201,2270,4086,3804,2397,1050,3791,1981,3767,402,4085

test suite265
bestAPFD:0.932813
bestSuite:1263,200,2538,2888,3825,3973,1942,2697,1435,1587,4059,2083,3360,3950,57,4111

test suite266
bestAPFD:0.903056
bestSuite:1560,4059,2875,1098,4099,2407,2852,260,1509,1328,886,2077,3970,2068,1219,820,2302,902

test suite267
bestAPFD:0.913750
bestSuite:2368,3583,3459,2104,1397,3548,3284,3973,4084,1626,1517,3689,378,2821,3402,4104

test suite268
bestAPFD:0.923846
bestSuite:1417,1206,3271,896,4083,3911,147,2486,2361,1757,3787,4094,2491

test suite269
bestAPFD:0.924167
bestSuite:914,2013,1659,4061,2408,2724,3362,411,4086,2530,2910,1897

test suite270
bestAPFD:0.910385
bestSuite:1331,2649,2528,1493,51,2590,3174,3851,4057,1812,4105,1358,2755

test suite271
bestAPFD:0.898947
bestSuite:1190,3342,1595,1750,1936,953,1497,1461,4090,2293,4075,506,1393,794,54,2550,2823,3272,3762

test suite272
bestAPFD:0.930588
bestSuite:1514,148,2564,3492,1955,3748,3426,3525,4113,1192,2401,956,4084,957,2129,3290,3533

test suite273
bestAPFD:0.916250
bestSuite:912,3033,345,3237,4102,2996,2550,1887,3507,2248,2448,874,1850,4082,3192,256

test suite274
bestAPFD:0.921471
bestSuite:3094,679,2762,1607,1395,740,3929,3091,546,2026,3931,3904,4086,2585,4060,1651,1658

test suite275
bestAPFD:0.956579
bestSuite:244,3929,663,2194,3333,3096,2742,4058,2043,902,524,882,2990,4021,1251,1507,4102,749,924

test suite276
bestAPFD:0.938684
bestSuite:3420,4088,2232,3041,3315,3625,3510,1355,1943,3758,1724,2737,1647,4059,744,3243,3615,1738,1487

test suite277
bestAPFD:0.934231
bestSuite:917,1334,3935,4114,2623,2615,3872,2973,1141,3793,2658,1784,4060

test suite278
bestAPFD:0.917500
bestSuite:2035,4113,1974,1095,406,3815,212,3890,789,3488,3917,891,1767,1874,405,4077

test suite279
bestAPFD:0.932917
bestSuite:2839,1131,786,3665,27,3590,4103,2232,3346,4079,1281,916

test suite280
bestAPFD:0.920000
bestSuite:2192,3868,3751,2521,3817,4088,877,1480,4071,465

test suite281
bestAPFD:0.942000
bestSuite:1766,2761,3061,2935,1485,3119,1483,4082,626,1388,1583,2217,4098,622,3699

test suite282
bestAPFD:0.931875
bestSuite:2864,1976,4106,2308,4059,3242,1438,1263,75,3388,2733,3485,2577,4053,767,1859

test suite283
bestAPFD:0.935714
bestSuite:4071,2898,3360,2281,1275,1602,2406,1273,3165,3021,2180,1223,4091,3017

test suite284
bestAPFD:0.905417
bestSuite:2545,3625,4082,1617,2953,2989,1095,4088,2353,1611,3192,1849

test suite285
bestAPFD:0.917692
bestSuite:2666,4058,1544,2996,2195,2699,141,2839,3314,4112,1193,3379,3363

test suite286
bestAPFD:0.880625
bestSuite:2579,1706,2837,1960,341,1897,2293,2043,2367,715,3664,4115,1111,3898,2149,4061

test suite287
bestAPFD:0.904333
bestSuite:4088,3805,934,4072,663,2428,2585,2149,3063,1187,1713,1478,1773,3643,2714

test suite288
bestAPFD:0.905000
bestSuite:2737,3136,2006,1664,4111,2571,1429,4063,3522,1697,1161,3576,2808,2511,810

test suite289
bestAPFD:0.929722
bestSuite:48,4101,1291,2508,726,834,2113,3069,2927,2201,3837,640,2332,1988,4071,2352,2886,3266

test suite290
bestAPFD:0.918235
bestSuite:522,1617,53,1256,1203,3493,2581,3269,3978,4068,3221,844,551,3257,740,4086,3687

test suite291
bestAPFD:0.941316
bestSuite:693,399,437,4100,3696,3884,2102,2967,699,2078,2802,1584,3066,4062,1050,2351,710,717,2419

test suite292
bestAPFD:0.921563
bestSuite:2731,1787,2733,2039,891,3420,528,3007,2564,34,1995,2058,2713,4066,4110,3586

test suite293
bestAPFD:0.910588
bestSuite:3876,4069,703,2575,2093,69,1086,362,1479,3013,1144,4094,1332,1586,3219,3091,3291

test suite294
bestAPFD:0.939688
bestSuite:1811,2733,1472,2587,3407,2368,2608,3524,880,2870,4068,2377,2876,973,4103,1018

test suite295
bestAPFD:0.954706
bestSuite:2663,4082,27,2063,2231,4115,1266,2863,2452,3262,1576,3182,2224,4037,2179,2902,841

test suite296
bestAPFD:0.923571
bestSuite:3859,3469,4077,1872,3855,2603,2845,3384,2067,4107,3790,3675,3966,2008

test suite297
bestAPFD:0.916923
bestSuite:2237,2791,1586,1504,1376,3488,1020,4095,4064,3587,3873,767,1481

test suite298
bestAPFD:0.927857
bestSuite:1077,2402,3556,2102,2427,1793,3611,4058,2449,2745,759,4106,1643,2871

test suite299
bestAPFD:0.908000
bestSuite:4069,3759,2124,3433,2682,3062,2418,2695,1442,2455,1101,4098,1772,1289,1613

test suite300
bestAPFD:0.935714
bestSuite:4074,2898,3566,2698,3630,3806,3929,715,4105,2024,1780,2964,820,1333

test suite301
bestAPFD:0.923077
bestSuite:2506,3615,1091,1320,3206,768,3575,8,2505,2706,4092,1870,4069

test suite302
bestAPFD:0.916667
bestSuite:11,1820,2058,2394,1435,2337,640,1390,4071,3728,1657,4092

test suite303
bestAPFD:0.938824
bestSuite:3483,1548,1480,2509,3343,2502,1600,2148,4102,4078,1280,3397,3044,72,1763,3448,1411

test suite304
bestAPFD:0.911250
bestSuite:281,2124,1916,1898,2825,4060,3026,868,3795,827,4095,637,3620,1726,1138,743

test suite305
bestAPFD:0.938235
bestSuite:3927,3640,3833,1417,3755,2282,3089,3628,823,29,1036,4065,1690,1162,677,1327,4111

test suite306
bestAPFD:0.907083
bestSuite:1924,3809,1714,1059,1895,1230,4108,3628,2062,3984,4026,4057

test suite307
bestAPFD:0.899000
bestSuite:654,4087,1240,1584,3414,2013,2112,787,2956,972,3494,849,2243,408,2881,1763,2442,474,2746,835

test suite308
bestAPFD:0.947000
bestSuite:3550,2193,1974,3590,3517,4089,2487,291,2044,732,1434,4060,3196,2679,1883

test suite309
bestAPFD:0.905909
bestSuite:2604,3071,4065,4106,1035,3681,2954,2723,927,2329,1553

test suite310
bestAPFD:0.930000
bestSuite:1567,2528,2060,1410,2676,3868,2343,814,4112,4083,2350,3221,3370,160,3252,2746

test suite311
bestAPFD:0.918750
bestSuite:39,3349,3688,3047,953,3709,504,3361,2009,1120,4068,4089

test suite312
bestAPFD:0.912333
bestSuite:1161,2270,2255,3267,1826,1484,2241,2711,3584,2166,3547,4074,3145,4091,1720

test suite313
bestAPFD:0.910556
bestSuite:371,1402,1079,4087,3611,3804,1510,3370,2363,1553,4061,375,461,3551,636,1507,3725,2531

test suite314
bestAPFD:0.936562
bestSuite:1955,511,2898,775,3588,4093,3934,4084,1145,3469,1609,1127,1486,2278,1607,3686

test suite315
bestAPFD:0.911818
bestSuite:2537,3324,3029,1801,4036,1437,4113,4063,2717,3176,1641

test suite316
bestAPFD:0.921563
bestSuite:567,4109,3612,2047,102,772,2035,3413,312,3123,4026,1396,3199,4072,1788,3325

test suite317
bestAPFD:0.930294
bestSuite:2840,4073,85,3313,4090,1547,990,2141,2180,1032,1909,893,352,2507,345,3719,2522

test suite318
bestAPFD:0.895000
bestSuite:506,3181,4065,1177,2722,754,4111,1139,1790,2524

test suite319
bestAPFD:0.915385
bestSuite:943,3195,2625,1484,3683,809,3374,2724,989,995,2897,4113,4066

test suite320
bestAPFD:0.931333
bestSuite:2700,1020,4089,902,3683,688,4045,3982,2598,2249,3351,3761,649,834,4059

test suite321
bestAPFD:0.929500
bestSuite:2658,2471,2212,673,1778,2456,4065,3517,4089,1661

test suite322
bestAPFD:0.908667
bestSuite:1869,3650,3661,1619,4091,2807,3870,2477,2567,954,1750,3329,1584,3874,4075

test suite323
bestAPFD:0.895952
bestSuite:4060,496,3802,3807,1778,597,1378,1654,783,4108,2760,2744,3775,634,504,1533,2198,1125,242,4034,2853

test suite324
bestAPFD:0.923333
bestSuite:1229,3332,1997,899,4111,1683,938,4076,2952,3719,3891,2573,2796,1546,367

test suite325
bestAPFD:0.922059
bestSuite:3910,2798,4101,1184,3073,2598,1770,3689,893,3805,2603,2374,4068,3438,2337,1167,2943

test suite326
bestAPFD:0.908500
bestSuite:1945,2458,4112,290,2130,3848,3040,3272,3530,4075

test suite327
bestAPFD:0.933571
bestSuite:2488,4058,1921,1063,3267,3064,1827,3907,3833,1507,4099,2389,3928,3675

test suite328
bestAPFD:0.920000
bestSuite:117,1784,40,1422,3263,3628,3154,720,1344,4074,3346,4110,3892,1610

test suite329
bestAPFD:0.938462
bestSuite:1465,4060,2706,3231,3311,2085,4089,2854,2660,619,263,1835,3764

test suite330
bestAPFD:0.896786
bestSuite:4057,3419,2463,2780,3193,2787,3303,714,2447,1034,3626,4093,3187,2058

test suite331
bestAPFD:0.927333
bestSuite:1023,2567,2422,899,3542,3190,3344,687,2745,3973,4064,171,2459,3327,4100

test suite332
bestAPFD:0.915000
bestSuite:2595,483,1794,1787,3645,2838,2294,3411,2089,3978,888,2093,2255,3002,4061,1950,4107

test suite333
bestAPFD:0.928529
bestSuite:3957,877,3293,1433,2322,2163,3411,3474,3938,4093,4085,3093,1546,179,1963,1331,1495

test suite334
bestAPFD:0.903438
bestSuite:2208,2268,4061,2464,3718,1591,444,1705,2221,3063,1655,3885,2863,4102,2709,667

test suite335
bestAPFD:0.941765
bestSuite:1729,2198,1916,3178,3603,2696,3033,3699,3224,3429,4089,450,797,1477,773,1032,4067

test suite336
bestAPFD:0.911429
bestSuite:2548,2683,1355,900,677,3388,719,4075,2862,4050,1746,2383,2697,4105

test suite337
bestAPFD:0.935000
bestSuite:2164,4106,3040,524,1897,1870,15,2286,4059,4051

test suite338
bestAPFD:0.918333
bestSuite:2162,1776,1666,3133,3822,1609,30,2075,2838,4107,221,1835,3608,4069,820

test suite339
bestAPFD:0.929091
bestSuite:1780,1256,2115,2839,4079,4111,2253,2792,3402,3669,3673

test suite340
bestAPFD:0.927500
bestSuite:629,2506,3360,3496,4087,826,1914,1631,3529,2256,3014,2330,3722,4062,2786,3509

test suite341
bestAPFD:0.925000
bestSuite:1547,4048,1345,2074,3650,4101,3964,594,1811,2956,3093

test suite342
bestAPFD:0.920625
bestSuite:3333,4034,4112,2862,2761,3017,4063,3885

test suite343
bestAPFD:0.924688
bestSuite:2014,2203,795,1169,2853,3141,1545,3791,46,3514,1309,3106,2956,612,2301,4090

test suite344
bestAPFD:0.916389
bestSuite:450,2791,2526,1749,3894,3548,1484,3397,1801,3163,2575,788,3009,1653,4105,2821,4060,3766

test suite345
bestAPFD:0.909286
bestSuite:445,2081,752,4071,3954,3323,3131,2610,710,1857,2668,1000,1944,4090

test suite346
bestAPFD:0.932667
bestSuite:3771,1999,3703,1911,4097,4046,2618,2948,4085,2485,2927,2896,1437,386,3619

test suite347
bestAPFD:0.899687
bestSuite:268,4110,665,3917,1361,4032,2083,976,2266,2141,3491,3782,2872,3742,4067,2950

test suite348
bestAPFD:0.923824
bestSuite:2825,4102,3352,2756,3495,3729,1676,844,2950,2854,2247,4059,3168,898,2428,1487,3488

test suite349
bestAPFD:0.926154
bestSuite:4106,802,947,28,3748,3410,3717,3854,3948,856,4065,2695,837

test suite350
bestAPFD:0.906667
bestSuite:3177,2166,2788,2930,3130,866,370,1447,1943,1378,769,4061,3242,4093,2814,1552,2297,1070

test suite351
bestAPFD:0.898750
bestSuite:1655,2944,2253,3346,937,3487,3608,1354,3505,4059,4088,1325

test suite352
bestAPFD:0.931538
bestSuite:3092,2596,4084,3010,1790,2197,1817,214,2448,2744,4108,1364,3846

test suite353
bestAPFD:0.923438
bestSuite:725,3552,3591,3167,516,1836,432,765,4093,3295,3562,3463,3185,1397,4075,2537

test suite354
bestAPFD:0.913684
bestSuite:151,4097,1572,4084,3237,3161,2882,1428,2474,2343,1769,688,721,1356,2827,2633,2387,2220,1933

test suite355
bestAPFD:0.912917
bestSuite:2996,2283,2243,4099,3659,2826,1168,3494,1930,643,4079,3881

test suite356
bestAPFD:0.935882
bestSuite:323,4059,3710,1469,2060,3574,1626,3495,776,3438,4097,1169,1772,3665,1317,1367,1830

test suite357
bestAPFD:0.891250
bestSuite:4074,1395,2528,848,2240,333,1710,3828,3295,11,1599,2402,4096,878,2229,3822

test suite358
bestAPFD:0.920714
bestSuite:3099,4104,2943,3720,506,3036,1988,2271,3094,4054,4076,839,3524,1641

test suite359
bestAPFD:0.903611
bestSuite:1426,2364,848,3846,2830,4066,3505,4109,91,2008,2480,699,769,1193,2965,3983,3851,3231

test suite360
bestAPFD:0.918667
bestSuite:3972,2257,2643,4060,3635,859,87,3770,980,2865,2317,1361,868,2846,4101

test suite361
bestAPFD:0.916250
bestSuite:3245,1121,3657,1819,4113,3817,2950,4072,3225,183,2899,2219

test suite362
bestAPFD:0.955278
bestSuite:3188,3834,210,1124,3278,801,2268,4064,3919,3235,3363,2255,336,2651,1351,4090,1659,1883

test suite363
bestAPFD:0.905000
bestSuite:3399,4089,2553,2163,4060,2748,2274,3426,1334,338,2257,1558,3352

test suite364
bestAPFD:0.901000
bestSuite:2204,4096,2500,831,3750,865,842,2254,2408,3552,4059,3706,1437,1216,1812

test suite365
bestAPFD:0.910937
bestSuite:2229,1472,857,1254,3310,466,4085,1668,2054,1599,4102,1847,2263,1322,3517,2014

test suite366
bestAPFD:0.911842
bestSuite:1626,3970,2400,98,2416,730,2443,3352,3984,3610,473,1263,3756,4073,2767,2466,2174,1649,4113

test suite367
bestAPFD:0.905526
bestSuite:117,781,1342,1713,446,1235,2068,1911,2707,4087,2680,1465,3521,3579,870,2921,388,4064,3484

test suite368
bestAPFD:0.915000
bestSuite:2595,3016,761,2768,2032,4099,1555,3659,4066,2208,781,2717,3642

test suite369
bestAPFD:0.943667
bestSuite:3353,1173,3746,2572,2432,2163,1699,2373,2891,1720,4086,2956,3117,1508,1160

test suite370
bestAPFD:0.933529
bestSuite:2907,1085,442,4101,352,2159,1377,809,2302,3817,868,2456,4063,3221,2949,3775,2915

test suite371
bestAPFD:0.926923
bestSuite:3104,4065,130,2100,4011,2954,4104,1345,861,595,1739,328,2089

test suite372
bestAPFD:0.944444
bestSuite:2011,3324,798,1905,3775,2907,3927,2250,1861,4111,3421,3533,2200,4069,1882,13,2854,3296

test suite373
bestAPFD:0.932500
bestSuite:3529,2562,863,1452,2349,2853,3737,3784,2455,1824,1606,990,3155,4076,2931,4088

test suite374
bestAPFD:0.897308
bestSuite:3469,2599,1183,3026,1674,4112,1446,3718,1165,1609,2584,2118,4064

test suite375
bestAPFD:0.916333
bestSuite:3249,4093,842,940,2796,2854,2999,850,977,732,2509,4063,3008,3187,2486

test suite376
bestAPFD:0.901333
bestSuite:735,3094,1866,3005,2691,4076,2713,1333,305,4102,2130,1646,4049,2724,2212

test suite377
bestAPFD:0.919063
bestSuite:75,265,2971,3645,4097,2491,4072,1551,594,2707,2914,1465,2855,359,1438,783

test suite378
bestAPFD:0.916176
bestSuite:2068,2344,3473,4065,1388,257,2616,3663,1837,1566,4092,2229,2787,3689,3636,1813,777

test suite379
bestAPFD:0.936500
bestSuite:4073,4049,2807,2974,4106,3805,3714,1913,2574,916,2094,2874,1624,2368,1745,1015,2071,3208,3140,748

test suite380
bestAPFD:0.926154
bestSuite:4061,1477,3045,3386,2722,841,1058,4115,1279,1096,2377,3198,2422

test suite381
bestAPFD:0.929167
bestSuite:3483,2985,1985,3716,1809,3313,1819,1832,3364,1122,4081,4094

test suite382
bestAPFD:0.915000
bestSuite:3522,3705,1572,2975,1963,1467,1737,2095,3381,2917,3490,1020,435,1614,4081,2900,4101,3994

test suite383
bestAPFD:0.920909
bestSuite:351,3861,1378,4101,3868,4068,1614,2059,865,3935,3894

test suite384
bestAPFD:0.891250
bestSuite:2406,1914,3455,4098,2379,2906,466,4080,1900,253,3489,1251

test suite385
bestAPFD:0.915789
bestSuite:2244,3447,1141,2871,326,1386,4100,3661,853,878,668,3139,3504,640,196,1240,2341,4073,1212

test suite386
bestAPFD:0.945625
bestSuite:656,660,2632,4060,2127,4102,2749,1537,1758,3006,3079,2921,726,520,252,3063

test suite387
bestAPFD:0.927059
bestSuite:2561,1072,4077,2520,4095,3625,1496,404,3744,2475,1789,3927,2166,1117,819,1614,299

test suite388
bestAPFD:0.916111
bestSuite:4048,3593,1630,3386,524,1852,4075,2885,3679,3863,999,1119,3003,1967,1848,2581,3326,4102

test suite389
bestAPFD:0.905000
bestSuite:2060,731,221,4067,122,2687,1501,971,2807,3327,1059,3378,3739,812,2979,4106,1186,1742,1647,4025

test suite390
bestAPFD:0.940667
bestSuite:1098,3306,4063,2562,3504,3149,2705,2161,80,4088,3329,1985,3184,2531,1962

test suite391
bestAPFD:0.946750
bestSuite:3066,2803,1441,3940,2183,3448,1395,1956,37,1855,1849,3336,2735,750,2971,2608,4101,2574,4084,2502

test suite392
bestAPFD:0.902857
bestSuite:2052,4061,1316,3881,2508,2694,1902,2452,1703,2030,1389,4025,3167,2468,2095,200,709,2078,847,827,4090

test suite393
bestAPFD:0.922941
bestSuite:90,3291,2374,1087,2808,2548,1267,740,981,864,4108,2053,4060,1643,3029,3081,1679

test suite394
bestAPFD:0.915238
bestSuite:1334,3606,4081,3765,722,3482,1237,1558,1693,1979,2425,3741,2658,2100,744,1067,2841,3382,4090,2150,284

test suite395
bestAPFD:0.900312
bestSuite:3345,2397,3607,234,681,1221,1885,1115,3277,89,4078,3894,4111,1536,2888,2027

test suite396
bestAPFD:0.940417
bestSuite:515,945,2637,3991,2978,4103,2461,4057,647,1127,3007,3268

test suite397
bestAPFD:0.928611
bestSuite:1776,2382,4113,1672,372,720,3767,3001,1744,839,4067,3150,1930,2664,3533,1854,2757,2650

test suite398
bestAPFD:0.952500
bestSuite:2080,2962,3007,2754,2673,4112,4069,2644,1605,1781,3900,2159,986,3110,4013,1332

test suite399
bestAPFD:0.933929
bestSuite:2621,1611,315,4102,4073,1934,872,1780,2943,2863,2803,2872,2609,3256

test suite400
bestAPFD:0.915417
bestSuite:878,3176,3973,3556,4081,1759,1963,4113,1617,2786,2980,2820

test suite401
bestAPFD:0.937083
bestSuite:2761,4084,4020,1202,372,1378,746,910,51,4043,4092,3688

test suite402
bestAPFD:0.932187
bestSuite:2919,2259,2724,1971,2587,3856,3737,2457,3062,2999,3911,913,4105,2362,4082,1875

test suite403
bestAPFD:0.924231
bestSuite:956,129,737,1364,1452,4097,3039,3782,1506,3094,1963,4077,3587

test suite404
bestAPFD:0.912273
bestSuite:2660,4081,528,3151,2709,1061,2238,2284,2705,4100,1779

test suite405
bestAPFD:0.931923
bestSuite:3199,1127,2927,3279,4006,2185,4058,1618,765,4099,3346,1576,484

test suite406
bestAPFD:0.880000
bestSuite:3614,3172,428,3403,2402,4043,3566,216,4072,4108,973,317,895

test suite407
bestAPFD:0.882222
bestSuite:2281,1381,3003,1491,3494,4098,3176,4076,3262

test suite408
bestAPFD:0.924615
bestSuite:1549,1547,3984,4011,1906,2956,986,2615,144,3024,4106,2376,626

test suite409
bestAPFD:0.906765
bestSuite:2229,1705,1984,3477,2778,656,3473,4064,412,1398,1899,3777,2408,1789,1665,4111,768

test suite410
bestAPFD:0.920833
bestSuite:4039,1422,2915,1508,742,2898,2220,3260,2376,4057,4086,1187

test suite411
bestAPFD:0.949722
bestSuite:3657,2377,2039,1767,3769,1275,4115,623,995,2082,2605,4057,2656,55,1055,2629,2268,1735

test suite412
bestAPFD:0.902500
bestSuite:4103,3398,1554,713,1732,3283,3610,3453,1696,4078,2893,2640,3903,3011,3708,528

test suite413
bestAPFD:0.911667
bestSuite:1797,2705,3143,1664,2375,3503,1066,4088,3505,1518,3790,4080

test suite414
bestAPFD:0.923182
bestSuite:766,2521,248,2272,4067,382,933,811,4086,3194,959

test suite415
bestAPFD:0.934333
bestSuite:3936,933,1489,3784,3151,4065,2666,988,165,3016,4108,3371,2909,1533,2960

test suite416
bestAPFD:0.919545
bestSuite:2035,890,4061,2249,4109,3040,1838,2649,3846,3428,3974

test suite417
bestAPFD:0.929167
bestSuite:2360,3166,1732,2293,4107,1904,3126,591,4058,3677,1683,3215

test suite418
bestAPFD:0.920000
bestSuite:1913,4100,1322,142,3243,1386,2235,2477,649,1976,4074,3575,2433,2633,1897

test suite419
bestAPFD:0.931667
bestSuite:392,3437,2763,899,1439,1032,4073,4114,3737,4035,1775,808

test suite420
bestAPFD:0.887308
bestSuite:887,1059,2474,1796,4058,3923,3830,1459,3845,1550,2671,4107,1861

test suite421
bestAPFD:0.933750
bestSuite:2363,2898,2614,953,1500,4078,4110,74,1241,1491,3039,1921,215,2970,1137,4030

test suite422
bestAPFD:0.941250
bestSuite:2474,2659,2609,1200,2333,3824,361,1641,4112,996,2624,2449,4030,3748,2083,4066

test suite423
bestAPFD:0.951429
bestSuite:2354,2264,4101,2179,663,3876,1493,3993,1850,3021,4083,26,3986,2053

test suite424
bestAPFD:0.915000
bestSuite:2617,1762,60,3465,3034,4107,2354,1619,673,1079,4081

test suite425
bestAPFD:0.924375
bestSuite:4,3319,2272,1269,4045,243,1164,1484,3318,1617,2463,903,1863,978,4085,4094

test suite426
bestAPFD:0.926250
bestSuite:1775,3903,2509,4059,298,3840,1,2486,552,3552,3085,4099,4013,3974,1633,1149

test suite427
bestAPFD:0.925526
bestSuite:3189,2468,4084,525,1178,2859,3369,3062,1645,2762,2413,3134,2062,4089,3926,1616,3482,3036,2390

test suite428
bestAPFD:0.915263
bestSuite:1520,1501,3472,1856,1191,1600,2943,1649,4106,2349,1261,2401,3081,2895,4063,120,3243,2810,1587

test suite429
bestAPFD:0.957187
bestSuite:2179,2964,3590,1916,2603,3770,4072,2744,554,1482,2590,2201,3740,2074,4111,953

test suite430
bestAPFD:0.903636
bestSuite:420,2925,4083,683,2666,1109,4111,3433,2780,2338,2008

test suite431
bestAPFD:0.932778
bestSuite:3234,3509,1975,980,2886,4084,1169,268,4094,2932,2658,987,3044,404,1889,3727,2231,4020

test suite432
bestAPFD:0.887143
bestSuite:1398,4037,4069,2984,2313,2622,4102,3915,1894,627,1614,3540,1481,2060

test suite433
bestAPFD:0.913095
bestSuite:24,2442,3172,3130,289,3161,3762,1101,3534,3012,2432,922,4,1075,1272,853,2580,2575,4098,3980,4057

test suite434
bestAPFD:0.937500
bestSuite:3012,3014,137,3942,698,930,3204,2284,2360,4073,4097,3172

test suite435
bestAPFD:0.928846
bestSuite:3994,715,2861,1168,3625,4055,3080,3078,4106,1968,3114,4070,2360

test suite436
bestAPFD:0.938056
bestSuite:2909,1493,628,2049,1449,451,2853,234,396,3503,1386,4086,522,2107,3844,4060,3241,1590

test suite437
bestAPFD:0.907143
bestSuite:2731,1004,15,2707,3668,3809,1692,3072,4098,3921,1844,1539,4072,2886

test suite438
bestAPFD:0.915455
bestSuite:4115,2096,2956,3899,2009,2162,3199,792,3884,3849,2938

test suite439
bestAPFD:0.929706
bestSuite:1720,3486,3123,810,2220,1579,1780,3418,2534,75,3434,211,2922,1971,4106,4057,734

test suite440
bestAPFD:0.918125
bestSuite:3711,1691,3694,4081,3482,3425,2835,2099,3281,2102,3119,4087,637,1008,3232,696

test suite441
bestAPFD:0.924000
bestSuite:44,3089,1834,4093,2834,3716,294,3357,4080,3993

test suite442
bestAPFD:0.900000
bestSuite:1016,3751,669,3503,3203,3067,2240,4095,1491,1151,3758,4084,1134,321

test suite443
bestAPFD:0.929688
bestSuite:1929,2740,1571,2059,2621,39,4006,2411,737,2348,2927,4070,3132,1736,4099,1417

test suite444
bestAPFD:0.941071
bestSuite:3277,3773,2487,2706,3426,1212,3641,2991,290,3697,2820,4101,1390,4065

test suite445
bestAPFD:0.940000
bestSuite:1913,4072,1850,2548,3349,3611,3425,2863,3925,4102,772,1662,2447,2960

test suite446
bestAPFD:0.933182
bestSuite:2628,2265,4007,4115,1910,2000,3771,4069,1127,707,200

test suite447
bestAPFD:0.948846
bestSuite:2521,3598,3819,2500,3382,4068,674,3571,4086,3146,1501,1547,834

test suite448
bestAPFD:0.926562
bestSuite:4087,1101,1596,2170,2656,1542,54,3396,2549,4082,3593,3781,2035,1943,3261,1466

test suite449
bestAPFD:0.923889
bestSuite:34,3169,1821,1701,3231,2202,2521,4103,4075

test suite450
bestAPFD:0.931000
bestSuite:3173,4058,2631,3957,1775,66,1115,3985,489,4115,2256,2413,786,3146,757

test suite451
bestAPFD:0.919474
bestSuite:3916,2119,1690,2247,2150,3372,4080,1656,1355,2184,12,3528,3145,1759,3729,1704,3536,4110,3547

test suite452
bestAPFD:0.944706
bestSuite:4095,17,2780,3097,2201,545,3883,3787,752,1008,672,960,1899,3552,4074,1358,3943

test suite453
bestAPFD:0.934231
bestSuite:1596,2182,3555,2959,2776,4080,1882,4093,3567,2472,2560,2366,1256

test suite454
bestAPFD:0.904444
bestSuite:1290,1550,2749,4088,2422,3443,175,4057,2145

test suite455
bestAPFD:0.918929
bestSuite:1736,4089,1003,3728,2992,3269,1811,3400,4078,1918,2264,2449,3011,2076

test suite456
bestAPFD:0.931250
bestSuite:3140,2318,1491,1423,4096,659,2823,3174,2733,3628,4079,2664

test suite457
bestAPFD:0.950789
bestSuite:3840,3539,4067,2444,2228,3655,2024,1926,3892,2406,2073,89,1699,1562,1332,3219,1355,4107,1375

test suite458
bestAPFD:0.925000
bestSuite:3588,3878,3674,2599,511,2645,1612,1481,2164,21,3355,4059,3389,1849,4087,1268

test suite459
bestAPFD:0.927917
bestSuite:3790,4111,2724,2564,2496,810,2812,3527,2259,4084,2884,648

test suite460
bestAPFD:0.929444
bestSuite:3900,3244,2983,3709,830,2172,3754,2701,4103,1398,3540,1679,4079,3679,2164,3501,3089,2800

test suite461
bestAPFD:0.907143
bestSuite:725,1584,2722,3664,3553,4093,1193,2819,3260,659,4061,1466,2099,3866

test suite462
bestAPFD:0.915000
bestSuite:665,1726,1755,3505,1772,1860,1573,2108,541,1228,3381,3844,681,3694,3096,4108,4061

test suite463
bestAPFD:0.947778
bestSuite:1452,4085,831,3043,405,3128,1006,263,2759,2399,3475,3654,4090,3178,2432,3867,2550,1618

test suite464
bestAPFD:0.951000
bestSuite:2521,4096,3716,747,4081,317,426,947,2106,938,3369,3609,329,3254,2704

test suite465
bestAPFD:0.916786
bestSuite:2274,2201,988,3644,3447,3698,4103,4084,3530,2755,2369,1524,2810,2792

test suite466
bestAPFD:0.925000
bestSuite:1537,830,3011,3559,2643,390,2788,4100,4041,3288,4084,1917,1915,994

test suite467
bestAPFD:0.924167
bestSuite:2027,2115,4115,770,4075,1750,3323,3547,1396,1765,2703,2026

test suite468
bestAPFD:0.912000
bestSuite:2313,1229,2066,2683,1425,960,1437,4075,2089,3224,4112,2854,1638,2444,1412

test suite469
bestAPFD:0.922187
bestSuite:2498,520,1472,3080,790,4075,887,3796,1791,2901,1732,4115,2059,1798,2297,1193

test suite470
bestAPFD:0.927222
bestSuite:3418,4097,3805,2115,1774,2642,2201,2211,904,627,3455,3502,1787,3477,4067,2427,3769,103

test suite471
bestAPFD:0.940000
bestSuite:2927,1921,3780,961,4106,4060,3306,2089,3886,2593,3550,3140,2050

test suite472
bestAPFD:0.898929
bestSuite:2167,129,4084,3310,818,2370,2123,2854,2896,3034,2955,1579,4100,836

test suite473
bestAPFD:0.925667
bestSuite:1334,4077,1638,1652,3557,3901,4106,1778,1635,2879,3472,937,2393,2595,3857

test suite474
bestAPFD:0.935278
bestSuite:1413,3780,3103,3022,1012,2528,578,2929,3027,1410,2633,2825,602,641,4075,3765,822,4088

test suite475
bestAPFD:0.921765
bestSuite:2394,4062,3521,3136,2125,3111,2539,3924,3844,2421,582,1603,1604,4098,865,1659,2544

test suite476
bestAPFD:0.898000
bestSuite:2839,2496,899,2858,4064,1390,2192,4108,55,678,1785,2840,2229,3438,3805

test suite477
bestAPFD:0.949333
bestSuite:3228,2112,3532,822,2162,3717,3993,2269,683,865,4062,3564,2411,4106,3593

test suite478
bestAPFD:0.918611
bestSuite:680,677,4093,2412,1160,2585,2513,234,3352,2549,4084,2799,2948,285,2611,3380,3844,2573

test suite479
bestAPFD:0.920769
bestSuite:3421,1120,2444,4100,3173,2531,1720,2344,3442,4075,3149,3602,1401

test suite480
bestAPFD:0.912647
bestSuite:3143,1815,1507,2111,4092,2947,2523,2550,2876,3352,2665,2557,3938,2070,1561,2889,4071

test suite481
bestAPFD:0.927353
bestSuite:3494,1709,2528,3860,3478,1451,2547,2748,1443,3807,1143,4088,1023,3428,2549,4060,803

test suite482
bestAPFD:0.930000
bestSuite:2675,4061,1776,3465,1704,4101,2144,1354,566,2070,4003

test suite483
bestAPFD:0.932500
bestSuite:3743,1864,4088,2596,1426,3995,3917,2424,4062,3062,934,22,1395,3114,1697,2737,3878,3872

test suite484
bestAPFD:0.909286
bestSuite:870,4094,2499,3725,3102,1168,2755,3495,1944,2419,2290,4080,2408,2790

test suite485
bestAPFD:0.914643
bestSuite:2990,1001,2057,3370,3552,1474,4095,1322,2374,1735,4071,1853,3444,1030

test suite486
bestAPFD:0.934000
bestSuite:2668,2190,1617,3105,3278,2219,2642,4091,692,4062

test suite487
bestAPFD:0.927059
bestSuite:4069,1945,351,3619,965,3446,2146,3460,2907,3645,1280,4095,1109,3777,1682,2491,75

test suite488
bestAPFD:0.896923
bestSuite:3379,3276,2285,3575,4110,3665,4081,960,1509,2402,3810,3836,1000

test suite489
bestAPFD:0.921923
bestSuite:4084,2695,1657,1585,3845,2867,4098,2133,1458,3844,2295,1208,1085

test suite490
bestAPFD:0.934063
bestSuite:1535,3660,3376,4020,3122,2644,2216,4063,4109,2633,747,2799,689,700,956,793

test suite491
bestAPFD:0.887250
bestSuite:1618,1696,2535,4108,2276,1306,4062,2311,2111,1798,1448,898,2335,3036,2151,3126,1956,1115,3161,925

test suite492
bestAPFD:0.901875
bestSuite:3607,3348,693,3870,321,4071,1284,696,1338,2280,2448,4109,635,1984,3928,923

test suite493
bestAPFD:0.918214
bestSuite:4104,2564,1942,4062,1251,3272,2172,642,2814,1670,2181,1894,3067,1041

test suite494
bestAPFD:0.922895
bestSuite:2803,2370,4079,85,935,3019,914,3592,1732,2918,2647,3872,637,3510,1263,850,4092,1864,1967

test suite495
bestAPFD:0.912273
bestSuite:2382,4063,2541,2867,2432,1594,3843,2122,2014,4115,3598

test suite496
bestAPFD:0.915909
bestSuite:2457,2668,2839,2984,1745,3954,3531,2261,4105,3527,4080

test suite497
bestAPFD:0.953125
bestSuite:1035,3554,1925,3615,988,516,1716,1897,2965,4106,963,2006,1550,4066,4000,494

test suite498
bestAPFD:0.945588
bestSuite:3971,720,1372,2261,351,3284,3319,4063,3237,4107,1596,1296,1430,884,1568,3662,3703

test suite499
bestAPFD:0.924286
bestSuite:3370,3502,3791,2898,3084,2651,2083,1575,1986,4082,2112,3531,1042,4087

test suite500
bestAPFD:0.925000
bestSuite:3257,3912,119,4069,4098,1776,3770,1342,2400,1482,2819,1720,3927,3592,529,791,1241,1017

