test suite1
bestAPFD:0.948864
bestSuite:3561,2172,2013,2664,2934,825,915,954,1599,1979,1884,3473,3666,1198,2790,2593,4069,4104,3474,3355,3111,3438

test suite2
bestAPFD:0.929722
bestSuite:3472,2737,2246,1364,2562,51,806,2919,1853,3384,1036,3409,1481,2675,4063,4086,3104,3651

test suite3
bestAPFD:0.932187
bestSuite:3134,3595,216,2097,2192,2511,1524,2955,1255,1011,4037,3499,4108,4066,3919,3582

test suite4
bestAPFD:0.918571
bestSuite:3809,1617,567,1583,3381,1210,701,2042,2148,1354,1190,2341,4059,4089

test suite5
bestAPFD:0.918636
bestSuite:2422,3520,27,4066,3589,3976,2973,1915,1451,4109,1263

test suite6
bestAPFD:0.941389
bestSuite:1425,3896,3926,3408,2535,2907,3813,3160,3893,4079,1109,4103,2795,672,1688,995,676,799

test suite7
bestAPFD:0.933182
bestSuite:3278,271,3008,2182,1589,844,2221,1894,4093,4078,3864

test suite8
bestAPFD:0.932500
bestSuite:3927,2102,2270,822,832,803,2018,1750,4007,204,2135,2276,2543,3744,3453,4091,4066,3320

test suite9
bestAPFD:0.924643
bestSuite:2942,3034,3631,1950,1429,644,904,928,988,4082,3091,3985,4089,1023

test suite10
bestAPFD:0.925000
bestSuite:3117,2382,1811,352,3072,3328,1640,1607,1272,2663,2349,1281,3229,4085,4107

test suite11
bestAPFD:0.936786
bestSuite:3353,2948,800,1473,1741,1357,174,24,2381,3490,3442,4077,4107,3815

test suite12
bestAPFD:0.964474
bestSuite:2521,3633,274,4073,3162,3516,3302,3430,3152,4094,2483,331,1557,1633,651,2943,929,1690,2011

test suite13
bestAPFD:0.928125
bestSuite:3809,2498,1684,489,801,4054,1578,2399,258,1269,2550,2175,3875,3819,4083,4109

test suite14
bestAPFD:0.924231
bestSuite:4011,141,3312,142,2162,3337,528,3484,4095,4085,3689,3061,3956

test suite15
bestAPFD:0.939231
bestSuite:3554,2225,2035,1396,1504,920,2187,291,1705,2015,4065,4109,3144

test suite16
bestAPFD:0.943500
bestSuite:3668,2561,116,1997,736,3327,2568,1277,1055,1059,735,1432,2795,3299,3647,3910,3884,4084,4113,3624

test suite17
bestAPFD:0.915000
bestSuite:3935,3850,3071,2020,963,985,1398,1825,2017,4099,4057

test suite18
bestAPFD:0.946667
bestSuite:2372,3066,200,4085,3317,3823,657,4112,1042,2342,1679,1664,1469,1020,1502

test suite19
bestAPFD:0.916111
bestSuite:3178,2599,2906,846,1910,2353,4072,4113,3305

test suite20
bestAPFD:0.929444
bestSuite:2058,3773,2359,2964,3874,2823,2966,2681,1519,1871,4065,3734,3653,1464,524,2299,4101,1096

test suite21
bestAPFD:0.940769
bestSuite:2761,3157,4081,3385,3054,3673,48,4103,861,2351,1127,2932,1306

test suite22
bestAPFD:0.920882
bestSuite:3293,873,3304,1275,3552,2111,3418,511,2130,2976,2950,532,1046,4021,3065,4101,2956

test suite23
bestAPFD:0.945667
bestSuite:3278,287,1158,2027,1453,1046,1853,1466,868,940,1538,2172,4103,4082,4046

test suite24
bestAPFD:0.938214
bestSuite:2163,3094,3312,2510,4071,853,925,1111,3505,4104,1355,72,2133,1325

test suite25
bestAPFD:0.925000
bestSuite:3809,1945,28,3254,1839,1703,1481,1923,2415,3415,1290,2128,4086,4084,3958

test suite26
bestAPFD:0.930294
bestSuite:2087,3137,3421,2939,3502,2190,2958,3124,873,1765,4061,1232,3714,824,4101,1138,2811

test suite27
bestAPFD:0.932059
bestSuite:3349,1769,1804,3616,2591,2629,1513,3261,3092,3022,569,1514,1888,2802,2997,4072,4093

test suite28
bestAPFD:0.925278
bestSuite:3148,1839,3793,3149,3924,1474,1610,2873,1988,1595,1532,139,3713,2874,448,196,4076,4096

test suite29
bestAPFD:0.930000
bestSuite:2422,2628,3327,2755,282,4057,4107,2516,1322,1709,2745

test suite30
bestAPFD:0.949333
bestSuite:3278,2362,2661,1240,1606,1614,679,1495,1402,4110,4083,3463,3569,3091,3303

test suite31
bestAPFD:0.943000
bestSuite:3437,2776,1729,2791,1972,1893,1745,2497,2883,6,2573,4066,4113,3823,3647

test suite32
bestAPFD:0.937857
bestSuite:2369,3137,3520,3432,926,3580,4073,729,2231,4104,1160,1061,2151,418

test suite33
bestAPFD:0.896111
bestSuite:2978,2873,195,390,3097,2235,3492,4062,4105

test suite34
bestAPFD:0.930000
bestSuite:3346,118,685,1256,2010,828,2341,1809,4058,4102,3796

test suite35
bestAPFD:0.918750
bestSuite:2661,3318,1686,1829,2248,1438,1600,3432,2396,4071,2952,3732,4108,2140,2865,286

test suite36
bestAPFD:0.916538
bestSuite:3465,1680,3633,2643,2896,2989,1397,2055,3763,4051,4068,4105,3033

test suite37
bestAPFD:0.931053
bestSuite:3092,2092,1743,420,2568,2286,1660,955,1979,622,1370,1031,1138,1239,2784,3082,3686,4057,4093

test suite38
bestAPFD:0.923214
bestSuite:3787,20,1659,2016,1538,1580,2000,2867,4032,2699,4065,4088,3100,3369

test suite39
bestAPFD:0.940000
bestSuite:3625,2184,1914,991,674,1916,1714,2892,2654,2101,554,2480,3752,3341,4104,4071,3029,3481,3527

test suite40
bestAPFD:0.933571
bestSuite:2598,2432,2112,3302,3978,3480,4073,904,2448,3831,780,4096,2123,2146

test suite41
bestAPFD:0.939444
bestSuite:2796,3125,3976,1806,3009,2977,2636,770,2621,808,1875,1603,1650,4057,4113,2410,2833,301

test suite42
bestAPFD:0.917273
bestSuite:3173,2432,236,2397,637,757,1468,2565,646,4076,4102

test suite43
bestAPFD:0.934375
bestSuite:3668,2705,2706,1937,1021,510,2513,1000,2952,1378,1196,2485,3602,3224,4068,4100

test suite44
bestAPFD:0.951765
bestSuite:3771,2394,3326,3449,1290,1745,1845,1425,2915,4074,4086,3733,3398,3223,3945,3851,3091

test suite45
bestAPFD:0.946071
bestSuite:3716,138,3921,3013,1299,2574,749,2660,987,4069,4098,3700,3115,3252

test suite46
bestAPFD:0.922917
bestSuite:2422,3614,3836,292,4066,3034,1472,2461,4097,1245,2205,2595

test suite47
bestAPFD:0.936667
bestSuite:2649,3217,355,2696,3310,3166,4069,2271,2680,3798,1990,1927,3940,3301,4100,1354,1605,2227

test suite48
bestAPFD:0.957750
bestSuite:2724,489,2939,4057,788,1451,1532,3512,930,3139,1927,1549,3079,3731,4103,180,2358,2385,2030,2260

test suite49
bestAPFD:0.928947
bestSuite:3447,1422,2637,974,2825,636,2855,649,315,3002,4030,1376,359,1204,2831,2542,4080,4098,3056

test suite50
bestAPFD:0.940000
bestSuite:3716,603,2628,1061,798,2606,2829,4078,4107,3960,3064,3097

test suite51
bestAPFD:0.951053
bestSuite:3556,2737,215,2236,2837,1902,1606,1581,3121,2593,1245,2383,2417,1325,4084,4109,3162,3488,3239

test suite52
bestAPFD:0.924444
bestSuite:3688,3921,3961,2001,2678,1742,1609,1480,968,3048,1281,2309,1156,1160,3996,4066,4095,3480

test suite53
bestAPFD:0.937250
bestSuite:3559,1852,2551,2923,3449,3063,927,865,2946,2926,45,1029,1701,1065,89,3747,3903,4106,4080,3287

test suite54
bestAPFD:0.944375
bestSuite:2333,3367,2168,441,4043,1875,4073,1625,1713,1893,2812,2286,4099,2141,1399,2318

test suite55
bestAPFD:0.940833
bestSuite:3063,2099,312,1725,1678,1851,1824,3010,405,2549,1108,3441,537,3833,4088,4066,3343,3605

test suite56
bestAPFD:0.943235
bestSuite:3872,2270,276,978,1519,796,3384,1597,1999,1472,1114,1929,2125,1395,4076,4108,3887

test suite57
bestAPFD:0.935937
bestSuite:2938,3039,3737,3045,207,2087,2548,4063,3589,3956,2571,4090,1328,2263,2111,2002

test suite58
bestAPFD:0.937778
bestSuite:2832,3325,3661,3359,1838,3922,409,3798,4062,1827,3198,1839,654,4010,3018,66,4115,1965

test suite59
bestAPFD:0.920000
bestSuite:3914,945,916,2387,434,2827,824,1971,1601,3497,1312,3002,1377,4058,4114

test suite60
bestAPFD:0.958421
bestSuite:2609,3520,475,4062,3884,2964,3172,1809,4110,2400,2805,1119,536,657,2106,661,1304,1753,21

test suite61
bestAPFD:0.947812
bestSuite:2776,2474,3472,4063,2939,3947,2923,3128,3994,4097,1331,701,2260,1476,2404,2140

test suite62
bestAPFD:0.936000
bestSuite:3192,2301,2780,1719,1487,1345,717,2282,626,1212,3182,4096,4069,3951,3577

test suite63
bestAPFD:0.930455
bestSuite:3208,2942,1460,3134,1085,1797,4113,4084,3090,3940,3020

test suite64
bestAPFD:0.943611
bestSuite:1852,3167,2184,3873,2854,321,2234,4081,2884,2454,3370,1235,4096,2787,813,894,1549,1446

test suite65
bestAPFD:0.916786
bestSuite:3984,2387,1997,3293,3454,614,3102,1952,3383,1646,3963,2540,4105,2956

test suite66
bestAPFD:0.938750
bestSuite:2954,3007,3328,3134,4058,3053,3166,3831,3297,3888,3698,134,4112,1596,638,893

test suite67
bestAPFD:0.930000
bestSuite:2203,1663,2148,3155,1321,3847,983,2338,997,4064,1362,4089,321,2298,566,2685

test suite68
bestAPFD:0.930500
bestSuite:2207,3817,3392,4037,1554,1861,4085,2587,3901,1669,3301,3479,4045,644,2036,2631,4089,1198,1094,299

test suite69
bestAPFD:0.928095
bestSuite:3843,3607,1599,2051,669,892,563,1357,1887,2500,1755,2014,2351,2986,2005,3363,3300,121,2475,4110,4060

test suite70
bestAPFD:0.922083
bestSuite:2700,2044,3126,2255,3617,4059,2329,4103,1514,1335,1243,1026

test suite71
bestAPFD:0.936750
bestSuite:3984,2882,1517,693,1937,3153,3422,1361,81,2416,685,1402,1365,687,3661,4081,4109,3434,2970,3938

test suite72
bestAPFD:0.927000
bestSuite:3841,3638,1814,524,2531,360,1741,1703,991,1178,3082,3692,4063,4095,3525

test suite73
bestAPFD:0.958889
bestSuite:2080,392,2693,4063,4005,3220,3243,3930,4094,2222,1498,1896,2753,2820,772,824,1993,1657

test suite74
bestAPFD:0.933214
bestSuite:2261,3833,2906,4056,1096,2083,4067,4053,1862,4104,607,2513,1887,1910

test suite75
bestAPFD:0.921875
bestSuite:2521,3349,4073,3903,3144,4106,1903,1620

test suite76
bestAPFD:0.936538
bestSuite:3964,2115,2599,1690,1926,1383,366,884,3649,3606,3449,4107,4061

test suite77
bestAPFD:0.924167
bestSuite:2659,2124,2733,956,2983,3609,865,944,933,3885,2702,2841,4078,2024,4089,1335,440,102

test suite78
bestAPFD:0.964750
bestSuite:2179,4072,3036,2858,4115,715,1840,1816,1722,873,630,1,1430,2921,1635,9,2617,2706,2857,2680

test suite79
bestAPFD:0.940000
bestSuite:3178,2398,2491,2638,2123,3918,3703,1839,696,1686,3059,4063,4100,3976

test suite80
bestAPFD:0.931765
bestSuite:2032,3117,2902,3533,3148,1501,935,1020,2073,2068,4059,3857,2016,3939,4102,1329,2937

test suite81
bestAPFD:0.919375
bestSuite:3561,1870,1997,1989,1976,3298,3984,1085,2109,252,3868,3974,4084,4113,3856,3663

test suite82
bestAPFD:0.935588
bestSuite:3559,2534,2458,471,1013,1672,1802,1203,3391,3047,3092,1630,2694,3496,4057,4093,3351

test suite83
bestAPFD:0.954500
bestSuite:3282,169,2917,2426,2284,1306,1473,4002,2987,1029,2797,1261,4074,4113,3340,3677,3079,4043,3103,3963

test suite84
bestAPFD:0.928462
bestSuite:2096,2966,2852,2060,3932,960,4075,1946,2884,3168,4112,1398,521

test suite85
bestAPFD:0.951667
bestSuite:2115,3272,4033,2163,3401,3725,4085,984,824,524,4086,941,2527,1721,1168,488,2286,111

test suite86
bestAPFD:0.937000
bestSuite:3717,1809,2477,1784,2147,4105,4058,3078,3846,3243

test suite87
bestAPFD:0.930278
bestSuite:2193,3564,2828,3852,418,1848,3803,4063,2071,655,781,930,3150,4087,2176,1869,868,1103

test suite88
bestAPFD:0.941000
bestSuite:3841,2696,1657,1789,3917,2793,1788,3328,3403,1703,1161,4093,4066,3482,3553

test suite89
bestAPFD:0.944688
bestSuite:4024,3588,3847,2229,1241,1429,772,3069,1760,1973,708,4092,4064,3483,3671,4017

test suite90
bestAPFD:0.911538
bestSuite:3730,2048,1740,3495,1014,2923,3015,451,3318,2505,3232,4074,4107

test suite91
bestAPFD:0.935526
bestSuite:4011,525,2823,271,83,3367,1747,1578,2605,2858,1407,4103,4067,3933,3019,3348,3537,3122,3172

test suite92
bestAPFD:0.932000
bestSuite:2270,3218,3381,3337,1973,1198,801,909,2680,859,3761,2956,4092,1074,73

test suite93
bestAPFD:0.916190
bestSuite:3013,3681,2629,1520,842,1427,3923,841,1309,3689,472,2013,1075,1021,3921,3647,585,4097,4058,3733,3478

test suite94
bestAPFD:0.933056
bestSuite:3911,2458,2052,3359,1423,3017,853,1473,518,2299,2651,1402,2550,1290,1832,3884,4063,4097

test suite95
bestAPFD:0.906333
bestSuite:3447,1614,3509,1600,1822,1707,2071,20,404,3490,1241,2308,297,4090,4082

test suite96
bestAPFD:0.911765
bestSuite:3617,2697,3012,2156,696,1925,2995,2550,3439,3669,3168,2217,3104,3122,3074,4058,4096

test suite97
bestAPFD:0.932353
bestSuite:2092,2171,3961,2642,2868,2302,1184,1481,3941,1461,1651,1571,4058,3377,3743,4090,2340

test suite98
bestAPFD:0.935500
bestSuite:3868,1650,887,3418,2201,1429,1778,2017,2504,3382,1244,383,2255,3592,3426,4059,4115,3414,4040,3917

test suite99
bestAPFD:0.924167
bestSuite:2344,3197,2114,3093,3727,4084,3549,1834,1904,4088,1334,1492

test suite100
bestAPFD:0.914500
bestSuite:3465,662,2112,2428,3640,2516,1184,3447,4111,4082

test suite101
bestAPFD:0.932857
bestSuite:2548,3669,2427,2281,3710,3757,4074,3483,3100,3183,1736,4094,1240,296

test suite102
bestAPFD:0.925417
bestSuite:2372,3555,2956,3495,3227,3064,1593,2658,4113,1035,615,1428

test suite103
bestAPFD:0.946667
bestSuite:3556,99,1485,770,1677,921,1532,3194,2416,2026,3677,4111,4081,3238,3725,3114,4020,3401

test suite104
bestAPFD:0.931500
bestSuite:4006,3015,1880,1201,1101,473,2437,956,689,968,2745,575,2089,1060,1386,3926,4058,4096,3701,3783

test suite105
bestAPFD:0.941667
bestSuite:2826,3371,93,3777,4057,2058,798,4115,941,1463,1433,1027,2009,1105,803

test suite106
bestAPFD:0.915312
bestSuite:3403,3393,2072,1949,1892,820,3982,719,1534,1799,3703,3620,2522,2753,4062,4098

test suite107
bestAPFD:0.927667
bestSuite:2180,3441,2964,2835,3871,2280,775,2659,4074,1775,624,2606,4091,1216,2371

test suite108
bestAPFD:0.929286
bestSuite:3349,3839,2950,3548,2433,1540,1713,3976,1246,86,2580,1651,4060,4099

test suite109
bestAPFD:0.924615
bestSuite:3173,2440,343,2789,2324,3703,220,1797,1933,1325,4091,4061,3056

test suite110
bestAPFD:0.940789
bestSuite:3877,2338,413,3327,2652,706,1806,934,1115,2643,2148,196,2250,1591,1478,2650,3286,4062,4101

test suite111
bestAPFD:0.933438
bestSuite:3612,2705,563,471,667,2365,3948,1127,1919,2435,987,1213,3941,4062,4114,3837

test suite112
bestAPFD:0.923462
bestSuite:2691,3993,1794,2815,2839,3919,4055,4057,1292,4087,1374,1196,2607

test suite113
bestAPFD:0.933056
bestSuite:2359,4033,3608,2221,2722,3141,3212,2357,2074,4076,1755,1982,671,4111,1792,1335,2227,376

test suite114
bestAPFD:0.887813
bestSuite:3195,2000,866,3455,1400,3798,4050,3595,2074,685,1960,2031,221,798,4078,4096

test suite115
bestAPFD:0.922813
bestSuite:4046,2447,83,3850,3266,1734,3906,3129,1103,2719,1944,653,1638,2694,4075,4092

test suite116
bestAPFD:0.946176
bestSuite:2609,3209,3066,129,4070,2333,3334,2028,2778,2772,1866,4108,2400,880,1860,1928,1347

test suite117
bestAPFD:0.964545
bestSuite:2179,4083,3335,4003,3073,81,2678,4114,690,1470,1454,686,1596,1119,1645,2798,2341,2345,1177,2245,2827,2288

test suite118
bestAPFD:0.926786
bestSuite:2492,1422,3496,1666,2421,332,1333,4079,2678,3484,1960,4104,1222,2110

test suite119
bestAPFD:0.918333
bestSuite:3444,1667,1422,2061,2166,3094,1883,716,76,1905,2162,79,4074,4110,3357

test suite120
bestAPFD:0.891786
bestSuite:1633,3506,2264,3345,2746,107,2231,2944,2136,4060,1334,872,4088,1596

test suite121
bestAPFD:0.922500
bestSuite:2281,3616,3752,2362,2516,4077,3857,872,979,4090,2475,2645

test suite122
bestAPFD:0.932692
bestSuite:2344,3080,2386,3340,3101,2584,4063,3150,3729,4090,1079,994,1599

test suite123
bestAPFD:0.916250
bestSuite:3134,2375,2327,2676,2781,1799,3079,1139,2682,931,4102,4070

test suite124
bestAPFD:0.919706
bestSuite:2331,2945,2206,780,1656,2855,1,330,1692,4076,1616,2007,1853,3812,2825,4089,1061

test suite125
bestAPFD:0.927857
bestSuite:3668,2406,2567,72,1424,1707,871,1334,3460,2316,3790,2986,4114,2956

test suite126
bestAPFD:0.926250
bestSuite:3935,419,2190,493,1606,510,2687,1282,3876,1880,1015,2205,3441,4072,4108,3699

test suite127
bestAPFD:0.915588
bestSuite:3494,3137,1921,822,1779,2169,1503,3666,3980,2576,2237,2995,1355,1040,3232,4095,4069

test suite128
bestAPFD:0.935625
bestSuite:3465,788,2027,2016,1630,2510,2473,3496,2229,2301,2542,1115,2424,4084,4108,3550

test suite129
bestAPFD:0.943125
bestSuite:2954,3844,3382,2471,3418,485,4062,1714,1847,2479,4089,1192,682,884,2368,2306

test suite130
bestAPFD:0.952353
bestSuite:2826,3133,2104,254,4084,2595,3021,3028,2357,4086,2309,1338,1946,2221,2387,1610,2021

test suite131
bestAPFD:0.927778
bestSuite:3650,2090,2302,386,1776,2108,4035,3012,2208,966,2994,979,799,3801,1324,4088,4080,3276

test suite132
bestAPFD:0.942333
bestSuite:2609,1525,3200,3126,4065,3690,3701,794,4090,2230,1045,1463,755,1581,1553

test suite133
bestAPFD:0.939737
bestSuite:3324,449,1437,754,1845,2483,4026,2221,372,1316,2646,2336,989,2838,2309,1471,2417,4073,4110

test suite134
bestAPFD:0.927778
bestSuite:3809,2585,2715,1860,786,1563,2996,3862,1870,997,1383,414,4023,3146,4041,3852,4059,4091

test suite135
bestAPFD:0.922353
bestSuite:2668,1886,3402,661,2468,1459,2949,3880,2653,3482,951,4060,156,2282,188,2793,4100

test suite136
bestAPFD:0.931667
bestSuite:3080,3921,2315,3873,274,1828,778,1535,3846,1212,3459,3604,4071,4093,3729

test suite137
bestAPFD:0.923056
bestSuite:2923,3873,3008,3903,2508,3869,152,1010,3046,983,4068,1598,4104,1134,2399,2279,2865,105

test suite138
bestAPFD:0.947187
bestSuite:2333,3134,3593,3137,2975,264,3454,4057,3711,1535,1012,915,4113,426,2866,1024

test suite139
bestAPFD:0.920000
bestSuite:1425,3440,355,3007,3644,2052,2840,4081,4107,899,684,625

test suite140
bestAPFD:0.942500
bestSuite:2856,3012,2780,647,4065,2019,3351,1818,630,1970,2081,4101,397,2920

test suite141
bestAPFD:0.937500
bestSuite:2366,3013,3174,3226,3047,4084,1508,2406,698,4086,68,2113,2396,427

test suite142
bestAPFD:0.909000
bestSuite:3625,2374,2212,1904,3339,1290,2800,4097,4068,3699

test suite143
bestAPFD:0.948214
bestSuite:2164,3449,135,4068,3375,3305,3790,3742,3034,4105,2080,895,2355,763

test suite144
bestAPFD:0.924500
bestSuite:3556,2375,18,1571,768,1915,2548,4099,4068,3374

test suite145
bestAPFD:0.935312
bestSuite:3565,2066,586,34,3989,1697,3641,1052,2582,1676,2896,880,4078,4089,3283,3884

test suite146
bestAPFD:0.953750
bestSuite:2333,2257,3757,200,4074,910,1810,1738,882,1512,879,1935,988,908,3093,1515,4110,595,1029,2523

test suite147
bestAPFD:0.946389
bestSuite:2372,457,2407,2288,3854,4070,3785,4097,2678,1739,1245,1831,672,1140,2234,2893,1767,2298

test suite148
bestAPFD:0.926667
bestSuite:3559,2284,2087,765,3025,1783,3801,3502,1321,1920,1484,3853,3272,4105,4060

test suite149
bestAPFD:0.930312
bestSuite:2248,3167,3008,2670,3005,3992,2387,926,3505,4079,1050,2242,3458,2101,4088,2629

test suite150
bestAPFD:0.919706
bestSuite:2561,3472,3796,3259,922,1592,2112,3918,711,926,2373,4059,3823,2944,2322,260,4100

test suite151
bestAPFD:0.941000
bestSuite:3282,3575,1107,1942,1743,3254,2041,245,2253,2121,4115,4061,3876,3073,3960

test suite152
bestAPFD:0.940769
bestSuite:2856,3017,2499,2939,4071,1668,1017,3128,3475,2016,4087,2339,2207

test suite153
bestAPFD:0.921875
bestSuite:2344,3142,3093,2966,552,3380,4077,1884,3620,3445,1707,4089,1281,284,1226,2810

test suite154
bestAPFD:0.916316
bestSuite:3793,2262,1920,3892,1728,3011,3323,2702,2512,425,762,1800,1675,3626,3852,527,1293,4080,4114

test suite155
bestAPFD:0.916944
bestSuite:3221,2407,2517,1045,244,909,770,3543,1879,616,2079,2875,2605,3194,2396,4115,4060,3599

test suite156
bestAPFD:0.938333
bestSuite:2261,3234,1932,3011,1843,4062,3302,639,4094,2159,676,2494,242,630,2278

test suite157
bestAPFD:0.929722
bestSuite:3267,1425,3177,34,1446,960,1938,2253,427,1245,2740,1253,1268,3090,4100,4076,3567,3276

test suite158
bestAPFD:0.937812
bestSuite:1945,3490,3744,2711,2437,3969,4069,941,1034,4115,2941,2093,991,1559,1752,1637

test suite159
bestAPFD:0.917500
bestSuite:2560,4041,2791,2766,3042,2314,3805,849,3307,795,4072,4091

test suite160
bestAPFD:0.953611
bestSuite:2372,111,2995,4074,3546,3698,1002,4112,1335,2715,2903,2368,1842,1601,2175,2781,729,705

test suite161
bestAPFD:0.930667
bestSuite:3628,297,3924,3214,1183,2504,980,1666,1187,1814,2255,755,2956,4104,3249

test suite162
bestAPFD:0.940000
bestSuite:3665,2058,2696,2270,2666,2803,3187,662,1115,1525,735,990,958,213,4103,4067,2961

test suite163
bestAPFD:0.922500
bestSuite:2184,3928,79,2406,1384,1914,970,859,4074,2400,3593,4092,1807,1174

test suite164
bestAPFD:0.923462
bestSuite:2333,3293,3976,4046,1739,4065,3651,1898,1449,691,2415,4111,2489

test suite165
bestAPFD:0.932059
bestSuite:3841,2398,2683,791,2206,2793,1864,3729,434,1340,1267,948,492,3857,3126,4072,4093

test suite166
bestAPFD:0.947917
bestSuite:2179,3841,4074,3180,3746,1853,4099,1088,819,968,1696,2419

test suite167
bestAPFD:0.946429
bestSuite:3278,2898,2364,2752,3839,1354,1590,2771,4095,4058,3895,3769,3342,2976

test suite168
bestAPFD:0.930385
bestSuite:3178,377,2794,3583,860,1000,901,1600,2135,849,2392,4099,4073

test suite169
bestAPFD:0.916154
bestSuite:3521,1978,2139,502,3015,3855,2897,2557,3281,668,2713,4076,4107

test suite170
bestAPFD:0.933571
bestSuite:3781,2836,452,3012,647,3263,1556,2787,3849,3493,4085,4108,3294,3261

test suite171
bestAPFD:0.909063
bestSuite:2666,3433,3973,1743,1691,622,1789,1863,2691,1711,565,1494,4066,4111,1383,551

test suite172
bestAPFD:0.916875
bestSuite:3517,413,566,1614,2001,4069,4115,3859

test suite173
bestAPFD:0.932692
bestSuite:3313,872,3349,828,2883,965,3446,2411,3766,2563,4087,4078,3732

test suite174
bestAPFD:0.934412
bestSuite:2560,2917,1487,1817,3493,1696,3606,693,1910,4079,3334,1528,1507,884,4097,1095,570

test suite175
bestAPFD:0.922917
bestSuite:2834,3524,3062,3494,3560,4064,3674,3912,677,881,4088,1707

test suite176
bestAPFD:0.922500
bestSuite:2268,2171,2703,3595,3864,1561,3876,2685,1538,931,1807,2036,2956,1292,1183,4107

test suite177
bestAPFD:0.943158
bestSuite:3868,3665,2015,16,720,998,806,1777,775,1995,663,2854,1167,2195,1086,4071,4098,3182,3497

test suite178
bestAPFD:0.948421
bestSuite:2628,2468,3663,699,697,641,3224,2243,2956,3790,3118,1512,664,3307,4055,4087,1378,2793,2636

test suite179
bestAPFD:0.940833
bestSuite:3717,2474,1665,1550,2567,1256,664,910,757,4088,4073,3340

test suite180
bestAPFD:0.936071
bestSuite:3437,2275,1757,2488,751,1557,2139,2841,4006,2603,141,4068,4104,3040

test suite181
bestAPFD:0.960833
bestSuite:2521,3052,3692,239,2360,2862,4061,4017,3098,4105,669,1676,2075,1545,2550,2166,1579,1894

test suite182
bestAPFD:0.915625
bestSuite:2492,3601,3920,2418,2279,2542,3983,1256,347,119,4064,735,1250,1831,4101,1365

test suite183
bestAPFD:0.930556
bestSuite:2193,2032,3097,3218,3412,417,2253,4072,659,1791,3828,1799,577,1608,2101,4095,1393,367

test suite184
bestAPFD:0.913750
bestSuite:2509,3225,1622,1825,887,2956,2950,2130,1655,2194,4105,1125

test suite185
bestAPFD:0.933846
bestSuite:2145,3557,3354,2998,2991,2386,2123,4083,3422,1935,4095,1115,2847

test suite186
bestAPFD:0.920000
bestSuite:3749,1945,3012,2150,3071,258,3990,221,1237,4028,4075,4113

test suite187
bestAPFD:0.947059
bestSuite:2369,3769,3921,812,2925,4017,2016,1575,4075,312,2458,3925,2062,4105,2429,1120,2773

test suite188
bestAPFD:0.945000
bestSuite:2301,3137,3242,2497,2361,1010,1886,628,4082,4104,1364,2604,1055,511,253,2808

test suite189
bestAPFD:0.940455
bestSuite:2521,465,4057,3998,3884,3863,4101,2157,1086,1472,1534

test suite190
bestAPFD:0.926818
bestSuite:2099,2862,1931,3364,1383,493,3132,2220,4019,2956,4045,3057,202,2919,2731,4115,1629,2952,1715,1058,1254,2865

test suite191
bestAPFD:0.939375
bestSuite:3657,36,2032,703,3794,937,656,1426,1545,2140,2543,4102,4076,3910,3949,3562

test suite192
bestAPFD:0.941389
bestSuite:3615,2332,3043,1996,437,117,969,1365,2543,2464,1009,1542,1395,4037,3789,4114,4085,3476

test suite193
bestAPFD:0.924444
bestSuite:3706,2288,2060,474,3316,1853,877,743,1661,2583,904,1290,1380,3899,4100,4068,3731,3223

test suite194
bestAPFD:0.913667
bestSuite:3616,2376,771,519,741,1496,2007,1300,3864,2473,1097,3103,3636,4111,4058

test suite195
bestAPFD:0.942333
bestSuite:2275,3847,3614,2615,2081,3645,2104,4061,3769,2986,2130,4086,990,1983,296

test suite196
bestAPFD:0.929063
bestSuite:3349,2447,3131,2627,1703,1596,1115,92,524,2760,1951,719,3677,4094,4058,3901

test suite197
bestAPFD:0.951471
bestSuite:2372,3767,58,3222,4073,3182,1725,499,2691,4108,1763,2089,1887,2597,796,23,2787

test suite198
bestAPFD:0.931250
bestSuite:2163,3698,2593,3398,1609,4057,3029,2006,4099,475,2865,2530

test suite199
bestAPFD:0.957187
bestSuite:2179,3203,4067,2988,2017,770,3570,2925,4097,1085,945,454,2438,1248,2952,2127

test suite200
bestAPFD:0.932727
bestSuite:2082,3841,3358,3170,4034,4072,1515,4103,2230,2140,2555

test suite201
bestAPFD:0.929688
bestSuite:3570,2166,504,862,2338,1923,2322,1616,955,3675,3243,1287,1254,3852,4079,4110

test suite202
bestAPFD:0.940667
bestSuite:3556,2698,2193,14,446,874,1590,2879,171,2549,2543,3078,4096,4074,3462

test suite203
bestAPFD:0.950000
bestSuite:2632,2718,4068,3249,3122,3763,3637,3644,3243,3999,4106,1361,435,44,681

test suite204
bestAPFD:0.909545
bestSuite:2432,3167,3051,3433,3580,3928,942,2199,4066,4104,2589

test suite205
bestAPFD:0.922727
bestSuite:3991,662,993,1200,1365,86,2063,3769,2058,4099,4059

test suite206
bestAPFD:0.935909
bestSuite:3517,55,2503,1624,1320,1462,1981,4070,4110,4010,3194

test suite207
bestAPFD:0.930000
bestSuite:3208,3540,909,809,2631,1384,1802,1190,3657,1170,1596,1514,4104,4073,3068

test suite208
bestAPFD:0.920385
bestSuite:3794,2035,512,2595,1460,820,1648,2631,4010,53,1034,4075,4086

test suite209
bestAPFD:0.940000
bestSuite:3333,3665,2270,2288,411,2374,765,2155,2512,1174,3904,2893,2523,2879,3505,4105,4078

test suite210
bestAPFD:0.918846
bestSuite:2564,3637,920,2825,1351,2412,3862,2627,4034,4067,2239,4105,408

test suite211
bestAPFD:0.932308
bestSuite:3448,230,3206,1099,1640,2892,2098,2240,2806,4083,4090,3895,3706

test suite212
bestAPFD:0.914167
bestSuite:3570,2705,2016,4050,1467,1995,3620,240,1016,1065,4093,4068

test suite213
bestAPFD:0.897143
bestSuite:3282,3841,708,3980,2929,4077,4098

test suite214
bestAPFD:0.921333
bestSuite:2139,3354,392,4032,747,976,1911,2312,4071,733,2753,4086,1033,1222,2507

test suite215
bestAPFD:0.918750
bestSuite:3848,2853,891,1967,1707,1648,2351,3052,2403,3957,1209,543,304,4075,4099,3483

test suite216
bestAPFD:0.917917
bestSuite:2649,3490,3921,2971,2395,3549,4061,3731,774,4105,778,1579

test suite217
bestAPFD:0.921333
bestSuite:4031,2517,1506,2541,2891,1122,3386,3323,927,696,949,1989,642,4089,4067

test suite218
bestAPFD:0.923824
bestSuite:3203,2398,2473,3184,2030,475,1974,1968,785,45,1835,2365,1302,2971,3239,4081,4112

test suite219
bestAPFD:0.937222
bestSuite:3529,3984,1718,2517,3929,1691,889,560,1545,2490,3423,2481,427,2267,2989,3188,4095,4080

test suite220
bestAPFD:0.934667
bestSuite:2755,3066,3846,2338,2927,4085,1569,1713,1586,3492,978,4110,70,1200,2914

test suite221
bestAPFD:0.916429
bestSuite:3490,800,3401,3137,650,748,3226,3010,1557,385,195,3886,4078,4087

test suite222
bestAPFD:0.934375
bestSuite:3288,2728,2834,2640,999,2365,1401,142,1837,1424,1270,359,1484,4073,4109,3869

test suite223
bestAPFD:0.908571
bestSuite:3502,2277,1806,73,1942,936,655,1783,815,988,3723,1316,4078,4104

test suite224
bestAPFD:0.960294
bestSuite:2521,175,4074,3584,3813,3077,3843,3471,4113,1036,385,1952,1658,2492,853,2700,2781

test suite225
bestAPFD:0.926786
bestSuite:2548,3840,391,4065,3958,1845,3159,3617,1498,642,2329,4107,1072,2230

test suite226
bestAPFD:0.961579
bestSuite:2179,3420,3043,4057,3509,3745,3642,3734,4095,1951,994,1902,1658,2162,1146,115,24,2269,2123

test suite227
bestAPFD:0.911875
bestSuite:3554,467,2402,1672,741,1900,4072,4097

test suite228
bestAPFD:0.931250
bestSuite:2082,3034,3872,520,2180,4071,3198,3537,1506,3920,4109,2176

test suite229
bestAPFD:0.944474
bestSuite:3872,619,2322,2014,2406,2584,1111,893,776,2888,2540,1566,1,1119,2383,2152,4057,4115,3147

test suite230
bestAPFD:0.954737
bestSuite:2275,3038,2633,2988,546,2327,4074,2980,836,56,3347,4089,2643,1146,796,2054,1326,2254,1478

test suite231
bestAPFD:0.939118
bestSuite:2633,3258,2703,790,3544,1941,869,2425,4063,658,1728,752,1527,727,4096,2540,2089

test suite232
bestAPFD:0.939750
bestSuite:2427,3767,2491,1690,3802,1692,1917,3181,1451,994,2716,4084,2156,3180,3321,1147,2480,4098,1156,559

test suite233
bestAPFD:0.903182
bestSuite:3026,1884,2593,3381,3325,2362,705,1091,4108,4078,3103

test suite234
bestAPFD:0.936875
bestSuite:2633,3433,437,420,754,1451,3360,1608,4060,3456,1307,1010,1431,4098,2453,2204

test suite235
bestAPFD:0.943889
bestSuite:2548,2722,417,533,4065,3549,3111,635,1682,1574,1460,3805,1014,4111,1316,2763,2298,518

test suite236
bestAPFD:0.930000
bestSuite:2119,2471,2338,646,3451,609,917,3166,1444,1797,4072,2651,1368,2245,4102,2739,1312

test suite237
bestAPFD:0.925769
bestSuite:2333,3042,3418,2835,106,566,4083,969,3776,2357,4115,2612,2030

test suite238
bestAPFD:0.921538
bestSuite:2253,3176,3354,3982,3540,2363,4053,1503,636,4079,908,792,4104

test suite239
bestAPFD:0.905882
bestSuite:3417,3901,3455,4020,1192,3732,1688,802,1783,680,1727,637,2990,2391,4071,3204,4100

test suite240
bestAPFD:0.952353
bestSuite:2690,3490,3907,119,4069,4029,2930,2736,4103,1326,2062,529,2204,1796,1990,2939,874

test suite241
bestAPFD:0.930789
bestSuite:4054,1614,2016,4027,2265,680,1821,3129,2119,2162,2833,2846,1399,3370,3232,3673,4081,4098,3321

test suite242
bestAPFD:0.930000
bestSuite:3324,2945,1920,747,1241,258,1689,2055,3604,3580,4113,4076,3760,2997

test suite243
bestAPFD:0.907917
bestSuite:3192,2673,2267,1996,1693,1562,3157,4015,3869,2967,4093,4083

test suite244
bestAPFD:0.937059
bestSuite:3841,2887,2944,1474,2496,815,1547,852,3813,393,1340,912,1042,734,3870,4084,4090

test suite245
bestAPFD:0.955278
bestSuite:3517,228,844,2019,1182,851,2435,1899,955,895,637,1583,4091,4062,2985,4015,3984,4051

test suite246
bestAPFD:0.937143
bestSuite:3178,2814,2432,736,2549,1839,1834,1661,1611,1848,3488,4089,4062,3249

test suite247
bestAPFD:0.913333
bestSuite:3529,1967,1459,3666,2231,389,1796,2807,2235,3399,1026,2254,1331,4064,4088

test suite248
bestAPFD:0.940833
bestSuite:3448,3907,2337,227,1542,1644,911,2569,1361,2719,2858,21,496,1104,2286,4087,4065,3422

test suite249
bestAPFD:0.927813
bestSuite:3206,2703,3844,3086,2052,3183,1685,1697,869,431,2946,703,3836,1557,4107,4077

test suite250
bestAPFD:0.944762
bestSuite:2661,2835,2988,3006,1690,2839,1625,1561,891,4075,2687,3594,4089,1289,2063,1143,2141,2494,2859,522,2727

test suite251
bestAPFD:0.928667
bestSuite:2028,3645,2710,3548,763,1704,1480,1890,4062,1895,4097,1200,2739,2026,2566

test suite252
bestAPFD:0.950227
bestSuite:2561,3984,3670,3272,1755,726,673,1688,3826,2956,1219,2286,1080,3368,1111,2801,352,2429,4102,1351,1366,517

test suite253
bestAPFD:0.958095
bestSuite:2615,3921,3502,2068,2728,621,1559,4077,787,1549,3542,3462,1453,698,2798,2390,4107,2687,1289,75,2198

test suite254
bestAPFD:0.935833
bestSuite:2499,3131,2363,2162,1024,878,3027,1923,2745,1748,1472,3120,4061,1644,3807,3762,4100,247

test suite255
bestAPFD:0.955000
bestSuite:2761,3899,4076,3475,2949,3579,836,2836,4094,1243,2111,1251,887,2787,219,511,2619,282

test suite256
bestAPFD:0.940000
bestSuite:2609,3124,3983,4071,3707,3339,23,1988,851,1748,4092,2728,1417,1436,768,2286

test suite257
bestAPFD:0.930278
bestSuite:2389,2030,3979,3272,1667,3477,546,1430,974,632,415,1857,4068,2313,2404,4110,1033,2037

test suite258
bestAPFD:0.943462
bestSuite:3554,93,1251,1276,1663,2159,2956,4105,3208,3389,3784,3149,3974

test suite259
bestAPFD:0.915294
bestSuite:2099,923,3334,3951,3034,1158,290,3725,3238,4072,2001,999,4090,990,875,1871,908

test suite260
bestAPFD:0.950714
bestSuite:3717,640,138,1692,2778,2750,1875,656,4071,4104,3006,3813,3768,3590

test suite261
bestAPFD:0.897500
bestSuite:2939,2839,1814,3017,2985,3941,4069,2250,4103,1286

test suite262
bestAPFD:0.941786
bestSuite:3991,3203,3282,894,1645,795,121,270,3628,3134,4076,4106,3656,3055

test suite263
bestAPFD:0.945263
bestSuite:3173,129,3927,728,1873,679,1321,2969,626,1957,1603,250,2886,4108,4064,2993,3952,3436,3041

test suite264
bestAPFD:0.938750
bestSuite:3278,2270,3767,3804,402,1050,1981,2397,4086,4085,3201,3791

test suite265
bestAPFD:0.932187
bestSuite:2538,3360,3973,2888,1587,200,1435,1942,4059,2083,3825,3950,4111,2697,1263,57

test suite266
bestAPFD:0.921944
bestSuite:2852,2302,886,1509,2407,2875,2068,4059,1219,902,3970,1560,820,260,4099,1328,1098,2077

test suite267
bestAPFD:0.928438
bestSuite:2104,3973,3583,378,3548,3459,3689,3402,1626,3284,4084,1517,2368,4104,1397,2821

test suite268
bestAPFD:0.931154
bestSuite:3787,147,3911,896,1757,2486,2491,2361,1206,1417,4083,4094,3271

test suite269
bestAPFD:0.934583
bestSuite:2724,411,2408,4061,1659,2013,3362,914,1897,4086,2910,2530

test suite270
bestAPFD:0.916538
bestSuite:2755,3174,3851,51,1812,2649,1493,4057,2528,2590,4105,1331,1358

test suite271
bestAPFD:0.926316
bestSuite:3272,2823,2293,1497,794,1750,953,2550,1461,54,1595,506,1393,1936,1190,3342,4090,4075,3762

test suite272
bestAPFD:0.933824
bestSuite:3748,2564,148,2401,956,2129,1955,3290,1192,3426,957,1514,4113,4084,3533,3492,3525

test suite273
bestAPFD:0.931875
bestSuite:3192,345,256,2448,3033,912,874,3507,2550,2248,1850,1887,3237,2996,4102,4082

test suite274
bestAPFD:0.917647
bestSuite:3094,679,2762,3929,1658,546,3904,1395,2585,3931,740,2026,1651,1607,4086,4060,3091

test suite275
bestAPFD:0.942368
bestSuite:3333,749,244,663,1507,882,924,3929,902,1251,524,2742,2043,2194,2990,4102,4058,4021,3096

test suite276
bestAPFD:0.946053
bestSuite:3615,2737,1943,1724,3625,2232,1647,1738,744,1487,1355,3243,3041,3420,4088,4059,3758,3510,3315

test suite277
bestAPFD:0.930769
bestSuite:3872,2615,2623,2658,3935,1784,917,1141,1334,2973,4060,4114,3793

test suite278
bestAPFD:0.937500
bestSuite:2035,3890,1767,3917,1095,3488,405,4077,1874,891,1974,789,3815,4113,212,406

test suite279
bestAPFD:0.930833
bestSuite:3346,2232,27,3665,1281,2839,1131,786,916,3590,4103,4079

test suite280
bestAPFD:0.934500
bestSuite:2521,465,4071,3751,3817,3868,4088,1480,877,2192

test suite281
bestAPFD:0.948667
bestSuite:2761,3119,4082,3699,3061,626,4098,1583,1485,2935,1766,622,1483,1388,2217

test suite282
bestAPFD:0.932813
bestSuite:3388,2733,3242,1438,2577,2864,767,1859,1976,1263,2308,75,3485,4059,4106,4053

test suite283
bestAPFD:0.936071
bestSuite:2898,3360,2281,2406,3017,2180,4071,3165,1602,3021,1223,4091,1275,1273

test suite284
bestAPFD:0.920417
bestSuite:3625,1617,3192,1611,1849,2953,2989,2353,1095,2545,4088,4082

test suite285
bestAPFD:0.903846
bestSuite:2699,2996,3363,3379,3314,2666,2839,141,1544,4058,4112,2195,1193

test suite286
bestAPFD:0.911875
bestSuite:3898,715,2149,2043,2293,1706,1960,1111,2367,1897,2837,2579,3664,341,4061,4115

test suite287
bestAPFD:0.920667
bestSuite:3063,663,2428,1713,2714,934,2585,1773,2149,1478,3643,1187,3805,4088,4072

test suite288
bestAPFD:0.916667
bestSuite:2511,3576,2737,3522,3136,810,1664,2006,1697,1429,4063,2571,2808,4111,1161

test suite289
bestAPFD:0.932500
bestSuite:3069,2332,834,2352,2508,2927,640,1988,726,2201,2886,48,1291,2113,3266,4071,4101,3837

test suite290
bestAPFD:0.938235
bestSuite:1617,3269,3257,3221,3687,522,2581,551,3493,4068,3978,4086,1256,53,1203,844,740

test suite291
bestAPFD:0.939737
bestSuite:2078,3066,3696,437,717,699,2102,710,2967,399,1584,4062,693,1050,3884,4100,2351,2802,2419

test suite292
bestAPFD:0.930937
bestSuite:2058,2564,3007,2733,3420,891,34,2731,4066,3586,1995,1787,4110,2039,528,2713

test suite293
bestAPFD:0.951471
bestSuite:3219,362,69,2575,3013,1144,2093,1586,1086,1479,1332,703,4069,4094,3876,3091,3291

test suite294
bestAPFD:0.932813
bestSuite:3407,1811,2733,2870,880,1472,2377,3524,973,1018,2368,2876,2587,2608,4103,4068

test suite295
bestAPFD:0.957059
bestSuite:2179,4037,3182,4082,3262,2902,2224,2452,4115,1266,1576,841,2863,27,2063,2663,2231

test suite296
bestAPFD:0.930000
bestSuite:3966,2008,3384,2845,2603,3675,1872,2067,3790,3855,3859,4107,4077,3469

test suite297
bestAPFD:0.919231
bestSuite:3587,1586,2791,3873,1481,1504,1020,767,3488,2237,1376,4095,4064

test suite298
bestAPFD:0.936429
bestSuite:3556,2427,2871,1077,1793,759,1643,2402,2102,2449,2745,3611,4106,4058

test suite299
bestAPFD:0.919333
bestSuite:2418,3433,3062,2124,2455,3759,1772,1442,1613,4069,2695,1289,4098,2682,1101

test suite300
bestAPFD:0.936429
bestSuite:2898,3630,3929,3806,820,2964,4074,2698,1780,3566,4105,2024,715,1333

test suite301
bestAPFD:0.926923
bestSuite:3615,2506,3206,3575,8,768,1320,1870,1091,2505,2706,4092,4069

test suite302
bestAPFD:0.925000
bestSuite:2337,11,2058,1657,4071,3728,640,2394,4092,1390,1820,1435

test suite303
bestAPFD:0.947059
bestSuite:3448,2509,72,2502,1548,1280,1763,1600,1480,1411,2148,4078,4102,3044,3483,3397,3343

test suite304
bestAPFD:0.918125
bestSuite:3026,2124,1898,1916,637,2825,827,281,743,868,1726,3620,1138,4060,4095,3795

test suite305
bestAPFD:0.931176
bestSuite:3628,29,3927,3755,1690,677,3089,1417,1327,3640,2282,1036,1162,823,3833,4111,4065

test suite306
bestAPFD:0.921250
bestSuite:3628,3984,1895,4026,3809,1059,2062,1230,1714,1924,4108,4057

test suite307
bestAPFD:0.920750
bestSuite:3494,408,2112,474,2243,2881,787,1763,849,835,1584,2013,654,2746,972,1240,2442,2956,4087,3414

test suite308
bestAPFD:0.949000
bestSuite:3517,2044,2193,291,1434,1974,2679,732,1883,2487,4089,4060,3590,3196,3550

test suite309
bestAPFD:0.926818
bestSuite:2954,3071,3681,2329,2604,4065,4106,2723,1553,1035,927

test suite310
bestAPFD:0.936250
bestSuite:3868,2528,814,160,2060,1567,2676,1410,2746,2350,2343,3221,4112,4083,3370,3252

test suite311
bestAPFD:0.912083
bestSuite:3349,3361,3709,3688,3047,953,504,1120,39,2009,4089,4068

test suite312
bestAPFD:0.933667
bestSuite:3267,2270,2166,2711,1484,1720,1826,2255,1161,2241,4091,4074,3584,3547,3145

test suite313
bestAPFD:0.921667
bestSuite:2363,3611,3370,3804,3725,1079,3551,461,375,1507,1510,636,4061,1553,1402,2531,4087,371

test suite314
bestAPFD:0.943125
bestSuite:2898,3686,1486,3588,3469,4084,775,1955,3934,4093,511,1609,1607,2278,1127,1145

test suite315
bestAPFD:0.922727
bestSuite:3324,2537,3176,1437,3029,1801,2717,1641,4063,4113,4036

test suite316
bestAPFD:0.936250
bestSuite:3612,312,2035,567,3123,1788,3199,4026,3413,772,1396,102,2047,3325,4109,4072

test suite317
bestAPFD:0.941176
bestSuite:3313,2840,2180,1547,893,1909,990,345,2507,1032,2522,85,352,2141,4090,4073,3719

test suite318
bestAPFD:0.909000
bestSuite:2524,1790,2722,3181,4065,754,1177,4111,506,1139

test suite319
bestAPFD:0.941923
bestSuite:2724,3195,3683,4066,1484,989,995,943,3374,809,4113,2625,2897

test suite320
bestAPFD:0.940333
bestSuite:2598,2700,3761,3982,1020,4059,3683,3351,4045,649,688,4089,834,2249,902

test suite321
bestAPFD:0.927500
bestSuite:3517,2471,1661,2658,2456,2212,673,1778,4065,4089

test suite322
bestAPFD:0.936333
bestSuite:2567,2477,3874,3661,1584,954,3650,4075,3329,1869,3870,1619,1750,4091,2807

test suite323
bestAPFD:0.929524
bestSuite:2853,4034,3802,1125,1378,242,504,3807,597,496,4060,1533,3775,4108,634,1654,2744,1778,2198,783,2760

test suite324
bestAPFD:0.923000
bestSuite:2796,899,1997,3719,1683,3891,1229,3332,2952,1546,938,4076,4111,367,2573

test suite325
bestAPFD:0.937353
bestSuite:2598,2337,3805,1770,3910,2943,3689,3073,4068,3438,2798,2603,893,4101,2374,1184,1167

test suite326
bestAPFD:0.909500
bestSuite:3848,1945,290,2458,3272,3040,2130,4075,4112,3530

test suite327
bestAPFD:0.931786
bestSuite:3267,3907,2488,1507,1921,2389,1827,3928,1063,3675,3833,4099,4058,3064

test suite328
bestAPFD:0.942143
bestSuite:3346,40,720,1422,1784,117,1344,3263,1610,4110,4074,3154,3628,3892

test suite329
bestAPFD:0.932692
bestSuite:3231,2854,2085,2706,619,263,2660,1835,1465,4089,4060,3764,3311

test suite330
bestAPFD:0.920000
bestSuite:2058,2447,2780,3193,3187,4057,3419,714,3303,3626,2787,4093,1034,2463

test suite331
bestAPFD:0.941000
bestSuite:2422,3327,2567,2459,3190,3973,4064,3542,3344,4100,1023,171,2745,687,899

test suite332
bestAPFD:0.927647
bestSuite:2595,3411,3645,3002,483,2294,1794,4061,2255,3978,1950,4107,2089,888,1787,2093,2838

test suite333
bestAPFD:0.938529
bestSuite:2163,3411,3293,3957,2322,3093,1495,1546,1433,4085,3474,3938,877,1963,4093,1331,179

test suite334
bestAPFD:0.919375
bestSuite:3063,2464,2709,1591,2208,1655,667,1705,2221,2268,3718,444,2863,3885,4102,4061

test suite335
bestAPFD:0.943235
bestSuite:3178,1729,3603,2696,3033,1477,450,1032,773,797,1916,2198,4089,3699,3224,4067,3429

test suite336
bestAPFD:0.924286
bestSuite:2548,4050,2862,2683,4075,3388,719,900,677,1746,2383,2697,4105,1355

test suite337
bestAPFD:0.936000
bestSuite:2164,3040,15,4059,4051,4106,524,1870,2286,1897

test suite338
bestAPFD:0.908667
bestSuite:3822,1776,3133,30,2162,820,2838,3608,2075,1609,221,1666,1835,4107,4069

test suite339
bestAPFD:0.925455
bestSuite:2115,1780,2839,3673,2253,4079,3402,3669,4111,2792,1256

test suite340
bestAPFD:0.929688
bestSuite:3529,3014,826,2506,1914,629,1631,3509,3496,2330,3722,2256,3360,2786,4087,4062

test suite341
bestAPFD:0.929091
bestSuite:3964,1811,1547,2074,3650,1345,594,3093,2956,4101,4048

test suite342
bestAPFD:0.918125
bestSuite:2761,3333,3017,4063,3885,4034,4112,2862

test suite343
bestAPFD:0.934688
bestSuite:2301,2203,3141,2853,795,3106,2014,2956,3514,1545,3791,612,4090,1169,46,1309

test suite344
bestAPFD:0.933611
bestSuite:2791,3009,2575,3766,2821,3548,788,3397,2526,1749,1801,1653,3894,1484,4060,3163,4105,450

test suite345
bestAPFD:0.920000
bestSuite:2668,3131,3323,2081,1000,710,1857,1944,752,3954,4071,445,4090,2610

test suite346
bestAPFD:0.942000
bestSuite:3771,2927,386,2485,2948,3703,1911,1999,1437,2896,2618,4097,4085,4046,3619

test suite347
bestAPFD:0.918750
bestSuite:3491,3742,2083,2872,268,665,976,2266,4032,1361,2950,2141,3917,4067,4110,3782

test suite348
bestAPFD:0.923235
bestSuite:3495,2428,1487,898,844,2950,1676,2854,2756,3488,2247,3352,2825,3729,3168,4059,4102

test suite349
bestAPFD:0.948462
bestSuite:3717,802,28,2695,947,837,856,4065,4106,3410,3748,3948,3854

test suite350
bestAPFD:0.925000
bestSuite:3242,2930,866,3177,1378,1943,2814,2166,1447,769,1552,2788,370,2297,1070,4061,4093,3130

test suite351
bestAPFD:0.934167
bestSuite:3346,2253,3487,1354,2944,937,1655,1325,4059,4088,3608,3505

test suite352
bestAPFD:0.933462
bestSuite:2596,3092,3010,3846,1817,214,1790,4084,2197,4108,2744,2448,1364

test suite353
bestAPFD:0.938438
bestSuite:2537,3167,3552,725,765,4075,3463,1836,3591,3185,3562,3295,4093,1397,516,432

test suite354
bestAPFD:0.933158
bestSuite:2633,2220,3161,2882,1428,2474,3237,721,4084,1769,688,1356,1933,1572,2343,2387,4097,2827,151

test suite355
bestAPFD:0.929167
bestSuite:2826,3494,3659,2243,2996,4079,3881,4099,2283,1930,1168,643

test suite356
bestAPFD:0.937059
bestSuite:3665,3495,1772,3710,1469,2060,1830,3574,1626,1169,1367,1317,323,776,4097,4059,3438

test suite357
bestAPFD:0.928750
bestSuite:3822,2240,11,2402,2229,2528,878,1599,1710,333,1395,848,3295,4096,4074,3828

test suite358
bestAPFD:0.928214
bestSuite:4054,3094,1988,3524,2943,1641,839,2271,3036,506,3099,4076,4104,3720

test suite359
bestAPFD:0.944444
bestSuite:3231,2830,2008,1193,91,2364,3983,3846,2480,699,769,848,1426,4109,4066,3851,2965,3505

test suite360
bestAPFD:0.900333
bestSuite:3972,2257,980,859,2643,87,868,2317,2846,2865,3770,3635,1361,4101,4060

test suite361
bestAPFD:0.922917
bestSuite:3657,3225,2899,183,1819,2950,2219,1121,3817,4072,4113,3245

test suite362
bestAPFD:0.954444
bestSuite:3278,336,3834,1351,1883,2268,1124,801,2651,210,1659,2255,4090,4064,3188,3363,3919,3235

test suite363
bestAPFD:0.928077
bestSuite:2163,3399,2257,3426,1558,2748,3352,4060,4089,1334,2553,338,2274

test suite364
bestAPFD:0.915000
bestSuite:3706,1437,2408,3552,1812,865,842,2204,831,2500,1216,2254,4059,4096,3750

test suite365
bestAPFD:0.948438
bestSuite:3517,466,1668,1254,2229,2054,1599,857,1322,2263,2014,1847,1472,4102,4085,3310

test suite366
bestAPFD:0.931579
bestSuite:3984,1649,2466,3756,1263,2767,473,98,730,1626,2416,2400,2174,2443,3610,4073,4113,3970,3352

test suite367
bestAPFD:0.938684
bestSuite:3521,446,781,870,3484,2921,1235,2680,2068,1465,1911,1713,1342,2707,388,117,4087,4064,3579

test suite368
bestAPFD:0.914231
bestSuite:2595,3016,2032,2768,3642,3659,1555,4066,781,761,4099,2208,2717

test suite369
bestAPFD:0.929000
bestSuite:3353,2373,2432,1173,1699,1508,2163,1720,2891,1160,2572,3117,3746,2956,4086

test suite370
bestAPFD:0.921176
bestSuite:2907,809,868,2915,1085,2302,352,3221,442,3817,4063,3775,2159,4101,2456,1377,2949

test suite371
bestAPFD:0.934231
bestSuite:2954,4011,328,4065,3104,1739,2100,4104,861,1345,2089,595,130

test suite372
bestAPFD:0.941667
bestSuite:3324,3927,13,2854,2907,3421,3296,1861,798,2011,3533,1905,1882,2200,2250,4069,4111,3775

test suite373
bestAPFD:0.934063
bestSuite:3784,2455,2562,3529,2853,1452,2349,3737,990,3155,1824,2931,863,1606,4076,4088

test suite374
bestAPFD:0.915769
bestSuite:3026,2599,1446,2584,2118,1609,3718,1674,1183,3469,1165,4112,4064

test suite375
bestAPFD:0.928333
bestSuite:2509,3249,3187,2999,2796,2854,3008,842,940,977,4063,850,2486,732,4093

test suite376
bestAPFD:0.950333
bestSuite:2724,4049,3094,3005,4076,735,1866,1646,4102,305,2691,2713,1333,2212,2130

test suite377
bestAPFD:0.912500
bestSuite:2855,2971,3645,1465,1438,2491,594,1551,359,783,4072,2914,75,4097,2707,265

test suite378
bestAPFD:0.930588
bestSuite:2344,3473,3663,257,2787,2229,4065,3689,3636,777,1837,1813,4092,1388,1566,2068,2616

test suite379
bestAPFD:0.943250
bestSuite:4049,1913,748,1745,916,1015,3208,2368,1624,2807,2574,2874,2071,2094,3805,2974,3714,4073,4106,3140

test suite380
bestAPFD:0.935769
bestSuite:2422,2722,2377,3198,4061,3386,3045,4115,1096,1279,1058,1477,841

test suite381
bestAPFD:0.938750
bestSuite:3716,3313,1122,1832,1809,1819,1985,4081,4094,3364,3483,2985

test suite382
bestAPFD:0.941389
bestSuite:2917,3381,3705,1614,3490,2975,3522,1963,1467,1020,4081,1737,1572,3994,2900,4101,435,2095

test suite383
bestAPFD:0.924545
bestSuite:3935,351,3868,1378,865,2059,1614,3861,4101,4068,3894

test suite384
bestAPFD:0.913333
bestSuite:2906,3455,2406,3489,466,4080,1914,1900,4098,253,2379,1251

test suite385
bestAPFD:0.931842
bestSuite:3447,2871,3504,878,853,640,1141,668,2244,1386,2341,1240,196,326,1212,3139,3661,4100,4073

test suite386
bestAPFD:0.954063
bestSuite:2632,520,2127,4060,3079,3006,3063,4102,2921,656,660,252,1758,726,1537,2749

test suite387
bestAPFD:0.924706
bestSuite:3625,1496,2166,404,1789,1117,819,1614,2561,2475,3927,1072,299,2520,3744,4077,4095

test suite388
bestAPFD:0.927500
bestSuite:1852,3326,3593,3679,2581,3003,524,4048,3863,4075,3386,1848,1967,1119,4102,2885,1630,999

test suite389
bestAPFD:0.919500
bestSuite:3327,1647,2060,3378,2979,1059,731,122,812,4025,971,1501,1742,2807,1186,2687,221,4067,4106,3739

test suite390
bestAPFD:0.931000
bestSuite:3306,2705,2562,1985,2531,80,2161,1098,1962,3329,3504,3184,3149,4088,4063

test suite391
bestAPFD:0.946500
bestSuite:3448,1849,37,2502,3066,1855,1956,750,1441,2735,2803,1395,2608,2971,2574,2183,4101,4084,3940,3336

test suite392
bestAPFD:0.945238
bestSuite:2078,3167,200,2468,709,2052,847,2030,2508,2452,1902,4061,1703,827,4025,3881,4090,1389,1316,2095,2694

test suite393
bestAPFD:0.948824
bestSuite:2548,3029,2374,90,3291,4060,3081,740,981,1679,864,1643,4108,1087,2808,2053,1267

test suite394
bestAPFD:0.951429
bestSuite:3765,2841,2100,3382,2658,2425,1334,1237,284,1693,1067,1558,722,744,2150,1979,3741,4090,4081,3482,3606

test suite395
bestAPFD:0.897813
bestSuite:2888,3345,3894,3607,2027,1885,3277,681,89,2397,4078,234,4111,1115,1536,1221

test suite396
bestAPFD:0.937083
bestSuite:3991,2637,2461,945,1127,647,515,2978,4103,4057,3007,3268

test suite397
bestAPFD:0.939444
bestSuite:2382,3533,1776,372,839,720,1930,1744,1672,4067,3767,3001,3150,4113,1854,2650,2664,2757

test suite398
bestAPFD:0.953437
bestSuite:2080,3900,3007,2754,2673,4069,4013,2962,3110,4112,2644,986,1781,2159,1605,1332

test suite399
bestAPFD:0.938571
bestSuite:2609,315,4073,2872,3256,1780,4102,2803,2863,2621,872,1611,1934,2943

test suite400
bestAPFD:0.922500
bestSuite:3556,878,1617,3176,3973,1759,1963,2980,2786,2820,4113,4081

test suite401
bestAPFD:0.938750
bestSuite:2761,4020,4084,3688,4043,372,4092,746,1378,910,51,1202

test suite402
bestAPFD:0.947187
bestSuite:2724,3062,3911,2999,2587,2457,2259,2362,4082,1971,913,1875,3737,3856,4105,2919

test suite403
bestAPFD:0.912692
bestSuite:3587,956,3094,129,1452,3039,737,1506,1963,1364,3782,4097,4077

test suite404
bestAPFD:0.921818
bestSuite:3151,2705,2660,2284,528,1061,1779,2238,2709,4081,4100

test suite405
bestAPFD:0.932692
bestSuite:3346,2927,1127,484,1618,1576,765,2185,4006,4099,4058,3279,3199

test suite406
bestAPFD:0.900385
bestSuite:3403,2402,3566,895,216,973,428,3614,317,4043,4072,4108,3172

test suite407
bestAPFD:0.898889
bestSuite:2281,3176,3494,3003,4076,3262,1491,4098,1381

test suite408
bestAPFD:0.936538
bestSuite:2615,3984,144,2956,2376,4011,986,1547,3024,1549,626,1906,4106

test suite409
bestAPFD:0.901471
bestSuite:3477,1665,3473,768,1899,1789,656,1984,412,2408,2229,1705,2778,3777,1398,4111,4064

test suite410
bestAPFD:0.920000
bestSuite:2898,1422,1508,4039,3260,4057,2915,742,2376,2220,4086,1187

test suite411
bestAPFD:0.953333
bestSuite:2082,3657,3769,2377,55,4057,623,995,1767,1735,2605,4115,2039,1275,2268,1055,2629,2656

test suite412
bestAPFD:0.923125
bestSuite:2640,1732,3903,3011,3283,1554,713,1696,3398,3610,3453,4078,528,3708,4103,2893

test suite413
bestAPFD:0.914583
bestSuite:2375,3143,1797,2705,1066,3505,3503,3790,4080,1664,4088,1518

test suite414
bestAPFD:0.942273
bestSuite:2521,382,4067,3194,4086,766,248,2272,959,811,933

test suite415
bestAPFD:0.929333
bestSuite:3151,165,2666,3784,3016,2909,933,1533,1489,988,3371,4065,4108,3936,2960

test suite416
bestAPFD:0.917273
bestSuite:2035,3040,2649,1838,3428,3974,3846,2249,4061,890,4109

test suite417
bestAPFD:0.934167
bestSuite:2360,3215,3677,3166,1904,4058,3126,1683,1732,4107,2293,591

test suite418
bestAPFD:0.928333
bestSuite:3575,2633,2433,2235,1913,142,2477,649,1897,1976,1386,1322,3243,4100,4074

test suite419
bestAPFD:0.913333
bestSuite:3437,1775,1439,808,899,2763,392,4035,1032,4114,4073,3737

test suite420
bestAPFD:0.897692
bestSuite:3845,2474,887,1861,1550,3830,1459,1796,3923,1059,2671,4058,4107

test suite421
bestAPFD:0.947187
bestSuite:2898,3039,1491,2970,1921,215,4078,2363,2614,4030,1500,4110,953,1241,74,1137

test suite422
bestAPFD:0.943438
bestSuite:2609,2474,361,2659,4066,2333,3748,2083,3824,4030,2449,4112,1200,2624,996,1641

test suite423
bestAPFD:0.948571
bestSuite:2179,4083,3876,3993,3986,663,3021,2354,4101,1850,1493,26,2264,2053

test suite424
bestAPFD:0.922273
bestSuite:3465,2354,3034,673,1762,1619,2617,1079,60,4107,4081

test suite425
bestAPFD:0.938125
bestSuite:3319,4,1617,243,2272,1863,903,2463,1484,978,1269,1164,3318,4094,4085,4045

test suite426
bestAPFD:0.932500
bestSuite:2509,3840,3903,3974,3085,4059,4013,298,3552,1,1633,2486,1775,4099,1149,552

test suite427
bestAPFD:0.938947
bestSuite:3134,2062,525,2390,3926,2762,3062,2413,3036,1178,3189,3369,1645,2468,2859,1616,4089,4084,3482

test suite428
bestAPFD:0.927368
bestSuite:3472,1649,3243,1261,2943,120,1501,1856,2401,1520,1600,2895,1587,2810,1191,2349,4106,4063,3081

test suite429
bestAPFD:0.956875
bestSuite:2179,2964,3770,4072,1916,3740,3590,4111,1482,953,2201,2744,554,2590,2074,2603

test suite430
bestAPFD:0.909545
bestSuite:2925,2780,3433,2338,2008,420,2666,4083,683,4111,1109

test suite431
bestAPFD:0.921944
bestSuite:3234,980,2658,987,2231,3509,1975,1889,404,3727,2932,4020,2886,1169,3044,268,4094,4084

test suite432
bestAPFD:0.897143
bestSuite:2060,1894,3915,3540,2313,4037,2984,1614,2622,1481,4069,627,4102,1398

test suite433
bestAPFD:0.946429
bestSuite:2432,3012,3161,3980,3534,4,2575,24,4057,1272,3130,853,3762,922,3172,1075,4098,1101,2442,289,2580

test suite434
bestAPFD:0.933750
bestSuite:2360,3014,3012,3204,3172,4073,2284,3942,698,930,4097,137

test suite435
bestAPFD:0.936538
bestSuite:2360,3080,3078,3625,3994,4055,4070,2861,3114,715,1968,4106,1168

test suite436
bestAPFD:0.946111
bestSuite:1493,3844,3241,451,2853,2909,522,2107,234,3503,4060,4086,628,1449,396,1386,2049,1590

test suite437
bestAPFD:0.927857
bestSuite:3668,15,3072,3921,3809,2731,1844,2707,1539,1692,1004,2886,4098,4072

test suite438
bestAPFD:0.926818
bestSuite:2938,2096,3849,3199,2956,2162,3884,3899,4115,792,2009

test suite439
bestAPFD:0.928529
bestSuite:2534,1780,3418,3486,1579,734,3123,810,2220,2922,1720,4057,3434,1971,75,4106,211

test suite440
bestAPFD:0.923125
bestSuite:2102,3119,2835,2099,3281,1691,3232,637,1008,696,3425,3482,4081,3711,3694,4087

test suite441
bestAPFD:0.930500
bestSuite:3716,294,3993,2834,1834,44,4093,4080,3357,3089

test suite442
bestAPFD:0.906429
bestSuite:2240,3203,3751,3067,1491,1016,321,669,3503,4084,3758,1151,1134,4095

test suite443
bestAPFD:0.932500
bestSuite:2348,4006,1736,39,2927,2621,2740,1571,2411,4070,3132,737,1929,2059,4099,1417

test suite444
bestAPFD:0.941429
bestSuite:2487,3773,3641,2706,290,4065,2991,3426,3697,3277,4101,1390,1212,2820

test suite445
bestAPFD:0.937857
bestSuite:2548,3349,2447,3925,2960,3425,3611,4072,1850,1913,772,2863,1662,4102

test suite446
bestAPFD:0.917273
bestSuite:3771,2265,200,2628,707,1127,2000,1910,4007,4115,4069

test suite447
bestAPFD:0.950385
bestSuite:2521,3382,4068,3571,3819,3146,3598,4086,674,2500,834,1547,1501

test suite448
bestAPFD:0.938125
bestSuite:3781,2035,3593,1542,2656,2549,1101,1943,2170,1596,54,1466,3396,4082,4087,3261

test suite449
bestAPFD:0.928333
bestSuite:2521,34,4075,3169,3231,4103,2202,1701,1821

test suite450
bestAPFD:0.923667
bestSuite:3173,489,2413,786,757,1115,3957,66,2256,1775,2631,3146,4058,4115,3985

test suite451
bestAPFD:0.934474
bestSuite:2119,2184,3528,1759,1656,3729,1704,3536,3372,3916,3547,1690,2150,4080,3145,4110,1355,2247,12

test suite452
bestAPFD:0.942059
bestSuite:3787,2780,17,545,3097,960,1008,752,672,1899,3552,1358,2201,4095,4074,3883,3943

test suite453
bestAPFD:0.936538
bestSuite:2776,3555,2560,2472,4080,2366,2182,3567,2959,4093,1256,1882,1596

test suite454
bestAPFD:0.909444
bestSuite:2422,2145,175,4057,3443,2749,1550,4088,1290

test suite455
bestAPFD:0.925357
bestSuite:1811,3400,2076,3269,3011,2264,3728,2449,2992,4078,1003,4089,1736,1918

test suite456
bestAPFD:0.925833
bestSuite:3628,2823,2664,2318,1491,3174,2733,3140,659,1423,4096,4079

test suite457
bestAPFD:0.954737
bestSuite:3219,2073,3655,1355,1375,1926,89,2228,1332,1562,1699,2024,2406,2444,4107,4067,3892,3539,3840

test suite458
bestAPFD:0.955625
bestSuite:2164,3588,511,2599,4059,3674,3355,3389,3878,4087,1481,1268,2645,21,1612,1849

test suite459
bestAPFD:0.936667
bestSuite:2724,2564,2259,4084,3527,810,648,3790,4111,2884,2812,2496

test suite460
bestAPFD:0.957500
bestSuite:2164,3244,3900,3540,4079,3754,3089,3679,3501,3709,2983,4103,1398,1679,2701,2800,2172,830

test suite461
bestAPFD:0.914643
bestSuite:2722,2099,3664,3553,3260,1584,3866,4061,1466,725,1193,4093,659,2819

test suite462
bestAPFD:0.931176
bestSuite:3844,2108,1860,681,1772,3381,665,1726,1573,1755,3505,1228,3096,541,3694,4108,4061

test suite463
bestAPFD:0.947500
bestSuite:3178,405,263,2432,1618,2399,831,2759,1006,2550,1452,3043,4090,4085,3654,3867,3475,3128

test suite464
bestAPFD:0.956333
bestSuite:2521,3609,329,4081,3254,3716,3369,4096,947,317,2704,2106,426,938,747

test suite465
bestAPFD:0.934286
bestSuite:2369,3644,3447,3698,988,1524,2755,4084,3530,2201,4103,2274,2810,2792

test suite466
bestAPFD:0.921786
bestSuite:3288,2643,1537,3559,1917,994,830,1915,2788,4041,390,4100,4084,3011

test suite467
bestAPFD:0.927500
bestSuite:2115,1765,3323,4075,2703,770,3547,1750,4115,2027,1396,2026

test suite468
bestAPFD:0.931333
bestSuite:1425,3224,2854,2066,2313,2683,2444,4075,2089,1229,4112,1412,960,1437,1638

test suite469
bestAPFD:0.930000
bestSuite:3080,1732,3796,1193,2498,520,790,1798,887,1472,1791,2059,2901,2297,4115,4075

test suite470
bestAPFD:0.948611
bestSuite:2115,3502,3477,3769,627,3805,3455,3418,4067,1787,2211,904,4097,1774,2427,2642,2201,103

test suite471
bestAPFD:0.935000
bestSuite:3306,2050,2927,961,1921,2089,2593,3140,4060,4106,3780,3886,3550

test suite472
bestAPFD:0.911786
bestSuite:2854,3034,2123,2370,818,3310,1579,836,129,2955,2167,4084,2896,4100

test suite473
bestAPFD:0.929000
bestSuite:3557,2595,2393,3472,937,1778,1652,1635,1638,2879,1334,3857,4077,4106,3901

test suite474
bestAPFD:0.951944
bestSuite:3765,602,2633,3022,1410,2929,822,578,2825,2528,1012,1413,641,4075,4088,3103,3780,3027

test suite475
bestAPFD:0.936176
bestSuite:3521,3844,1604,582,3924,2544,1659,2539,865,2421,1603,2125,2394,3136,4098,4062,3111

test suite476
bestAPFD:0.905667
bestSuite:2496,1785,2840,899,2839,55,678,4064,2229,3805,3438,2192,2858,4108,1390

test suite477
bestAPFD:0.954000
bestSuite:3717,822,2411,865,2269,2162,683,2112,4106,4062,3593,3228,3532,3993,3564

test suite478
bestAPFD:0.937500
bestSuite:3844,2948,2412,2549,2611,677,2513,2799,680,1160,3380,2585,234,3352,2573,285,4093,4084

test suite479
bestAPFD:0.931154
bestSuite:3173,2344,3442,3421,2444,1401,1120,1720,2531,3149,4100,4075,3602

test suite480
bestAPFD:0.939706
bestSuite:2070,2947,3143,4071,3352,3938,1561,2876,2557,4092,2523,2550,2665,1507,2111,1815,2889

test suite481
bestAPFD:0.924118
bestSuite:3494,2748,2528,1451,1709,1443,2549,803,3428,1143,2547,1023,3807,4060,4088,3860,3478

test suite482
bestAPFD:0.923636
bestSuite:3465,2070,2144,1776,1704,1354,566,2675,4101,4061,4003

test suite483
bestAPFD:0.944722
bestSuite:3872,2424,22,2596,1864,3062,2737,934,1426,1697,1395,3878,3917,4088,4062,3995,3743,3114

test suite484
bestAPFD:0.925357
bestSuite:2755,2499,2408,3495,3725,4080,1944,870,3102,2419,2790,4094,1168,2290

test suite485
bestAPFD:0.913571
bestSuite:3444,1735,1853,2374,1474,1001,3552,2057,1030,1322,2990,3370,4095,4071

test suite486
bestAPFD:0.929000
bestSuite:3278,2668,2190,2642,2219,692,1617,4091,4062,3105

test suite487
bestAPFD:0.936176
bestSuite:2907,3645,1945,3777,3446,3460,2146,1109,351,4069,3619,2491,4095,1682,965,1280,75

test suite488
bestAPFD:0.921154
bestSuite:3575,3665,1509,1000,960,2402,3810,2285,3836,3379,4110,4081,3276

test suite489
bestAPFD:0.925385
bestSuite:3844,1657,3845,2295,2867,1458,2695,1585,1208,1085,2133,4084,4098

test suite490
bestAPFD:0.936250
bestSuite:2633,3660,4020,793,2216,747,3122,3376,689,700,956,4063,1535,2644,4109,2799

test suite491
bestAPFD:0.911500
bestSuite:3126,2535,2151,1115,1798,1696,2276,2111,1618,2335,925,1448,3161,2311,898,3036,1306,1956,4108,4062

test suite492
bestAPFD:0.912500
bestSuite:3928,2280,3607,635,321,693,923,1984,1284,696,2448,3870,3348,1338,4109,4071

test suite493
bestAPFD:0.927857
bestSuite:2564,3067,3272,1251,1894,2172,1670,2814,4062,1942,2181,4104,642,1041

test suite494
bestAPFD:0.947105
bestSuite:3872,1732,85,2918,1864,914,637,1967,2803,935,2370,850,1263,2647,3019,4079,4092,3592,3510

test suite495
bestAPFD:0.912273
bestSuite:3598,2382,2014,1594,2867,2432,2541,3843,2122,4115,4063

test suite496
bestAPFD:0.915909
bestSuite:2261,2457,3531,3527,2668,3954,4080,2839,2984,4105,1745

test suite497
bestAPFD:0.948125
bestSuite:3554,516,3615,1035,963,1550,988,1925,2006,1716,494,1897,4066,4106,4000,2965

test suite498
bestAPFD:0.946176
bestSuite:3319,2261,351,1596,720,3703,884,1430,1296,1568,1372,3971,3284,4063,4107,3237,3662

test suite499
bestAPFD:0.934286
bestSuite:2898,3084,2083,2112,3502,1986,3370,3791,4082,3531,4087,2651,1575,1042

test suite500
bestAPFD:0.925556
bestSuite:3927,1776,3257,1017,3770,791,1720,529,2400,1482,1241,119,2819,3592,1342,3912,4069,4098

