test suite1
bestAPFD:0.937989
bestSuite:3561,2172,3473,4104,954,1599,4069,2934,1884,2664,1198,915,2593,825,1979,3355,3666,3438,3474,2013,3111,2790

test suite2
bestAPFD:0.922535
bestSuite:3472,2737,3409,2246,1853,1364,4086,4063,2919,3104,806,2675,1481,2562,3651,1036,51,3384

test suite3
bestAPFD:0.919394
bestSuite:3595,3134,216,2097,4066,3499,4108,2511,3919,2192,2955,1524,1255,3582,4037,1011

test suite4
bestAPFD:0.924767
bestSuite:1617,3381,567,4059,2148,4089,1354,1190,3809,701,2341,2042,1210,1583

test suite5
bestAPFD:0.915943
bestSuite:2422,3520,27,1915,1451,4109,4066,1263,2973,3589,3976

test suite6
bestAPFD:0.927470
bestSuite:2907,3160,3896,1425,672,3926,4103,4079,2795,995,3408,1688,3813,676,3893,1109,2535,799

test suite7
bestAPFD:0.929703
bestSuite:3278,3008,2182,4078,4093,844,1894,2221,271,3864,1589

test suite8
bestAPFD:0.933333
bestSuite:2270,2102,4007,4091,4066,2276,204,832,1750,3927,3320,2018,822,2135,803,3453,2543,3744

test suite9
bestAPFD:0.918680
bestSuite:2942,3631,644,4089,3034,4082,1429,1023,988,3091,904,1950,928,3985

test suite10
bestAPFD:0.923209
bestSuite:1811,3072,2382,1272,4085,4107,3328,3117,1281,1640,3229,2663,1607,352,2349

test suite11
bestAPFD:0.936356
bestSuite:3353,2948,4077,4107,3490,1357,1473,24,800,3442,2381,174,3815,1741

test suite12
bestAPFD:0.945892
bestSuite:2521,3633,4073,4094,3152,929,3430,2011,651,1633,1690,3516,274,3302,2943,1557,331,3162,2483

test suite13
bestAPFD:0.925077
bestSuite:3809,2498,4054,1269,489,4109,258,4083,801,3875,2175,1578,3819,1684,2399,2550

test suite14
bestAPFD:0.912011
bestSuite:4011,141,3312,142,3337,3484,2162,4095,3689,3061,3956,528,4085

test suite15
bestAPFD:0.935666
bestSuite:3554,2225,4109,4065,1396,2035,2015,920,1705,1504,291,3144,2187

test suite16
bestAPFD:0.932854
bestSuite:3668,116,1997,2568,4113,3327,736,4084,2795,1059,1277,2561,3299,1432,3910,735,3884,1055,3624,3647

test suite17
bestAPFD:0.910745
bestSuite:3935,3850,963,4099,4057,1398,985,3071,2017,1825,2020

test suite18
bestAPFD:0.935839
bestSuite:2372,3066,4085,657,4112,1502,1042,1020,1469,3317,1664,1679,3823,2342,200

test suite19
bestAPFD:0.913081
bestSuite:3178,2906,2599,4072,4113,1910,2353,846,3305

test suite20
bestAPFD:0.920153
bestSuite:2058,3773,2964,1871,2359,2299,524,4101,2966,3734,4065,3874,2823,3653,1519,2681,1464,1096

test suite21
bestAPFD:0.933193
bestSuite:2761,3157,4103,48,1127,3673,4081,3054,3385,2932,861,1306,2351

test suite22
bestAPFD:0.912992
bestSuite:3552,3418,2950,873,3304,3065,1275,2956,1046,3293,4101,2111,511,4021,2130,532,2976

test suite23
bestAPFD:0.940052
bestSuite:3278,287,4103,1538,4082,1158,4046,940,868,2172,1853,1046,1466,1453,2027

test suite24
bestAPFD:0.923990
bestSuite:3094,2163,2510,4104,4071,3312,925,853,2133,3505,1325,1111,72,1355

test suite25
bestAPFD:0.922335
bestSuite:3809,1945,28,3254,4086,2415,1290,4084,2128,1839,1703,3415,3958,1481,1923

test suite26
bestAPFD:0.922727
bestSuite:2939,3502,2087,3124,4061,4101,873,1138,1232,3137,3714,2811,2958,1765,3421,824,2190

test suite27
bestAPFD:0.927441
bestSuite:3349,3616,3261,1804,4072,3092,4093,2629,569,1514,1769,1888,3022,1513,2802,2591,2997

test suite28
bestAPFD:0.922277
bestSuite:3793,3924,3148,139,4096,1839,2873,3149,4076,448,1474,2874,1595,3713,1988,1610,1532,196

test suite29
bestAPFD:0.925520
bestSuite:2422,2628,4057,1322,4107,2755,2516,2745,1709,282,3327

test suite30
bestAPFD:0.941372
bestSuite:3278,2661,4083,4110,1240,1614,679,3569,2362,1495,3303,1402,3463,3091,1606

test suite31
bestAPFD:0.939645
bestSuite:2776,3437,4113,4066,2883,1893,2791,2497,1729,1745,3823,2573,1972,6,3647

test suite32
bestAPFD:0.926340
bestSuite:2369,3432,3137,926,4104,4073,2151,1061,1160,2231,3580,729,418,3520

test suite33
bestAPFD:0.902871
bestSuite:2978,2873,3492,3097,4105,4062,390,2235,195

test suite34
bestAPFD:0.926785
bestSuite:3346,118,685,4058,4102,1256,2010,3796,1809,2341,828

test suite35
bestAPFD:0.913461
bestSuite:2661,2248,1600,3432,1686,3318,2952,4071,1438,4108,1829,286,2865,2140,3732,2396

test suite36
bestAPFD:0.917359
bestSuite:3633,2643,4051,3465,3763,4068,4105,1680,2989,1397,3033,2896,2055

test suite37
bestAPFD:0.915987
bestSuite:2568,2092,3092,420,2286,4057,1138,955,3082,4093,1031,2784,622,1743,1660,3686,1979,1239,1370

test suite38
bestAPFD:0.926524
bestSuite:3787,4032,20,2867,4065,4088,2000,2699,3100,1659,3369,1538,2016,1580

test suite39
bestAPFD:0.930769
bestSuite:3625,2184,2892,4104,2654,991,3527,4071,3029,3752,3341,1916,2101,674,1714,3481,2480,1914,554

test suite40
bestAPFD:0.927461
bestSuite:2598,2432,4073,2146,2448,904,4096,780,2112,3831,2123,3978,3302,3480

test suite41
bestAPFD:0.927659
bestSuite:2796,3125,1806,4057,3976,3009,4113,1650,1875,1603,808,2636,2977,2833,770,2410,301,2621

test suite42
bestAPFD:0.908305
bestSuite:3173,236,757,2397,4076,637,4102,1468,2565,646,2432

test suite43
bestAPFD:0.932431
bestSuite:3668,2705,1021,1378,510,4068,4100,1937,2513,1000,2485,2706,2952,3602,1196,3224

test suite44
bestAPFD:0.937558
bestSuite:3771,3326,2394,4074,1425,4086,3945,1290,1745,3851,3223,3449,1845,2915,3091,3733,3398

test suite45
bestAPFD:0.939879
bestSuite:3716,138,4098,4069,3013,3700,3252,3921,1299,749,987,2660,2574,3115

test suite46
bestAPFD:0.919370
bestSuite:2422,3614,292,4066,4097,2461,3836,3034,2595,1472,2205,1245

test suite47
bestAPFD:0.923458
bestSuite:3217,2696,2649,355,4100,2680,4069,1605,1354,3798,2227,1927,3166,3310,2271,1990,3301,3940

test suite48
bestAPFD:0.938066
bestSuite:2724,489,2939,3512,4057,1549,4103,930,1451,1532,1927,2030,3139,3731,3079,2385,788,2260,180,2358

test suite49
bestAPFD:0.922731
bestSuite:2637,1422,2825,4030,315,4080,1376,3447,2855,649,359,636,3056,2542,3002,974,1204,2831,4098

test suite50
bestAPFD:0.935249
bestSuite:3716,2628,4078,4107,1061,798,603,3097,2606,2829,3960,3064

test suite51
bestAPFD:0.940018
bestSuite:3556,2737,3121,4084,3488,4109,2593,2236,2383,3239,2837,215,1606,2417,1325,1902,1245,3162,1581

test suite52
bestAPFD:0.926891
bestSuite:3921,2678,3688,3048,4066,4095,2001,3961,1480,3480,1609,1742,3996,2309,968,1160,1281,1156

test suite53
bestAPFD:0.932088
bestSuite:3559,1852,3449,3063,4080,1065,4106,2946,2926,3747,2923,865,1029,45,927,89,1701,3287,2551,3903

test suite54
bestAPFD:0.934142
bestSuite:2333,3367,1875,2168,4073,4099,1713,1893,2318,441,2286,4043,1625,2141,1399,2812

test suite55
bestAPFD:0.929495
bestSuite:3063,312,2099,4088,4066,1851,1678,405,3010,3833,537,3441,1725,1824,2549,1108,3605,3343

test suite56
bestAPFD:0.933696
bestSuite:3872,1597,2270,1395,4076,1999,2125,1472,4108,3887,796,3384,1114,1519,276,1929,978

test suite57
bestAPFD:0.930784
bestSuite:2938,3039,207,2087,4063,4090,1328,2571,2002,3737,2548,3589,3956,3045,2263,2111

test suite58
bestAPFD:0.918247
bestSuite:3661,1838,3359,3325,3922,4115,4062,2832,3798,1839,1827,4010,654,3018,3198,66,1965,409

test suite59
bestAPFD:0.914523
bestSuite:3914,945,434,916,2387,4058,4114,824,2827,3497,1601,3002,1312,1377,1971

test suite60
bestAPFD:0.934766
bestSuite:2609,475,3520,661,4062,4110,3172,1809,3884,1753,2805,657,2106,2400,2964,536,21,1304,1119

test suite61
bestAPFD:0.930068
bestSuite:2776,4097,2474,3472,1331,4063,2923,3994,2140,2404,3128,701,3947,2260,1476,2939

test suite62
bestAPFD:0.932858
bestSuite:3192,2301,4069,1719,4096,3951,1345,3182,1487,717,3577,1212,2780,626,2282

test suite63
bestAPFD:0.922928
bestSuite:2942,3208,1460,4113,4084,1085,3134,3940,3020,1797,3090

test suite64
bestAPFD:0.928969
bestSuite:1852,3167,4081,4096,2884,1446,1235,2787,2854,2184,813,2454,894,321,3370,2234,1549,3873

test suite65
bestAPFD:0.919959
bestSuite:3984,3293,1997,2956,3963,4105,1952,3454,2540,3383,3102,614,1646,2387

test suite66
bestAPFD:0.933115
bestSuite:2954,3007,4112,3134,4058,134,3831,3166,893,3328,3698,3297,3053,3888,1596,638

test suite67
bestAPFD:0.916287
bestSuite:3155,2338,3847,1663,4064,4089,983,1321,2148,566,2298,2203,1362,997,2685,321

test suite68
bestAPFD:0.917044
bestSuite:2207,3392,3817,1554,2631,2036,1861,4089,2587,4085,1669,1198,4045,644,1094,4037,3479,3301,3901,299

test suite69
bestAPFD:0.921134
bestSuite:3843,3607,563,2500,2051,4060,669,1357,4110,2014,2986,2005,1599,1887,1755,892,3300,2475,2351,121,3363

test suite70
bestAPFD:0.906788
bestSuite:2329,2044,2700,3126,4059,4103,1335,3617,2255,1243,1026,1514

test suite71
bestAPFD:0.922731
bestSuite:3422,3984,1361,2882,693,4109,3153,2970,4081,1517,3434,1402,685,687,1365,81,3938,1937,3661,2416

test suite72
bestAPFD:0.917193
bestSuite:3841,3638,2531,360,3692,4063,4095,3082,1703,1814,991,3525,1178,1741,524

test suite73
bestAPFD:0.939444
bestSuite:2080,4063,392,2753,4094,824,2693,1993,4005,3930,1657,3243,3220,2820,2222,1498,772,1896

test suite74
bestAPFD:0.926964
bestSuite:2261,2906,4053,1862,4104,4067,1096,607,4056,1910,3833,2513,2083,1887

test suite75
bestAPFD:0.917368
bestSuite:2521,3349,4073,4106,3903,1620,1903,3144

test suite76
bestAPFD:0.935244
bestSuite:2115,3964,4061,4107,1926,1383,884,3449,2599,3606,3649,366,1690

test suite77
bestAPFD:0.914254
bestSuite:2659,2733,2124,933,956,4089,2983,4078,1335,3885,102,865,2024,944,3609,440,2841,2702

test suite78
bestAPFD:0.943505
bestSuite:2179,4072,2858,2921,1635,4115,873,630,2617,2680,1816,1840,715,1,1430,2857,2706,1722,3036,9

test suite79
bestAPFD:0.934639
bestSuite:3178,2491,2398,4100,4063,2638,3703,2123,3059,1839,1686,696,3918,3976

test suite80
bestAPFD:0.923230
bestSuite:2032,2902,4059,3148,2068,935,3117,4102,2016,2073,1501,3857,3533,3939,1020,2937,1329

test suite81
bestAPFD:0.925984
bestSuite:3984,3868,3298,1997,4113,4084,1085,3561,1976,1989,2109,3856,1870,3663,3974,252

test suite82
bestAPFD:0.931050
bestSuite:3559,2534,1672,2458,3047,4093,4057,3092,3496,1802,3391,2694,1630,1013,1203,471,3351

test suite83
bestAPFD:0.940141
bestSuite:3282,2426,4113,4002,4043,4074,3103,3963,2917,1473,3340,3677,1029,2797,3079,1261,2284,169,2987,1306

test suite84
bestAPFD:0.920372
bestSuite:2096,2852,4075,2060,3932,1946,4112,1398,2966,2884,960,3168,521

test suite85
bestAPFD:0.937102
bestSuite:2115,2163,4085,4086,4033,1168,3401,3272,2286,941,1721,524,2527,824,488,111,984,3725

test suite86
bestAPFD:0.933022
bestSuite:3717,2147,4058,4105,3846,3078,3243,1784,2477,1809

test suite87
bestAPFD:0.904600
bestSuite:418,2193,2828,3564,1848,2071,3852,4087,1103,930,3803,868,655,1869,781,2176,3150,4063

test suite88
bestAPFD:0.934090
bestSuite:3841,2696,1657,4066,4093,1161,3328,2793,1788,3403,3553,3917,3482,1703,1789

test suite89
bestAPFD:0.935788
bestSuite:4024,3588,1429,3069,4064,4092,3847,1760,708,2229,4017,3671,1241,3483,772,1973

test suite90
bestAPFD:0.908789
bestSuite:3495,3015,2923,3730,4074,3318,1014,451,4107,2048,1740,2505,3232

test suite91
bestAPFD:0.931847
bestSuite:4011,3367,1747,2605,2858,4103,4067,3122,3019,3933,3172,1578,525,2823,3348,83,1407,271,3537

test suite92
bestAPFD:0.920436
bestSuite:2270,3218,909,3337,3381,4092,2956,1198,73,1973,3761,801,2680,859,1074

test suite93
bestAPFD:0.919110
bestSuite:3923,1427,3921,3681,841,4058,1021,4097,2013,3478,3647,3689,3013,472,1075,2629,842,1520,3733,1309,585

test suite94
bestAPFD:0.929415
bestSuite:3911,3359,2458,853,4097,4063,2052,2550,2651,3017,518,1473,1402,2299,1423,1832,3884,1290

test suite95
bestAPFD:0.911999
bestSuite:3447,404,3509,3490,20,1600,4082,1241,1614,297,1707,2308,2071,1822,4090

test suite96
bestAPFD:0.899374
bestSuite:2697,2156,3617,2995,1925,3439,4096,4058,2550,3168,3104,3012,3122,2217,696,3669,3074

test suite97
bestAPFD:0.919191
bestSuite:2092,2171,1481,1184,3961,4090,1461,1651,1571,2340,2868,3941,3743,3377,2302,2642,4058

test suite98
bestAPFD:0.932018
bestSuite:3868,3382,3418,4115,2201,3917,4059,3592,2504,1650,3426,4040,3414,383,1778,1429,2255,887,2017,1244

test suite99
bestAPFD:0.918999
bestSuite:2344,3197,2114,3727,4088,4084,1334,3549,1834,1904,1492,3093

test suite100
bestAPFD:0.917307
bestSuite:3465,2112,3640,4111,4082,1184,662,2428,3447,2516

test suite101
bestAPFD:0.924022
bestSuite:2281,2427,2548,3710,1736,4094,4074,1240,3669,3183,296,3100,3757,3483

test suite102
bestAPFD:0.925118
bestSuite:2372,3555,1593,2658,2956,4113,1035,615,3064,3495,1428,3227

test suite103
bestAPFD:0.936122
bestSuite:3556,99,3194,4081,4111,1485,921,3114,4020,3401,2416,1532,3238,1677,3725,770,2026,3677

test suite104
bestAPFD:0.928692
bestSuite:4006,2437,3015,2745,689,4058,4096,3926,956,968,1060,3701,1201,2089,575,1880,3783,473,1101,1386

test suite105
bestAPFD:0.928686
bestSuite:2826,2058,3371,93,4057,4115,1027,1433,3777,941,798,1463,1105,2009,803

test suite106
bestAPFD:0.907434
bestSuite:1949,3620,3982,1534,2072,820,1892,4098,719,4062,1799,3703,2522,3403,2753,3393

test suite107
bestAPFD:0.917942
bestSuite:2180,2835,3441,2280,2964,4074,1216,2659,1775,2606,775,624,2371,3871,4091

test suite108
bestAPFD:0.923519
bestSuite:3349,1540,3839,3548,4099,4060,1246,2950,3976,2580,2433,1651,86,1713

test suite109
bestAPFD:0.917757
bestSuite:3173,2789,220,3703,2324,4091,1325,3056,343,1797,1933,2440,4061

test suite110
bestAPFD:0.926312
bestSuite:3877,3327,1806,2652,413,4062,4101,2643,1591,2148,1115,2338,2650,1478,3286,934,706,196,2250

test suite111
bestAPFD:0.924313
bestSuite:3612,667,563,2365,3948,4062,1127,2705,4114,2435,3837,987,471,1919,1213,3941

test suite112
bestAPFD:0.913022
bestSuite:3993,2691,2815,2839,1794,3919,4057,4087,1196,4055,1292,2607,1374

test suite113
bestAPFD:0.914902
bestSuite:2357,4033,2359,3608,3141,2722,1335,4076,4111,2074,1755,1792,3212,2227,376,2221,1982,671

test suite114
bestAPFD:0.910603
bestSuite:4050,3455,3595,221,3195,4078,3798,4096,1400,685,866,2000,2074,1960,2031,798

test suite115
bestAPFD:0.921670
bestSuite:3266,2447,3906,3129,4092,4046,1103,4075,3850,1638,1944,2719,653,2694,83,1734

test suite116
bestAPFD:0.937067
bestSuite:2609,3209,2333,4108,2028,4070,1347,1866,1860,2400,1928,3066,3334,2778,2772,129,880

test suite117
bestAPFD:0.943924
bestSuite:2179,4083,81,1119,4114,2798,686,2678,690,3335,2288,1645,2345,3073,2245,4003,2341,2827,1596,1177,1454,1470

test suite118
bestAPFD:0.922832
bestSuite:2492,332,1422,4079,4104,1333,1666,2421,1960,3484,2678,2110,1222,3496

test suite119
bestAPFD:0.924827
bestSuite:3094,2061,1422,4074,1883,2162,4110,716,1905,76,3444,2166,3357,79,1667

test suite120
bestAPFD:0.893044
bestSuite:1633,3506,107,2944,3345,872,2136,4060,2231,4088,2264,2746,1596,1334

test suite121
bestAPFD:0.906513
bestSuite:3616,2281,3752,2362,2516,4090,2475,3857,979,872,2645,4077

test suite122
bestAPFD:0.926459
bestSuite:2344,3080,2386,1079,4090,4063,3340,3729,1599,994,2584,3150,3101

test suite123
bestAPFD:0.918311
bestSuite:3134,2375,3079,2327,4070,2682,4102,931,1139,2781,1799,2676

test suite124
bestAPFD:0.919500
bestSuite:2945,2855,1656,4076,1853,2825,4089,1061,2007,1616,1,1692,3812,330,2206,780,2331

test suite125
bestAPFD:0.927639
bestSuite:3668,2567,72,4114,3790,2956,1334,2406,871,1424,2316,1707,2986,3460

test suite126
bestAPFD:0.927207
bestSuite:3935,2190,3441,1606,4072,1880,510,1282,4108,3876,1015,2205,493,419,3699,2687

test suite127
bestAPFD:0.924891
bestSuite:3494,3137,3666,3980,1355,4069,1921,1503,4095,2237,822,2995,3232,1040,2576,1779,2169

test suite128
bestAPFD:0.931301
bestSuite:3465,2027,2473,4108,2510,4084,1115,2301,2424,2016,2229,2542,3550,788,1630,3496

test suite129
bestAPFD:0.934831
bestSuite:2954,3844,4062,1714,2479,2306,4089,1847,682,3418,884,2471,3382,1192,485,2368

test suite130
bestAPFD:0.934385
bestSuite:2826,3133,2104,4086,3021,4084,2387,1610,2221,2595,2021,2357,2309,254,3028,1946,1338

test suite131
bestAPFD:0.924642
bestSuite:3650,2090,966,2208,4088,2108,4080,3012,799,1776,979,2994,386,3801,3276,4035,1324,2302

test suite132
bestAPFD:0.917879
bestSuite:2609,1525,4065,794,3690,1553,4090,2230,1463,1045,3126,755,1581,3701,3200

test suite133
bestAPFD:0.927779
bestSuite:3324,4026,1316,1437,4110,1845,2483,4073,2221,2309,754,2838,2417,2336,372,1471,449,2646,989

test suite134
bestAPFD:0.923062
bestSuite:3809,2585,1860,3862,4059,2996,4091,4023,1383,1870,4041,786,3852,3146,2715,997,1563,414

test suite135
bestAPFD:0.909083
bestSuite:2668,1459,3402,661,2468,188,1886,3482,4060,4100,2949,951,2793,156,2282,2653,3880

test suite136
bestAPFD:0.927354
bestSuite:3080,3921,2315,4093,1828,4071,3873,3459,3846,3729,3604,778,1212,1535,274

test suite137
bestAPFD:0.915307
bestSuite:3873,2923,3903,3046,1134,2508,3008,4104,1010,2865,4068,983,2399,105,1598,3869,2279,152

test suite138
bestAPFD:0.936716
bestSuite:2333,3134,3593,4057,4113,1012,3454,2975,3137,426,1024,3711,264,1535,2866,915

test suite139
bestAPFD:0.913333
bestSuite:1425,3440,2840,355,3644,4107,3007,4081,2052,625,899,684

test suite140
bestAPFD:0.934645
bestSuite:2856,3012,2780,4065,4101,2081,1970,630,1818,647,2019,397,2920,3351

test suite141
bestAPFD:0.930921
bestSuite:2366,3013,3226,1508,4084,4086,2113,2406,3047,698,2396,3174,68,427

test suite142
bestAPFD:0.907418
bestSuite:3625,2212,2374,3339,4097,4068,1904,1290,3699,2800

test suite143
bestAPFD:0.939813
bestSuite:2164,3449,4105,4068,2080,763,2355,135,3742,3790,3375,3034,3305,895

test suite144
bestAPFD:0.924694
bestSuite:3556,2375,4099,4068,2548,3374,1571,768,1915,18

test suite145
bestAPFD:0.934712
bestSuite:3565,2066,3641,4078,3884,1052,4089,3283,1697,880,34,2896,3989,2582,586,1676

test suite146
bestAPFD:0.928148
bestSuite:2333,908,2257,200,4110,4074,3757,910,1738,1515,1512,1029,882,879,1935,3093,2523,1810,595,988

test suite147
bestAPFD:0.934144
bestSuite:2372,1739,2407,3854,4097,4070,1245,457,1831,1767,2298,2678,2234,2288,672,2893,3785,1140

test suite148
bestAPFD:0.920287
bestSuite:3559,2087,2284,3801,3025,3502,4105,3272,4060,1321,765,1484,1920,1783,3853

test suite149
bestAPFD:0.926519
bestSuite:2248,3167,2670,4079,3505,2242,3005,4088,1050,926,3008,2387,3458,3992,2101,2629

test suite150
bestAPFD:0.925055
bestSuite:2561,3472,2944,2322,260,711,4100,4059,2112,3259,1592,922,926,2373,3796,3918,3823

test suite151
bestAPFD:0.934081
bestSuite:3282,3575,3254,2253,4115,4061,3960,3073,1743,245,2041,1107,1942,2121,3876

test suite152
bestAPFD:0.922542
bestSuite:2499,2856,4071,2939,3017,4087,2207,1668,2016,3475,1017,2339,3128

test suite153
bestAPFD:0.913662
bestSuite:3142,2344,1707,1884,552,4089,3093,4077,3445,2966,1226,1281,284,3380,2810,3620

test suite154
bestAPFD:0.920842
bestSuite:3793,3011,3323,1920,1675,4114,2512,4080,527,1728,425,2702,762,3626,1800,1293,3852,2262,3892

test suite155
bestAPFD:0.920461
bestSuite:3221,2407,3194,770,2875,4115,2079,4060,1045,2396,244,2517,1879,909,3599,2605,3543,616

test suite156
bestAPFD:0.925088
bestSuite:2261,3234,1932,4094,639,1843,4062,3011,2159,2278,676,3302,242,2494,630

test suite157
bestAPFD:0.924435
bestSuite:3267,1446,3177,4076,34,4100,3090,1245,2740,1938,960,2253,1253,3276,3567,1268,427,1425

test suite158
bestAPFD:0.926728
bestSuite:1945,3490,2437,941,3744,1034,4069,2093,4115,2941,1559,991,2711,1637,1752,3969

test suite159
bestAPFD:0.915361
bestSuite:2560,2766,2314,3042,4072,4091,849,795,3805,2791,3307,4041

test suite160
bestAPFD:0.934065
bestSuite:2372,2995,111,4112,4074,2715,1002,729,1335,1601,1842,2368,2781,705,2175,2903,3546,3698

test suite161
bestAPFD:0.926844
bestSuite:3628,1666,3924,980,1187,2956,3214,2504,4104,755,2255,1183,3249,1814,297

test suite162
bestAPFD:0.934220
bestSuite:3665,2270,2696,4103,4067,2803,2666,1115,958,2058,3187,735,1525,662,2961,213,990

test suite163
bestAPFD:0.912279
bestSuite:2184,2406,3928,1914,970,4092,4074,79,859,1807,3593,1174,2400,1384

test suite164
bestAPFD:0.915969
bestSuite:4046,3293,2415,1739,3976,4111,2333,1898,2489,4065,3651,691,1449

test suite165
bestAPFD:0.931207
bestSuite:3841,2398,2683,3857,791,4072,2206,4093,492,948,434,1864,1340,1267,2793,3729,3126

test suite166
bestAPFD:0.937680
bestSuite:2179,3841,4099,4074,3746,1853,968,819,2419,1696,3180,1088

test suite167
bestAPFD:0.939876
bestSuite:3278,2752,4095,4058,1354,2771,2364,3839,3769,2976,2898,1590,3342,3895

test suite168
bestAPFD:0.931603
bestSuite:3178,2794,3583,4073,4099,901,1000,377,1600,860,849,2135,2392

test suite169
bestAPFD:0.917521
bestSuite:3521,1978,3855,3015,2713,4076,4107,2139,2897,502,2557,3281,668

test suite170
bestAPFD:0.925448
bestSuite:3781,2836,3012,3263,4108,647,1556,3261,2787,3849,3294,452,3493,4085

test suite171
bestAPFD:0.909977
bestSuite:3433,2666,1789,3973,565,4111,2691,1691,4066,1743,1863,1383,622,1494,1711,551

test suite172
bestAPFD:0.917302
bestSuite:3517,566,4069,4115,3859,1614,413,2001

test suite173
bestAPFD:0.929389
bestSuite:3313,2883,3349,4078,3446,4087,2563,2411,965,828,3732,3766,872

test suite174
bestAPFD:0.927241
bestSuite:2560,2917,3493,1487,3606,1095,4079,4097,884,1696,1910,1507,1528,693,570,3334,1817

test suite175
bestAPFD:0.923488
bestSuite:2834,3524,4088,3494,881,4064,3674,1707,677,3912,3062,3560

test suite176
bestAPFD:0.910178
bestSuite:2171,2703,1538,3864,3595,2956,2036,4107,931,2268,1183,1807,2685,1292,1561,3876

test suite177
bestAPFD:0.934988
bestSuite:3665,2854,3868,4098,806,4071,3182,2195,1995,1777,663,998,3497,1086,16,2015,1167,720,775

test suite178
bestAPFD:0.935302
bestSuite:2628,2468,2956,3663,699,4087,1378,641,664,697,3224,2793,3790,3118,2243,2636,4055,3307,1512

test suite179
bestAPFD:0.939603
bestSuite:3717,910,4073,4088,3340,2567,1550,1665,664,757,1256,2474

test suite180
bestAPFD:0.934816
bestSuite:3437,2275,4104,1757,4068,3040,4006,2603,2841,2139,2488,141,1557,751

test suite181
bestAPFD:0.945425
bestSuite:2521,3692,4105,4061,3098,2360,2166,1894,1545,1676,669,2550,4017,2862,2075,239,3052,1579

test suite182
bestAPFD:0.924883
bestSuite:2492,3983,2418,1250,4064,4101,1256,735,119,2542,3601,1365,3920,347,2279,1831

test suite183
bestAPFD:0.917595
bestSuite:2032,3828,417,2253,2101,2193,4095,3097,1608,3218,1799,1791,3412,577,659,1393,367,4072

test suite184
bestAPFD:0.912795
bestSuite:2509,3225,1622,887,2194,2130,4105,2956,1825,1125,2950,1655

test suite185
bestAPFD:0.928151
bestSuite:2145,3354,3557,4095,2386,4083,1115,3422,2991,2123,1935,2847,2998

test suite186
bestAPFD:0.914341
bestSuite:1945,3749,3012,4113,3071,3990,2150,258,221,1237,4028,4075

test suite187
bestAPFD:0.934792
bestSuite:2369,3921,2925,3769,4105,2062,4075,2429,312,812,2773,2458,2016,3925,4017,1120,1575

test suite188
bestAPFD:0.931865
bestSuite:2301,3137,4104,1364,4082,2497,3242,1886,1010,253,2361,2604,511,2808,1055,628

test suite189
bestAPFD:0.929670
bestSuite:2521,465,4101,3998,4057,1534,3884,1472,2157,3863,1086

test suite190
bestAPFD:0.916944
bestSuite:2099,1383,493,2956,1931,2731,4115,202,3364,2919,2865,2952,3057,4019,2862,1254,3132,4045,1058,1715,1629,2220

test suite191
bestAPFD:0.930758
bestSuite:3657,36,3794,2032,4102,4076,2140,1545,3949,703,3562,1426,3910,2543,937,656

test suite192
bestAPFD:0.935172
bestSuite:3615,2332,117,4037,4085,1365,4114,1395,1996,1542,1009,3043,2464,3476,2543,437,3789,969

test suite193
bestAPFD:0.914928
bestSuite:3706,3316,474,877,3899,2060,904,4068,2583,1290,743,4100,1853,1661,1380,3731,2288,3223

test suite194
bestAPFD:0.909871
bestSuite:3616,2376,3864,519,2473,771,4058,1496,741,2007,1300,1097,3103,3636,4111

test suite195
bestAPFD:0.927572
bestSuite:2615,2275,3847,3645,4061,3769,2130,2081,3614,990,2104,1983,2986,296,4086

test suite196
bestAPFD:0.924319
bestSuite:3349,2447,3131,1115,2627,3677,4094,1596,719,1951,1703,92,524,3901,2760,4058

test suite197
bestAPFD:0.937310
bestSuite:2372,3767,3222,2691,4073,3182,4108,23,796,499,2597,2787,1887,58,2089,1725,1763

test suite198
bestAPFD:0.920790
bestSuite:2163,3698,3029,2593,4057,2865,4099,475,3398,1609,2530,2006

test suite199
bestAPFD:0.943371
bestSuite:2179,3203,4067,1085,4097,3570,2988,945,2925,2017,770,2952,2438,1248,454,2127

test suite200
bestAPFD:0.925574
bestSuite:2082,3841,4103,3358,4072,2555,2140,4034,3170,1515,2230

test suite201
bestAPFD:0.921504
bestSuite:3570,2166,504,4079,2338,3675,3243,1616,862,3852,2322,1287,955,1923,1254,4110

test suite202
bestAPFD:0.934914
bestSuite:3556,2193,2698,4074,4096,2549,2879,3462,874,446,2543,14,1590,171,3078

test suite203
bestAPFD:0.939902
bestSuite:2632,2718,4068,4106,1361,3999,3644,3243,681,44,3763,3637,3122,3249,435

test suite204
bestAPFD:0.905574
bestSuite:2432,3167,3433,3580,4066,942,3051,2589,3928,2199,4104

test suite205
bestAPFD:0.928143
bestSuite:3991,662,3769,4099,1200,4059,2058,1365,2063,993,86

test suite206
bestAPFD:0.933545
bestSuite:3517,2503,4110,4070,1624,1462,1981,4010,3194,55,1320

test suite207
bestAPFD:0.922169
bestSuite:3657,909,3208,3540,809,4104,4073,1802,1514,1596,2631,3068,1190,1170,1384

test suite208
bestAPFD:0.916605
bestSuite:2595,3794,512,2035,4075,4086,4010,1648,1460,820,2631,53,1034

test suite209
bestAPFD:0.935552
bestSuite:3333,3665,2270,4105,3505,4078,3904,1174,2523,2374,2288,765,2512,2155,2893,2879,411

test suite210
bestAPFD:0.915238
bestSuite:2564,2825,3637,4105,2239,4067,3862,1351,4034,2412,408,2627,920

test suite211
bestAPFD:0.923995
bestSuite:3448,230,3206,2240,4083,2806,2098,3706,2892,1640,3895,1099,4090

test suite212
bestAPFD:0.917122
bestSuite:3570,2705,3620,4050,4068,4093,1065,2016,1995,1016,240,1467

test suite213
bestAPFD:0.897947
bestSuite:3282,3841,708,4077,4098,3980,2929

test suite214
bestAPFD:0.908666
bestSuite:3354,2139,2312,392,4086,1911,2753,2507,1033,1222,976,747,733,4071,4032

test suite215
bestAPFD:0.921841
bestSuite:3848,3957,2853,3052,1209,1967,4075,4099,3483,1648,2403,304,543,1707,891,2351

test suite216
bestAPFD:0.909551
bestSuite:3490,2649,2971,774,4105,3549,1579,778,3921,2395,3731,4061

test suite217
bestAPFD:0.915417
bestSuite:4031,2541,3323,2517,2891,4089,1989,1122,4067,949,642,927,3386,1506,696

test suite218
bestAPFD:0.919250
bestSuite:2398,3203,2030,3184,4112,4081,45,3239,2971,475,2473,2365,1835,785,1302,1974,1968

test suite219
bestAPFD:0.931789
bestSuite:3529,2517,3984,2490,4080,4095,2267,889,3423,1691,1718,2989,1545,2481,560,3188,3929,427

test suite220
bestAPFD:0.924941
bestSuite:2755,3066,2338,4110,1569,1586,1200,3846,70,978,3492,1713,2927,2914,4085

test suite221
bestAPFD:0.915327
bestSuite:3490,3401,3137,748,4078,800,4087,3010,195,3226,3886,650,1557,385

test suite222
bestAPFD:0.929449
bestSuite:3288,2834,2365,2728,142,1270,4073,4109,1424,2640,999,1837,3869,1484,1401,359

test suite223
bestAPFD:0.899387
bestSuite:3502,1806,2277,73,936,1942,655,1316,988,3723,4078,4104,1783,815

test suite224
bestAPFD:0.941913
bestSuite:2521,4113,175,4074,3813,2781,3843,385,3584,2492,2700,853,1952,1658,1036,3471,3077

test suite225
bestAPFD:0.925702
bestSuite:2548,3840,391,2329,1072,642,4065,4107,1845,3159,2230,3617,1498,3958

test suite226
bestAPFD:0.943339
bestSuite:2179,4057,3043,3509,3642,4095,2162,2123,1658,3420,3734,2269,24,994,115,3745,1951,1146,1902

test suite227
bestAPFD:0.912580
bestSuite:3554,467,2402,4072,4097,1672,1900,741

test suite228
bestAPFD:0.926802
bestSuite:2082,520,3034,4109,4071,2180,3537,3920,3872,1506,3198,2176

test suite229
bestAPFD:0.936533
bestSuite:3872,619,2014,4057,2584,4115,1119,2406,3147,2540,2383,776,2322,1566,1,893,2152,2888,1111

test suite230
bestAPFD:0.935951
bestSuite:2275,2633,3038,4089,2988,4074,796,2054,2327,2980,546,836,2254,1478,3347,1326,1146,56,2643

test suite231
bestAPFD:0.923939
bestSuite:2425,2703,3258,790,4063,752,4096,1527,727,869,1941,2540,658,1728,2089,3544,2633

test suite232
bestAPFD:0.919672
bestSuite:2427,4084,2491,3802,3181,3767,2716,4098,559,1690,1917,2480,994,1692,1147,1156,3180,1451,3321,2156

test suite233
bestAPFD:0.906772
bestSuite:2593,2362,3325,3026,4078,4108,1091,3381,705,1884,3103

test suite234
bestAPFD:0.927638
bestSuite:2633,3433,437,4098,754,1608,4060,1451,1010,1307,2204,420,1431,2453,3456,3360

test suite235
bestAPFD:0.935311
bestSuite:2548,2722,1316,4111,4065,1014,2763,1574,533,635,518,3549,1460,417,1682,2298,3111,3805

test suite236
bestAPFD:0.916601
bestSuite:2119,4072,2471,2338,3451,646,4102,1368,1312,1444,917,1797,2245,2651,2739,609,3166

test suite237
bestAPFD:0.921480
bestSuite:2333,2835,566,4083,4115,2612,2357,3776,2030,969,3418,106,3042

test suite238
bestAPFD:0.917067
bestSuite:2253,3176,3354,3982,4079,4104,3540,636,792,1503,4053,908,2363

test suite239
bestAPFD:0.897233
bestSuite:4020,3417,802,3901,4100,1783,2990,1688,3455,1192,3204,4071,1727,2391,637,680,3732

test suite240
bestAPFD:0.939946
bestSuite:2690,3490,4103,2930,4069,1326,1990,2204,4029,2939,529,874,1796,3907,119,2736,2062

test suite241
bestAPFD:0.926172
bestSuite:4054,680,4027,2016,2162,3129,4098,3321,4081,1399,2265,1614,3370,2119,3673,3232,2833,1821,2846

test suite242
bestAPFD:0.920963
bestSuite:2945,3324,3580,4113,1920,4076,2055,1241,1689,3760,3604,747,2997,258

test suite243
bestAPFD:0.913963
bestSuite:3192,2673,3869,4015,2267,4083,4093,3157,1996,2967,1562,1693

test suite244
bestAPFD:0.931822
bestSuite:3841,2496,2944,852,3870,912,4084,734,4090,815,3813,1042,393,1340,1474,1547,2887

test suite245
bestAPFD:0.942322
bestSuite:3517,4091,228,4062,4015,3984,2985,1583,4051,955,637,2019,895,2435,1182,1899,844,851

test suite246
bestAPFD:0.932697
bestSuite:3178,2814,4062,2432,1839,4089,1611,2549,1848,736,3249,1661,1834,3488

test suite247
bestAPFD:0.909507
bestSuite:3529,3666,1459,4088,389,3399,2807,4064,2254,1331,2231,1026,1796,1967,2235

test suite248
bestAPFD:0.933234
bestSuite:3448,1644,3907,4065,3422,2569,4087,1361,2337,911,2858,2286,1542,496,21,2719,227,1104

test suite249
bestAPFD:0.924098
bestSuite:3183,3844,1697,3206,4077,3086,4107,703,1685,2946,3836,869,2052,431,1557,2703

test suite250
bestAPFD:0.926598
bestSuite:2661,3006,2835,1625,891,2687,4075,3594,4089,2839,1561,2988,1289,522,2727,2494,2141,2859,2063,1143,1690

test suite251
bestAPFD:0.908527
bestSuite:3645,2710,2028,3548,1480,1890,4097,2026,763,1704,1895,2566,2739,1200,4062

test suite252
bestAPFD:0.934887
bestSuite:3670,2561,3272,1755,4102,2956,1351,726,352,3984,1219,673,1688,2801,2429,1111,517,1080,2286,1366,3826,3368

test suite253
bestAPFD:0.941445
bestSuite:2615,3921,2798,4077,4107,3502,2728,621,787,698,2198,1453,2390,1549,2687,1289,2068,1559,3462,3542,75

test suite254
bestAPFD:0.929732
bestSuite:2499,3131,1024,878,4100,4061,3762,2162,1748,2363,3807,1923,1472,3027,2745,247,1644,3120

test suite255
bestAPFD:0.940833
bestSuite:2761,4076,2836,836,1251,4094,2111,2787,219,1243,3579,887,282,3475,511,2619,3899,2949

test suite256
bestAPFD:0.930527
bestSuite:2609,3983,1748,1417,1988,4092,2728,768,3707,4071,3124,851,3339,2286,1436,23

test suite257
bestAPFD:0.919040
bestSuite:2389,3979,2030,4068,3272,546,4110,1667,1033,2404,1430,632,1857,974,2037,3477,415,2313

test suite258
bestAPFD:0.935370
bestSuite:3554,93,4105,2956,2159,3208,1251,3149,3974,3389,1663,3784,1276

test suite259
bestAPFD:0.905775
bestSuite:3034,290,923,1871,2099,4090,4072,2001,3725,999,3334,908,3951,3238,875,990,1158

test suite260
bestAPFD:0.943459
bestSuite:3717,1875,4104,4071,3590,2778,1692,656,2750,3768,3813,138,640,3006

test suite261
bestAPFD:0.893686
bestSuite:2939,2839,3017,1814,4069,2985,1286,2250,3941,4103

test suite262
bestAPFD:0.936966
bestSuite:3991,3282,4106,795,3134,4076,3203,1645,3055,3628,894,270,121,3656

test suite263
bestAPFD:0.931820
bestSuite:3173,1873,3927,4064,728,2969,4108,679,1321,2993,1957,1603,250,3436,3041,3952,626,129,2886

test suite264
bestAPFD:0.934829
bestSuite:3278,2270,4086,4085,1981,3767,2397,3791,402,3201,1050,3804

test suite265
bestAPFD:0.926192
bestSuite:2538,200,3973,3360,4111,4059,1263,2697,2083,57,3950,1435,3825,1942,1587,2888

test suite266
bestAPFD:0.916717
bestSuite:2852,2407,1509,4059,260,2875,4099,1560,2068,1328,820,3970,2302,886,2077,1098,1219,902

test suite267
bestAPFD:0.901939
bestSuite:3548,1517,378,3583,2104,3973,2821,1397,4104,3689,3284,2368,1626,3402,3459,4084

test suite268
bestAPFD:0.928885
bestSuite:3787,147,3911,4083,4094,2491,1757,3271,896,1417,1206,2486,2361

test suite269
bestAPFD:0.921646
bestSuite:2724,411,2408,4061,2013,1659,914,2910,2530,1897,3362,4086

test suite270
bestAPFD:0.913124
bestSuite:2755,3174,1812,2649,1493,2590,4057,4105,2528,3851,1331,1358,51

test suite271
bestAPFD:0.912471
bestSuite:3272,2293,2823,2550,953,1461,1497,4075,506,4090,1595,1750,794,3342,1936,54,3762,1393,1190

test suite272
bestAPFD:0.916062
bestSuite:2564,3748,3290,3533,2129,4113,4084,3525,1192,956,3426,1955,957,148,1514,3492,2401

test suite273
bestAPFD:0.929668
bestSuite:3192,345,2996,3033,4082,4102,2550,2248,1887,2448,912,874,256,3507,1850,3237

test suite274
bestAPFD:0.910684
bestSuite:3094,679,2585,2026,3929,1395,2762,4086,4060,3904,740,1607,3931,1651,1658,3091,546

test suite275
bestAPFD:0.935110
bestSuite:3333,244,3929,749,4102,4058,882,2194,1251,902,1507,2990,663,924,524,4021,2043,3096,2742

test suite276
bestAPFD:0.930508
bestSuite:3625,3758,2737,1724,1647,4059,4088,1355,744,3615,2232,3243,3041,1943,3420,3315,1738,3510,1487

test suite277
bestAPFD:0.928944
bestSuite:2615,3935,2623,4060,4114,1334,3872,2658,2973,1784,1141,917,3793

test suite278
bestAPFD:0.924308
bestSuite:2035,3890,1095,3917,3488,891,4113,4077,789,1767,406,1974,3815,405,1874,212

test suite279
bestAPFD:0.931164
bestSuite:3346,3665,1281,4079,2839,4103,786,3590,916,1131,27,2232

test suite280
bestAPFD:0.926495
bestSuite:2521,465,4071,877,4088,2192,3868,3751,1480,3817

test suite281
bestAPFD:0.935304
bestSuite:2761,3119,626,4098,4082,622,1766,1485,1483,2217,2935,3061,3699,1583,1388

test suite282
bestAPFD:0.927188
bestSuite:3388,3242,2864,2733,75,4106,1438,4059,1263,767,3485,1976,2308,2577,1859,4053

test suite283
bestAPFD:0.926394
bestSuite:2898,3360,2180,4071,2406,4091,1275,3021,2281,3017,3165,1602,1223,1273

test suite284
bestAPFD:0.921016
bestSuite:3625,3192,2353,2989,4088,4082,1095,2953,2545,1849,1617,1611

test suite285
bestAPFD:0.902728
bestSuite:2699,2996,3363,141,4058,4112,2666,1544,2195,2839,3314,3379,1193

test suite286
bestAPFD:0.909274
bestSuite:3898,715,2149,4061,2367,2043,2837,1706,1111,1897,4115,2293,341,2579,1960,3664

test suite287
bestAPFD:0.916597
bestSuite:3063,663,1713,2428,4072,4088,2149,1187,2714,1478,3643,934,2585,1773,3805

test suite288
bestAPFD:0.910965
bestSuite:2737,3522,3576,1697,2571,2808,4063,4111,1161,810,1664,2006,3136,2511,1429

test suite289
bestAPFD:0.929602
bestSuite:3069,2927,2332,2201,48,4101,3266,1291,4071,2886,2113,3837,1988,2352,640,726,2508,834

test suite290
bestAPFD:0.926878
bestSuite:1617,3269,3257,4068,3493,3221,522,4086,1203,2581,3687,3978,740,551,844,53,1256

test suite291
bestAPFD:0.930478
bestSuite:2078,710,3066,2102,4100,1584,437,4062,2351,699,2802,693,3884,717,2419,2967,1050,399,3696

test suite292
bestAPFD:0.918825
bestSuite:2564,2058,4066,891,3420,2733,2731,4110,1995,3007,528,2713,34,2039,3586,1787

test suite293
bestAPFD:0.943293
bestSuite:3219,2575,4094,3876,4069,3291,1332,1479,2093,1586,69,1086,3013,703,1144,3091,362

test suite294
bestAPFD:0.928866
bestSuite:3524,1811,2733,4068,3407,1472,4103,2377,2870,973,1018,2587,2608,880,2368,2876

test suite295
bestAPFD:0.943481
bestSuite:2179,4082,2902,2863,4115,4037,2452,2231,841,3182,3262,2663,1266,1576,2063,27,2224

test suite296
bestAPFD:0.924107
bestSuite:3966,3384,2008,3859,4077,4107,3469,3790,2603,2845,3855,1872,2067,3675

test suite297
bestAPFD:0.917529
bestSuite:3587,2791,3873,1020,2237,1376,4095,4064,1504,1481,767,3488,1586

test suite298
bestAPFD:0.931398
bestSuite:3556,2427,759,2871,4106,4058,2102,2449,1643,3611,1077,2402,1793,2745

test suite299
bestAPFD:0.904277
bestSuite:2124,2695,3433,2418,1442,2455,4069,3759,4098,1101,1772,1289,3062,2682,1613

test suite300
bestAPFD:0.924486
bestSuite:2898,3630,4074,3806,1780,820,1333,4105,715,2024,3929,3566,2698,2964

test suite301
bestAPFD:0.921984
bestSuite:3615,8,3206,3575,4092,4069,1091,2506,768,2505,1320,1870,2706

test suite302
bestAPFD:0.919789
bestSuite:2337,11,1657,4071,1435,1390,4092,2058,640,1820,3728,2394

test suite303
bestAPFD:0.938614
bestSuite:3448,2509,4102,1548,4078,3397,1763,3343,1480,2502,1280,3044,3483,1411,2148,72,1600

test suite304
bestAPFD:0.916099
bestSuite:2124,3026,3620,2825,827,4060,1138,1916,4095,637,868,743,1898,1726,281,3795

test suite305
bestAPFD:0.931387
bestSuite:3628,29,3640,4065,3089,3755,4111,1036,1417,1327,3833,677,823,1690,1162,2282,3927

test suite306
bestAPFD:0.912156
bestSuite:3809,3628,4026,1059,3984,2062,4057,1714,4108,1895,1230,1924

test suite307
bestAPFD:0.920092
bestSuite:3494,474,2112,654,787,849,2956,2013,2746,4087,1584,1240,408,2243,835,2881,972,3414,2442,1763

test suite308
bestAPFD:0.942679
bestSuite:3517,2044,4089,4060,1434,2193,3590,1974,2487,2679,732,3550,3196,291,1883

test suite309
bestAPFD:0.923112
bestSuite:2954,3071,2329,4106,4065,1035,3681,2604,927,1553,2723

test suite310
bestAPFD:0.931352
bestSuite:3868,2528,160,2060,4112,4083,814,1410,2676,1567,2746,3252,2343,3370,2350,3221

test suite311
bestAPFD:0.914684
bestSuite:3349,504,3361,3047,1120,4089,3709,4068,2009,953,3688,39

test suite312
bestAPFD:0.927580
bestSuite:3267,2270,2166,4091,2255,3547,4074,1161,2711,3145,1484,1826,1720,2241,3584

test suite313
bestAPFD:0.910393
bestSuite:3804,3370,3611,2363,1507,4087,636,1079,4061,2531,375,1402,1510,3551,1553,461,3725,371

test suite314
bestAPFD:0.926920
bestSuite:1486,2898,3686,4084,1955,3469,4093,775,1127,3934,1145,3588,1609,511,2278,1607

test suite315
bestAPFD:0.914966
bestSuite:3324,2537,3176,1437,4113,4036,3029,2717,1641,1801,4063

test suite316
bestAPFD:0.930304
bestSuite:3612,2035,312,4109,3325,4072,3199,102,3413,3123,1788,772,2047,4026,567,1396

test suite317
bestAPFD:0.932925
bestSuite:3313,1909,2840,2180,4090,1032,2522,4073,893,1547,2141,2507,345,990,3719,352,85

test suite318
bestAPFD:0.905230
bestSuite:2524,1790,4065,1177,2722,4111,506,754,3181,1139

test suite319
bestAPFD:0.932406
bestSuite:2724,3683,3195,4066,4113,3374,943,989,809,2897,1484,2625,995

test suite320
bestAPFD:0.931832
bestSuite:2598,2700,3761,688,4059,3982,4089,2249,649,902,4045,3683,1020,3351,834

test suite321
bestAPFD:0.929306
bestSuite:3517,2471,4089,4065,2212,2658,1661,1778,673,2456

test suite322
bestAPFD:0.928137
bestSuite:2567,2477,1584,3650,4091,4075,3329,954,1619,3870,2807,3661,3874,1750,1869

test suite323
bestAPFD:0.909231
bestSuite:1533,3802,242,1125,2853,4060,496,4108,1378,4034,3807,597,2198,1778,504,783,2760,3775,634,2744,1654

test suite324
bestAPFD:0.916739
bestSuite:2796,1997,3332,3891,4076,3719,899,1229,1683,367,2952,2573,938,1546,4111

test suite325
bestAPFD:0.931924
bestSuite:2598,4068,1770,2337,2798,3689,4101,1184,893,2603,3805,3910,2943,2374,3073,1167,3438

test suite326
bestAPFD:0.907531
bestSuite:3848,1945,3040,3272,4075,2458,4112,290,3530,2130

test suite327
bestAPFD:0.924875
bestSuite:3267,3907,2488,4099,3675,1921,3064,3928,2389,3833,1827,1063,1507,4058

test suite328
bestAPFD:0.936751
bestSuite:3346,40,4074,3263,4110,3628,3154,1422,117,720,1784,1610,1344,3892

test suite329
bestAPFD:0.929481
bestSuite:3231,2085,619,4089,4060,2854,1835,2660,1465,2706,263,3764,3311

test suite330
bestAPFD:0.918982
bestSuite:2058,2447,4093,3187,2787,714,3303,2463,4057,2780,1034,3419,3193,3626

test suite331
bestAPFD:0.931363
bestSuite:2422,2567,2459,4064,2745,4100,1023,171,3190,3344,3973,3327,3542,687,899

test suite332
bestAPFD:0.913707
bestSuite:2595,4061,483,1794,2294,1950,2255,2089,2093,3645,4107,888,3978,3411,3002,2838,1787

test suite333
bestAPFD:0.926915
bestSuite:3411,2163,1546,1331,4085,3093,4093,3938,3957,2322,1433,1963,877,1495,3293,179,3474

test suite334
bestAPFD:0.917868
bestSuite:3063,2464,2208,444,1591,4061,2863,1655,1705,2268,2221,4102,667,3718,3885,2709

test suite335
bestAPFD:0.934977
bestSuite:3178,3603,3033,2696,4089,4067,3224,1477,797,3429,3699,1729,450,773,1032,2198,1916

test suite336
bestAPFD:0.924144
bestSuite:2548,4050,2683,4075,2697,2383,4105,3388,1355,1746,2862,900,677,719

test suite337
bestAPFD:0.929075
bestSuite:2164,3040,4059,4106,524,1870,15,1897,2286,4051

test suite338
bestAPFD:0.910997
bestSuite:3822,1776,3133,2162,3608,221,4069,820,4107,1609,2075,1666,30,2838,1835

test suite339
bestAPFD:0.922910
bestSuite:2115,1780,4079,4111,2839,1256,2792,2253,3402,3673,3669

test suite340
bestAPFD:0.923430
bestSuite:3014,3529,2506,4062,3509,4087,3496,826,629,1631,2330,1914,3360,2786,2256,3722

test suite341
bestAPFD:0.926220
bestSuite:3964,1547,3650,2956,4101,1345,3093,594,4048,2074,1811

test suite342
bestAPFD:0.914714
bestSuite:2761,3333,4112,4063,3017,3885,4034,2862

test suite343
bestAPFD:0.925931
bestSuite:2301,2203,2853,1169,3106,4090,2956,3141,612,795,2014,3791,1309,1545,3514,46

test suite344
bestAPFD:0.926839
bestSuite:2791,2575,3766,788,4060,3548,4105,1749,3009,1484,3163,1653,2821,2526,450,1801,3397,3894

test suite345
bestAPFD:0.912609
bestSuite:2668,3131,445,2081,1857,4071,752,4090,3323,710,2610,1944,3954,1000

test suite346
bestAPFD:0.935381
bestSuite:3771,3703,2485,4097,2618,1999,2927,4085,386,1911,3619,4046,1437,2896,2948

test suite347
bestAPFD:0.923048
bestSuite:3491,3742,268,4032,4067,4110,1361,2950,2266,2083,2141,3917,3782,2872,665,976

test suite348
bestAPFD:0.919139
bestSuite:2428,3495,3488,1487,4059,4102,2854,2950,1676,3168,2756,2825,3352,3729,844,898,2247

test suite349
bestAPFD:0.942016
bestSuite:3717,2695,4065,4106,856,3748,3948,947,802,837,3854,28,3410

test suite350
bestAPFD:0.920401
bestSuite:3177,769,2814,2166,1943,370,4061,4093,2788,1378,1447,3242,2930,1552,2297,866,1070,3130

test suite351
bestAPFD:0.929030
bestSuite:3346,2253,3487,4088,4059,1354,1655,3505,3608,1325,2944,937

test suite352
bestAPFD:0.924042
bestSuite:2596,3092,3846,4084,4108,1817,2197,1364,214,2744,2448,1790,3010

test suite353
bestAPFD:0.917295
bestSuite:3167,725,2537,3552,4075,4093,3185,765,3562,3295,1397,516,1836,3591,432,3463

test suite354
bestAPFD:0.924833
bestSuite:2633,2882,721,3237,4097,2387,2220,1572,2343,4084,688,1769,1356,1933,1428,2827,2474,3161,151

test suite355
bestAPFD:0.918788
bestSuite:2826,4079,3494,2243,3659,4099,1168,2283,643,1930,3881,2996

test suite356
bestAPFD:0.923892
bestSuite:3495,3665,3710,1772,4097,1469,4059,1830,776,323,1317,1626,1169,1367,3574,3438,2060

test suite357
bestAPFD:0.917698
bestSuite:2240,3822,2229,4074,11,2402,2528,848,4096,878,1710,1599,333,3828,3295,1395

test suite358
bestAPFD:0.923116
bestSuite:4054,3094,3524,839,4104,2943,4076,3036,1988,3720,1641,506,3099,2271

test suite359
bestAPFD:0.936922
bestSuite:3231,2008,3983,1193,4109,2364,4066,699,3505,2965,2830,3846,769,3851,848,91,2480,1426

test suite360
bestAPFD:0.905553
bestSuite:3972,859,87,2643,3770,1361,4101,3635,2257,4060,980,868,2846,2317,2865

test suite361
bestAPFD:0.918496
bestSuite:3657,2899,183,4113,4072,3817,2950,3225,1121,2219,1819,3245

test suite362
bestAPFD:0.941469
bestSuite:3278,3834,2255,4090,4064,3235,1351,3919,1659,3363,801,210,2651,3188,336,1124,1883,2268

test suite363
bestAPFD:0.920616
bestSuite:2163,3399,4089,3426,1334,2748,4060,1558,2257,2274,3352,338,2553

test suite364
bestAPFD:0.910220
bestSuite:3706,2408,3552,1437,865,2204,2500,4096,1216,3750,4059,831,1812,842,2254

test suite365
bestAPFD:0.942782
bestSuite:3517,466,4085,1668,4102,2054,1847,857,2229,1472,2014,3310,1599,1322,2263,1254

test suite366
bestAPFD:0.924773
bestSuite:1649,3984,2767,2416,4113,4073,1626,2400,3970,1263,473,2466,2443,3610,3756,2174,3352,98,730

test suite367
bestAPFD:0.924742
bestSuite:3521,781,446,2068,388,2921,4064,1235,117,4087,1911,2680,1713,2707,3579,3484,1342,870,1465

test suite368
bestAPFD:0.906140
bestSuite:2032,2595,1555,3016,781,2768,2717,2208,3659,4099,761,3642,4066

test suite369
bestAPFD:0.930643
bestSuite:3353,2373,2432,4086,1699,2956,3746,1508,3117,2572,2891,1160,1173,1720,2163

test suite370
bestAPFD:0.923306
bestSuite:2907,868,352,4063,3221,2302,4101,1085,3817,2915,2949,2456,3775,809,1377,2159,442

test suite371
bestAPFD:0.920655
bestSuite:4011,328,2954,2100,4104,861,4065,2089,1345,3104,130,595,1739

test suite372
bestAPFD:0.935079
bestSuite:3324,2854,3927,4111,3421,4069,3533,1861,1882,798,3775,2250,1905,2200,3296,13,2011,2907

test suite373
bestAPFD:0.928043
bestSuite:3529,2455,3784,4088,1824,3155,4076,1452,2853,2349,2931,1606,863,2562,990,3737

test suite374
bestAPFD:0.921054
bestSuite:3026,2599,1446,4112,3469,4064,1165,2118,3718,2584,1609,1183,1674

test suite375
bestAPFD:0.925273
bestSuite:2509,2854,3249,2796,4063,4093,3008,850,842,940,2999,2486,977,732,3187

test suite376
bestAPFD:0.935548
bestSuite:4049,3094,2724,4076,4102,2691,1866,2130,2212,1333,1646,2713,3005,305,735

test suite377
bestAPFD:0.915369
bestSuite:2855,2971,594,2491,3645,1551,4097,4072,1465,2707,1438,2914,359,75,265,783

test suite378
bestAPFD:0.922811
bestSuite:2344,3473,2229,1837,4092,2787,1813,1388,4065,2068,257,777,1566,2616,3636,3689,3663

test suite379
bestAPFD:0.937375
bestSuite:4049,3208,748,4073,1913,4106,2974,3140,2071,2094,1745,3805,1015,2807,3714,2574,1624,2368,2874,916

test suite380
bestAPFD:0.921674
bestSuite:2422,2722,4061,2377,3198,1096,1477,841,3386,1279,1058,3045,4115

test suite381
bestAPFD:0.932779
bestSuite:3716,3313,1122,4081,4094,1809,1985,1819,3483,1832,3364,2985

test suite382
bestAPFD:0.929636
bestSuite:2917,3705,3381,4101,3490,4081,2975,1614,3994,3522,1737,1467,1963,2900,1020,435,2095,1572

test suite383
bestAPFD:0.920945
bestSuite:3935,351,3868,1378,4068,4101,3861,1614,3894,2059,865

test suite384
bestAPFD:0.906685
bestSuite:2906,466,3455,4098,2406,253,4080,2379,3489,1914,1251,1900

test suite385
bestAPFD:0.922311
bestSuite:2871,3447,3504,640,1386,2244,4100,1240,4073,2341,668,326,853,3139,878,3661,1212,1141,196

test suite386
bestAPFD:0.939829
bestSuite:2632,2127,4060,2749,4102,3006,3063,2921,726,252,1537,660,1758,3079,520,656

test suite387
bestAPFD:0.930568
bestSuite:3625,3927,2166,404,4077,1072,4095,1117,1789,1614,2475,1496,819,2561,299,2520,3744

test suite388
bestAPFD:0.920360
bestSuite:1852,3593,2581,3679,3003,1967,4102,4075,1119,4048,1848,999,3326,2885,524,3386,3863,1630

test suite389
bestAPFD:0.914984
bestSuite:3327,1647,3378,1742,1059,122,4025,2060,4067,4106,812,2807,221,1501,2687,2979,1186,971,731,3739

test suite390
bestAPFD:0.935724
bestSuite:3306,2562,3329,4088,1985,4063,3504,3184,2705,2161,1962,80,2531,1098,3149

test suite391
bestAPFD:0.936988
bestSuite:3448,3066,1849,2502,4101,4084,2183,1855,1395,2735,3336,2971,1441,2803,1956,2608,3940,2574,750,37

test suite392
bestAPFD:0.933418
bestSuite:2078,3167,2468,1902,1316,4061,2452,4090,200,2052,827,1703,709,2030,2095,2694,847,3881,2508,1389,4025

test suite393
bestAPFD:0.924952
bestSuite:2548,3029,3081,2374,4108,981,3291,864,2808,740,1679,1087,1643,90,1267,2053,4060

test suite394
bestAPFD:0.941141
bestSuite:3765,3382,2658,4090,4081,722,1334,3741,744,1558,2841,1979,2150,3482,1693,284,1237,2100,1067,3606,2425

test suite395
bestAPFD:0.900786
bestSuite:2888,3607,1885,2397,2027,3345,681,4078,234,4111,1115,1536,89,3894,1221,3277

test suite396
bestAPFD:0.933366
bestSuite:3991,2637,4057,2978,4103,1127,647,3007,2461,515,3268,945

test suite397
bestAPFD:0.914305
bestSuite:2382,1776,1744,4067,372,1672,839,2757,4113,3767,720,2664,1930,3001,2650,1854,3150,3533

test suite398
bestAPFD:0.941295
bestSuite:2080,2754,4069,4112,1332,2644,2159,3007,2673,3110,1605,4013,2962,3900,1781,986

test suite399
bestAPFD:0.925418
bestSuite:2609,315,4073,2872,2803,4102,2943,872,1611,1780,2621,1934,3256,2863

test suite400
bestAPFD:0.923671
bestSuite:3556,1617,3176,3973,4081,878,4113,2786,1759,2820,1963,2980

test suite401
bestAPFD:0.931557
bestSuite:2761,4020,4092,372,4084,1378,1202,910,746,3688,4043,51

test suite402
bestAPFD:0.937987
bestSuite:2724,3911,2362,4105,3062,4082,3737,2259,913,2457,3856,1875,2999,1971,2587,2919

test suite403
bestAPFD:0.913024
bestSuite:3587,129,3094,3039,4097,1364,1963,737,4077,1452,3782,1506,956

test suite404
bestAPFD:0.921620
bestSuite:3151,2705,2660,4081,4100,1061,2284,528,1779,2709,2238

test suite405
bestAPFD:0.933256
bestSuite:3346,2927,4058,4006,4099,1127,3199,3279,765,2185,1576,484,1618

test suite406
bestAPFD:0.898218
bestSuite:3403,3566,2402,428,895,4043,3614,4108,973,3172,216,317,4072

test suite407
bestAPFD:0.897048
bestSuite:3494,3176,1491,3003,4098,1381,4076,3262,2281

test suite408
bestAPFD:0.922079
bestSuite:3984,1906,144,2956,2615,4106,4011,3024,2376,986,1547,626,1549

test suite409
bestAPFD:0.896813
bestSuite:1789,3473,3477,1984,2408,2229,1665,1899,4064,4111,412,1398,1705,768,2778,656,3777

test suite410
bestAPFD:0.915267
bestSuite:2898,1508,2376,4057,4039,1187,4086,3260,2220,1422,742,2915

test suite411
bestAPFD:0.936060
bestSuite:3657,2268,55,4115,4057,2082,623,2656,1735,995,2629,1767,1275,2377,2039,2605,1055,3769

test suite412
bestAPFD:0.911820
bestSuite:2640,1732,3903,713,1554,4078,1696,3283,528,3011,3453,3708,2893,3398,3610,4103

test suite413
bestAPFD:0.911096
bestSuite:2375,3143,2705,3505,3790,4088,4080,1066,1664,1797,1518,3503

test suite414
bestAPFD:0.931129
bestSuite:2521,4067,382,4086,248,2272,933,959,811,766,3194

test suite415
bestAPFD:0.925465
bestSuite:3151,3016,3784,3371,4065,2666,4108,1489,2909,165,933,3936,2960,1533,988

test suite416
bestAPFD:0.911024
bestSuite:3040,2035,1838,3428,4109,2249,3974,4061,3846,2649,890

test suite417
bestAPFD:0.931198
bestSuite:2360,3215,1683,4107,4058,2293,3126,591,3677,1904,3166,1732

test suite418
bestAPFD:0.924040
bestSuite:2633,3575,2235,4100,2477,1913,142,4074,3243,2433,649,1897,1386,1976,1322

test suite419
bestAPFD:0.916630
bestSuite:3437,392,808,2763,4114,4035,1439,4073,899,3737,1775,1032

test suite420
bestAPFD:0.889849
bestSuite:3845,3830,2474,1861,1459,3923,1550,887,1059,4107,1796,2671,4058

test suite421
bestAPFD:0.936200
bestSuite:2898,3039,953,4110,2614,4078,4030,2363,1241,215,1137,1491,1921,2970,74,1500

test suite422
bestAPFD:0.929086
bestSuite:2333,4030,361,4112,2609,2449,4066,3748,2083,2474,1641,2624,1200,2659,3824,996

test suite423
bestAPFD:0.940012
bestSuite:2179,4083,663,3876,4101,1493,3993,2354,2053,3021,3986,2264,26,1850

test suite424
bestAPFD:0.922622
bestSuite:3465,2354,3034,4107,4081,2617,1079,1619,673,1762,60

test suite425
bestAPFD:0.932880
bestSuite:3319,4,1617,1269,4094,903,4085,1484,2463,1863,978,3318,4045,1164,243,2272

test suite426
bestAPFD:0.928040
bestSuite:3840,2509,3903,2486,1,4013,4059,3974,4099,298,3552,3085,1633,1149,552,1775

test suite427
bestAPFD:0.924476
bestSuite:3134,2390,2062,3036,3926,4084,4089,2468,2762,3189,1616,3369,525,1645,3482,2859,2413,3062,1178

test suite428
bestAPFD:0.921878
bestSuite:1649,3472,1261,120,4063,2401,1856,4106,2895,1587,1191,2943,1520,1600,1501,3243,2349,2810,3081

test suite429
bestAPFD:0.943392
bestSuite:2179,2964,4111,4072,2201,2744,3590,1916,1482,2590,3770,2074,3740,554,953,2603

test suite430
bestAPFD:0.901802
bestSuite:2666,2780,3433,2008,2925,4083,4111,2338,420,683,1109

test suite431
bestAPFD:0.916506
bestSuite:3234,3509,2658,4020,987,4084,1975,3044,2886,4094,980,2932,1169,1889,2231,404,268,3727

test suite432
bestAPFD:0.893189
bestSuite:1894,2060,4037,4069,3915,1481,627,4102,1614,2622,2313,3540,2984,1398

test suite433
bestAPFD:0.928691
bestSuite:2432,3534,2575,3012,3980,4057,4098,3161,1101,853,3762,24,2442,3130,4,1075,3172,2580,289,1272,922

test suite434
bestAPFD:0.932643
bestSuite:2360,3014,2284,4097,4073,930,3172,3942,137,3012,698,3204

test suite435
bestAPFD:0.934945
bestSuite:2360,3080,4106,1968,4070,3078,1168,3625,3994,2861,3114,4055,715

test suite436
bestAPFD:0.934139
bestSuite:1493,3844,2909,451,4086,1590,4060,3503,1449,2853,2107,522,628,234,3241,1386,2049,396

test suite437
bestAPFD:0.919920
bestSuite:3809,3072,3668,2707,4072,3921,1539,1844,2731,1692,1004,15,2886,4098

test suite438
bestAPFD:0.919330
bestSuite:2938,2096,3849,2956,4115,3899,2162,2009,792,3884,3199

test suite439
bestAPFD:0.919513
bestSuite:2534,3418,1780,3486,3434,3123,1720,4057,4106,211,75,1579,810,734,2922,1971,2220

test suite440
bestAPFD:0.913957
bestSuite:2099,3425,3119,4087,2835,1691,2102,3232,696,4081,3281,3711,1008,3694,3482,637

test suite441
bestAPFD:0.927119
bestSuite:3716,294,4093,3993,4080,44,3357,3089,2834,1834

test suite442
bestAPFD:0.910801
bestSuite:3751,3203,321,2240,1134,4095,3067,1491,4084,1016,3503,3758,669,1151

test suite443
bestAPFD:0.921006
bestSuite:2348,4070,2927,2740,2621,4006,4099,2411,1736,737,1571,1929,3132,1417,39,2059

test suite444
bestAPFD:0.933420
bestSuite:2487,3641,2706,4101,4065,1390,290,3773,2820,2991,3277,1212,3697,3426

test suite445
bestAPFD:0.932486
bestSuite:3349,2548,2863,2447,4102,4072,1662,3611,1913,2960,3925,1850,772,3425

test suite446
bestAPFD:0.925683
bestSuite:3771,2265,4007,4115,1127,4069,2628,1910,2000,200,707

test suite447
bestAPFD:0.935183
bestSuite:2521,3598,3382,4068,4086,1547,3571,834,3146,1501,2500,3819,674

test suite448
bestAPFD:0.928874
bestSuite:3781,3593,2656,3396,4087,2549,4082,1101,2035,1596,1466,1943,3261,54,2170,1542

test suite449
bestAPFD:0.922095
bestSuite:2521,34,4075,4103,3231,1821,2202,3169,1701

test suite450
bestAPFD:0.924476
bestSuite:3173,489,3957,1115,2413,3146,4115,4058,2631,2256,757,66,3985,1775,786

test suite451
bestAPFD:0.927722
bestSuite:2119,2184,3729,1656,3536,4080,1355,4110,1759,2150,3372,1704,1690,12,2247,3145,3916,3528,3547

test suite452
bestAPFD:0.935500
bestSuite:3787,2780,2201,3097,3552,4074,4095,545,17,752,1358,672,3943,3883,960,1008,1899

test suite453
bestAPFD:0.929617
bestSuite:2776,2366,3555,4080,4093,1256,1596,2182,2959,3567,2472,1882,2560

test suite454
bestAPFD:0.904741
bestSuite:2422,2145,175,4057,1550,1290,4088,2749,3443

test suite455
bestAPFD:0.918430
bestSuite:1811,2076,3400,4089,4078,3728,3011,1918,1003,2264,2992,3269,2449,1736

test suite456
bestAPFD:0.927199
bestSuite:3628,2823,3140,4096,2318,4079,2733,3174,2664,659,1491,1423

test suite457
bestAPFD:0.942071
bestSuite:3219,3655,1332,4107,1355,4067,3840,1375,2228,2444,1562,1926,2406,89,2073,1699,2024,3539,3892

test suite458
bestAPFD:0.941981
bestSuite:2164,3588,3674,4059,4087,2599,511,3389,21,3355,1849,1612,2645,1268,3878,1481

test suite459
bestAPFD:0.929812
bestSuite:2724,2564,4111,4084,648,3790,2496,2259,2812,3527,2884,810

test suite460
bestAPFD:0.944296
bestSuite:2164,3900,4079,4103,1398,3540,3709,3244,3089,2701,2172,3501,3754,3679,2800,830,1679,2983

test suite461
bestAPFD:0.915058
bestSuite:2722,2099,3260,1466,1584,725,4093,4061,1193,2819,659,3664,3553,3866

test suite462
bestAPFD:0.919787
bestSuite:3844,1860,2108,3694,4108,1726,3381,1772,541,1573,681,4061,3096,665,1755,1228,3505

test suite463
bestAPFD:0.936981
bestSuite:3178,405,2432,4085,4090,2550,3867,263,831,1618,1452,3043,1006,3654,2399,3475,2759,3128

test suite464
bestAPFD:0.942728
bestSuite:2521,3609,4096,4081,947,3716,426,2704,747,329,3369,2106,317,3254,938

test suite465
bestAPFD:0.930367
bestSuite:2369,3698,3644,4084,4103,2201,3447,2810,988,1524,2274,2792,3530,2755

test suite466
bestAPFD:0.920123
bestSuite:3559,3288,1915,4041,1917,4084,3011,4100,830,1537,994,2788,390,2643

test suite467
bestAPFD:0.921163
bestSuite:2115,4075,770,1765,2703,4115,1396,3323,3547,1750,2026,2027

test suite468
bestAPFD:0.918705
bestSuite:1425,3224,2066,2683,4075,4112,2854,2313,1437,1229,1412,1638,2089,2444,960

test suite469
bestAPFD:0.924316
bestSuite:3080,3796,1732,4075,520,4115,2059,1193,2498,887,790,1472,1791,2297,1798,2901

test suite470
bestAPFD:0.935490
bestSuite:2115,3502,4097,4067,2211,627,1774,2427,2201,103,2642,3805,3418,3455,904,3477,1787,3769

test suite471
bestAPFD:0.929651
bestSuite:3306,2927,1921,4060,3140,4106,2593,2050,2089,961,3886,3550,3780

test suite472
bestAPFD:0.893999
bestSuite:2955,2370,3034,2123,2854,2167,818,2896,4084,129,836,1579,4100,3310

test suite473
bestAPFD:0.925294
bestSuite:2595,3557,4106,3472,4077,1635,1334,3857,1652,2879,1638,1778,2393,3901,937

test suite474
bestAPFD:0.941251
bestSuite:3765,3022,2633,4075,4088,2825,3027,2528,641,1012,578,3103,2929,1413,1410,3780,602,822

test suite475
bestAPFD:0.924647
bestSuite:3521,2539,3844,1604,4098,4062,3924,3136,865,3111,1603,2394,2544,2125,1659,582,2421

test suite476
bestAPFD:0.906393
bestSuite:2496,2840,55,4064,2192,2858,1785,2229,4108,678,1390,899,3805,3438,2839

test suite477
bestAPFD:0.944977
bestSuite:3717,2112,4106,4062,683,3564,865,822,3228,2411,2269,2162,3532,3593,3993

test suite478
bestAPFD:0.925851
bestSuite:3844,2948,2549,3380,285,2573,4084,2412,680,2799,2585,234,677,2513,3352,1160,2611,4093

test suite479
bestAPFD:0.926717
bestSuite:2344,3442,3173,1120,4075,4100,3149,3602,3421,2531,1720,1401,2444

test suite480
bestAPFD:0.926900
bestSuite:2070,3143,2947,2557,4092,2876,2523,4071,3352,1815,2550,2889,1561,2111,2665,3938,1507

test suite481
bestAPFD:0.915650
bestSuite:3494,4060,2528,3428,803,3807,4088,1443,1023,1451,2748,1709,2549,3478,2547,3860,1143

test suite482
bestAPFD:0.924122
bestSuite:3465,2144,1704,4061,4101,2070,1354,2675,4003,1776,566

test suite483
bestAPFD:0.935341
bestSuite:3872,22,2596,4088,4062,1426,1395,3917,2424,3114,1697,2737,1864,3878,3743,3995,3062,934

test suite484
bestAPFD:0.920200
bestSuite:2499,2755,4080,4094,2408,2790,3495,1168,3102,870,3725,2419,2290,1944

test suite485
bestAPFD:0.918154
bestSuite:3444,1735,2374,3552,1474,4071,4095,2057,1322,3370,1853,1030,1001,2990

test suite486
bestAPFD:0.929021
bestSuite:3278,2668,4062,4091,1617,2642,3105,2190,2219,692

test suite487
bestAPFD:0.931450
bestSuite:3446,1945,3460,2907,4095,4069,3645,2491,965,1682,3619,3777,75,1109,351,2146,1280

test suite488
bestAPFD:0.917122
bestSuite:3575,2402,3665,1509,3810,4110,3379,1000,3836,960,3276,2285,4081

test suite489
bestAPFD:0.919489
bestSuite:3845,3844,1657,4084,2295,4098,2695,1585,2867,1085,1458,2133,1208

test suite490
bestAPFD:0.926567
bestSuite:2633,3660,747,3122,793,4063,2799,4109,2644,689,4020,956,3376,2216,700,1535

test suite491
bestAPFD:0.902663
bestSuite:3126,2535,2151,2276,2335,1696,3161,1798,4108,1115,1448,2311,925,3036,1956,898,2111,1618,1306,4062

test suite492
bestAPFD:0.906197
bestSuite:3928,1984,3607,693,2280,1338,635,3870,4071,4109,696,923,321,3348,1284,2448

test suite493
bestAPFD:0.923745
bestSuite:2564,3067,1670,3272,1251,4104,4062,1894,2814,642,1041,2181,1942,2172

test suite494
bestAPFD:0.935535
bestSuite:3872,914,85,2370,4092,3019,4079,1263,2803,1732,850,1864,3592,2918,3510,637,935,2647,1967

test suite495
bestAPFD:0.907696
bestSuite:2432,2382,1594,4063,2867,3598,4115,2122,2541,2014,3843

test suite496
bestAPFD:0.912129
bestSuite:2261,2457,2668,3954,4105,2839,1745,3527,3531,2984,4080

test suite497
bestAPFD:0.940628
bestSuite:3554,516,4106,3615,4066,1035,1550,1716,988,1897,1925,2006,494,4000,963,2965

test suite498
bestAPFD:0.938918
bestSuite:2261,3319,4063,3703,4107,1430,1568,1372,1596,3971,3237,1296,884,3662,3284,351,720

test suite499
bestAPFD:0.928855
bestSuite:2898,3502,1986,2083,4082,4087,1042,2112,1575,3531,2651,3370,3791,3084

test suite500
bestAPFD:0.919995
bestSuite:3927,4098,1776,3770,3592,3257,4069,1241,791,1482,1017,529,119,2819,1720,1342,3912,2400

