test suite1
bestAPFD:0.964318
bestSuite:3561,3473,2172,4069,4104,2593,954,1198,3111,825,1979,1884,2934,3355,3438,3666,3474,2664,915,2013,2790,1599

test suite2
bestAPFD:0.941944
bestSuite:3472,2246,2737,1853,4063,806,3409,4086,1364,3104,51,2562,2919,1036,1481,3651,2675,3384

test suite3
bestAPFD:0.941562
bestSuite:3134,3595,216,2097,4108,4037,4066,2511,2955,3499,1011,3582,1255,3919,1524,2192

test suite4
bestAPFD:0.938214
bestSuite:1617,3381,567,2148,3809,4059,1354,4089,2341,2042,1190,1583,701,1210

test suite5
bestAPFD:0.925909
bestSuite:2422,3520,27,1915,4109,2973,4066,1451,3976,3589,1263

test suite6
bestAPFD:0.948056
bestSuite:1425,3408,2907,3160,3926,4103,4079,672,1109,2795,3813,2535,1688,3893,799,676,3896,995

test suite7
bestAPFD:0.941364
bestSuite:3278,271,4093,844,4078,1894,3008,2221,3864,1589,2182

test suite8
bestAPFD:0.953889
bestSuite:2102,2270,4007,4066,4091,3744,2543,3927,2135,204,3453,3320,1750,832,2018,2276,803,822

test suite9
bestAPFD:0.935714
bestSuite:2942,3034,644,3631,4082,1429,1023,4089,988,3091,904,928,3985,1950

test suite10
bestAPFD:0.938667
bestSuite:2382,1811,3117,1272,4107,3328,1281,3072,4085,1607,1640,2663,3229,352,2349

test suite11
bestAPFD:0.947143
bestSuite:3353,2948,4077,1473,800,4107,1741,3490,3815,24,1357,3442,174,2381

test suite12
bestAPFD:0.968158
bestSuite:2521,3633,4073,4094,274,3302,3152,331,1690,1633,3162,3516,2943,651,2011,929,1557,3430,2483

test suite13
bestAPFD:0.936875
bestSuite:2498,3809,489,4054,4109,1269,1578,4083,2550,801,3875,258,3819,1684,2175,2399

test suite14
bestAPFD:0.925000
bestSuite:4011,3312,141,3484,3337,142,4085,4095,2162,528,3956,3689,3061

test suite15
bestAPFD:0.949615
bestSuite:3554,2225,4109,2035,4065,1396,1504,3144,2187,2015,920,1705,291

test suite16
bestAPFD:0.958500
bestSuite:3668,2561,2568,4113,4084,1997,736,1059,3624,2795,1277,1432,3647,735,116,1055,3299,3327,3884,3910

test suite17
bestAPFD:0.926818
bestSuite:3935,3850,2020,963,4099,4057,3071,2017,1825,985,1398

test suite18
bestAPFD:0.953667
bestSuite:2372,3066,657,4085,4112,1042,200,1469,3823,1679,2342,1020,1502,3317,1664

test suite19
bestAPFD:0.921111
bestSuite:3178,2906,2599,4113,4072,1910,3305,2353,846

test suite20
bestAPFD:0.943056
bestSuite:2058,2359,1519,3734,4101,2823,1096,1871,1464,4065,3653,524,2299,3773,3874,2681,2964,2966

test suite21
bestAPFD:0.947692
bestSuite:2761,4081,3157,48,4103,1127,3054,861,2351,3673,1306,2932,3385

test suite22
bestAPFD:0.941471
bestSuite:3293,873,3304,4101,2956,3418,3065,2950,1275,2130,1046,2111,3552,2976,511,532,4021

test suite23
bestAPFD:0.955333
bestSuite:3278,4082,287,4103,1158,940,1453,1046,868,4046,2172,2027,1538,1853,1466

test suite24
bestAPFD:0.938929
bestSuite:3094,2163,2510,4104,4071,3312,3505,72,925,1111,2133,1325,853,1355

test suite25
bestAPFD:0.938000
bestSuite:3809,28,1945,3254,2415,4086,4084,1290,1923,3958,2128,3415,1703,1481,1839

test suite26
bestAPFD:0.939706
bestSuite:2190,3137,3421,4101,2811,824,3502,4061,1765,2087,3124,873,2958,2939,1232,3714,1138

test suite27
bestAPFD:0.943529
bestSuite:3349,3092,1804,3616,1769,1513,4072,4093,3022,1514,2802,2629,1888,3261,2591,2997,569

test suite28
bestAPFD:0.936389
bestSuite:2873,3148,3793,3149,4096,139,4076,3924,2874,1474,1988,196,1610,1532,1839,1595,3713,448

test suite29
bestAPFD:0.937273
bestSuite:2422,2628,4057,4107,1322,2745,3327,2755,1709,282,2516

test suite30
bestAPFD:0.958333
bestSuite:3278,2661,4083,4110,1240,2362,679,3303,1402,1495,3091,3569,1614,3463,1606

test suite31
bestAPFD:0.955000
bestSuite:2776,3437,4066,1729,4113,3647,2883,1745,2497,6,2573,1972,2791,1893,3823

test suite32
bestAPFD:0.942857
bestSuite:2369,3137,3432,3520,4073,418,4104,3580,1061,2231,926,729,2151,1160

test suite33
bestAPFD:0.910556
bestSuite:2978,2873,3097,195,3492,4062,4105,2235,390

test suite34
bestAPFD:0.937273
bestSuite:3346,118,685,1256,4058,4102,828,2341,1809,2010,3796

test suite35
bestAPFD:0.931250
bestSuite:2248,3432,1829,2661,1600,4071,3318,2952,4108,1686,2396,3732,2140,286,2865,1438

test suite36
bestAPFD:0.933077
bestSuite:3465,1680,3633,4051,4105,3763,4068,2643,1397,3033,2989,2055,2896

test suite37
bestAPFD:0.940000
bestSuite:3092,1743,420,2286,955,4093,2568,4057,1239,1138,3686,1031,1979,1660,3082,622,2784,1370,2092

test suite38
bestAPFD:0.943214
bestSuite:3787,20,4032,2867,4065,4088,2016,2699,1580,2000,3369,1659,3100,1538

test suite39
bestAPFD:0.951842
bestSuite:3625,2184,2654,991,2892,4104,4071,1916,3341,1914,3481,554,674,2101,1714,3752,2480,3527,3029

test suite40
bestAPFD:0.944643
bestSuite:2598,2432,4073,4096,904,3302,2112,3978,2448,2146,2123,3831,780,3480

test suite41
bestAPFD:0.941667
bestSuite:2796,2636,2977,1806,4057,4113,3976,3009,770,1603,3125,2621,2410,301,1875,2833,1650,808

test suite42
bestAPFD:0.924545
bestSuite:3173,2397,236,2432,4076,757,4102,637,1468,646,2565

test suite43
bestAPFD:0.949063
bestSuite:3668,2705,1021,510,4100,2485,1378,2706,3224,4068,1000,1196,1937,2513,2952,3602

test suite44
bestAPFD:0.958235
bestSuite:3771,2394,3449,4074,1290,4086,1845,1745,3091,3851,3945,3223,3733,3326,1425,2915,3398

test suite45
bestAPFD:0.953571
bestSuite:3716,3013,138,4069,4098,3921,2574,987,749,2660,1299,3252,3700,3115

test suite46
bestAPFD:0.931667
bestSuite:2422,292,3614,4097,1245,2461,4066,2205,3836,2595,3034,1472

test suite47
bestAPFD:0.946944
bestSuite:3217,2649,355,4100,2680,4069,3166,3798,3301,1354,1605,1927,2227,2271,1990,3940,2696,3310

test suite48
bestAPFD:0.961000
bestSuite:2724,4057,489,1549,2939,2358,4103,788,1532,3512,3079,3139,180,930,2260,2385,2030,3731,1927,1451

test suite49
bestAPFD:0.947632
bestSuite:3447,1422,4030,2825,2637,4098,4080,315,2831,1376,649,3056,636,359,2542,1204,3002,2855,974

test suite50
bestAPFD:0.947917
bestSuite:3716,2628,4078,4107,1061,798,3064,2829,2606,3097,603,3960

test suite51
bestAPFD:0.961579
bestSuite:3556,2737,2236,4109,1581,2417,4084,1245,3121,2593,1606,2383,1325,1902,3239,3488,215,2837,3162

test suite52
bestAPFD:0.942778
bestSuite:2678,3688,3961,1480,3048,4066,4095,3921,2001,1742,1160,968,3996,3480,2309,1156,1281,1609

test suite53
bestAPFD:0.952250
bestSuite:3063,1852,3449,4080,865,4106,3559,1701,1065,927,3903,2946,3747,2551,1029,45,2923,89,2926,3287

test suite54
bestAPFD:0.950000
bestSuite:2333,3367,2168,4099,2812,1893,4073,2286,2318,1625,4043,1399,2141,441,1875,1713

test suite55
bestAPFD:0.950556
bestSuite:3063,2099,3010,4066,312,1851,4088,1824,405,2549,1678,3441,3833,3605,3343,1725,1108,537

test suite56
bestAPFD:0.954118
bestSuite:3872,3384,2270,1999,4108,4076,1395,276,796,2125,1597,1519,1929,1472,1114,3887,978

test suite57
bestAPFD:0.946875
bestSuite:2548,207,2938,3039,4090,1328,4063,2087,3589,3737,2002,3045,2263,2111,3956,2571

test suite58
bestAPFD:0.939722
bestSuite:2832,3661,3359,3325,4062,3018,3798,3922,1965,1838,1839,4115,654,409,4010,66,1827,3198

test suite59
bestAPFD:0.928333
bestSuite:3914,2387,916,1971,434,824,4058,4114,1312,2827,945,1377,3497,1601,3002

test suite60
bestAPFD:0.960526
bestSuite:2609,3520,475,2805,4062,4110,21,1119,1753,657,1809,536,3884,1304,661,2400,2106,3172,2964

test suite61
bestAPFD:0.951562
bestSuite:2776,2474,3472,2923,4097,4063,2140,1331,3994,3128,701,2939,3947,1476,2404,2260

test suite62
bestAPFD:0.945333
bestSuite:2301,3192,1719,4069,3951,4096,3182,2780,1487,1212,3577,2282,626,717,1345

test suite63
bestAPFD:0.934091
bestSuite:2942,3208,1460,4084,4113,1085,1797,3020,3134,3940,3090

test suite64
bestAPFD:0.951944
bestSuite:1852,3167,2854,2234,4081,894,4096,2884,321,1235,3873,2184,2787,813,2454,3370,1549,1446

test suite65
bestAPFD:0.936071
bestSuite:3293,1997,3383,2956,3984,3454,2540,4105,2387,3102,1646,614,3963,1952

test suite66
bestAPFD:0.946562
bestSuite:3134,2954,3007,134,3831,4112,638,4058,3888,3328,3698,3297,1596,3053,893,3166

test suite67
bestAPFD:0.932187
bestSuite:2338,3847,2148,3155,4089,997,4064,321,983,1663,2298,1362,2685,2203,566,1321

test suite68
bestAPFD:0.923750
bestSuite:644,3392,2587,4037,2631,3817,1669,1554,1198,4045,4089,2207,1094,2036,4085,3479,3301,299,3901,1861

test suite69
bestAPFD:0.946190
bestSuite:3843,3607,2500,669,2051,4110,4060,1357,563,3300,1599,3363,2014,1755,2986,2351,1887,892,2005,121,2475

test suite70
bestAPFD:0.926667
bestSuite:2700,2044,3126,2329,1335,4059,4103,1243,2255,1026,3617,1514

test suite71
bestAPFD:0.946750
bestSuite:3984,3153,2882,4109,693,1402,1361,3661,1937,3434,4081,685,3938,2970,2416,1517,81,687,1365,3422

test suite72
bestAPFD:0.943667
bestSuite:3841,3638,524,360,3692,4063,4095,2531,1178,991,1814,3082,1703,1741,3525

test suite73
bestAPFD:0.960556
bestSuite:2080,4063,2693,392,4094,4005,3220,1896,3930,1657,2222,2753,1498,1993,2820,772,3243,824

test suite74
bestAPFD:0.937857
bestSuite:2906,2261,4067,1862,2513,4053,1096,1887,3833,4104,2083,607,4056,1910

test suite75
bestAPFD:0.921875
bestSuite:2521,3349,1903,4106,4073,3903,1620,3144

test suite76
bestAPFD:0.950385
bestSuite:3964,2115,4107,4061,3649,1383,3606,2599,1926,366,1690,3449,884

test suite77
bestAPFD:0.929444
bestSuite:2733,2659,2124,3609,956,4089,2841,1335,933,2983,440,3885,865,102,944,2702,2024,4078

test suite78
bestAPFD:0.967750
bestSuite:2179,4072,4115,2858,1722,1635,2921,2857,9,873,2706,1,3036,715,630,1430,2680,1816,2617,1840

test suite79
bestAPFD:0.951071
bestSuite:3178,2398,4063,2491,4100,2638,1686,696,3976,2123,1839,3059,3918,3703

test suite80
bestAPFD:0.945882
bestSuite:3117,2032,2073,2068,1020,4102,4059,3857,1501,2902,2937,3533,2016,3148,935,1329,3939

test suite81
bestAPFD:0.944063
bestSuite:3868,3984,3298,1085,4084,3663,1997,4113,3974,1976,1989,3561,2109,3856,1870,252

test suite82
bestAPFD:0.950588
bestSuite:3092,2534,2458,1672,4093,1630,4057,471,1013,3351,1802,3559,2694,3496,3047,3391,1203

test suite83
bestAPFD:0.965250
bestSuite:3282,2426,4002,4113,4074,1261,2797,2917,1473,2284,2987,3963,1029,3677,3103,169,3340,1306,3079,4043

test suite84
bestAPFD:0.932692
bestSuite:2096,2060,2852,4075,960,3932,4112,1398,2884,2966,1946,3168,521

test suite85
bestAPFD:0.951944
bestSuite:2115,4033,2163,941,4085,1168,3272,3401,488,3725,824,984,2527,1721,111,524,2286,4086

test suite86
bestAPFD:0.943000
bestSuite:3717,1809,4105,4058,1784,2477,3846,3078,2147,3243

test suite87
bestAPFD:0.938889
bestSuite:2828,2193,418,3803,1848,2071,4087,4063,930,1103,1869,868,3852,781,3150,2176,655,3564

test suite88
bestAPFD:0.949667
bestSuite:3841,2696,4093,1657,4066,1789,3553,2793,3403,1788,3482,3917,1161,1703,3328

test suite89
bestAPFD:0.955000
bestSuite:4024,3588,1241,4064,4092,772,3069,3847,1973,3483,3671,1429,708,2229,1760,4017

test suite90
bestAPFD:0.921538
bestSuite:2923,3495,3015,2505,3318,451,1014,4074,4107,1740,3730,2048,3232

test suite91
bestAPFD:0.950263
bestSuite:4011,525,3367,1747,2858,1578,1407,4103,4067,271,2605,3348,3537,3019,2823,3122,83,3172,3933

test suite92
bestAPFD:0.936667
bestSuite:2270,3218,3381,4092,3337,2680,2956,859,909,1973,1074,3761,73,801,1198

test suite93
bestAPFD:0.938810
bestSuite:3681,3921,1021,3689,1427,3923,4097,4058,1075,585,842,2629,472,2013,841,3478,3647,3013,1520,3733,1309

test suite94
bestAPFD:0.948056
bestSuite:3911,2458,4097,3017,2299,4063,3359,2550,1290,1832,1423,2052,1402,853,1473,518,3884,2651

test suite95
bestAPFD:0.926333
bestSuite:3490,1600,2071,3509,20,4082,4090,404,1241,3447,1614,297,2308,1822,1707

test suite96
bestAPFD:0.924412
bestSuite:3617,2697,3012,3439,2995,4096,1925,3104,4058,2156,2550,3669,3168,3122,696,2217,3074

test suite97
bestAPFD:0.936765
bestSuite:3961,2642,2092,4090,1461,4058,2171,1184,1571,2340,3743,3941,1481,2302,2868,3377,1651

test suite98
bestAPFD:0.956250
bestSuite:3868,3418,2201,4059,4115,3382,3917,383,3592,3426,1650,1429,887,2255,4040,2017,1778,1244,3414,2504

test suite99
bestAPFD:0.922917
bestSuite:2344,3197,2114,4088,1334,4084,1492,3093,1904,3549,1834,3727

test suite100
bestAPFD:0.925000
bestSuite:3465,2112,3640,4082,4111,2428,3447,2516,662,1184

test suite101
bestAPFD:0.943929
bestSuite:2548,2281,3669,4074,4094,1240,3710,3100,3757,3483,296,1736,3183,2427

test suite102
bestAPFD:0.935417
bestSuite:2372,3555,1593,2956,2658,615,4113,3227,1035,3495,1428,3064

test suite103
bestAPFD:0.953333
bestSuite:3556,99,2416,3194,1485,4081,921,4111,3238,1532,770,1677,3677,3114,4020,2026,3725,3401

test suite104
bestAPFD:0.951000
bestSuite:3015,4006,2437,4058,956,2745,4096,3783,3926,3701,968,689,1060,1880,1386,575,1101,473,2089,1201

test suite105
bestAPFD:0.945333
bestSuite:2826,2058,3371,93,4115,4057,1027,1433,2009,803,1463,798,941,3777,1105

test suite106
bestAPFD:0.918438
bestSuite:3393,1949,3982,820,2072,3620,1534,4098,3403,2522,1799,719,2753,1892,3703,4062

test suite107
bestAPFD:0.926000
bestSuite:2659,2180,3441,4074,2964,2835,4091,1216,2280,2371,2606,1775,775,624,3871

test suite108
bestAPFD:0.938929
bestSuite:3349,3548,3839,2950,4099,4060,1651,1246,2433,3976,2580,1713,86,1540

test suite109
bestAPFD:0.930385
bestSuite:2324,2440,3173,4061,4091,220,3703,1325,3056,1933,343,1797,2789

test suite110
bestAPFD:0.954211
bestSuite:3877,2338,3327,413,4101,2643,4062,1115,1806,706,2148,3286,1591,934,2650,1478,2652,2250,196

test suite111
bestAPFD:0.944375
bestSuite:3612,563,667,3948,2365,4062,4114,2705,1127,1213,3941,471,2435,3837,1919,987

test suite112
bestAPFD:0.925000
bestSuite:2839,3993,2815,3919,1794,4087,4057,4055,1196,2607,1374,1292,2691

test suite113
bestAPFD:0.936111
bestSuite:2722,3141,3608,1982,2357,2221,4076,4111,1792,376,1335,2227,3212,4033,671,1755,2074,2359

test suite114
bestAPFD:0.923750
bestSuite:3195,2000,4050,3595,221,4078,2031,4096,1400,685,1960,3455,798,866,2074,3798

test suite115
bestAPFD:0.940313
bestSuite:2447,4046,3129,4075,3266,3906,4092,1103,1734,2694,1944,3850,653,83,1638,2719

test suite116
bestAPFD:0.954118
bestSuite:2609,2333,3209,4108,4070,2028,1347,3066,1866,3334,1928,2400,1860,2772,2778,129,880

test suite117
bestAPFD:0.970682
bestSuite:2179,4083,2678,4114,4003,1119,1596,2288,1454,2345,1645,3073,690,2245,1470,2798,2341,3335,2827,686,1177,81

test suite118
bestAPFD:0.932500
bestSuite:3496,1422,2492,332,4079,4104,1333,1222,1960,3484,2421,2110,1666,2678

test suite119
bestAPFD:0.935667
bestSuite:3094,2162,2061,1667,1883,4110,1905,4074,76,3357,2166,79,1422,3444,716

test suite120
bestAPFD:0.909643
bestSuite:3506,2231,2944,3345,107,872,4088,4060,1334,2136,1633,2746,1596,2264

test suite121
bestAPFD:0.926250
bestSuite:2281,2362,3616,2516,4077,3752,2645,4090,3857,2475,872,979

test suite122
bestAPFD:0.940769
bestSuite:2344,3080,3101,4063,4090,1079,2386,994,3729,1599,2584,3150,3340

test suite123
bestAPFD:0.925417
bestSuite:2327,2375,3079,4102,3134,1139,4070,931,2682,2781,1799,2676

test suite124
bestAPFD:0.936471
bestSuite:2945,2855,4076,2825,4089,1853,780,1656,1061,2206,2007,3812,330,1692,1,1616,2331

test suite125
bestAPFD:0.938929
bestSuite:3668,72,2567,3790,4114,2316,3460,2956,2406,871,2986,1707,1424,1334

test suite126
bestAPFD:0.946250
bestSuite:3935,510,2190,3441,3876,2205,4072,4108,1880,1015,493,419,2687,1606,3699,1282

test suite127
bestAPFD:0.944118
bestSuite:3494,3137,3666,3980,1503,4095,4069,1355,2237,822,2995,2576,1779,1921,3232,1040,2169

test suite128
bestAPFD:0.944375
bestSuite:3465,2027,788,2473,1115,4084,2510,2301,3550,2229,2424,1630,2542,2016,3496,4108

test suite129
bestAPFD:0.954063
bestSuite:2954,3844,3418,2479,4062,4089,1847,3382,1192,2306,2368,1714,2471,884,682,485

test suite130
bestAPFD:0.951765
bestSuite:2826,4084,3133,3021,2104,4086,1338,2357,2221,2309,254,2021,1610,2595,1946,2387,3028

test suite131
bestAPFD:0.948056
bestSuite:3650,2090,4035,3012,2108,4088,4080,386,966,1324,979,3276,2994,3801,1776,2302,2208,799

test suite132
bestAPFD:0.945667
bestSuite:2609,1525,3200,4090,794,4065,2230,1581,1045,3690,755,3126,3701,1463,1553

test suite133
bestAPFD:0.946579
bestSuite:3324,449,4073,1845,2221,2483,2838,754,372,2309,4110,1316,989,1471,1437,2336,2417,4026,2646

test suite134
bestAPFD:0.943611
bestSuite:3809,2585,2996,1860,3862,1383,1563,4091,4041,4059,414,997,1870,4023,3146,3852,786,2715

test suite135
bestAPFD:0.931765
bestSuite:2668,3402,1886,2468,2949,4100,661,951,4060,2282,3482,2653,188,156,1459,3880,2793

test suite136
bestAPFD:0.944333
bestSuite:3080,3921,2315,1828,4071,4093,3846,1212,3729,778,3873,3604,3459,1535,274

test suite137
bestAPFD:0.933611
bestSuite:3873,2923,3903,2508,3046,3008,1134,4104,152,3869,2865,4068,1598,2279,1010,105,983,2399

test suite138
bestAPFD:0.954688
bestSuite:2333,3134,3593,4057,4113,3137,264,3711,1012,2866,3454,2975,1024,426,915,1535

test suite139
bestAPFD:0.925417
bestSuite:1425,3440,2840,355,3644,4107,4081,3007,625,684,899,2052

test suite140
bestAPFD:0.949643
bestSuite:2856,2780,4065,3012,4101,1818,2081,1970,2019,630,2920,647,3351,397

test suite141
bestAPFD:0.938214
bestSuite:3013,2366,1508,4086,2406,698,4084,427,2396,3226,3047,68,3174,2113

test suite142
bestAPFD:0.915500
bestSuite:3625,2374,2212,3339,4097,2800,4068,3699,1290,1904

test suite143
bestAPFD:0.953929
bestSuite:2164,135,4068,4105,2080,3375,3305,763,2355,895,3449,3790,3034,3742

test suite144
bestAPFD:0.934500
bestSuite:3556,2375,4099,4068,18,2548,3374,768,1571,1915

test suite145
bestAPFD:0.954063
bestSuite:3565,2066,3641,4089,4078,1052,1697,3283,2896,3989,2582,880,586,34,3884,1676

test suite146
bestAPFD:0.958500
bestSuite:2333,200,2257,3757,4110,4074,988,2523,595,1810,1935,882,1512,1738,910,3093,908,879,1515,1029

test suite147
bestAPFD:0.956667
bestSuite:2372,2288,3854,1739,4097,4070,2893,457,1245,1767,1140,3785,2678,2234,2298,672,1831,2407

test suite148
bestAPFD:0.938667
bestSuite:2087,3559,2284,4060,3025,4105,1321,1484,1783,3502,765,1920,3272,3853,3801

test suite149
bestAPFD:0.943438
bestSuite:3167,2248,2242,3992,926,4088,4079,3505,2670,2101,1050,2629,3008,3458,2387,3005

test suite150
bestAPFD:0.938824
bestSuite:3796,2561,3472,2322,260,2373,4059,3259,922,4100,926,3918,2944,711,2112,1592,3823

test suite151
bestAPFD:0.949333
bestSuite:3282,3575,3254,2121,2253,4061,4115,3960,245,3876,3073,1107,1743,1942,2041

test suite152
bestAPFD:0.939231
bestSuite:2856,3017,2499,2939,4087,1017,2016,2339,3475,2207,1668,3128,4071

test suite153
bestAPFD:0.933438
bestSuite:2344,3142,552,4089,2966,1884,1281,1707,4077,3445,2810,3380,3620,1226,3093,284

test suite154
bestAPFD:0.933684
bestSuite:3793,3892,3011,3323,4114,1920,1728,2512,3626,1675,762,4080,1800,3852,425,2262,1293,2702,527

test suite155
bestAPFD:0.928889
bestSuite:2407,3221,2079,3194,4115,2875,1045,4060,616,3543,909,1879,2605,2396,3599,244,2517,770

test suite156
bestAPFD:0.940667
bestSuite:2261,1843,4062,639,2159,1932,4094,3302,3011,630,3234,242,2278,2494,676

test suite157
bestAPFD:0.945000
bestSuite:3267,1425,3177,3090,4076,34,4100,1268,1245,3567,3276,1446,2740,427,960,2253,1253,1938

test suite158
bestAPFD:0.943750
bestSuite:1945,3490,4115,1034,941,2437,3969,4069,2711,1559,991,1637,2941,1752,3744,2093

test suite159
bestAPFD:0.927917
bestSuite:2560,2766,3042,2314,4072,4091,3805,795,2791,3307,849,4041

test suite160
bestAPFD:0.954167
bestSuite:2372,2995,1335,111,4074,1002,4112,2368,1842,2903,729,3546,1601,2715,3698,2175,705,2781

test suite161
bestAPFD:0.943333
bestSuite:3628,980,3924,2504,4104,2956,297,3214,1666,1187,1814,2255,3249,755,1183

test suite162
bestAPFD:0.952647
bestSuite:3665,2058,4103,4067,2666,2803,1115,2961,990,1525,662,2270,958,2696,3187,735,213

test suite163
bestAPFD:0.914643
bestSuite:79,2184,3928,1914,4074,2406,4092,970,859,3593,1807,1174,2400,1384

test suite164
bestAPFD:0.935000
bestSuite:1739,3293,2415,3976,4065,4111,2333,4046,691,1898,2489,1449,3651

test suite165
bestAPFD:0.950000
bestSuite:3841,2683,2398,2206,4072,3126,3857,4093,492,1340,2793,791,3729,434,948,1864,1267

test suite166
bestAPFD:0.950417
bestSuite:2179,3841,4099,4074,3746,819,1696,1088,2419,3180,968,1853

test suite167
bestAPFD:0.954286
bestSuite:3278,2752,4095,1590,4058,1354,2976,3839,2771,3769,2364,3895,2898,3342

test suite168
bestAPFD:0.945769
bestSuite:3178,2794,3583,4099,4073,849,2135,1600,2392,377,901,860,1000

test suite169
bestAPFD:0.933462
bestSuite:3521,2139,3855,3015,4107,4076,2897,2713,3281,502,1978,668,2557

test suite170
bestAPFD:0.943214
bestSuite:3781,2836,3263,3012,4085,4108,1556,3493,2787,3294,3849,3261,647,452

test suite171
bestAPFD:0.927500
bestSuite:1789,3973,565,3433,4066,1743,2666,4111,1863,1383,1691,1494,1711,2691,551,622

test suite172
bestAPFD:0.924375
bestSuite:3517,566,4069,4115,413,3859,1614,2001

test suite173
bestAPFD:0.943077
bestSuite:3313,2883,3446,4078,3766,4087,3349,828,965,2563,2411,3732,872

test suite174
bestAPFD:0.938529
bestSuite:2560,1910,2917,3606,3493,4079,1487,4097,1095,3334,884,1817,1696,1507,693,1528,570

test suite175
bestAPFD:0.935833
bestSuite:2834,3524,3494,881,4088,3062,4064,3912,1707,3560,3674,677

test suite176
bestAPFD:0.930000
bestSuite:2703,2268,3595,3864,2036,4107,2956,2171,931,1807,1538,1183,2685,1292,1561,3876

test suite177
bestAPFD:0.959211
bestSuite:3868,3665,2854,4071,806,4098,1167,3182,3497,775,2015,2195,663,1777,1995,1086,720,16,998

test suite178
bestAPFD:0.956316
bestSuite:2628,3663,699,2468,2243,2956,4087,1378,3224,664,641,4055,3118,1512,3790,3307,2793,2636,697

test suite179
bestAPFD:0.952500
bestSuite:3717,664,4073,4088,2567,910,1665,2474,1256,757,3340,1550

test suite180
bestAPFD:0.947857
bestSuite:3437,2275,4104,4006,1557,3040,751,4068,2603,2841,1757,141,2488,2139

test suite181
bestAPFD:0.965000
bestSuite:2521,4061,2862,4105,1894,1545,1579,2360,2166,3052,2550,3692,3098,4017,1676,669,2075,239

test suite182
bestAPFD:0.937188
bestSuite:2492,2418,347,4064,1250,735,1256,3601,3920,1831,2542,2279,119,3983,1365,4101

test suite183
bestAPFD:0.943889
bestSuite:2193,417,2032,2101,4072,2253,1799,4095,659,1791,3097,367,1608,3412,3828,577,1393,3218

test suite184
bestAPFD:0.914167
bestSuite:2509,887,3225,2194,4105,2130,2956,1825,1125,1655,2950,1622

test suite185
bestAPFD:0.941538
bestSuite:3557,2145,4095,3354,4083,1115,2991,2998,1935,2123,3422,2847,2386

test suite186
bestAPFD:0.930417
bestSuite:1945,3749,3071,4113,3990,4075,3012,221,1237,4028,258,2150

test suite187
bestAPFD:0.954412
bestSuite:2369,3921,2925,3769,4075,4105,1575,312,3925,2773,2429,2016,812,4017,2458,1120,2062

test suite188
bestAPFD:0.950000
bestSuite:3242,2301,3137,4082,4104,1364,2497,1055,1010,511,2808,253,628,1886,2604,2361

test suite189
bestAPFD:0.943182
bestSuite:2521,465,4057,4101,1534,1472,3884,3998,3863,2157,1086

test suite190
bestAPFD:0.941818
bestSuite:2099,2220,1931,2956,202,2919,3132,1383,2952,2731,4115,4019,4045,1629,3364,1058,1715,1254,2865,3057,2862,493

test suite191
bestAPFD:0.948125
bestSuite:3657,36,3794,4102,2032,656,4076,2543,3949,703,1545,2140,1426,937,3910,3562

test suite192
bestAPFD:0.953611
bestSuite:3043,3615,117,2332,1395,4037,4114,4085,2464,3789,1365,1996,437,1009,1542,3476,969,2543

test suite193
bestAPFD:0.932778
bestSuite:3706,3316,2288,3899,877,2060,4100,2583,743,1290,3223,1661,1853,3731,474,1380,904,4068

test suite194
bestAPFD:0.927000
bestSuite:2376,3864,3616,519,771,4111,4058,2473,3636,2007,1496,3103,1097,1300,741

test suite195
bestAPFD:0.949000
bestSuite:2275,3847,4061,2615,4086,3645,3614,2986,2081,2104,2130,1983,990,3769,296

test suite196
bestAPFD:0.941250
bestSuite:3349,1115,3131,2627,4058,3677,4094,1703,2447,524,719,2760,3901,1951,92,1596

test suite197
bestAPFD:0.954706
bestSuite:2372,3767,2691,2787,3222,4108,2597,4073,23,1763,3182,58,796,2089,499,1725,1887

test suite198
bestAPFD:0.935000
bestSuite:2163,3698,2593,4099,4057,2865,2530,2006,3398,3029,1609,475

test suite199
bestAPFD:0.961875
bestSuite:2179,3203,4067,4097,1085,2438,945,454,2952,2988,770,3570,2017,2127,2925,1248

test suite200
bestAPFD:0.937273
bestSuite:2082,3841,3358,4103,4072,2230,2555,4034,2140,3170,1515

test suite201
bestAPFD:0.942813
bestSuite:3570,504,2338,2166,4110,4079,1287,1616,3675,3243,2322,862,1923,955,1254,3852

test suite202
bestAPFD:0.951000
bestSuite:3556,2698,4074,2193,4096,2549,3462,1590,2879,874,14,446,171,3078,2543

test suite203
bestAPFD:0.956667
bestSuite:2632,4068,2718,4106,1361,3763,3644,681,3243,3999,3122,3637,44,435,3249

test suite204
bestAPFD:0.915455
bestSuite:2432,3167,3580,3433,4066,942,2199,3928,2589,3051,4104

test suite205
bestAPFD:0.938636
bestSuite:3991,662,4059,3769,1200,4099,993,86,1365,2063,2058

test suite206
bestAPFD:0.945000
bestSuite:3517,2503,4070,4110,55,4010,1981,1624,1320,3194,1462

test suite207
bestAPFD:0.938667
bestSuite:3657,2631,3540,909,809,4104,4073,1384,1802,3208,3068,1190,1170,1514,1596

test suite208
bestAPFD:0.932692
bestSuite:2595,2035,4086,512,1034,4075,3794,53,1460,820,1648,4010,2631

test suite209
bestAPFD:0.956176
bestSuite:3333,2270,3665,4078,4105,2523,1174,2288,2374,3505,2879,765,2512,2893,411,3904,2155

test suite210
bestAPFD:0.925385
bestSuite:2564,3637,1351,4105,2239,2825,4067,408,3862,2627,2412,920,4034

test suite211
bestAPFD:0.936538
bestSuite:3206,3448,230,4090,4083,1640,2240,3895,3706,2098,1099,2892,2806

test suite212
bestAPFD:0.925417
bestSuite:3570,2705,3620,2016,1467,4093,4068,1995,1016,4050,240,1065

test suite213
bestAPFD:0.901429
bestSuite:3282,3841,4077,708,4098,3980,2929

test suite214
bestAPFD:0.928667
bestSuite:3354,392,2753,2139,4071,1911,4086,1033,1222,2312,976,4032,747,2507,733

test suite215
bestAPFD:0.941250
bestSuite:3848,3052,2853,4075,3957,2403,4099,543,891,1209,1967,3483,1707,304,2351,1648

test suite216
bestAPFD:0.922083
bestSuite:2649,3490,2971,3549,774,3921,4105,3731,2395,1579,778,4061

test suite217
bestAPFD:0.933333
bestSuite:4031,2517,3386,4089,3323,2891,4067,1122,642,1989,1506,696,927,949,2541

test suite218
bestAPFD:0.939412
bestSuite:2398,3203,3184,2030,4081,4112,3239,45,1835,1974,2473,475,1968,2971,785,1302,2365

test suite219
bestAPFD:0.952222
bestSuite:3529,3984,4095,2517,4080,2490,1718,3188,2481,3929,1691,1545,2267,560,2989,889,427,3423

test suite220
bestAPFD:0.944000
bestSuite:2755,3066,978,2338,2927,4110,4085,1200,3492,1713,70,1586,1569,3846,2914

test suite221
bestAPFD:0.931071
bestSuite:3490,3401,3137,650,4087,4078,3010,3886,748,3226,1557,385,800,195

test suite222
bestAPFD:0.946875
bestSuite:3288,2728,142,2365,4073,2834,4109,1270,359,999,3869,1401,1424,2640,1484,1837

test suite223
bestAPFD:0.895357
bestSuite:988,3502,73,2277,1806,936,655,1942,815,4104,4078,1316,3723,1783

test suite224
bestAPFD:0.962941
bestSuite:2521,4074,175,4113,3843,853,3584,385,2492,2781,1658,3471,1952,2700,3077,1036,3813

test suite225
bestAPFD:0.940357
bestSuite:2548,391,3840,2329,4065,4107,3159,1845,1072,3958,3617,2230,642,1498

test suite226
bestAPFD:0.965789
bestSuite:2179,4095,3043,4057,3509,2162,3734,1658,2123,2269,1902,3642,994,115,24,1146,3745,1951,3420

test suite227
bestAPFD:0.915625
bestSuite:3554,467,4097,4072,1672,1900,741,2402

test suite228
bestAPFD:0.937083
bestSuite:3872,2180,4071,2082,4109,1506,3920,3034,520,2176,3537,3198

test suite229
bestAPFD:0.955789
bestSuite:3872,619,4057,4115,2014,1119,2584,3147,893,2406,2888,2152,1,1566,776,2322,1111,2540,2383

test suite230
bestAPFD:0.956842
bestSuite:2275,2633,3038,4074,3347,2327,4089,1478,1326,2643,836,796,1146,56,546,2988,2054,2980,2254

test suite231
bestAPFD:0.948235
bestSuite:3258,2703,2633,790,4063,2425,4096,1527,752,727,2540,1941,658,3544,1728,869,2089

test suite232
bestAPFD:0.950500
bestSuite:2427,2491,3767,3802,4084,2716,1451,4098,994,559,2480,1690,3180,3321,1147,3181,1692,1156,1917,2156

test suite233
bestAPFD:0.915455
bestSuite:2593,2362,3325,4108,4078,1091,1884,3103,3026,705,3381

test suite234
bestAPFD:0.942500
bestSuite:2633,437,754,3433,4098,4060,1608,2204,1431,420,3456,2453,3360,1307,1451,1010

test suite235
bestAPFD:0.958056
bestSuite:2548,2722,4065,4111,1574,1316,533,3805,2763,1460,518,1014,2298,1682,3111,3549,635,417

test suite236
bestAPFD:0.935882
bestSuite:2471,2119,4072,2338,646,4102,3451,1312,2739,1797,3166,609,2245,2651,1368,1444,917

test suite237
bestAPFD:0.936923
bestSuite:2333,2835,566,4083,2357,4115,3776,106,2612,969,3042,3418,2030

test suite238
bestAPFD:0.926923
bestSuite:3354,3176,2253,4079,3982,4053,4104,792,636,908,1503,3540,2363

test suite239
bestAPFD:0.920000
bestSuite:3417,3455,1783,3901,802,2990,4020,4100,4071,2391,3204,1688,1727,680,3732,637,1192

test suite240
bestAPFD:0.958529
bestSuite:2690,3907,1326,4069,2736,4103,529,2939,3490,2204,1796,874,1990,119,2062,2930,4029

test suite241
bestAPFD:0.948684
bestSuite:4054,2016,4027,2119,4081,2162,3129,680,1821,4098,2846,3232,3673,1399,2265,3321,3370,2833,1614

test suite242
bestAPFD:0.942857
bestSuite:3324,2945,4076,3580,1920,4113,2055,2997,1241,3604,747,3760,1689,258

test suite243
bestAPFD:0.921250
bestSuite:3192,2673,2267,3869,2967,4083,1996,3157,4015,1693,1562,4093

test suite244
bestAPFD:0.951765
bestSuite:3841,2944,852,1474,3870,4090,4084,2496,393,3813,1547,1340,912,734,2887,815,1042

test suite245
bestAPFD:0.962778
bestSuite:3517,4062,228,4051,1583,4091,637,955,1899,4015,2435,851,3984,1182,2985,844,895,2019

test suite246
bestAPFD:0.948571
bestSuite:3178,2814,2432,4062,1839,4089,1661,2549,3249,3488,1848,1611,1834,736

test suite247
bestAPFD:0.925333
bestSuite:3529,2235,3666,3399,4064,4088,2807,1796,1331,1026,2254,2231,389,1967,1459

test suite248
bestAPFD:0.957500
bestSuite:2337,3907,2569,1644,4065,4087,1361,1542,3448,911,2858,2286,3422,227,496,1104,21,2719

test suite249
bestAPFD:0.942813
bestSuite:3206,3086,431,3183,4107,4077,3844,2703,1697,1685,2946,1557,3836,703,2052,869

test suite250
bestAPFD:0.947619
bestSuite:3594,2839,2835,2988,4089,891,2661,4075,2063,2727,1289,1690,1143,1625,3006,1561,522,2859,2494,2141,2687

test suite251
bestAPFD:0.927333
bestSuite:2028,3645,2710,3548,4062,1890,2026,4097,1200,1704,1895,2739,2566,763,1480

test suite252
bestAPFD:0.961591
bestSuite:2561,3670,3272,2956,673,4102,3826,1351,1111,3984,726,1080,352,1366,2286,2429,2801,3368,1755,517,1219,1688

test suite253
bestAPFD:0.966190
bestSuite:2615,3921,4077,2068,4107,1559,3542,3502,1289,787,2390,1453,2728,75,2798,698,2198,3462,621,1549,2687

test suite254
bestAPFD:0.947778
bestSuite:3131,2499,2162,1024,4100,878,4061,3120,1748,1472,3762,3027,2363,2745,3807,1923,1644,247

test suite255
bestAPFD:0.962500
bestSuite:2761,3899,2836,4094,4076,836,1251,2949,219,2111,1243,2619,282,2787,3475,3579,511,887

test suite256
bestAPFD:0.947812
bestSuite:2609,1748,3124,4071,4092,851,1417,3707,2728,768,1436,1988,2286,3339,3983,23

test suite257
bestAPFD:0.932500
bestSuite:2389,1667,546,3477,3272,4068,974,632,2313,1033,1430,415,1857,2404,2030,2037,3979,4110

test suite258
bestAPFD:0.950000
bestSuite:3554,93,2956,4105,3208,1251,3974,3389,1663,3149,3784,2159,1276

test suite259
bestAPFD:0.931765
bestSuite:3034,923,2099,290,3725,2001,1158,4072,3951,4090,999,3238,1871,990,3334,908,875

test suite260
bestAPFD:0.959286
bestSuite:3717,2778,4104,4071,2750,1692,3768,3590,1875,3006,640,3813,138,656

test suite261
bestAPFD:0.901000
bestSuite:2939,2839,3017,1814,4103,3941,2985,1286,4069,2250

test suite262
bestAPFD:0.953214
bestSuite:3991,3282,894,4076,4106,3055,270,3203,3628,3134,795,121,3656,1645

test suite263
bestAPFD:0.944737
bestSuite:3927,3173,1957,4108,679,1321,728,129,1873,2886,4064,250,2993,1603,2969,3952,3436,3041,626

test suite264
bestAPFD:0.945833
bestSuite:3278,3767,2270,4086,4085,3804,402,3201,1981,3791,2397,1050

test suite265
bestAPFD:0.942500
bestSuite:2538,3360,4111,3973,200,4059,1263,3825,1587,2888,2697,2083,57,3950,1942,1435

test suite266
bestAPFD:0.939167
bestSuite:2852,2875,2302,2068,4059,1560,260,1219,2407,4099,1328,3970,1098,1509,820,2077,902,886

test suite267
bestAPFD:0.927500
bestSuite:3583,378,2104,3548,3973,4084,3689,4104,1397,3402,1626,1517,3459,2821,3284,2368

test suite268
bestAPFD:0.941538
bestSuite:3787,3911,147,4083,4094,1757,2491,896,1206,1417,3271,2361,2486

test suite269
bestAPFD:0.938333
bestSuite:2724,411,4061,2408,4086,1897,2530,2910,3362,914,1659,2013

test suite270
bestAPFD:0.923077
bestSuite:2755,3174,2649,3851,4057,1812,1493,1331,2528,51,1358,2590,4105

test suite271
bestAPFD:0.937632
bestSuite:3272,2823,953,1750,1497,1461,2293,2550,4090,4075,1393,506,3762,54,794,1595,3342,1190,1936

test suite272
bestAPFD:0.935294
bestSuite:3426,2564,3533,3290,2401,1192,2129,4084,4113,3492,957,956,148,3748,1514,3525,1955

test suite273
bestAPFD:0.949375
bestSuite:3192,3033,345,4082,2550,4102,874,2248,912,3237,2448,1887,3507,2996,1850,256

test suite274
bestAPFD:0.931765
bestSuite:3094,2762,546,3929,4060,4086,679,1395,3091,1607,3931,740,1658,3904,1651,2585,2026

test suite275
bestAPFD:0.957368
bestSuite:3333,244,3929,4102,663,4058,2043,1251,1507,2990,882,2742,524,2194,3096,902,4021,749,924

test suite276
bestAPFD:0.955526
bestSuite:3615,1943,2737,3625,1738,1355,4059,4088,3420,3041,3510,1724,3315,744,1487,1647,2232,3243,3758

test suite277
bestAPFD:0.942308
bestSuite:3935,2615,2623,4114,3793,4060,2973,1334,917,3872,1141,2658,1784

test suite278
bestAPFD:0.944688
bestSuite:2035,1767,3890,4077,3488,4113,1095,891,405,789,1974,3917,212,1874,3815,406

test suite279
bestAPFD:0.944167
bestSuite:3346,3665,1281,4079,4103,786,916,3590,27,1131,2232,2839

test suite280
bestAPFD:0.937500
bestSuite:2521,465,4071,4088,3817,3868,3751,1480,877,2192

test suite281
bestAPFD:0.954000
bestSuite:2761,626,3119,4082,1388,4098,3699,2217,3061,1583,1483,1766,2935,622,1485

test suite282
bestAPFD:0.941562
bestSuite:3388,3242,1976,2864,2733,4106,4059,75,2308,1438,2577,1859,1263,767,3485,4053

test suite283
bestAPFD:0.939643
bestSuite:2898,2281,4071,1602,3017,3360,2406,4091,3021,3165,2180,1273,1223,1275

test suite284
bestAPFD:0.933333
bestSuite:3625,3192,1617,2353,4082,4088,1095,1849,1611,2545,2953,2989

test suite285
bestAPFD:0.920385
bestSuite:2666,2699,2996,141,3363,4058,1193,4112,2195,3379,2839,1544,3314

test suite286
bestAPFD:0.924063
bestSuite:3898,2149,2043,2367,2293,1111,1706,2837,4115,1897,4061,2579,1960,341,3664,715

test suite287
bestAPFD:0.923000
bestSuite:2714,3643,3063,1713,2428,4072,663,2149,4088,934,3805,1187,1478,2585,1773

test suite288
bestAPFD:0.921667
bestSuite:3576,2737,3522,1697,1429,4063,2571,4111,2511,2006,810,1161,1664,3136,2808

test suite289
bestAPFD:0.951667
bestSuite:3069,2927,834,4071,2332,3266,4101,48,1291,2113,640,2886,1988,2508,2201,726,2352,3837

test suite290
bestAPFD:0.945588
bestSuite:1617,3257,4086,522,3493,2581,1256,4068,844,3221,3269,53,1203,3687,3978,551,740

test suite291
bestAPFD:0.950263
bestSuite:3066,2102,2078,717,4100,4062,2802,399,2967,3884,2419,1050,693,699,1584,3696,437,710,2351

test suite292
bestAPFD:0.932187
bestSuite:2058,3007,2733,4110,2731,4066,34,891,2713,3420,3586,2564,2039,1787,1995,528

test suite293
bestAPFD:0.963235
bestSuite:3219,362,4069,4094,3876,703,2575,69,3291,1332,1586,3013,2093,1479,1086,1144,3091

test suite294
bestAPFD:0.948750
bestSuite:3407,1811,2733,4068,3524,4103,2870,2587,2368,2608,973,1472,2377,2876,1018,880

test suite295
bestAPFD:0.962353
bestSuite:2179,4082,4115,2452,1266,2863,4037,2663,2231,3182,1576,2063,27,3262,2224,2902,841

test suite296
bestAPFD:0.936071
bestSuite:3966,2008,3384,3859,3675,3790,4077,3469,3855,2845,1872,2603,2067,4107

test suite297
bestAPFD:0.932308
bestSuite:3587,3873,2791,4095,4064,1586,1376,767,2237,1020,1481,1504,3488

test suite298
bestAPFD:0.941786
bestSuite:3556,2745,2427,2871,4106,4058,3611,1793,1077,2402,759,1643,2102,2449

test suite299
bestAPFD:0.921333
bestSuite:1442,2124,3433,2418,4069,3759,2455,4098,2682,1613,1772,1289,3062,2695,1101

test suite300
bestAPFD:0.938929
bestSuite:2898,1780,3630,4074,820,4105,3806,3929,2024,2964,2698,3566,1333,715

test suite301
bestAPFD:0.931923
bestSuite:3615,3206,3575,2505,4069,8,1320,4092,1091,1870,2706,2506,768

test suite302
bestAPFD:0.930833
bestSuite:2337,1657,11,4071,4092,2394,1435,640,1820,2058,3728,1390

test suite303
bestAPFD:0.955294
bestSuite:2509,3448,4102,1548,1600,1280,4078,1480,1763,3397,3343,3483,2502,2148,72,3044,1411

test suite304
bestAPFD:0.928125
bestSuite:2825,3620,2124,868,4095,827,4060,1916,3795,743,1726,1138,637,281,1898,3026

test suite305
bestAPFD:0.949118
bestSuite:3628,29,3089,4065,4111,3640,1327,3833,3755,1036,3927,1162,677,823,2282,1690,1417

test suite306
bestAPFD:0.931250
bestSuite:3628,3984,2062,4026,4057,4108,1714,1059,1230,3809,1924,1895

test suite307
bestAPFD:0.932250
bestSuite:849,2112,3494,474,2013,654,787,4087,3414,1584,2956,2881,2243,1240,2746,972,2442,408,1763,835

test suite308
bestAPFD:0.959667
bestSuite:3517,2044,4060,4089,2193,2679,291,3590,3196,2487,3550,1974,732,1883,1434

test suite309
bestAPFD:0.934091
bestSuite:2954,3071,2329,4065,4106,1035,2723,1553,3681,2604,927

test suite310
bestAPFD:0.946250
bestSuite:3868,160,2528,4083,2060,3252,3221,4112,3370,1410,1567,2350,2676,2746,2343,814

test suite311
bestAPFD:0.928750
bestSuite:3349,3709,504,3361,4089,3047,4068,1120,3688,953,2009,39

test suite312
bestAPFD:0.942667
bestSuite:2270,3267,2166,4074,2255,4091,2241,3547,1161,3145,3584,2711,1484,1720,1826

test suite313
bestAPFD:0.931389
bestSuite:2363,3370,3611,3804,1510,4061,371,1507,4087,375,1079,1402,3725,636,1553,461,3551,2531

test suite314
bestAPFD:0.943125
bestSuite:2898,3469,1486,1955,4093,3686,1127,2278,511,1609,775,3588,3934,1607,1145,4084

test suite315
bestAPFD:0.923182
bestSuite:3324,2537,1437,3029,4113,3176,1801,4036,2717,1641,4063

test suite316
bestAPFD:0.950937
bestSuite:3612,2035,312,1396,4109,4072,1788,102,3123,4026,772,2047,567,3413,3199,3325

test suite317
bestAPFD:0.955294
bestSuite:3313,2840,2180,4090,4073,345,2141,1032,2522,352,3719,1909,2507,893,1547,990,85

test suite318
bestAPFD:0.916000
bestSuite:2524,1790,4065,2722,4111,1177,506,1139,754,3181

test suite319
bestAPFD:0.945769
bestSuite:2724,3683,3195,4066,943,4113,2625,809,995,989,3374,1484,2897

test suite320
bestAPFD:0.944333
bestSuite:2700,3982,1020,688,4089,4059,3351,902,649,2249,4045,3761,834,3683,2598

test suite321
bestAPFD:0.939500
bestSuite:3517,2471,4065,4089,2456,1661,2658,673,2212,1778

test suite322
bestAPFD:0.942667
bestSuite:2567,2477,4091,4075,3661,1750,3874,954,1584,3329,1869,3650,1619,3870,2807

test suite323
bestAPFD:0.925238
bestSuite:1533,3802,4108,242,1125,2853,504,3807,4060,496,1378,1654,783,2760,4034,2744,3775,634,597,2198,1778

test suite324
bestAPFD:0.929333
bestSuite:899,2796,3891,3332,4076,4111,1997,1546,1683,2952,3719,1229,2573,367,938

test suite325
bestAPFD:0.951765
bestSuite:2598,2337,4068,2798,893,1770,4101,1184,3438,3689,3910,2374,3073,2603,2943,1167,3805

test suite326
bestAPFD:0.915000
bestSuite:3848,290,3272,4075,4112,2458,3040,3530,2130,1945

test suite327
bestAPFD:0.938929
bestSuite:3907,3267,1827,4058,4099,3675,2488,1921,3928,2389,1063,3833,3064,1507

test suite328
bestAPFD:0.952500
bestSuite:3346,40,3263,4110,4074,1610,3628,3892,1422,720,3154,1344,117,1784

test suite329
bestAPFD:0.943846
bestSuite:3231,2854,2706,4060,1835,4089,3764,619,2085,3311,2660,263,1465

test suite330
bestAPFD:0.937143
bestSuite:2058,2447,4057,2787,3187,4093,714,3193,1034,2463,3419,3626,2780,3303

test suite331
bestAPFD:0.946333
bestSuite:2422,2459,3327,2567,4064,1023,4100,171,3973,3190,3542,2745,899,687,3344

test suite332
bestAPFD:0.932647
bestSuite:1794,3411,483,1950,2595,3645,2294,4107,4061,2089,888,2255,2838,3978,1787,2093,3002

test suite333
bestAPFD:0.945294
bestSuite:2163,1433,3293,3411,1546,4085,4093,3957,1331,3093,1963,1495,2322,877,3938,179,3474

test suite334
bestAPFD:0.928438
bestSuite:2709,2464,2221,3063,444,4061,4102,2208,1705,3885,1655,1591,2863,3718,2268,667

test suite335
bestAPFD:0.952647
bestSuite:3178,1729,3603,4089,3033,3224,4067,797,773,2198,1916,450,1032,1477,3429,2696,3699

test suite336
bestAPFD:0.934286
bestSuite:3388,4050,2683,1746,4105,2383,4075,677,1355,719,900,2697,2548,2862

test suite337
bestAPFD:0.939000
bestSuite:2164,3040,4059,4106,2286,4051,524,1870,15,1897

test suite338
bestAPFD:0.917667
bestSuite:1776,3822,30,2162,3608,4107,4069,221,820,1835,3133,2838,1666,2075,1609

test suite339
bestAPFD:0.931364
bestSuite:2115,4079,2839,1780,4111,3402,3669,1256,3673,2253,2792

test suite340
bestAPFD:0.941562
bestSuite:3529,3014,2506,3360,3509,4062,629,4087,3722,1631,2256,2330,826,3496,2786,1914

test suite341
bestAPFD:0.936818
bestSuite:3964,1811,1547,2956,3093,4101,1345,3650,2074,4048,594

test suite342
bestAPFD:0.921875
bestSuite:2761,3333,4112,4063,3017,2862,4034,3885

test suite343
bestAPFD:0.944375
bestSuite:2203,2301,3106,2853,2956,4090,1169,1545,46,612,3514,3791,795,2014,1309,3141

test suite344
bestAPFD:0.945278
bestSuite:2791,3766,2575,3548,3894,3009,4105,4060,3163,2526,3397,1801,788,2821,1484,450,1749,1653

test suite345
bestAPFD:0.927143
bestSuite:3131,2668,2081,4071,3323,2610,752,1000,4090,3954,710,1944,445,1857

test suite346
bestAPFD:0.954000
bestSuite:3771,2927,2948,4085,4097,3703,2896,2485,386,1911,2618,4046,3619,1999,1437

test suite347
bestAPFD:0.928125
bestSuite:2083,3917,4032,268,3742,4110,4067,2266,3491,665,2141,976,2950,2872,3782,1361

test suite348
bestAPFD:0.937059
bestSuite:2854,3495,2428,3488,4102,1487,4059,2950,898,3168,2247,2825,1676,3729,2756,844,3352

test suite349
bestAPFD:0.956154
bestSuite:3717,947,4106,4065,2695,3748,802,856,3854,3948,837,28,3410

test suite350
bestAPFD:0.939444
bestSuite:3177,3242,370,2166,4061,2930,4093,2297,1943,1552,1378,769,2788,2814,1070,1447,866,3130

test suite351
bestAPFD:0.939167
bestSuite:3346,3487,2253,4059,4088,3505,937,3608,1655,1325,2944,1354

test suite352
bestAPFD:0.937692
bestSuite:3092,2596,3010,2448,4084,4108,1817,2197,214,1364,1790,2744,3846

test suite353
bestAPFD:0.937188
bestSuite:2537,3167,765,4075,725,1397,3552,3591,3185,432,1836,516,3562,3463,3295,4093

test suite354
bestAPFD:0.950263
bestSuite:2633,2220,3237,721,2387,4097,2882,2343,4084,688,151,1356,2474,1572,1933,1428,2827,1769,3161

test suite355
bestAPFD:0.932917
bestSuite:2826,3659,2243,3494,4079,4099,2283,1168,1930,3881,2996,643

test suite356
bestAPFD:0.947353
bestSuite:3665,3495,2060,4059,4097,3710,1469,1772,1169,1317,3574,1830,3438,1626,776,1367,323

test suite357
bestAPFD:0.934375
bestSuite:3822,11,2240,4074,2229,2528,4096,3295,1710,3828,333,878,1599,848,1395,2402

test suite358
bestAPFD:0.936071
bestSuite:4054,3094,1988,3524,839,4076,2943,4104,506,3036,3099,3720,2271,1641

test suite359
bestAPFD:0.958056
bestSuite:3231,2830,2364,4066,848,4109,1193,3851,91,1426,2008,2965,3983,2480,3846,699,769,3505

test suite360
bestAPFD:0.918333
bestSuite:3770,2317,87,2257,3635,980,859,4060,4101,1361,2865,2643,2846,3972,868

test suite361
bestAPFD:0.929583
bestSuite:3657,2899,183,4072,4113,1819,3225,2219,2950,3245,1121,3817

test suite362
bestAPFD:0.962778
bestSuite:3278,3834,4064,1351,4090,1659,210,3919,3235,3363,801,336,1124,2268,2255,2651,1883,3188

test suite363
bestAPFD:0.936923
bestSuite:2163,3399,3426,4089,3352,4060,1334,2274,2748,338,2257,1558,2553

test suite364
bestAPFD:0.920667
bestSuite:3706,1812,3552,2408,865,4059,2500,842,2254,4096,1216,831,3750,2204,1437

test suite365
bestAPFD:0.962187
bestSuite:3517,466,4102,4085,1847,1599,3310,2054,1322,857,2263,2014,1668,2229,1472,1254

test suite366
bestAPFD:0.940526
bestSuite:1649,3984,2466,473,1626,1263,4073,2400,2416,3352,2443,3970,98,730,3756,2174,3610,2767,4113

test suite367
bestAPFD:0.952105
bestSuite:3521,446,3484,1235,4064,781,2921,4087,3579,2068,2680,870,1911,1713,1342,388,1465,117,2707

test suite368
bestAPFD:0.920769
bestSuite:2032,1555,2768,2595,4066,781,3016,3659,3642,2717,2208,761,4099

test suite369
bestAPFD:0.942000
bestSuite:3353,2432,3746,2373,2956,1508,3117,1173,1160,1699,2572,2891,2163,1720,4086

test suite370
bestAPFD:0.941471
bestSuite:2907,809,352,3817,4101,2302,1085,3775,2949,2915,4063,2159,868,442,1377,2456,3221

test suite371
bestAPFD:0.936154
bestSuite:4011,2954,328,4104,4065,2100,3104,2089,130,1345,861,1739,595

test suite372
bestAPFD:0.955556
bestSuite:3324,3927,2854,3421,1882,4069,4111,2011,3533,2250,3296,3775,2200,2907,13,798,1861,1905

test suite373
bestAPFD:0.944063
bestSuite:2455,3784,3529,4088,3155,2562,4076,2349,990,2853,2931,3737,863,1606,1824,1452

test suite374
bestAPFD:0.934231
bestSuite:3026,2599,1446,4112,3469,1165,4064,2584,2118,1183,1674,3718,1609

test suite375
bestAPFD:0.942000
bestSuite:2509,3249,2796,4063,2854,4093,2486,977,2999,940,3008,842,3187,732,850

test suite376
bestAPFD:0.951000
bestSuite:4049,3094,2130,4076,4102,1333,1646,2713,3005,2724,735,305,2691,2212,1866

test suite377
bestAPFD:0.931875
bestSuite:2855,3645,594,2491,4097,1551,1438,265,4072,75,2971,1465,2707,359,783,2914

test suite378
bestAPFD:0.940294
bestSuite:2344,3473,2787,1813,4065,257,1837,2229,4092,2616,3663,1388,1566,3689,3636,2068,777

test suite379
bestAPFD:0.959750
bestSuite:3208,4049,2368,1913,4073,916,2094,4106,3140,1745,2974,1624,3714,1015,2574,2874,2807,2071,748,3805

test suite380
bestAPFD:0.939231
bestSuite:2422,2377,3198,4115,2722,4061,1096,1058,3386,841,1279,1477,3045

test suite381
bestAPFD:0.943333
bestSuite:3716,3313,4094,1832,4081,1122,3483,1985,3364,2985,1819,1809

test suite382
bestAPFD:0.950278
bestSuite:2917,3705,3381,3490,4101,1020,1572,4081,3522,1963,3994,2095,1737,1467,1614,2900,435,2975

test suite383
bestAPFD:0.932727
bestSuite:3935,351,3868,4068,4101,1378,3894,1614,2059,3861,865

test suite384
bestAPFD:0.921250
bestSuite:2906,2406,466,253,3455,4080,4098,1251,3489,1914,2379,1900

test suite385
bestAPFD:0.946579
bestSuite:3447,2871,4100,3504,2244,640,4073,2341,878,1386,196,326,1212,1141,3661,668,853,3139,1240

test suite386
bestAPFD:0.959688
bestSuite:2632,520,4060,4102,2921,1758,1537,3006,726,660,2749,3079,656,252,2127,3063

test suite387
bestAPFD:0.947941
bestSuite:3625,2166,4095,3927,4077,404,1072,1614,2520,2561,2475,1789,1496,819,3744,1117,299

test suite388
bestAPFD:0.936667
bestSuite:2581,1852,3593,3003,3679,1967,524,4075,4102,1119,4048,3386,1630,1848,3863,999,2885,3326

test suite389
bestAPFD:0.935750
bestSuite:2060,3327,122,731,1186,1742,3378,4067,2807,812,1501,1059,3739,4106,4025,2979,221,1647,971,2687

test suite390
bestAPFD:0.952333
bestSuite:3306,2562,3329,4063,4088,1985,2161,1098,80,2531,3184,3149,2705,3504,1962

test suite391
bestAPFD:0.961000
bestSuite:3448,3066,1849,3940,4101,4084,37,1395,2502,2971,2574,2735,2803,3336,750,2183,1956,1855,1441,2608

test suite392
bestAPFD:0.959048
bestSuite:2078,3167,2468,3881,2452,4090,4061,2694,1316,1902,1703,2508,2052,2095,827,2030,4025,200,709,847,1389

test suite393
bestAPFD:0.942647
bestSuite:2548,3291,3029,1643,2374,740,4060,3081,864,1267,2808,1679,2053,981,1087,90,4108

test suite394
bestAPFD:0.966190
bestSuite:3765,3382,2425,4090,4081,3606,1979,1334,2658,2100,2150,3482,2841,1237,722,1693,1067,3741,1558,284,744

test suite395
bestAPFD:0.912500
bestSuite:3607,2397,2027,681,4111,2888,3894,1885,1221,234,3277,4078,3345,1115,1536,89

test suite396
bestAPFD:0.946250
bestSuite:3991,2637,4057,4103,1127,647,3268,2978,2461,515,3007,945

test suite397
bestAPFD:0.941111
bestSuite:2382,1744,3533,839,1776,4113,4067,3767,3001,1672,3150,2650,1930,2757,372,720,2664,1854

test suite398
bestAPFD:0.959688
bestSuite:2080,2754,4069,4112,1781,3007,3900,4013,1605,1332,2962,2159,2644,986,3110,2673

test suite399
bestAPFD:0.941429
bestSuite:2609,315,2872,4073,2863,2803,4102,1780,2621,3256,872,1611,2943,1934

test suite400
bestAPFD:0.935833
bestSuite:3556,3176,1963,4081,3973,4113,2820,2980,2786,1617,878,1759

test suite401
bestAPFD:0.943750
bestSuite:2761,4020,4092,372,4084,746,1378,910,51,1202,3688,4043

test suite402
bestAPFD:0.955938
bestSuite:2724,3911,2362,4082,2999,4105,3062,3856,913,2259,3737,2587,1971,2919,2457,1875

test suite403
bestAPFD:0.927308
bestSuite:3587,3094,129,3039,4097,1506,4077,3782,1364,956,1963,737,1452

test suite404
bestAPFD:0.932273
bestSuite:3151,2660,2284,4081,4100,1061,1779,2238,2709,528,2705

test suite405
bestAPFD:0.947308
bestSuite:3346,2927,4099,4006,4058,1127,484,3279,1576,1618,3199,765,2185

test suite406
bestAPFD:0.907692
bestSuite:3403,2402,3566,895,4043,428,4072,4108,973,216,3172,317,3614

test suite407
bestAPFD:0.902222
bestSuite:3494,3176,3003,1491,4098,1381,4076,2281,3262

test suite408
bestAPFD:0.937308
bestSuite:1906,3984,144,2956,4106,3024,4011,2376,986,1549,2615,626,1547

test suite409
bestAPFD:0.925294
bestSuite:3473,2408,1665,2229,1899,3477,1984,1398,4111,4064,1789,656,768,3777,412,2778,1705

test suite410
bestAPFD:0.924583
bestSuite:2898,4057,1508,2376,2915,4039,1187,2220,3260,1422,742,4086

test suite411
bestAPFD:0.953889
bestSuite:3657,1767,2377,4115,2082,4057,2629,2656,3769,1735,2605,1055,995,55,1275,2039,623,2268

test suite412
bestAPFD:0.913438
bestSuite:3283,528,1732,1696,2640,4103,3903,4078,1554,713,3011,3708,3398,2893,3453,3610

test suite413
bestAPFD:0.920000
bestSuite:2705,3143,2375,3790,4088,3503,4080,3505,1797,1066,1664,1518

test suite414
bestAPFD:0.942727
bestSuite:2521,4067,382,4086,248,933,2272,811,959,766,3194

test suite415
bestAPFD:0.942000
bestSuite:3784,165,3371,3151,4108,4065,933,3016,3936,2909,2666,1533,988,2960,1489

test suite416
bestAPFD:0.920000
bestSuite:2035,1838,3428,4061,3040,2249,3974,3846,2649,890,4109

test suite417
bestAPFD:0.943333
bestSuite:2360,3215,4058,1904,4107,2293,591,3166,3126,1683,1732,3677

test suite418
bestAPFD:0.943000
bestSuite:3575,2633,2235,2477,142,4074,4100,1976,1913,1897,2433,649,1386,3243,1322

test suite419
bestAPFD:0.935417
bestSuite:3437,2763,4035,392,4114,1032,4073,1439,808,899,3737,1775

test suite420
bestAPFD:0.897308
bestSuite:2474,3845,3830,1459,887,1861,1550,3923,4107,1059,4058,1796,2671

test suite421
bestAPFD:0.955938
bestSuite:2898,3039,4078,4110,953,1241,1921,2363,1137,1491,4030,1500,2970,215,74,2614

test suite422
bestAPFD:0.947500
bestSuite:2333,4030,2474,2609,2449,4066,4112,2083,1200,1641,2659,996,3824,361,2624,3748

test suite423
bestAPFD:0.955714
bestSuite:2179,4083,663,4101,3876,3986,1850,2053,2264,3993,2354,26,1493,3021

test suite424
bestAPFD:0.931364
bestSuite:3465,3034,2354,4107,1079,2617,1619,4081,1762,60,673

test suite425
bestAPFD:0.949063
bestSuite:3319,4,1617,4094,4085,1863,3318,903,1484,2272,4045,1164,978,243,2463,1269

test suite426
bestAPFD:0.943125
bestSuite:3840,2509,4099,1,2486,3903,4059,4013,3085,1775,3974,552,1633,298,3552,1149

test suite427
bestAPFD:0.948421
bestSuite:3134,2062,3062,2413,2390,1178,4084,4089,3926,3369,525,3482,2859,1616,3036,2762,3189,2468,1645

test suite428
bestAPFD:0.943421
bestSuite:1649,3472,1856,120,4106,2401,4063,1520,2895,1191,1501,2810,3081,1600,2943,2349,3243,1587,1261

test suite429
bestAPFD:0.960313
bestSuite:2179,4072,4111,2964,2590,2201,3770,554,2744,3590,2074,2603,1482,953,3740,1916

test suite430
bestAPFD:0.915909
bestSuite:2925,3433,2780,2338,4083,1109,4111,2666,420,683,2008

test suite431
bestAPFD:0.931111
bestSuite:3509,3234,2231,1975,980,3727,4084,2886,4094,3044,2932,404,268,1889,4020,2658,987,1169

test suite432
bestAPFD:0.908929
bestSuite:1894,2060,3915,4037,4069,1481,2622,4102,1614,627,2313,2984,1398,3540

test suite433
bestAPFD:0.953571
bestSuite:2432,3012,3534,3980,2575,3172,24,2580,4057,4098,3130,4,1272,922,853,1101,289,3762,3161,1075,2442

test suite434
bestAPFD:0.939167
bestSuite:2360,3014,4073,2284,3172,3012,930,137,698,3204,3942,4097

test suite435
bestAPFD:0.949615
bestSuite:2360,3078,4070,4106,1168,2861,3625,3994,3080,715,1968,4055,3114

test suite436
bestAPFD:0.954444
bestSuite:3844,1493,2909,451,4086,4060,1386,2107,1590,2049,2853,522,234,628,1449,3503,3241,396

test suite437
bestAPFD:0.941429
bestSuite:3668,3809,3072,1004,4072,4098,3921,2886,1692,2707,15,2731,1844,1539

test suite438
bestAPFD:0.930909
bestSuite:2938,2096,2956,3849,4115,2162,3199,3884,3899,2009,792

test suite439
bestAPFD:0.935588
bestSuite:3486,3418,2220,2922,3123,4106,4057,1780,1579,2534,3434,211,1720,810,734,75,1971

test suite440
bestAPFD:0.932500
bestSuite:2102,3119,2835,2099,3425,4081,3232,3694,1008,3281,3711,1691,637,696,3482,4087

test suite441
bestAPFD:0.934000
bestSuite:3716,3993,2834,4093,1834,4080,3089,44,3357,294

test suite442
bestAPFD:0.926786
bestSuite:3203,3751,321,1134,669,2240,4084,4095,3067,1491,1151,3503,1016,3758

test suite443
bestAPFD:0.932813
bestSuite:4006,737,2927,2621,2740,2348,4099,1929,1736,1571,2059,2411,39,1417,3132,4070

test suite444
bestAPFD:0.946786
bestSuite:2487,3773,1390,3641,4065,4101,290,2820,3426,3697,3277,2991,2706,1212

test suite445
bestAPFD:0.947143
bestSuite:2548,3349,4102,4072,2863,2960,3425,1913,1662,3925,1850,772,3611,2447

test suite446
bestAPFD:0.935000
bestSuite:3771,200,1127,4007,4115,4069,2628,1910,2265,707,2000

test suite447
bestAPFD:0.953462
bestSuite:2521,3382,4086,4068,1501,3571,3819,3598,674,1547,2500,834,3146

test suite448
bestAPFD:0.947187
bestSuite:3781,3593,2035,1101,2656,4082,2170,1466,4087,3396,54,3261,2549,1943,1542,1596

test suite449
bestAPFD:0.930556
bestSuite:2521,34,4075,4103,1701,1821,3231,2202,3169

test suite450
bestAPFD:0.932667
bestSuite:3173,3957,489,3146,4058,4115,1115,66,2256,786,2631,3985,1775,757,2413

test suite451
bestAPFD:0.949474
bestSuite:2119,2184,4080,1759,2150,4110,3372,1656,3145,1355,1704,3729,3916,1690,3528,12,3536,3547,2247

test suite452
bestAPFD:0.956471
bestSuite:3787,2780,4074,4095,3097,3552,752,2201,3883,1008,3943,1358,17,960,545,672,1899

test suite453
bestAPFD:0.943846
bestSuite:2776,2560,4093,4080,2366,1882,1256,2182,1596,2959,3567,3555,2472

test suite454
bestAPFD:0.912222
bestSuite:2145,175,2422,4057,4088,2749,3443,1290,1550

test suite455
bestAPFD:0.930357
bestSuite:3400,1811,2076,3728,3011,4089,4078,2449,1918,2992,3269,1003,1736,2264

test suite456
bestAPFD:0.938750
bestSuite:3628,2823,4096,2318,4079,3174,3140,1491,2733,1423,659,2664

test suite457
bestAPFD:0.963947
bestSuite:3219,1375,2073,4067,4107,1355,3655,1926,89,3539,3840,1699,2228,3892,2444,1332,2406,1562,2024

test suite458
bestAPFD:0.958438
bestSuite:2164,511,4087,4059,1612,3674,1481,3389,3878,3588,1849,1268,3355,2599,21,2645

test suite459
bestAPFD:0.943750
bestSuite:2724,2564,4084,4111,648,3790,2812,2884,810,3527,2496,2259

test suite460
bestAPFD:0.964444
bestSuite:2164,3900,4079,1398,3679,4103,1679,3754,3709,3244,3540,3089,3501,2172,2701,830,2983,2800

test suite461
bestAPFD:0.932857
bestSuite:2722,2099,4061,725,1584,4093,1466,3260,1193,2819,659,3664,3866,3553

test suite462
bestAPFD:0.942353
bestSuite:3381,2108,3844,681,4061,1573,4108,3694,3096,541,1726,1755,1860,665,3505,1772,1228

test suite463
bestAPFD:0.954167
bestSuite:2432,3178,405,4085,831,4090,263,3043,2759,3475,2399,3654,1452,3128,1006,3867,2550,1618

test suite464
bestAPFD:0.958333
bestSuite:3716,329,4096,4081,2521,938,3369,3609,2106,3254,2704,426,747,947,317

test suite465
bestAPFD:0.939643
bestSuite:2755,3698,3447,2369,4103,2792,4084,2201,3530,988,3644,1524,2810,2274

test suite466
bestAPFD:0.937857
bestSuite:3288,3559,1915,4041,1537,4084,4100,3011,2643,1917,830,2788,390,994

test suite467
bestAPFD:0.932500
bestSuite:2115,1765,770,4075,2703,4115,3547,2027,3323,1396,1750,2026

test suite468
bestAPFD:0.927333
bestSuite:2854,2066,1425,2683,4112,4075,2313,3224,1437,1638,1229,1412,2444,960,2089

test suite469
bestAPFD:0.945000
bestSuite:3080,3796,520,2498,4075,1193,4115,1472,1732,2297,790,1798,887,2059,1791,2901

test suite470
bestAPFD:0.955556
bestSuite:2115,3477,627,3502,1787,4097,2201,1774,4067,2642,3455,2211,3805,904,3418,3769,103,2427

test suite471
bestAPFD:0.944231
bestSuite:3306,2927,4106,3140,1921,4060,961,3780,2089,2593,3886,2050,3550

test suite472
bestAPFD:0.916786
bestSuite:2123,3034,2854,2167,2370,818,4100,2955,129,3310,1579,836,2896,4084

test suite473
bestAPFD:0.947667
bestSuite:3557,2595,3472,4077,2879,4106,1652,1334,1778,3901,1635,1638,2393,3857,937

test suite474
bestAPFD:0.960833
bestSuite:3765,2633,4088,3022,4075,3780,3027,2528,602,1410,3103,2825,578,641,2929,1012,1413,822

test suite475
bestAPFD:0.948529
bestSuite:3521,3844,1603,4062,3136,3924,4098,1659,2539,582,3111,2544,2125,1604,2394,2421,865

test suite476
bestAPFD:0.913333
bestSuite:2840,2496,55,2839,3438,4108,2229,2192,1390,2858,4064,3805,1785,899,678

test suite477
bestAPFD:0.962000
bestSuite:3717,2112,4106,4062,3228,2269,683,3993,3564,822,3593,2411,865,2162,3532

test suite478
bestAPFD:0.950556
bestSuite:2948,3844,677,2549,4084,4093,2585,3352,2412,2799,2573,680,1160,285,2513,3380,234,2611

test suite479
bestAPFD:0.938462
bestSuite:3173,3442,3421,2344,4100,4075,1120,1401,2531,3149,2444,1720,3602

test suite480
bestAPFD:0.946471
bestSuite:2070,3143,2947,2876,2557,4092,4071,3352,2550,2889,2523,1561,2665,1507,1815,3938,2111

test suite481
bestAPFD:0.935882
bestSuite:3494,2748,803,3807,2528,4060,4088,1143,3428,1443,2547,1451,3860,2549,3478,1709,1023

test suite482
bestAPFD:0.933182
bestSuite:3465,2070,4101,1704,4061,1354,2144,566,2675,1776,4003

test suite483
bestAPFD:0.955278
bestSuite:3872,3062,2737,4088,4062,2596,1864,1395,1426,1697,3917,2424,3878,3114,3995,3743,934,22

test suite484
bestAPFD:0.934286
bestSuite:2755,2499,1168,4080,4094,2408,870,2790,3495,2290,1944,3725,3102,2419

test suite485
bestAPFD:0.932857
bestSuite:3444,1735,3552,4095,2374,1474,1322,1030,4071,2990,2057,1853,1001,3370

test suite486
bestAPFD:0.939000
bestSuite:3278,2668,4091,4062,2190,3105,2642,692,1617,2219

test suite487
bestAPFD:0.950882
bestSuite:3446,1945,3460,4095,3645,2907,4069,1109,965,1682,3777,75,351,2491,2146,3619,1280

test suite488
bestAPFD:0.933077
bestSuite:3575,3665,1509,3810,2402,4081,3276,4110,3836,1000,960,3379,2285

test suite489
bestAPFD:0.935769
bestSuite:3844,1657,2295,4084,2867,4098,2133,2695,3845,1208,1458,1085,1585

test suite490
bestAPFD:0.944688
bestSuite:2633,3660,3122,793,4109,4063,3376,4020,2644,1535,747,700,689,956,2799,2216

test suite491
bestAPFD:0.924500
bestSuite:3126,2151,2111,3161,1696,2311,1448,4062,2335,1115,2535,898,2276,925,1798,1618,1956,1306,3036,4108

test suite492
bestAPFD:0.925937
bestSuite:3607,2280,2448,1984,3870,4071,1338,3928,635,4109,1284,923,321,696,3348,693

test suite493
bestAPFD:0.938929
bestSuite:2564,3067,1670,4104,3272,4062,1251,2814,1894,1942,2181,642,1041,2172

test suite494
bestAPFD:0.958158
bestSuite:3872,85,2803,4079,4092,935,2647,1263,1967,3510,3592,3019,637,850,914,2370,1732,2918,1864

test suite495
bestAPFD:0.915455
bestSuite:3843,2382,2867,2432,4063,4115,3598,1594,2014,2122,2541

test suite496
bestAPFD:0.925000
bestSuite:2261,2668,4080,2457,4105,3954,3531,1745,3527,2984,2839

test suite497
bestAPFD:0.959063
bestSuite:3554,516,4066,4106,1035,1925,3615,1550,1897,963,2965,4000,988,1716,494,2006

test suite498
bestAPFD:0.959412
bestSuite:3319,2261,4063,4107,3703,3284,351,3237,3971,884,1430,1596,720,3662,1372,1568,1296

test suite499
bestAPFD:0.942500
bestSuite:2898,3084,2112,4087,3502,4082,1986,3370,1042,3791,3531,2083,1575,2651

test suite500
bestAPFD:0.940000
bestSuite:3770,1776,3927,4098,3257,3592,4069,1241,1720,529,3912,2819,1342,1017,791,119,1482,2400

