test suite1
bestAPFD:0.939260
bestSuite:1570,2208,992,38,201,2514,2552,2704,1720,1514,2374

test suite2
bestAPFD:0.948914
bestSuite:2463,1818,2688,2479,2524,869,446,1722,1563,2460,1720

test suite3
bestAPFD:0.937651
bestSuite:1566,245,2237,2051,2531,2538,1732,2694,1404,1517,1546

test suite4
bestAPFD:0.942109
bestSuite:1576,1257,11,1830,2498,1595,1728,2528,2703,1175,2385,2406

test suite5
bestAPFD:0.931416
bestSuite:1576,1292,1976,2514,3,2397,2697,2535,2524,1716

test suite6
bestAPFD:0.942847
bestSuite:2448,933,795,262,1732,2704,2521,2438,2494,161,1580,2406

test suite7
bestAPFD:0.918142
bestSuite:1387,2412,2605,2476,1683,1822,1737,2392,2708,2553

test suite8
bestAPFD:0.934956
bestSuite:179,1585,2540,2159,2701,2478,2527,2537,1720,563

test suite9
bestAPFD:0.943282
bestSuite:1570,1247,701,2435,2683,2538,2547,2568,458,181,2377

test suite10
bestAPFD:0.936578
bestSuite:1557,2587,2536,2523,2710,1622,218,1595,1716

test suite11
bestAPFD:0.935472
bestSuite:1401,1732,2262,1279,2638,673,1830,2375,2540,2547,1631,2710

test suite12
bestAPFD:0.923170
bestSuite:2191,2407,1683,2513,2515,82,1728,2383,2556,2704,2458

test suite13
bestAPFD:0.943584
bestSuite:239,1565,2395,2489,2710,1781,1726,2490,2549,2501,1160,1897

test suite14
bestAPFD:0.941116
bestSuite:2182,2509,2377,2489,111,1847,1487,2492,2548,2406,2683,1716,2221

test suite15
bestAPFD:0.949966
bestSuite:154,2479,2462,1536,2415,2553,2702,1769,2492,1732,1200,1354,1766

test suite16
bestAPFD:0.929646
bestSuite:2073,1560,2536,1616,71,2481,2568,2682,1403,849

test suite17
bestAPFD:0.932301
bestSuite:218,1578,2395,2494,2459,2066,1730,2485,2706,1168

test suite18
bestAPFD:0.942109
bestSuite:1579,2489,184,863,1780,2034,1737,2551,2462,2703,2380,1663

test suite19
bestAPFD:0.936846
bestSuite:1579,2022,2502,2604,1830,1585,2063,2453,2699,1737,499

test suite20
bestAPFD:0.929606
bestSuite:933,2412,2533,1683,1564,2427,1730,464,2708,2544,1377

test suite21
bestAPFD:0.943584
bestSuite:2448,1329,2502,2415,111,2436,1644,1406,2684,2460,1728,1833

test suite22
bestAPFD:0.933628
bestSuite:2159,2530,1531,269,1728,2492,2694,2537,2521,787,2045

test suite23
bestAPFD:0.918695
bestSuite:2617,1569,2416,2502,2699,2459,1716,1450

test suite24
bestAPFD:0.938422
bestSuite:1561,379,869,2430,2513,700,103,2462,1726,2458,2704,2467

test suite25
bestAPFD:0.936209
bestSuite:140,2412,1522,2568,939,2527,2501,2696,2529,1810,1467,1524

test suite26
bestAPFD:0.947851
bestSuite:610,2496,2516,2502,223,1726,2447,2687,2549,445,2369,1486,929,449

test suite27
bestAPFD:0.929606
bestSuite:2301,2462,2535,2403,2495,65,1864,1737,2519,2545,2686

test suite28
bestAPFD:0.937713
bestSuite:84,2378,1661,2584,2476,1141,2148,2392,2464,1730,2695,2458,354

test suite29
bestAPFD:0.953909
bestSuite:1572,2700,2502,2528,1637,831,1278,2403,2482,28,13,1730

test suite30
bestAPFD:0.934071
bestSuite:2448,1751,2514,970,1849,1737,2698,2553,2400,2406

test suite31
bestAPFD:0.939159
bestSuite:620,2535,1611,2477,1771,143,1726,2456,2685,350,942,2225

test suite32
bestAPFD:0.945796
bestSuite:1563,1132,11,2476,2428,2704,2458,2392,1196,2490,1729,2412

test suite33
bestAPFD:0.936042
bestSuite:1575,2445,107,222,2578,604,2529,1720,2458,2687,2400

test suite34
bestAPFD:0.919862
bestSuite:1583,1242,2502,1726,2483,151,2436,2549,2692

test suite35
bestAPFD:0.928801
bestSuite:1581,1062,1732,1871,127,2540,202,1807,2693,2552,2499

test suite36
bestAPFD:0.923974
bestSuite:232,2377,1611,2568,904,1032,2515,2501,2576,2544,2699

test suite37
bestAPFD:0.957454
bestSuite:2461,2455,2431,2693,2517,1297,1485,842,2639,1567,1670,2507,1729

test suite38
bestAPFD:0.936947
bestSuite:2073,2412,1661,216,2514,2485,1730,534,2699,2546,776,1748

test suite39
bestAPFD:0.938455
bestSuite:2449,2340,113,1811,2568,2486,614,2521,2685,2368,2407

test suite40
bestAPFD:0.941116
bestSuite:2221,2538,2373,2397,72,1817,2504,346,2524,2706,1716,1882,535

test suite41
bestAPFD:0.942109
bestSuite:2620,2460,1522,2415,2477,2694,1798,2506,2457,1730,1671,2194

test suite42
bestAPFD:0.953171
bestSuite:1568,2539,2708,1809,2550,1556,1477,2420,1221,2218,2473,1716

test suite43
bestAPFD:0.935841
bestSuite:52,2509,2517,2458,2582,1726,2694,1538,2605,2406

test suite44
bestAPFD:0.933997
bestSuite:2460,2208,2260,2395,1866,1336,2505,398,1729,1724,1404,2684

test suite45
bestAPFD:0.932824
bestSuite:2227,2507,1602,2489,1803,208,2478,2524,2708,1716,1027

test suite46
bestAPFD:0.918879
bestSuite:1359,1582,2380,256,1810,2529,1720,2702,2458

test suite47
bestAPFD:0.959229
bestSuite:1558,2584,2375,2458,2690,2133,1313,902,241,91,2481,2385,1720,2460

test suite48
bestAPFD:0.933628
bestSuite:1402,2130,2428,199,1726,2472,1569,211,2706,2416,2456

test suite49
bestAPFD:0.953909
bestSuite:1568,2425,2700,2545,2514,2087,615,2394,2451,286,1570,1729

test suite50
bestAPFD:0.941372
bestSuite:1576,1902,1778,210,1170,2659,2486,1616,2690,2456,2539,1730

test suite51
bestAPFD:0.923451
bestSuite:1981,2462,2496,2626,1800,2375,2568,1272,2523,2695

test suite52
bestAPFD:0.918879
bestSuite:928,2538,2412,1680,2477,19,1726,2546,2681

test suite53
bestAPFD:0.931215
bestSuite:825,2509,1683,2534,54,2504,2501,2537,2453,2692,2568

test suite54
bestAPFD:0.934735
bestSuite:2568,2539,1666,1484,1771,2101,1086,25,2510,2710,1405,1698

test suite55
bestAPFD:0.942920
bestSuite:2461,1985,2489,2547,2695,835,154,2476,1580,1728

test suite56
bestAPFD:0.944690
bestSuite:2461,2703,2498,2526,1308,2335,2407,250,2467,1732

test suite57
bestAPFD:0.950647
bestSuite:2449,971,1310,1406,1861,2494,1732,2683,1407,216,2493,2412,2485

test suite58
bestAPFD:0.938545
bestSuite:1557,2458,2516,2681,2309,505,2633,1566,2568

test suite59
bestAPFD:0.945796
bestSuite:1573,870,2469,800,1771,2520,2368,2536,2683,202,2501,1720

test suite60
bestAPFD:0.940064
bestSuite:178,1560,1631,1404,2698,2478,1887,2537,1729,1269,1489

test suite61
bestAPFD:0.953909
bestSuite:2463,2446,1403,2700,2502,500,1885,998,404,294,1732,1572

test suite62
bestAPFD:0.937611
bestSuite:1570,2535,258,677,1823,2699,1730,2522,1663,2412

test suite63
bestAPFD:0.949718
bestSuite:1558,1771,2454,2708,2540,1217,929,1070,123,2407,1730

test suite64
bestAPFD:0.919862
bestSuite:1147,2536,2451,123,2488,1730,2690,2583,2550

test suite65
bestAPFD:0.939074
bestSuite:2339,2516,1663,2495,2668,1737,2501,1615,2506,1857,2545,2693,2277

test suite66
bestAPFD:0.915376
bestSuite:2448,1393,2647,1726,2536,2438,2528,2695

test suite67
bestAPFD:0.925762
bestSuite:91,1569,1580,2535,2591,2698,2551,1716,1762

test suite68
bestAPFD:0.947851
bestSuite:1561,2066,2568,1032,2368,1053,934,441,1666,2476,2546,2685,283,2481

test suite69
bestAPFD:0.932301
bestSuite:178,1585,2538,2502,1781,1737,2699,1405,624,534

test suite70
bestAPFD:0.939159
bestSuite:2424,1585,2394,159,2501,1737,592,1567,2527,2690,883,2392

test suite71
bestAPFD:0.925583
bestSuite:258,2408,1670,2498,832,2476,698,1780,1737,2701,2553

test suite72
bestAPFD:0.931215
bestSuite:184,2539,2410,921,2078,1847,2482,2681,2523,1729,2391

test suite73
bestAPFD:0.934735
bestSuite:1015,1585,2516,2404,80,2581,2519,714,2532,2700,1404,1732

test suite74
bestAPFD:0.940436
bestSuite:245,2505,1514,2486,995,1818,2517,1732,1101,2682,2553,1001,1479

test suite75
bestAPFD:0.943805
bestSuite:2461,2706,1794,2514,2457,134,1297,1580,1737,1651

test suite76
bestAPFD:0.923795
bestSuite:107,1546,2404,2477,2478,2544,2691,1729,1888

test suite77
bestAPFD:0.921829
bestSuite:1571,2161,1737,159,2299,2368,2683,2545,2530

test suite78
bestAPFD:0.948109
bestSuite:1572,1774,2516,2704,2523,2563,863,107,2476,2395,1730

test suite79
bestAPFD:0.932645
bestSuite:1570,168,1809,2495,2545,2700,1728,1663,2415

test suite80
bestAPFD:0.944690
bestSuite:1558,2590,2547,2693,2513,290,2465,752,948,1730

test suite81
bestAPFD:0.944690
bestSuite:1558,2706,2434,1406,2529,1898,2273,157,1730,1557

test suite82
bestAPFD:0.945954
bestSuite:1912,1583,2415,2482,2501,149,2491,2625,2454,2707,1732,847,475,666

test suite83
bestAPFD:0.914270
bestSuite:2448,1192,730,2476,1726,2505,2697,2523

test suite84
bestAPFD:0.934433
bestSuite:1574,2301,2652,838,1793,1732,189,2529,2521,2378,2694

test suite85
bestAPFD:0.912979
bestSuite:228,2533,1595,753,2477,1729,532,2546,2705

test suite86
bestAPFD:0.924779
bestSuite:2620,2539,1680,1853,2508,2528,2700,2568,479

test suite87
bestAPFD:0.949718
bestSuite:2461,1912,2690,2549,2515,282,265,957,2493,2496,1726

test suite88
bestAPFD:0.953909
bestSuite:2461,2432,2522,2683,2533,2668,1475,1757,2490,2448,1576,1729

test suite89
bestAPFD:0.929646
bestSuite:1575,100,2577,760,1874,2533,1729,1230,2707,2553

test suite90
bestAPFD:0.934956
bestSuite:2465,2513,1832,1905,2497,1740,2520,2696,2450,1729

test suite91
bestAPFD:0.933628
bestSuite:253,2412,1663,2434,2537,2704,2506,1728,2459,231,2007

test suite92
bestAPFD:0.942794
bestSuite:1575,1383,2056,1661,2540,1728,888,1818,2532,1082,195,2550,2695,2398

test suite93
bestAPFD:0.949718
bestSuite:1572,2491,2690,2520,1656,800,1730,710,1580,2501,286

test suite94
bestAPFD:0.947271
bestSuite:1574,1369,2469,1534,2549,2517,2702,1720,228,1670,1560,2485

test suite95
bestAPFD:0.956773
bestSuite:1568,2435,2689,2368,2522,583,848,813,281,2450,2374,1720,2532

test suite96
bestAPFD:0.921829
bestSuite:16,1546,2400,2689,2473,2531,1822,2457,1726

test suite97
bestAPFD:0.944690
bestSuite:1572,2689,2523,1798,2513,1504,387,773,103,1726

test suite98
bestAPFD:0.931416
bestSuite:126,2538,2410,2440,2551,2506,2537,2684,1732,2077

test suite99
bestAPFD:0.940436
bestSuite:212,1571,2374,2053,609,1376,2574,2531,2709,2523,1720,1482,1423

test suite100
bestAPFD:0.913164
bestSuite:2468,1560,1595,2533,24,1730,2702,2552

test suite101
bestAPFD:0.920846
bestSuite:1402,1864,1922,2478,1726,2538,582,2709,2457

test suite102
bestAPFD:0.944690
bestSuite:2461,2516,2685,2522,1537,397,1359,208,1574,1729

test suite103
bestAPFD:0.938422
bestSuite:1579,835,1958,1862,181,1561,2368,1595,1403,2693,1523,1728

test suite104
bestAPFD:0.941372
bestSuite:2588,2462,2378,1683,117,1450,1716,2521,2689,2375,2202,1174

test suite105
bestAPFD:0.942847
bestSuite:58,2479,2462,2496,1564,1729,2237,2698,2548,1517,2598,972

test suite106
bestAPFD:0.940634
bestSuite:1566,2441,299,1586,1726,2330,1345,2691,2530,2505,2457,2400

test suite107
bestAPFD:0.946500
bestSuite:1572,2540,2145,2477,2686,2457,783,669,411,260,2568

test suite108
bestAPFD:0.949484
bestSuite:1570,2577,1282,1187,2709,2538,2547,2568,72,2052,2490,1401

test suite109
bestAPFD:0.906527
bestSuite:2597,2535,1682,1169,2488,1726,2453,2692

test suite110
bestAPFD:0.960493
bestSuite:1568,1769,2696,2553,2368,2484,1708,2047,2038,252,2488,2485,2400,1720

test suite111
bestAPFD:0.940898
bestSuite:1366,2505,2533,1531,2374,223,2582,2481,1338,938,2550,2682,1716,367

test suite112
bestAPFD:0.943805
bestSuite:1572,2694,2477,2502,2522,2095,1772,1288,2451,1720

test suite113
bestAPFD:0.913164
bestSuite:212,2516,1670,2498,2066,1726,2709,2524

test suite114
bestAPFD:0.946018
bestSuite:240,1522,2404,2478,1922,277,1863,2525,2464,2695,2375,1737,565,442,777

test suite115
bestAPFD:0.935237
bestSuite:1579,13,909,2460,2568,2529,2438,2699,2453,2373,1670

test suite116
bestAPFD:0.944690
bestSuite:1568,2523,2586,2685,2472,2048,254,205,1557,1720

test suite117
bestAPFD:0.935841
bestSuite:1574,121,1830,2070,2505,2688,2525,1716,580,1561

test suite118
bestAPFD:0.933628
bestSuite:2609,2538,1554,1203,1794,2701,2518,2545,1720,1512,573

test suite119
bestAPFD:0.937651
bestSuite:1579,154,2432,2016,1231,1561,1726,2553,2684,1644,2515

test suite120
bestAPFD:0.957454
bestSuite:1562,1830,2687,2525,2487,2,2594,2323,1962,2395,44,2478,1737

test suite121
bestAPFD:0.953171
bestSuite:1557,2582,2693,2515,2522,1971,1316,1824,2541,1573,2377,1716

test suite122
bestAPFD:0.946587
bestSuite:265,2483,2540,1569,2412,1567,1182,1807,2545,2694,1729,1516,1500,1783

test suite123
bestAPFD:0.959861
bestSuite:1557,2682,2590,2368,2453,2302,1502,710,717,862,236,2506,1726,2466

test suite124
bestAPFD:0.931416
bestSuite:1579,2498,1810,12,263,2460,2654,1405,2696,1720

test suite125
bestAPFD:0.936846
bestSuite:1574,1329,2368,1726,1519,1781,245,2378,2544,2694,2538

test suite126
bestAPFD:0.938545
bestSuite:2461,2455,2491,2688,385,807,1275,1728,2394

test suite127
bestAPFD:0.929646
bestSuite:1575,256,1864,1710,1737,1660,2539,567,2689,2526

test suite128
bestAPFD:0.936042
bestSuite:1566,2066,180,2062,2076,2537,1716,2516,2696,2525,1473

test suite129
bestAPFD:0.942109
bestSuite:1402,2445,2309,2392,2266,2697,2385,2533,1729,1826,143,2547

test suite130
bestAPFD:0.933628
bestSuite:129,2479,1631,2363,734,2001,2501,2701,2576,2526,1737

test suite131
bestAPFD:0.953909
bestSuite:1557,2582,2702,2458,2392,1356,1596,2638,2394,2511,1536,1729

test suite132
bestAPFD:0.930531
bestSuite:2448,712,1157,2675,1804,2476,2536,2694,2522,1720

test suite133
bestAPFD:0.936042
bestSuite:237,2483,1680,2486,232,2544,2510,2435,1720,2681,1362

test suite134
bestAPFD:0.932019
bestSuite:2573,1569,1586,1661,1726,27,2561,2512,2708,2515,2453

test suite135
bestAPFD:0.943805
bestSuite:1568,2299,2695,2502,2528,499,378,2655,2408,1730

test suite136
bestAPFD:0.946562
bestSuite:8,1602,2374,2703,2548,2488,1863,1729,2537,9,722,2288,1050

test suite137
bestAPFD:0.949718
bestSuite:1557,1403,2517,2685,2655,1288,1929,2490,2449,2404,1716

test suite138
bestAPFD:0.939260
bestSuite:2449,2580,66,2486,1780,1722,2375,2682,2526,1580,1730

test suite139
bestAPFD:0.934956
bestSuite:1559,62,1866,2513,1203,2406,2457,2701,1716,1560

test suite140
bestAPFD:0.912058
bestSuite:2137,2509,2514,2502,133,2692,2455,1716

test suite141
bestAPFD:0.948109
bestSuite:2463,2427,2535,2691,2452,474,193,1020,2397,2408,2568

test suite142
bestAPFD:0.940869
bestSuite:34,1581,2404,2686,2457,2590,2375,2485,1737,2497,1869

test suite143
bestAPFD:0.940634
bestSuite:1574,1233,1137,2609,1732,408,2686,2434,2523,2407,2539,300

test suite144
bestAPFD:0.941797
bestSuite:1571,13,2568,469,1850,2594,23,2517,2540,2688,2525,1588,2485

test suite145
bestAPFD:0.932019
bestSuite:2073,2483,2384,1531,294,1728,2501,2550,2704,319,2329

test suite146
bestAPFD:0.933997
bestSuite:203,2378,1602,1819,1720,1711,1000,2501,2531,2686,2548,440

test suite147
bestAPFD:0.939260
bestSuite:1575,288,2117,2368,1254,2478,2453,2698,1726,463,1580

test suite148
bestAPFD:0.941673
bestSuite:2617,2516,2415,1643,2682,2066,1405,2537,1730,1058,2292

test suite149
bestAPFD:0.952434
bestSuite:1557,2585,2515,1403,2687,202,360,1745,2662,2473,1536,2568

test suite150
bestAPFD:0.941673
bestSuite:1563,1284,2554,2580,2476,2709,2456,1726,2540,1538,2404

test suite151
bestAPFD:0.943159
bestSuite:1561,804,614,2513,277,2486,1804,1737,1630,2459,2698,1583,2481

test suite152
bestAPFD:0.935472
bestSuite:2236,1631,2395,290,2490,2476,2513,2643,2457,2681,2568,529

test suite153
bestAPFD:0.945796
bestSuite:1573,1920,1360,1455,1780,2452,2706,2539,1509,1512,2394,1720

test suite154
bestAPFD:0.923795
bestSuite:2642,1401,2404,2531,2442,1732,2454,2706,1618

test suite155
bestAPFD:0.937651
bestSuite:58,2509,1583,2498,2510,2237,2685,2525,1732,1882,903

test suite156
bestAPFD:0.949718
bestSuite:2461,2375,2547,2709,2538,2236,2090,1607,2355,1563,1732

test suite157
bestAPFD:0.943159
bestSuite:2667,2479,2450,2486,1220,1835,1825,2375,1405,2698,1716,2093,2087

test suite158
bestAPFD:0.952276
bestSuite:1577,2291,2534,2538,1169,2368,2528,2708,413,1175,1992,1661,2374,1730

test suite159
bestAPFD:0.940064
bestSuite:1559,2620,1804,2517,691,2128,2547,2478,2683,1737,2373

test suite160
bestAPFD:0.935237
bestSuite:1575,2495,1961,2317,2538,2611,1737,2550,2704,2342,411

test suite161
bestAPFD:0.937684
bestSuite:1571,1039,2498,851,1729,1236,2395,2392,1799,2695,2547,419

test suite162
bestAPFD:0.932301
bestSuite:18,2535,1670,1853,2504,2520,2686,2568,2023,2251

test suite163
bestAPFD:0.959861
bestSuite:1568,2436,2710,2502,2452,382,1784,1268,1515,228,2647,2406,2394,1726

test suite164
bestAPFD:0.953097
bestSuite:1570,2591,654,366,2349,1263,138,2467,1563,2515,2696,1405,1730,732,2415

test suite165
bestAPFD:0.948914
bestSuite:1557,1811,2708,2392,2527,401,1905,154,2475,1559,1716

test suite166
bestAPFD:0.949718
bestSuite:1558,2343,2681,2452,2487,495,2332,2418,2478,2507,1729

test suite167
bestAPFD:0.931215
bestSuite:837,2540,1530,2494,1728,2663,2532,1188,2552,2682,1099

test suite168
bestAPFD:0.926991
bestSuite:1341,2539,1631,2513,284,1720,2701,2548,1738,422

test suite169
bestAPFD:0.926106
bestSuite:1582,2668,1737,1793,2560,2531,2538,2502,2456,2683

test suite170
bestAPFD:0.949718
bestSuite:1568,2441,2710,2522,2537,683,1422,2384,163,2464,1729

test suite171
bestAPFD:0.953909
bestSuite:2461,2576,2693,2455,2514,1693,1974,2622,2480,1583,1716,1576

test suite172
bestAPFD:0.926991
bestSuite:2460,1832,2568,715,1289,1001,2516,19,2526,2701

test suite173
bestAPFD:0.933186
bestSuite:2074,2496,87,1729,191,2701,2521,2532,2537,1965

test suite174
bestAPFD:0.952434
bestSuite:1584,2583,2498,2548,2686,2505,599,564,1094,1309,86,1737

test suite175
bestAPFD:0.932824
bestSuite:265,2496,2384,2515,2486,1112,2428,2526,2707,1732,1710

test suite176
bestAPFD:0.947243
bestSuite:2465,1071,2256,2620,2682,1798,2535,1628,1606,2458,2395,1574,1729

test suite177
bestAPFD:0.940634
bestSuite:2441,2536,2451,2607,2500,1493,2690,2568,2525,980,1160,2392

test suite178
bestAPFD:0.946587
bestSuite:2590,2540,1530,2394,200,2490,1720,2485,2524,2706,1636,1486,2011,1108

test suite179
bestAPFD:0.927876
bestSuite:1402,106,1891,2392,2436,2395,2536,1728,2689,2544

test suite180
bestAPFD:0.935472
bestSuite:203,2539,2400,2451,2429,1720,1983,317,2708,2545,2511,1108

test suite181
bestAPFD:0.953171
bestSuite:1572,2524,1863,2502,2690,1665,1599,898,283,966,1571,1716

test suite182
bestAPFD:0.936846
bestSuite:1402,2440,2328,236,1737,2531,2540,2694,2532,2547,375

test suite183
bestAPFD:0.953909
bestSuite:1557,1822,2708,2525,2472,1022,1537,265,2568,1542,2466,2406

test suite184
bestAPFD:0.944087
bestSuite:1570,570,216,1830,2528,2693,1737,2516,271,1582,2407

test suite185
bestAPFD:0.939897
bestSuite:1576,1830,786,2368,2090,102,1728,1611,2702,2539,2456,2384

test suite186
bestAPFD:0.944322
bestSuite:866,2509,2531,134,2682,1405,1823,2406,1716,99,912,371

test suite187
bestAPFD:0.938455
bestSuite:179,1643,2373,2502,2699,2446,2523,1728,847,663,2207

test suite188
bestAPFD:0.925221
bestSuite:2618,2479,1582,2531,2670,2576,2568,2119,2699,2552

test suite189
bestAPFD:0.936846
bestSuite:2448,1309,84,1595,1716,2709,2434,2505,2522,2462,439

test suite190
bestAPFD:0.956773
bestSuite:1558,1774,1406,2514,2708,1110,1336,1023,308,121,2407,2476,1732

test suite191
bestAPFD:0.929646
bestSuite:2662,2374,1644,2508,2709,2537,1857,2457,1729,2274

test suite192
bestAPFD:0.922566
bestSuite:2631,1631,2394,2476,2517,1732,1375,1804,2546,2708

test suite193
bestAPFD:0.949718
bestSuite:1562,2117,2708,2454,2498,1795,684,516,2678,1716,2377

test suite194
bestAPFD:0.936846
bestSuite:2585,2509,197,1737,2486,2513,2701,1446,2452,2103,1132

test suite195
bestAPFD:0.931047
bestSuite:960,1595,2384,2472,205,2568,2518,1876,2702,2528,2406,444

test suite196
bestAPFD:0.953171
bestSuite:2463,1832,2710,2535,1403,548,2605,102,2504,2462,1579,1726

test suite197
bestAPFD:0.940869
bestSuite:215,2479,2496,2498,2686,2576,1726,2521,675,793,153

test suite198
bestAPFD:0.942847
bestSuite:2226,2460,2496,246,2513,378,2686,2568,2527,704,818,2305

test suite199
bestAPFD:0.915929
bestSuite:788,2378,1531,2513,51,2435,1728,2704,2525

test suite200
bestAPFD:0.929695
bestSuite:1563,2078,1771,2491,2457,2537,1726,2709,2407

test suite201
bestAPFD:0.931215
bestSuite:2541,1569,2380,2515,1732,2419,924,2438,2693,2547,2338

test suite202
bestAPFD:0.950221
bestSuite:1570,2446,871,2392,2454,2700,1730,1760,45,2510,1666,2394

test suite203
bestAPFD:0.949966
bestSuite:260,2479,1560,1661,1818,2697,2524,2467,1729,2485,1430,305,1733

test suite204
bestAPFD:0.937651
bestSuite:126,1569,2412,1522,2472,2522,1720,2698,722,1625,1365

test suite205
bestAPFD:0.940869
bestSuite:1559,2446,2638,2368,1104,2702,189,2406,2521,1730,2400

test suite206
bestAPFD:0.932019
bestSuite:603,2460,2412,85,1817,2537,1730,2660,1406,2701,670

test suite207
bestAPFD:0.941372
bestSuite:1571,706,2582,232,1756,1728,2516,2698,2520,1627,2377,2485

test suite208
bestAPFD:0.933628
bestSuite:2446,1660,2408,2464,181,2513,1728,2691,2458,369,2004

test suite209
bestAPFD:0.956093
bestSuite:1562,2392,2536,2692,2546,1830,1649,723,1929,1630,30,2518,1720

test suite210
bestAPFD:0.949718
bestSuite:1557,2703,2495,2549,1162,1738,773,2654,277,1530,1720

test suite211
bestAPFD:0.923974
bestSuite:2077,2535,1644,2428,150,1729,1697,2406,2492,2553,2688

test suite212
bestAPFD:0.936209
bestSuite:2541,1569,1586,2533,1522,1199,192,2438,2691,1404,1720,2131

test suite213
bestAPFD:0.930531
bestSuite:2159,2540,1631,2514,1728,1609,2704,2553,2406,1310

test suite214
bestAPFD:0.936042
bestSuite:1566,2117,142,2278,2513,1643,2479,1728,2547,2686,1814

test suite215
bestAPFD:0.940869
bestSuite:1573,1139,1092,2628,2701,2533,2548,2429,1833,244,1720

test suite216
bestAPFD:0.937713
bestSuite:207,1531,2374,2498,348,1830,2473,865,1716,2545,2706,583,1110

test suite217
bestAPFD:0.934956
bestSuite:2448,2138,845,2430,2536,2525,2699,225,2395,1730

test suite218
bestAPFD:0.940869
bestSuite:2577,1585,2539,2451,2689,71,2551,1716,2330,1873,2368

test suite219
bestAPFD:0.911947
bestSuite:937,1666,2404,2517,1726,348,30,2526,2691,2532

test suite220
bestAPFD:0.931047
bestSuite:250,2378,2535,1536,1070,1785,1726,965,2511,2454,2485,2701

test suite221
bestAPFD:0.920846
bestSuite:2603,2462,2530,2502,1269,2447,2708,2527,1730

test suite222
bestAPFD:0.953909
bestSuite:1558,1832,2693,2548,2494,223,1870,1419,226,1560,1729,2501

test suite223
bestAPFD:0.919862
bestSuite:73,2535,1578,1670,2293,2149,2709,1730,2459

test suite224
bestAPFD:0.926106
bestSuite:265,2395,2404,2502,1128,1804,2523,2686,1729,1968

test suite225
bestAPFD:0.931785
bestSuite:177,2539,1644,2394,2568,852,1811,2288,2467,2687,2550,535

test suite226
bestAPFD:0.956093
bestSuite:1557,2299,2491,2688,1404,90,1456,770,451,655,190,1720,1602

test suite227
bestAPFD:0.946587
bestSuite:2073,1583,2384,62,2517,2473,1432,2684,2568,2526,1937,2046,713,2392

test suite228
bestAPFD:0.945954
bestSuite:2465,847,941,96,2483,957,1847,1726,2385,1412,2703,2519,2526,1522

test suite229
bestAPFD:0.926106
bestSuite:818,2539,1660,156,2503,1737,1887,2701,2545,383

test suite230
bestAPFD:0.928761
bestSuite:1401,743,57,812,2502,1729,2516,2552,2685,2492

test suite231
bestAPFD:0.941797
bestSuite:2440,2410,2416,20,2500,2494,2498,1405,2688,1732,675,1336,1970

test suite232
bestAPFD:0.944690
bestSuite:1572,2542,2525,2708,2516,2238,15,2373,2476,1732

test suite233
bestAPFD:0.920846
bestSuite:2339,2538,2483,1522,2477,2667,1720,2686,2459

test suite234
bestAPFD:0.934956
bestSuite:2465,2514,52,1794,2359,2690,2485,1581,1405,1737

test suite235
bestAPFD:0.928801
bestSuite:137,2516,2507,2462,1291,1146,1817,1730,2697,2500,2457

test suite236
bestAPFD:0.949718
bestSuite:2461,2489,2545,2692,1877,1205,1160,1535,1661,2408,1728

test suite237
bestAPFD:0.953909
bestSuite:2461,2524,1811,2683,2513,2332,152,2631,2403,2407,1575,2568

test suite238
bestAPFD:0.920846
bestSuite:1909,2540,2507,2516,2437,2675,1729,2691,2454

test suite239
bestAPFD:0.948914
bestSuite:1568,1405,2585,2529,2694,2540,1967,2239,1643,1728,212

test suite240
bestAPFD:0.943584
bestSuite:17,2483,1530,2487,2433,2529,2704,1737,2521,1755,1843,2310

test suite241
bestAPFD:0.918695
bestSuite:1561,2218,2576,1661,1720,2544,2703,2538

test suite242
bestAPFD:0.928761
bestSuite:1316,1585,2483,289,2473,1819,2521,2687,1716,1094

test suite243
bestAPFD:0.927876
bestSuite:947,2538,1651,2495,151,1793,1728,2701,2455,524

test suite244
bestAPFD:0.926106
bestSuite:967,1602,2415,2464,2489,2455,1716,2687,2299,2406

test suite245
bestAPFD:0.940869
bestSuite:1561,2446,1319,156,1531,2705,2412,2458,2529,1730,2482

test suite246
bestAPFD:0.926745
bestSuite:226,1586,2536,1546,1832,2528,2702,1726,260

test suite247
bestAPFD:0.944087
bestSuite:1570,2577,2513,1266,2708,154,1720,2520,2448,2490,2374

test suite248
bestAPFD:0.945059
bestSuite:1577,246,2502,2211,2581,2568,2702,2547,2517,490,1416,2384

test suite249
bestAPFD:0.942847
bestSuite:1566,249,2441,2671,1009,2539,1728,2459,2695,2403,2375,2186

test suite250
bestAPFD:0.928761
bestSuite:833,1578,2496,2513,1729,2527,582,2703,1111,543

test suite251
bestAPFD:0.957454
bestSuite:1568,2429,2523,2687,2515,1465,2413,1217,2611,2380,1666,2485,1729

test suite252
bestAPFD:0.934735
bestSuite:1580,1757,2148,2537,1732,1170,1631,2517,71,1829,1403,2695

test suite253
bestAPFD:0.932301
bestSuite:2678,2400,1514,2513,2458,2519,2693,1732,2673,1315

test suite254
bestAPFD:0.944520
bestSuite:1912,2462,1583,2415,138,2517,1728,563,2694,2520,2506,2003,1114

test suite255
bestAPFD:0.937611
bestSuite:2466,1969,238,1798,2457,2535,2684,1743,2518,1720

test suite256
bestAPFD:0.948914
bestSuite:1572,2438,2692,2477,1406,2538,391,1908,2611,1586,1737

test suite257
bestAPFD:0.934071
bestSuite:2448,107,1726,2299,1576,2700,2487,2553,2533,1616

test suite258
bestAPFD:0.943805
bestSuite:1572,2705,1850,2483,2456,1485,780,2649,2460,1730

test suite259
bestAPFD:0.932824
bestSuite:2444,1546,2412,200,2514,1737,2513,2552,2693,904,2288

test suite260
bestAPFD:0.949718
bestSuite:2461,2686,2435,2521,2514,1795,35,77,1563,2374,1728

test suite261
bestAPFD:0.929646
bestSuite:261,1571,2539,2513,1726,2091,2705,2522,1420,1665

test suite262
bestAPFD:0.932522
bestSuite:102,1514,2404,2502,2568,795,1396,2706,1774,2375,2518,2456

test suite263
bestAPFD:0.949966
bestSuite:1570,2483,1010,687,683,1559,2550,1799,15,2690,1720,1,2384

test suite264
bestAPFD:0.939897
bestSuite:1561,1051,2641,2100,1866,1726,1651,2479,2522,2681,551,2492

test suite265
bestAPFD:0.934956
bestSuite:252,2516,2538,1644,2073,2690,2545,2568,393,1782

test suite266
bestAPFD:0.935472
bestSuite:24,2460,1522,2489,2395,990,813,2490,2528,2706,2576,1716

test suite267
bestAPFD:0.952276
bestSuite:1577,26,2424,2476,918,2539,2455,1701,2697,1140,241,2488,2377,1716

test suite268
bestAPFD:0.925762
bestSuite:230,2535,2509,832,2681,2526,1729,1952,2013

test suite269
bestAPFD:0.945796
bestSuite:1570,1702,971,837,2438,2458,2494,2683,1716,1412,2507,246

test suite270
bestAPFD:0.938496
bestSuite:2466,903,2536,1864,2683,2568,1406,393,1931,84

test suite271
bestAPFD:0.935671
bestSuite:2031,2507,2374,1536,151,2438,2529,581,800,1716,2703,2458,1298

test suite272
bestAPFD:0.936578
bestSuite:1557,2446,2533,2459,2705,193,2384,1660,2568

test suite273
bestAPFD:0.939159
bestSuite:2447,1578,2483,258,2501,836,41,1405,2710,1716,2368,2008

test suite274
bestAPFD:0.949718
bestSuite:2463,2425,1405,2683,2489,1609,1929,122,1570,1586,1720

test suite275
bestAPFD:0.936042
bestSuite:1574,1974,1759,1348,154,1771,2538,2548,2700,1716,1680

test suite276
bestAPFD:0.943159
bestSuite:1566,210,2586,1960,2535,2594,905,2450,2514,1728,2552,2710,2415

test suite277
bestAPFD:0.946500
bestSuite:2466,2355,2546,2697,1819,2535,324,1530,2655,2415,1728

test suite278
bestAPFD:0.952434
bestSuite:1557,1800,2491,2705,2458,646,270,1947,971,2605,1643,1729

test suite279
bestAPFD:0.929646
bestSuite:2442,2509,278,2486,2489,1737,414,2550,2703,701

test suite280
bestAPFD:0.944322
bestSuite:2466,268,1319,1780,159,2491,2535,2691,2526,1726,2578,2378

test suite281
bestAPFD:0.945059
bestSuite:224,2505,1680,2494,2573,2709,2501,2546,1737,2111,316,1355

test suite282
bestAPFD:0.919912
bestSuite:44,1644,2404,1747,2494,1732,1816,2522,2537,2710

test suite283
bestAPFD:0.943282
bestSuite:1559,2531,2607,2656,1934,2688,2458,1729,2384,40,1680

test suite284
bestAPFD:0.939633
bestSuite:35,2407,1611,1709,1069,1564,1716,1864,2548,2695,2529,690,431,276

test suite285
bestAPFD:0.930863
bestSuite:1572,2535,2686,2453,791,1944,2602,1729

test suite286
bestAPFD:0.943584
bestSuite:66,2505,2374,2397,2468,1853,2698,2473,2544,1716,648,1309

test suite287
bestAPFD:0.940634
bestSuite:126,1560,1571,2472,1729,1816,2504,2457,2478,2703,1011,2598

test suite288
bestAPFD:0.943584
bestSuite:105,2507,2536,2514,1832,2519,2520,2695,1720,1337,2106,1117

test suite289
bestAPFD:0.933997
bestSuite:2616,1663,2380,2495,1726,2486,2283,2334,1819,2520,2686,1552

test suite290
bestAPFD:0.912137
bestSuite:2449,218,2438,2533,2551,2709,1728

test suite291
bestAPFD:0.939897
bestSuite:1574,635,1741,146,1799,2537,1450,1440,2700,2415,2459,1730

test suite292
bestAPFD:0.935841
bestSuite:2466,909,2567,2486,2516,1403,2702,1156,2655,1720

test suite293
bestAPFD:0.928761
bestSuite:2631,2509,1661,2502,1866,1258,2551,2696,1737,490

test suite294
bestAPFD:0.931215
bestSuite:2587,1666,2394,10,2476,2619,1732,2704,2456,2537,2217

test suite295
bestAPFD:0.952008
bestSuite:2449,766,1246,2534,2686,1404,2531,2086,1161,1070,1637,2394,1720

test suite296
bestAPFD:0.941372
bestSuite:2573,2460,2378,1567,1332,62,2523,1729,2695,2396,347,2392

test suite297
bestAPFD:0.941673
bestSuite:1577,2116,165,1778,2681,2549,2472,1561,1479,2493,1720

test suite298
bestAPFD:0.941372
bestSuite:2588,2462,1611,2400,162,2513,2406,2682,2459,2568,1556,2297

test suite299
bestAPFD:0.927360
bestSuite:2562,2539,2380,1651,2429,1728,1949,213,2510,2452,2543,2692

test suite300
bestAPFD:0.953171
bestSuite:1557,1857,2457,2494,2689,2621,811,2511,97,2394,1530,2568

test suite301
bestAPFD:0.933628
bestSuite:1561,2640,215,2469,1019,2486,2537,1737,2404,2687,2457

test suite302
bestAPFD:0.936209
bestSuite:1566,2436,1013,1339,869,120,1729,2640,2516,2546,2485,2689

test suite303
bestAPFD:0.934956
bestSuite:180,2516,1560,2536,2404,1404,2700,1737,2366,1671

test suite304
bestAPFD:0.934071
bestSuite:1561,2590,2178,2392,1737,2478,2453,2697,173,1578

test suite305
bestAPFD:0.938422
bestSuite:2465,618,1567,2573,1083,1401,1732,2515,25,177,2689,1404

test suite306
bestAPFD:0.936846
bestSuite:1570,2319,1141,1378,1804,69,2531,1579,2527,2692,1737

test suite307
bestAPFD:0.934990
bestSuite:2568,1663,2507,2462,1780,2477,148,666,566,2691,2548,400,675

test suite308
bestAPFD:0.936042
bestSuite:2656,2385,1680,2459,2529,2706,2429,2486,1716,760,2354

test suite309
bestAPFD:0.951917
bestSuite:1579,2073,2498,1020,86,863,1519,532,2112,2685,2455,1684,2508,1616,1729

test suite310
bestAPFD:0.945796
bestSuite:2577,2462,2533,2412,2478,2696,2455,1737,2035,980,1023,328

test suite311
bestAPFD:0.926106
bestSuite:2541,1586,2533,1554,2375,1876,2469,2683,2550,1729

test suite312
bestAPFD:0.922013
bestSuite:1563,1361,1732,2368,2697,2547,2438,2530

test suite313
bestAPFD:0.929646
bestSuite:1561,1061,1825,1861,2502,1720,745,2545,2702,1554

test suite314
bestAPFD:0.941530
bestSuite:1579,79,2263,288,1732,81,1764,1861,2368,2477,2532,1581,2454,2693

test suite315
bestAPFD:0.937032
bestSuite:2246,1565,2407,72,2430,2480,1728,1756,2375,2710,2406,2547,2305

test suite316
bestAPFD:0.960493
bestSuite:1572,2523,2537,2697,2515,951,513,327,2511,70,2643,1522,2460,1737

test suite317
bestAPFD:0.953171
bestSuite:1558,2550,1849,2392,2697,1920,2630,24,1546,2374,2473,1726

test suite318
bestAPFD:0.928761
bestSuite:1020,2540,2505,1569,159,2534,1729,2522,2702,765

test suite319
bestAPFD:0.943159
bestSuite:2117,2462,1660,2416,250,2475,2472,1737,1431,2526,2686,2340,2214

test suite320
bestAPFD:0.941797
bestSuite:2442,2407,2450,2480,24,1728,2525,298,2529,2689,1442,1104,2238

test suite321
bestAPFD:0.939897
bestSuite:2465,999,251,1835,2536,1485,1178,2164,1631,2681,2458,1730

test suite322
bestAPFD:0.941673
bestSuite:1574,2441,794,78,1432,2548,2533,2706,1720,2493,2532

test suite323
bestAPFD:0.920846
bestSuite:840,2540,2509,1569,97,1726,1820,2689,2522

test suite324
bestAPFD:0.949718
bestSuite:1572,1851,2691,1403,2540,1536,2270,82,1574,2486,1726

test suite325
bestAPFD:0.946534
bestSuite:1577,2424,2355,2529,2455,1895,2681,2668,1732,599,2475,2496

test suite326
bestAPFD:0.934433
bestSuite:1579,2489,1918,45,2431,2568,2406,2485,1595,2700,2459

test suite327
bestAPFD:0.935472
bestSuite:2440,2407,1531,20,2488,2478,1737,2537,2521,2687,2111,2557

test suite328
bestAPFD:0.927192
bestSuite:183,2535,1530,2415,2080,1817,2494,2177,2708,2549,1737

test suite329
bestAPFD:0.932301
bestSuite:77,1565,2533,1660,2415,1781,1403,2688,1726,169

test suite330
bestAPFD:0.939897
bestSuite:2465,1250,2426,2483,1726,229,2397,2480,190,2549,2373,2694

test suite331
bestAPFD:0.936846
bestSuite:2666,1585,1663,2373,2687,2237,2529,1729,2520,592,2672

test suite332
bestAPFD:0.927876
bestSuite:1571,2580,2597,939,1726,736,2540,2394,2455,2698

test suite333
bestAPFD:0.948914
bestSuite:1557,2580,1404,2505,2706,492,187,2201,200,1644,1737

test suite334
bestAPFD:0.947243
bestSuite:218,2516,1578,2502,2490,2486,2534,2710,2453,1737,1143,441,81

test suite335
bestAPFD:0.937684
bestSuite:2613,1542,2407,1819,1153,2475,2709,1404,2531,1726,379,582

test suite336
bestAPFD:0.937561
bestSuite:1557,2684,2590,2392,2452,2507,249,2652,1726

test suite337
bestAPFD:0.925762
bestSuite:2620,2539,1666,2691,2440,2459,2480,2568,1186

test suite338
bestAPFD:0.919027
bestSuite:2637,150,2502,1660,2385,1156,1737,2709,2553,974

test suite339
bestAPFD:0.933628
bestSuite:1130,1578,2533,2472,129,2478,1729,2710,1820,2453,2163

test suite340
bestAPFD:0.924779
bestSuite:1057,2374,2450,2675,1720,2429,2485,491,2689,2392,2550

test suite341
bestAPFD:0.935472
bestSuite:2639,2507,2400,2513,1087,1924,1803,2698,2501,1720,2528,418

test suite342
bestAPFD:0.940634
bestSuite:219,2533,1571,2489,1904,2320,2708,2437,2549,1728,2087,1826

test suite343
bestAPFD:0.942478
bestSuite:1573,870,2483,106,1851,2456,2704,2535,935,1518,1720

test suite344
bestAPFD:0.934956
bestSuite:77,1578,2407,2439,2693,1406,2531,1737,711,1278

test suite345
bestAPFD:0.938422
bestSuite:870,2533,1631,2464,71,2422,2584,2685,2523,1716,1848,1036

test suite346
bestAPFD:0.918879
bestSuite:1250,1565,2479,2515,2628,2501,2547,2568,2704

test suite347
bestAPFD:0.948109
bestSuite:1558,1774,2494,2547,2703,1320,2346,80,1560,1729,2406

test suite348
bestAPFD:0.945796
bestSuite:1570,1793,1337,695,1575,173,2525,2489,2710,1729,320,2380

test suite349
bestAPFD:0.922812
bestSuite:1402,1135,1811,1286,2537,1729,2378,2548,2702

test suite350
bestAPFD:0.936042
bestSuite:1577,624,1819,2568,172,1576,2550,2477,1569,2706,1717

test suite351
bestAPFD:0.926388
bestSuite:962,1680,2404,45,2537,1737,2492,2686,1851,2526,1256

test suite352
bestAPFD:0.956773
bestSuite:1558,2580,2523,2472,2690,205,1165,2508,2040,50,2407,2462,1720

test suite353
bestAPFD:0.938545
bestSuite:1572,2534,2689,2452,2368,2075,29,2568,2473

test suite354
bestAPFD:0.926991
bestSuite:166,1578,2380,2498,2473,873,1774,2526,2688,1720

test suite355
bestAPFD:0.930310
bestSuite:225,2509,1670,1907,1732,2428,2375,426,365,2681,2454,2406

test suite356
bestAPFD:0.929646
bestSuite:8,1571,1683,2412,2529,2343,2685,1737,2550,1999

test suite357
bestAPFD:0.953171
bestSuite:1557,2577,2688,2487,1406,1252,236,2060,2412,1682,2511,1729

test suite358
bestAPFD:0.949718
bestSuite:1568,1857,2551,2705,2477,2107,1475,2624,2496,1730,2530

test suite359
bestAPFD:0.957454
bestSuite:1557,2427,2523,2697,2538,1393,1438,20,2190,2464,1730,2394,1546

test suite360
bestAPFD:0.943805
bestSuite:1558,2477,1404,2513,2701,2538,930,895,119,1729

test suite361
bestAPFD:0.938422
bestSuite:2041,2479,1616,256,2439,2503,1826,1406,2684,2532,1716,1070

test suite362
bestAPFD:0.939159
bestSuite:2343,1581,2483,2535,2394,2651,1737,1671,2681,2551,1714,2124

test suite363
bestAPFD:0.944690
bestSuite:1562,2710,1887,2452,2375,1371,76,1732,2478,1561

test suite364
bestAPFD:0.940869
bestSuite:1579,2641,31,2536,2457,1816,2685,1667,204,2410,1729

test suite365
bestAPFD:0.932301
bestSuite:1579,122,2431,2638,2536,1571,2521,2516,2709,1729

test suite366
bestAPFD:0.944690
bestSuite:1558,2546,2696,2582,2537,1833,1920,2480,1561,2568

test suite367
bestAPFD:0.926106
bestSuite:2613,1644,1585,2538,2530,2589,2568,2355,2525,2708

test suite368
bestAPFD:0.931785
bestSuite:171,2400,1514,2477,2485,768,800,1405,2707,1730,196,1035

test suite369
bestAPFD:0.950647
bestSuite:1563,2107,916,2533,1829,2684,2525,2674,1416,103,2385,2464,1729

test suite370
bestAPFD:0.932824
bestSuite:2334,2507,2491,156,1816,2501,438,2703,2568,2523,472

test suite371
bestAPFD:0.940634
bestSuite:1576,2577,1283,2643,2494,2513,72,1643,1729,2704,2525,1438

test suite372
bestAPFD:0.945796
bestSuite:2449,2205,2016,2616,1800,2452,2694,2538,1625,2357,2530,1729

test suite373
bestAPFD:0.941673
bestSuite:2642,2479,1660,2690,2437,1728,2518,2525,2248,1309,2406

test suite374
bestAPFD:0.931215
bestSuite:1580,82,738,441,1780,2538,1720,409,2520,2700,2403

test suite375
bestAPFD:0.943805
bestSuite:2461,1832,2547,2516,2705,1525,1260,1565,201,1726

test suite376
bestAPFD:0.940869
bestSuite:2449,977,2568,1778,2522,1100,2375,2536,2681,1647,162

test suite377
bestAPFD:0.941673
bestSuite:1570,2583,861,711,2630,2539,2521,112,2689,2568,1660

test suite378
bestAPFD:0.929695
bestSuite:1563,2498,1971,1889,1732,2526,2538,2693,75

test suite379
bestAPFD:0.939897
bestSuite:1566,2591,2623,947,2254,2395,1737,2491,2486,2686,2456,2506

test suite380
bestAPFD:0.931215
bestSuite:1046,2533,1554,1853,2511,1726,25,2654,2703,1405,1221

test suite381
bestAPFD:0.922013
bestSuite:107,2507,2581,1404,2709,2537,2568,2532

test suite382
bestAPFD:0.932522
bestSuite:603,2403,2407,2498,1805,133,2504,1729,2459,1625,2682,2090

test suite383
bestAPFD:0.953171
bestSuite:1584,2686,2575,2537,2523,1754,358,1000,1583,2353,2377,1729

test suite384
bestAPFD:0.936947
bestSuite:113,2416,1631,2477,2485,80,2492,2459,2707,1737,2323,1971

test suite385
bestAPFD:0.939074
bestSuite:46,2496,2530,1809,2495,2366,2085,1728,2550,2699,1972,2121,592

test suite386
bestAPFD:0.933997
bestSuite:1934,2539,2378,1729,1680,147,2500,192,803,2375,2697,2459

test suite387
bestAPFD:0.933186
bestSuite:108,2539,1542,2517,2482,2692,2454,1729,759,1868

test suite388
bestAPFD:0.933997
bestSuite:174,2505,2509,2540,1660,1254,399,1820,1405,2700,1728,1191

test suite389
bestAPFD:0.927876
bestSuite:1586,1036,2575,33,2514,1578,1716,2528,2705,2406

test suite390
bestAPFD:0.943584
bestSuite:2620,2462,1631,2400,1810,2705,2521,2537,1728,364,1759,1440

test suite391
bestAPFD:0.942847
bestSuite:2662,2509,1569,1546,2491,2523,1729,2702,1236,1131,1963,2138

test suite392
bestAPFD:0.943584
bestSuite:1576,2445,336,968,2502,1606,2676,2544,2693,2492,1663,1730

test suite393
bestAPFD:0.929646
bestSuite:2442,1595,2539,2504,2651,1726,2688,2520,2335,2392

test suite394
bestAPFD:0.945796
bestSuite:1577,119,2138,2546,1530,2392,2692,1793,2530,1726,2315,299

test suite395
bestAPFD:0.949285
bestSuite:1559,2535,2439,275,633,1396,1443,2523,2707,1730,1971,1522,2384

test suite396
bestAPFD:0.941797
bestSuite:2636,2496,1680,2404,2502,348,1128,2696,1832,2551,1716,1859,377

test suite397
bestAPFD:0.929695
bestSuite:1573,630,2568,1794,2547,2536,2681,189,2231

test suite398
bestAPFD:0.927192
bestSuite:1307,1643,2530,2431,2529,2475,289,1728,599,2699,1403

test suite399
bestAPFD:0.940869
bestSuite:8,2516,2538,1660,2459,2430,2568,2693,2220,2556,303

test suite400
bestAPFD:0.917588
bestSuite:1575,114,662,2533,2534,2458,2704,1730

test suite401
bestAPFD:0.929646
bestSuite:1579,2424,737,1582,2486,177,1732,2692,2487,2454

test suite402
bestAPFD:0.943584
bestSuite:2662,1401,1631,2407,1404,2427,2696,2392,2485,1720,2122,2060

test suite403
bestAPFD:0.944891
bestSuite:1570,1934,1384,283,2694,2491,2525,1726,1503,1522,2395

test suite404
bestAPFD:0.953370
bestSuite:1570,827,2434,2551,1574,2539,2682,1728,2500,2601,1825,710,2395

test suite405
bestAPFD:0.933628
bestSuite:1582,2557,1805,1447,2460,2568,2515,2394,2702,2455,1608

test suite406
bestAPFD:0.929695
bestSuite:2449,2560,119,2544,2437,2517,2694,1726,2530

test suite407
bestAPFD:0.937713
bestSuite:2311,2540,1611,2385,223,2486,1771,2480,1728,2684,2547,332,2627

test suite408
bestAPFD:0.948109
bestSuite:1568,2695,2587,2489,2516,1404,902,2636,1643,2473,1729

test suite409
bestAPFD:0.943805
bestSuite:1568,2708,1832,2533,2455,1516,2619,277,1728,2415

test suite410
bestAPFD:0.922566
bestSuite:772,1670,2395,2491,2513,2679,2691,1716,1404,920

test suite411
bestAPFD:0.936578
bestSuite:1557,2429,2472,2702,2550,140,828,1565,1728

test suite412
bestAPFD:0.942109
bestSuite:1579,2446,717,2274,21,2538,2525,1542,2708,2367,1110,1728

test suite413
bestAPFD:0.942109
bestSuite:1563,1329,26,589,579,1853,2535,2454,2689,2378,2508,1737

test suite414
bestAPFD:0.948109
bestSuite:1584,1863,2494,2544,2683,2513,1609,102,2560,2408,1729

test suite415
bestAPFD:0.933628
bestSuite:2466,2502,1880,885,2689,2521,2500,2384,1729

test suite416
bestAPFD:0.938496
bestSuite:1570,2502,2494,660,13,2526,2689,1716,2218,2373

test suite417
bestAPFD:0.948914
bestSuite:1557,2707,2582,2477,2459,1505,824,900,227,1563,1729

test suite418
bestAPFD:0.925221
bestSuite:963,2450,2407,1564,2531,2456,2694,2532,2584,1716

test suite419
bestAPFD:0.934735
bestSuite:2583,2533,2397,181,1728,270,2518,1968,1997,2704,1403,521

test suite420
bestAPFD:0.942920
bestSuite:1557,2427,2531,2526,2694,2046,10,1870,1572,1737

test suite421
bestAPFD:0.940634
bestSuite:2465,2201,1799,2516,2482,132,1721,1569,288,2553,2701,1720

test suite422
bestAPFD:0.942478
bestSuite:2591,2496,2516,1531,283,2482,2486,1730,2688,254,1406,1324,2355

test suite423
bestAPFD:0.919862
bestSuite:2092,2533,2404,2495,289,534,2455,2681,1732

test suite424
bestAPFD:0.933628
bestSuite:1563,1363,2455,2477,2684,2377,2530,2383,1730

test suite425
bestAPFD:0.952434
bestSuite:1558,1912,2513,2681,2458,621,2028,903,130,1643,1716,2509

test suite426
bestAPFD:0.940869
bestSuite:2448,2445,2637,2489,612,243,2456,2698,2529,1720,1560

test suite427
bestAPFD:0.927997
bestSuite:282,2538,2397,643,1190,2438,2522,2510,1729,2705,375

test suite428
bestAPFD:0.930310
bestSuite:274,2412,1666,882,1007,2452,2531,1849,2695,2490,1720,395

test suite429
bestAPFD:0.928801
bestSuite:2237,1565,2483,143,2475,2501,1208,2437,2706,2549,1732

test suite430
bestAPFD:0.932522
bestSuite:2078,1644,2408,2624,1805,2485,1728,1567,2544,2368,2693,1313

test suite431
bestAPFD:0.942920
bestSuite:1572,1857,2514,2457,2681,1051,1744,2462,84,1737

test suite432
bestAPFD:0.937684
bestSuite:2583,2509,2540,10,2568,2478,1518,152,1322,2693,2547,2265

test suite433
bestAPFD:0.935841
bestSuite:2465,2066,2514,1315,1007,2695,167,2520,1569,1728

test suite434
bestAPFD:0.929606
bestSuite:1583,2575,698,7,2479,1879,2485,1730,2685,2395,2452

test suite435
bestAPFD:0.934956
bestSuite:1561,2649,1850,219,864,2692,2552,2505,1716,1402

test suite436
bestAPFD:0.936042
bestSuite:1576,823,1007,2514,169,2476,1729,2687,1823,2456,1585

test suite437
bestAPFD:0.936209
bestSuite:638,2538,1670,2531,156,1847,2510,1720,2552,2696,1786,1888

test suite438
bestAPFD:0.930531
bestSuite:2647,2483,2533,1542,2588,1295,1720,2695,2453,1743

test suite439
bestAPFD:0.949718
bestSuite:1557,2525,1849,2690,2494,967,2660,2385,1611,2655,1732

test suite440
bestAPFD:0.939897
bestSuite:2587,1560,2536,1683,51,1726,2515,1494,2545,2682,1762,999

test suite441
bestAPFD:0.937651
bestSuite:239,1531,2400,2472,2696,1851,2485,2546,1729,794,454

test suite442
bestAPFD:0.928761
bestSuite:2460,691,1894,2477,1808,2395,2697,512,1404,1730

test suite443
bestAPFD:0.944322
bestSuite:2465,708,1778,2368,2697,2481,1145,134,1579,1616,2552,1730

test suite444
bestAPFD:0.940634
bestSuite:1402,1850,1291,1156,340,1726,2408,2540,2544,2703,400,1683

test suite445
bestAPFD:0.923795
bestSuite:2591,2538,2483,2403,172,1720,2456,2688,976

test suite446
bestAPFD:0.940064
bestSuite:253,2505,1680,2498,1798,2703,1567,2452,1728,1439,1216

test suite447
bestAPFD:0.926388
bestSuite:1583,972,1030,1732,190,2487,1863,2394,2485,2708,2549

test suite448
bestAPFD:0.949718
bestSuite:1558,2502,2694,2547,1478,278,871,1416,2488,2400,1730

test suite449
bestAPFD:0.944322
bestSuite:215,2539,1644,2514,2493,2528,2690,1729,192,1232,1062,2406

test suite450
bestAPFD:0.935472
bestSuite:750,2536,2509,2394,1803,197,1729,2478,758,2595,2687,2525

test suite451
bestAPFD:0.938496
bestSuite:1563,2442,924,2476,2456,1732,2681,2494,1499,2395

test suite452
bestAPFD:0.930410
bestSuite:24,2533,2462,2384,966,2517,1862,2703,2525,1737,54

test suite453
bestAPFD:0.936726
bestSuite:1573,2577,88,2476,1078,2545,2392,2705,1586,1730

test suite454
bestAPFD:0.926991
bestSuite:1386,2505,1602,2513,1720,1808,1416,2681,2455,1

test suite455
bestAPFD:0.944087
bestSuite:1570,775,31,1807,2520,2683,1581,2368,1728,2482,2385

test suite456
bestAPFD:0.926991
bestSuite:265,1560,1616,2478,2477,1960,2681,1853,2454,1728

test suite457
bestAPFD:0.936846
bestSuite:1577,2632,166,2473,1283,2521,2438,2688,2517,2407,1720

test suite458
bestAPFD:0.929606
bestSuite:230,2403,2373,2515,2486,1732,1301,744,2553,2706,1487

test suite459
bestAPFD:0.932824
bestSuite:1586,2329,44,1830,2486,1682,1716,1585,2522,2515,2709

test suite460
bestAPFD:0.943584
bestSuite:1401,2250,1726,1847,2487,2685,2507,2546,464,10,2512,2532

test suite461
bestAPFD:0.927192
bestSuite:130,1578,1569,2385,1269,2515,2518,1406,1807,2707,1729

test suite462
bestAPFD:0.936726
bestSuite:1577,2498,2250,2539,2485,2523,2695,751,1500,1720

test suite463
bestAPFD:0.940064
bestSuite:253,1560,2540,1522,2494,2682,2522,1737,1937,342,825

test suite464
bestAPFD:0.937651
bestSuite:1579,620,134,2540,1864,2459,1554,2462,2695,505,1729

test suite465
bestAPFD:0.926106
bestSuite:1402,1276,2568,240,2478,2483,2408,2436,2703,2528

test suite466
bestAPFD:0.939260
bestSuite:168,1560,1682,1771,2531,1406,2698,1737,682,746,1411

test suite467
bestAPFD:0.935237
bestSuite:1401,928,1200,2514,2483,1720,2486,2692,204,2551,568

test suite468
bestAPFD:0.948109
bestSuite:1562,2577,2495,2459,2703,803,2080,290,2378,2460,1729

test suite469
bestAPFD:0.910029
bestSuite:808,2374,1680,1729,2502,2438,2143,2689,2544

test suite470
bestAPFD:0.930863
bestSuite:1584,2514,2709,1403,262,2377,2460,1716

test suite471
bestAPFD:0.943584
bestSuite:52,2538,2400,1583,2514,2708,2528,2568,2679,1600,1690,1966

test suite472
bestAPFD:0.932948
bestSuite:935,2539,80,1522,2400,1832,2003,1255,2512,372,2700,1716,2552

test suite473
bestAPFD:0.949115
bestSuite:2226,1571,2483,1683,2374,1730,14,2699,1545,2406,2545,874,2189,1213

test suite474
bestAPFD:0.929646
bestSuite:2585,1546,2479,156,2478,2568,1403,2693,1061,2392

test suite475
bestAPFD:0.921829
bestSuite:2145,2496,2633,2478,2494,299,2568,2685,2528

test suite476
bestAPFD:0.924779
bestSuite:2587,2538,1595,2503,2624,1403,2684,1716,482

test suite477
bestAPFD:0.919862
bestSuite:2285,2479,1569,2498,1720,9,2697,1403,937

test suite478
bestAPFD:0.919801
bestSuite:179,2538,2462,1822,2523,2681,2518,1729

test suite479
bestAPFD:0.943839
bestSuite:1576,809,210,2489,167,1731,2437,2537,2410,1403,2682,1592,1716

test suite480
bestAPFD:0.944690
bestSuite:1557,2477,2452,2702,104,2408,1995,728,1737,1542

test suite481
bestAPFD:0.936726
bestSuite:2448,2590,1974,2478,243,2546,2695,2505,1720,575

test suite482
bestAPFD:0.944322
bestSuite:1577,2441,1197,2616,530,2477,1404,2702,2485,235,2374,1729

test suite483
bestAPFD:0.927729
bestSuite:1566,2066,151,2677,2539,2527,2702,2568,1628

test suite484
bestAPFD:0.936846
bestSuite:1559,1769,2477,1664,1052,123,2476,2683,2544,1716,2378

test suite485
bestAPFD:0.956773
bestSuite:2461,1866,2687,2535,2524,547,1106,369,1122,1627,2511,2380,1729

test suite486
bestAPFD:0.938422
bestSuite:1576,1364,741,1283,1794,2517,2498,1729,1578,2683,2527,71

test suite487
bestAPFD:0.928801
bestSuite:149,1585,2412,2478,655,2494,1798,2704,1716,1405,2131

test suite488
bestAPFD:0.960493
bestSuite:1557,1835,2707,2523,2477,61,600,2511,1661,2025,111,763,1728,2378

test suite489
bestAPFD:0.938545
bestSuite:1557,2513,2708,2455,441,2312,440,1542,1730

test suite490
bestAPFD:0.941372
bestSuite:84,2535,1595,2514,841,2553,1861,2700,1720,495,385,320

test suite491
bestAPFD:0.943839
bestSuite:1566,111,2446,988,782,1730,2537,1646,2493,2703,2494,2548,2394

test suite492
bestAPFD:0.949718
bestSuite:1568,2705,1794,2523,2489,2513,2516,805,958,1644,1726

test suite493
bestAPFD:0.932824
bestSuite:1401,1873,1726,2653,2615,2498,2429,2491,2689,2548,2380

test suite494
bestAPFD:0.934576
bestSuite:1123,1651,2380,2502,2490,281,336,301,2581,2368,2685,1116,1732,1405

test suite495
bestAPFD:0.934433
bestSuite:1575,2575,990,718,2568,1806,2532,2455,2707,2487,2496

test suite496
bestAPFD:0.931416
bestSuite:2590,2507,183,1729,115,2529,2697,2551,780,947

test suite497
bestAPFD:0.934735
bestSuite:230,2530,1670,995,2528,2481,1729,1862,2529,2690,1264,1495

test suite498
bestAPFD:0.930410
bestSuite:2591,2408,2397,2495,1730,246,2502,2614,2453,2695,2344

test suite499
bestAPFD:0.936209
bestSuite:1401,884,2233,1039,2535,2598,173,1580,1043,1729,2691,2522

test suite500
bestAPFD:0.944690
bestSuite:2461,1403,2685,2494,611,1644,1666,1728,156,2415

