test suite1
bestAPFD:0.924047
bestSuite:1570,1720,2514,2704,2552,201,2374,2208,992,38,1514

test suite2
bestAPFD:0.927771
bestSuite:2463,2688,1818,2524,1563,1720,2460,1722,2479,446,869

test suite3
bestAPFD:0.922208
bestSuite:1566,2237,2538,1404,2694,1732,245,2051,1546,2531,1517

test suite4
bestAPFD:0.924968
bestSuite:1576,11,2703,1830,2528,1728,1257,1595,2385,1175,2498,2406

test suite5
bestAPFD:0.919482
bestSuite:1576,1292,2697,2535,2524,2514,3,1716,1976,2397

test suite6
bestAPFD:0.924588
bestSuite:262,1580,2438,2704,2521,2448,795,933,2406,1732,2494,161

test suite7
bestAPFD:0.905351
bestSuite:1387,1822,1683,2476,2553,2708,2412,1737,2605,2392

test suite8
bestAPFD:0.918975
bestSuite:2159,2540,2527,1585,2701,1720,2537,563,179,2478

test suite9
bestAPFD:0.925073
bestSuite:1570,2683,2435,2568,2547,701,2538,458,181,1247,2377

test suite10
bestAPFD:0.922241
bestSuite:1557,2710,2536,2523,1716,2587,1595,218,1622

test suite11
bestAPFD:0.923247
bestSuite:1401,1732,2710,2540,2547,1279,2262,673,1631,1830,2375,2638

test suite12
bestAPFD:0.914287
bestSuite:2556,1683,2513,1728,2704,2458,2515,2407,82,2383,2191

test suite13
bestAPFD:0.922499
bestSuite:239,2395,2710,2489,2549,2490,1726,1160,1781,1565,2501,1897

test suite14
bestAPFD:0.922235
bestSuite:2182,2509,2406,1847,2683,2548,2221,111,1716,2492,2489,2377,1487

test suite15
bestAPFD:0.928635
bestSuite:154,2479,2553,2702,2462,1200,1354,1766,1769,1732,1536,2492,2415

test suite16
bestAPFD:0.917767
bestSuite:2073,2536,2682,1560,1403,2568,71,2481,1616,849

test suite17
bestAPFD:0.917664
bestSuite:2066,1578,2485,2706,2459,1730,218,2395,2494,1168

test suite18
bestAPFD:0.924333
bestSuite:1579,2489,1780,2703,2462,2551,863,2034,2380,1663,1737,184

test suite19
bestAPFD:0.921544
bestSuite:1579,2502,2022,2699,2604,1830,2453,1737,1585,499,2063

test suite20
bestAPFD:0.919113
bestSuite:933,2533,1564,2544,2708,1730,1377,464,1683,2412,2427

test suite21
bestAPFD:0.923779
bestSuite:2448,1329,2460,2684,2502,1406,1728,1833,2436,1644,2415,111

test suite22
bestAPFD:0.920248
bestSuite:2159,2530,1728,2694,2521,269,2045,1531,2537,2492,787

test suite23
bestAPFD:0.909405
bestSuite:2617,1569,2459,2502,2699,2416,1716,1450

test suite24
bestAPFD:0.923444
bestSuite:1561,2513,700,2704,2458,1726,103,2467,2430,379,2462,869

test suite25
bestAPFD:0.920779
bestSuite:140,2412,2568,2696,2529,2527,1810,1524,1467,1522,2501,939

test suite26
bestAPFD:0.925091
bestSuite:610,2496,2502,223,2687,2549,445,929,2447,449,2369,2516,1486,1726

test suite27
bestAPFD:0.918399
bestSuite:2301,2462,1864,2686,2403,65,2495,1737,2519,2535,2545

test suite28
bestAPFD:0.919810
bestSuite:2584,2378,2476,2148,2695,2458,2464,1141,84,1661,1730,354,2392

test suite29
bestAPFD:0.929896
bestSuite:1572,2700,2528,2502,1730,28,13,2403,831,1278,1637,2482

test suite30
bestAPFD:0.920708
bestSuite:2448,1751,2698,1849,2553,1737,2406,2514,2400,970

test suite31
bestAPFD:0.921707
bestSuite:620,2535,2477,2685,2456,942,143,1726,2225,1771,1611,350

test suite32
bestAPFD:0.925855
bestSuite:1563,1132,2428,2704,2458,11,1729,2412,2392,2476,1196,2490

test suite33
bestAPFD:0.923153
bestSuite:1575,107,2445,2458,2687,222,2578,604,1720,2400,2529

test suite34
bestAPFD:0.909496
bestSuite:1242,1583,2502,2549,151,2692,2483,1726,2436

test suite35
bestAPFD:0.918319
bestSuite:1062,2540,1581,2693,2552,1732,1871,127,1807,202,2499

test suite36
bestAPFD:0.916402
bestSuite:2568,1611,232,2576,2544,2699,1032,2501,2515,2377,904

test suite37
bestAPFD:0.931605
bestSuite:2461,2517,2693,2455,2639,842,1729,2431,1297,1567,1670,2507,1485

test suite38
bestAPFD:0.923087
bestSuite:2073,2412,2514,2699,776,2546,1730,1748,216,1661,2485,534

test suite39
bestAPFD:0.923268
bestSuite:2449,2568,2685,1811,2521,2407,113,2340,2368,2486,614

test suite40
bestAPFD:0.925335
bestSuite:2221,2538,1716,2524,2706,2397,1817,72,2504,1882,346,535,2373

test suite41
bestAPFD:0.924190
bestSuite:2620,2460,2457,1798,2694,1730,2194,1671,2415,2477,2506,1522

test suite42
bestAPFD:0.931276
bestSuite:1568,1809,2708,2550,1477,1221,2420,2218,1716,2539,2473,1556

test suite43
bestAPFD:0.918926
bestSuite:52,2509,2582,2694,2458,1538,1726,2605,2517,2406

test suite44
bestAPFD:0.920422
bestSuite:2460,2395,2260,2684,2505,1404,1729,1866,1336,2208,398,1724

test suite45
bestAPFD:0.919625
bestSuite:2227,1602,2489,2524,2708,1027,2507,1716,2478,208,1803

test suite46
bestAPFD:0.913872
bestSuite:1582,1720,1810,2458,2702,256,1359,2529,2380

test suite47
bestAPFD:0.931324
bestSuite:1558,2690,2458,2375,91,2584,902,1720,2460,2133,1313,241,2385,2481

test suite48
bestAPFD:0.921050
bestSuite:1402,2130,2428,2456,2706,211,199,1569,2472,2416,1726

test suite49
bestAPFD:0.929512
bestSuite:1568,2545,2514,2700,2087,1570,2425,286,615,2394,1729,2451

test suite50
bestAPFD:0.926094
bestSuite:1576,1778,1902,2690,2456,1730,1170,2486,2539,2659,1616,210

test suite51
bestAPFD:0.912869
bestSuite:1981,2462,2695,1800,2626,1272,2523,2496,2375,2568

test suite52
bestAPFD:0.911834
bestSuite:928,2538,1726,2681,1680,19,2412,2477,2546

test suite53
bestAPFD:0.916593
bestSuite:825,2534,2509,2692,2453,2501,2504,2537,54,1683,2568

test suite54
bestAPFD:0.920820
bestSuite:2568,2539,1484,2710,1405,2101,1666,2510,25,1698,1771,1086

test suite55
bestAPFD:0.924800
bestSuite:2461,1985,2695,2547,835,1728,154,2476,2489,1580

test suite56
bestAPFD:0.924808
bestSuite:2461,2703,2498,2526,2467,250,1732,2335,1308,2407

test suite57
bestAPFD:0.928283
bestSuite:2449,1310,2683,1861,1406,1732,971,2493,2494,2412,1407,216,2485

test suite58
bestAPFD:0.922411
bestSuite:1557,2681,2516,2458,1566,2309,2568,2633,505

test suite59
bestAPFD:0.925731
bestSuite:1573,870,2683,1771,2520,202,2368,1720,800,2469,2501,2536

test suite60
bestAPFD:0.922048
bestSuite:178,1560,1887,2698,1404,1729,1631,1269,2478,1489,2537

test suite61
bestAPFD:0.929857
bestSuite:1572,2700,2446,1403,998,2463,1732,1885,500,2502,404,294

test suite62
bestAPFD:0.925419
bestSuite:1570,2535,2522,2699,1730,677,2412,1823,1663,258

test suite63
bestAPFD:0.928163
bestSuite:1558,2708,1771,2454,2407,123,1217,2540,1730,929,1070

test suite64
bestAPFD:0.913362
bestSuite:2583,2536,2690,2488,2550,123,1730,2451,1147

test suite65
bestAPFD:0.922789
bestSuite:2339,2516,1737,2693,2501,2545,2495,1857,2506,2277,1615,1663,2668

test suite66
bestAPFD:0.910095
bestSuite:2448,1393,2536,2695,2528,1726,2438,2647

test suite67
bestAPFD:0.914195
bestSuite:91,1569,2591,2698,2551,1580,1716,1762,2535

test suite68
bestAPFD:0.926870
bestSuite:2066,1561,2685,2546,1053,2481,283,934,441,1666,2476,2568,2368,1032

test suite69
bestAPFD:0.919724
bestSuite:178,2538,2699,1585,1405,1737,624,1781,2502,534

test suite70
bestAPFD:0.923682
bestSuite:2424,1585,2690,159,592,2527,883,1567,2501,1737,2394,2392

test suite71
bestAPFD:0.917998
bestSuite:258,2408,2498,2701,2553,1737,832,1780,698,1670,2476

test suite72
bestAPFD:0.919499
bestSuite:184,2539,1729,2523,2078,2681,2410,921,2482,2391,1847

test suite73
bestAPFD:0.920254
bestSuite:1015,2516,80,2700,1404,1585,2519,1732,2532,2404,714,2581

test suite74
bestAPFD:0.923365
bestSuite:245,2505,995,2682,2553,1479,1818,1514,1101,2517,1732,2486,1001

test suite75
bestAPFD:0.925091
bestSuite:2461,1794,2706,2457,1737,1580,1297,1651,2514,134

test suite76
bestAPFD:0.913487
bestSuite:107,1546,2477,2691,2544,2404,2478,1729,1888

test suite77
bestAPFD:0.913227
bestSuite:1571,2161,2299,2683,2545,2530,1737,2368,159

test suite78
bestAPFD:0.928214
bestSuite:1572,1774,2704,2523,2563,107,1730,2395,863,2516,2476

test suite79
bestAPFD:0.918422
bestSuite:1570,1728,1809,2700,2545,2415,2495,168,1663

test suite80
bestAPFD:0.925303
bestSuite:1558,2693,2590,2547,752,948,290,1730,2465,2513

test suite81
bestAPFD:0.924844
bestSuite:1557,2434,2706,1406,1898,2273,1558,1730,157,2529

test suite82
bestAPFD:0.926075
bestSuite:1583,1912,2501,2707,2454,847,1732,666,2625,149,2415,475,2491,2482

test suite83
bestAPFD:0.910219
bestSuite:2448,730,2505,2523,2697,1726,1192,2476

test suite84
bestAPFD:0.922739
bestSuite:1574,2652,1793,2521,2694,2301,1732,2529,189,2378,838

test suite85
bestAPFD:0.911205
bestSuite:753,2533,2477,2705,2546,1729,228,532,1595

test suite86
bestAPFD:0.912089
bestSuite:2620,2539,1680,2528,2568,2700,2508,1853,479

test suite87
bestAPFD:0.928742
bestSuite:2461,2690,1912,2549,265,282,957,1726,2493,2515,2496

test suite88
bestAPFD:0.928841
bestSuite:2461,2533,2522,2683,1576,2432,2668,2448,1757,1475,2490,1729

test suite89
bestAPFD:0.919072
bestSuite:1575,2577,100,2707,2553,1729,1230,760,1874,2533

test suite90
bestAPFD:0.923817
bestSuite:2465,2513,2696,2520,1905,1740,2450,1832,2497,1729

test suite91
bestAPFD:0.919248
bestSuite:253,2412,2434,1728,2704,2459,1663,231,2506,2537,2007

test suite92
bestAPFD:0.925744
bestSuite:1575,1728,2540,2550,195,2695,1383,888,1661,1082,2056,2398,2532,1818

test suite93
bestAPFD:0.929498
bestSuite:1572,2491,2690,2520,710,286,1580,800,1730,2501,1656

test suite94
bestAPFD:0.926602
bestSuite:1574,1369,2549,2517,2702,2469,1720,1560,1534,1670,228,2485

test suite95
bestAPFD:0.930934
bestSuite:1568,2689,2368,2522,281,813,848,2374,1720,2450,2532,2435,583

test suite96
bestAPFD:0.911283
bestSuite:16,1546,2531,2473,2689,2457,1726,2400,1822

test suite97
bestAPFD:0.924812
bestSuite:1572,2513,2689,2523,103,1504,1726,1798,773,387

test suite98
bestAPFD:0.918584
bestSuite:2440,2538,2551,1732,2684,126,2506,2077,2410,2537

test suite99
bestAPFD:0.923321
bestSuite:1571,2574,609,2709,2523,1423,2374,1376,2531,2053,1720,212,1482

test suite100
bestAPFD:0.907703
bestSuite:2468,1560,2552,2533,2702,1595,1730,24

test suite101
bestAPFD:0.913741
bestSuite:1402,1864,2478,2709,2457,2538,1922,582,1726

test suite102
bestAPFD:0.925404
bestSuite:2461,2685,2516,2522,208,1729,1359,1574,1537,397

test suite103
bestAPFD:0.924683
bestSuite:1561,835,2693,1403,2368,181,1958,1579,1728,1595,1862,1523

test suite104
bestAPFD:0.923135
bestSuite:2588,2462,2689,117,2521,1174,1450,2378,2375,1716,1683,2202

test suite105
bestAPFD:0.925776
bestSuite:58,2479,2698,2548,972,1729,1517,2237,1564,2496,2462,2598

test suite106
bestAPFD:0.923583
bestSuite:1566,1586,2691,2441,2457,1726,2400,2330,1345,299,2505,2530

test suite107
bestAPFD:0.928571
bestSuite:1572,2145,2457,2686,260,2568,2540,669,2477,783,411

test suite108
bestAPFD:0.928624
bestSuite:1570,2577,2709,2547,1282,1187,72,2568,2490,1401,2538,2052

test suite109
bestAPFD:0.901880
bestSuite:1169,2535,1726,2692,2597,2488,1682,2453

test suite110
bestAPFD:0.932775
bestSuite:1568,2553,2368,2696,2047,252,1708,2488,1720,2038,2485,1769,2484,2400

test suite111
bestAPFD:0.921020
bestSuite:1366,1531,223,2505,2682,2550,1716,938,2582,2374,2533,1338,367,2481

test suite112
bestAPFD:0.925696
bestSuite:1572,2502,2694,2522,1772,1288,2095,2477,1720,2451

test suite113
bestAPFD:0.907417
bestSuite:212,2516,2709,2066,2524,1726,1670,2498

test suite114
bestAPFD:0.921943
bestSuite:277,1522,2478,2375,2695,1922,2525,1737,2464,777,1863,240,2404,565,442

test suite115
bestAPFD:0.921359
bestSuite:2460,2568,2529,2453,2699,13,1670,909,1579,2438,2373

test suite116
bestAPFD:0.924526
bestSuite:1557,2586,2523,2685,2048,1568,254,1720,205,2472

test suite117
bestAPFD:0.921171
bestSuite:121,2505,2688,2525,1574,1716,1830,1561,2070,580

test suite118
bestAPFD:0.920267
bestSuite:1203,2538,2701,2545,1794,2518,1554,1720,2609,573,1512

test suite119
bestAPFD:0.922081
bestSuite:1561,2432,2016,2684,2553,1726,1579,154,1644,2515,1231

test suite120
bestAPFD:0.932485
bestSuite:1562,2687,2487,2525,2594,2395,44,1962,1737,1830,2323,2478,2

test suite121
bestAPFD:0.929879
bestSuite:1557,2515,2693,2522,1316,1573,1716,2582,2541,1824,2377,1971

test suite122
bestAPFD:0.926464
bestSuite:265,2483,2694,1182,2545,1783,1807,1729,2540,2412,1500,1516,1567,1569

test suite123
bestAPFD:0.930683
bestSuite:1557,2453,2590,2682,717,710,2466,862,1726,2302,2368,1502,2506,236

test suite124
bestAPFD:0.919781
bestSuite:1579,2498,2460,1405,2696,1720,1810,12,2654,263

test suite125
bestAPFD:0.920153
bestSuite:1329,1574,2694,2368,2544,245,1726,2378,2538,1781,1519

test suite126
bestAPFD:0.921519
bestSuite:2461,2688,2491,2455,1275,807,2394,1728,385

test suite127
bestAPFD:0.919729
bestSuite:1575,256,2689,2539,2526,1710,1737,1864,567,1660

test suite128
bestAPFD:0.924262
bestSuite:180,2516,2696,2525,2537,2066,2062,1566,1473,1716,2076

test suite129
bestAPFD:0.925607
bestSuite:1402,2445,2697,2547,2392,143,2309,2385,1826,1729,2533,2266

test suite130
bestAPFD:0.920982
bestSuite:129,2479,2001,2701,2526,734,2576,1737,1631,2501,2363

test suite131
bestAPFD:0.930443
bestSuite:1557,2582,2702,2458,1356,2511,1596,2392,2638,1536,2394,1729

test suite132
bestAPFD:0.919261
bestSuite:2448,712,2694,2536,2675,2522,2476,1804,1720,1157

test suite133
bestAPFD:0.919307
bestSuite:232,2483,237,2544,1362,1720,1680,2435,2486,2510,2681

test suite134
bestAPFD:0.921783
bestSuite:2573,1569,2561,2453,2708,1586,1661,1726,2512,2515,27

test suite135
bestAPFD:0.926169
bestSuite:1568,2299,2695,2528,1730,2655,2502,378,2408,499

test suite136
bestAPFD:0.922858
bestSuite:8,1602,2537,2703,1729,2548,2374,9,2288,1863,2488,1050,722

test suite137
bestAPFD:0.927290
bestSuite:1557,2685,2517,1403,1929,1288,2404,2655,1716,2490,2449

test suite138
bestAPFD:0.923461
bestSuite:2449,66,2375,2682,2526,1780,2580,1580,2486,1722,1730

test suite139
bestAPFD:0.922275
bestSuite:1559,2513,1203,2701,2457,1716,1866,2406,1560,62

test suite140
bestAPFD:0.901537
bestSuite:2137,2509,2514,1716,2692,2455,133,2502

test suite141
bestAPFD:0.928090
bestSuite:2463,2691,2452,2427,2408,1020,2568,2397,193,2535,474

test suite142
bestAPFD:0.921852
bestSuite:2590,1581,2485,2457,2686,2404,34,1869,1737,2497,2375

test suite143
bestAPFD:0.923973
bestSuite:1574,2539,1233,2523,2434,2686,2407,1732,1137,2609,408,300

test suite144
bestAPFD:0.922991
bestSuite:2568,2540,13,2688,2525,1571,2517,2594,1850,2485,23,1588,469

test suite145
bestAPFD:0.920739
bestSuite:2073,2483,294,2704,2550,2501,2384,2329,1531,1728,319

test suite146
bestAPFD:0.921068
bestSuite:203,1602,1819,2548,1720,2686,1711,2378,1000,440,2501,2531

test suite147
bestAPFD:0.922930
bestSuite:1575,288,2698,2117,2453,1254,1580,1726,2478,2368,463

test suite148
bestAPFD:0.923495
bestSuite:2617,2516,2682,1405,1643,2537,2415,1058,2066,2292,1730

test suite149
bestAPFD:0.930565
bestSuite:1557,2515,1403,2687,2662,2568,2585,202,1536,360,2473,1745

test suite150
bestAPFD:0.923596
bestSuite:1563,2476,2540,2709,2456,2580,2404,2554,1538,1284,1726

test suite151
bestAPFD:0.923675
bestSuite:1583,2513,1737,2698,2459,277,2486,1561,614,1630,2481,1804,804

test suite152
bestAPFD:0.919836
bestSuite:2568,2395,2513,2490,2681,2457,290,2476,2236,529,1631,2643

test suite153
bestAPFD:0.927242
bestSuite:1573,1920,1780,2452,2706,1455,1720,1360,2394,1512,2539,1509

test suite154
bestAPFD:0.916830
bestSuite:1401,2442,2706,2454,2404,1732,2642,2531,1618

test suite155
bestAPFD:0.922202
bestSuite:58,2509,2237,2685,2525,1583,2498,903,1732,1882,2510

test suite156
bestAPFD:0.927179
bestSuite:2461,2375,2709,2547,1732,2355,2090,1563,2236,1607,2538

test suite157
bestAPFD:0.924002
bestSuite:2667,2479,2486,2698,1405,2450,1716,2087,2375,2093,1825,1835,1220

test suite158
bestAPFD:0.927947
bestSuite:1577,2291,2538,2528,2708,1169,1992,2368,2374,1661,1730,413,2534,1175

test suite159
bestAPFD:0.924291
bestSuite:1559,2517,2620,2683,2547,2373,691,1804,1737,2478,2128

test suite160
bestAPFD:0.921781
bestSuite:1575,1737,2538,2704,2550,2317,2495,2611,1961,2342,411

test suite161
bestAPFD:0.922361
bestSuite:1571,2498,1039,2547,2695,2395,2392,851,1799,1236,1729,419

test suite162
bestAPFD:0.919115
bestSuite:18,2535,2686,2504,2520,2251,1853,2568,1670,2023

test suite163
bestAPFD:0.931687
bestSuite:1568,2502,2710,2452,1726,2436,228,2647,2394,1268,2406,1784,382,1515

test suite164
bestAPFD:0.931413
bestSuite:1570,2591,2696,1405,1563,1263,2349,2467,1730,2515,138,654,366,732,2415

test suite165
bestAPFD:0.928464
bestSuite:1557,2708,2392,2527,154,1811,1905,1559,2475,401,1716

test suite166
bestAPFD:0.928597
bestSuite:1558,2343,2681,2418,2452,2332,2507,495,2487,2478,1729

test suite167
bestAPFD:0.916523
bestSuite:1188,2540,837,2682,1728,2552,2663,1530,2532,1099,2494

test suite168
bestAPFD:0.916776
bestSuite:1341,2539,1720,2548,284,2701,1631,2513,422,1738

test suite169
bestAPFD:0.917204
bestSuite:1582,2668,2531,2683,2456,1793,1737,2560,2538,2502

test suite170
bestAPFD:0.927372
bestSuite:1568,2522,2537,2710,1729,2464,2441,163,1422,2384,683

test suite171
bestAPFD:0.929923
bestSuite:2461,2576,2693,2455,1576,2622,1693,2514,1716,1974,2480,1583

test suite172
bestAPFD:0.917522
bestSuite:2460,1832,1289,2526,2701,1001,2568,19,2516,715

test suite173
bestAPFD:0.918225
bestSuite:2074,2496,2701,2532,2521,1965,1729,87,191,2537

test suite174
bestAPFD:0.930539
bestSuite:1584,2505,2686,2548,86,1737,2498,2583,1309,1094,564,599

test suite175
bestAPFD:0.918308
bestSuite:265,2496,2707,2428,2486,2526,1710,1112,2384,2515,1732

test suite176
bestAPFD:0.926953
bestSuite:1574,2620,2682,1798,2465,2458,1729,2395,1606,2256,2535,1628,1071

test suite177
bestAPFD:0.924096
bestSuite:2441,2536,2525,2568,2690,1160,2500,2607,1493,2392,2451,980

test suite178
bestAPFD:0.926131
bestSuite:2590,2540,1720,2706,2524,1486,200,1108,2394,2490,1530,1636,2485,2011

test suite179
bestAPFD:0.918180
bestSuite:1402,1891,2689,2536,2544,2436,2392,1728,106,2395

test suite180
bestAPFD:0.923218
bestSuite:1983,2539,1720,2545,2451,2708,2429,1108,203,2511,317,2400

test suite181
bestAPFD:0.929981
bestSuite:1572,2502,2690,2524,898,1571,283,966,1863,1665,1599,1716

test suite182
bestAPFD:0.923684
bestSuite:1402,2440,2694,2547,2328,2540,236,375,2532,2531,1737

test suite183
bestAPFD:0.930579
bestSuite:1557,1822,2525,2708,1542,2568,1022,2466,1537,265,2406,2472

test suite184
bestAPFD:0.926150
bestSuite:1570,1830,1737,2693,2528,216,271,1582,2407,570,2516

test suite185
bestAPFD:0.922906
bestSuite:1576,786,1830,2456,1728,1611,102,2090,2539,2368,2384,2702

test suite186
bestAPFD:0.918620
bestSuite:134,2509,2682,912,2531,1405,2406,371,1716,99,1823,866

test suite187
bestAPFD:0.921418
bestSuite:179,2373,2502,2699,2523,2207,1728,1643,663,2446,847

test suite188
bestAPFD:0.917790
bestSuite:1582,2576,2618,2552,2699,2568,2119,2531,2479,2670

test suite189
bestAPFD:0.923579
bestSuite:2448,1309,2505,2709,2522,1595,2434,84,1716,439,2462

test suite190
bestAPFD:0.931901
bestSuite:1558,1774,2708,1406,2407,2476,121,1732,1336,1023,2514,308,1110

test suite191
bestAPFD:0.915291
bestSuite:2662,1644,1729,2537,2709,2457,2274,2374,2508,1857

test suite192
bestAPFD:0.914874
bestSuite:2631,1631,2476,2517,2708,2546,1732,2394,1804,1375

test suite193
bestAPFD:0.929247
bestSuite:1562,2708,2117,2454,684,1716,2678,2498,2377,1795,516

test suite194
bestAPFD:0.921570
bestSuite:2585,2509,197,2701,2452,1737,1446,2103,1132,2486,2513

test suite195
bestAPFD:0.920294
bestSuite:2568,1595,2472,2702,2406,2528,960,2384,2518,205,444,1876

test suite196
bestAPFD:0.929620
bestSuite:2463,1832,2710,1403,1579,2504,102,2605,548,2462,2535,1726

test suite197
bestAPFD:0.923768
bestSuite:215,2479,2521,2576,2686,2498,153,793,2496,675,1726

test suite198
bestAPFD:0.926132
bestSuite:2226,2460,2686,2527,2568,818,2513,2305,2496,704,378,246

test suite199
bestAPFD:0.909436
bestSuite:51,1531,2513,2704,2525,1728,788,2435,2378

test suite200
bestAPFD:0.917222
bestSuite:1563,2078,1771,2709,2457,1726,2407,2491,2537

test suite201
bestAPFD:0.918070
bestSuite:2541,2380,1732,2693,2438,2547,2338,924,1569,2515,2419

test suite202
bestAPFD:0.928136
bestSuite:1570,2700,2446,2454,2392,45,871,1730,2510,1666,2394,1760

test suite203
bestAPFD:0.927711
bestSuite:260,2479,2697,2524,2467,1430,1560,1818,1729,1661,2485,305,1733

test suite204
bestAPFD:0.921510
bestSuite:126,1569,2698,2472,2522,722,1522,1720,1625,2412,1365

test suite205
bestAPFD:0.925005
bestSuite:1559,2446,2521,2638,2702,1730,2368,2400,189,2406,1104

test suite206
bestAPFD:0.920478
bestSuite:2460,603,1817,1406,2701,670,2660,1730,85,2537,2412

test suite207
bestAPFD:0.923636
bestSuite:1571,706,2698,2520,2516,2582,1756,232,2377,1728,1627,2485

test suite208
bestAPFD:0.920388
bestSuite:2446,1660,2464,2691,2458,2513,181,1728,2004,369,2408

test suite209
bestAPFD:0.931193
bestSuite:1562,2692,1830,2546,723,1720,1630,1929,2392,2518,30,2536,1649

test suite210
bestAPFD:0.927358
bestSuite:1557,2703,2495,2549,277,1720,773,1162,1530,1738,2654

test suite211
bestAPFD:0.914347
bestSuite:1729,2535,1697,2077,2688,2553,2406,1644,2492,2428,150

test suite212
bestAPFD:0.922461
bestSuite:1199,1586,2691,2438,1404,192,2131,1720,1522,2541,2533,1569

test suite213
bestAPFD:0.918127
bestSuite:2159,2540,2704,2514,2553,1728,1310,2406,1609,1631

test suite214
bestAPFD:0.924265
bestSuite:1566,2117,2547,2513,2686,2278,1728,1643,142,2479,1814

test suite215
bestAPFD:0.923989
bestSuite:1573,1092,2533,2701,2548,1139,244,2628,1833,2429,1720

test suite216
bestAPFD:0.919885
bestSuite:207,1531,865,2498,2545,2706,2374,348,1716,1110,2473,583,1830

test suite217
bestAPFD:0.919865
bestSuite:2448,845,2430,2699,2525,225,2138,1730,2395,2536

test suite218
bestAPFD:0.921828
bestSuite:2577,2539,1716,2689,2551,1873,2368,1585,2330,2451,71

test suite219
bestAPFD:0.908063
bestSuite:1726,1666,2517,2691,2532,348,2526,2404,937,30

test suite220
bestAPFD:0.920798
bestSuite:250,2535,1070,1726,2454,2701,965,1785,2378,1536,2485,2511

test suite221
bestAPFD:0.911179
bestSuite:2603,2502,2530,2708,2527,2447,2462,1730,1269

test suite222
bestAPFD:0.929738
bestSuite:1558,2494,2693,2548,1870,1832,1419,1729,223,1560,2501,226

test suite223
bestAPFD:0.909883
bestSuite:73,2535,1578,2709,2149,2459,1730,1670,2293

test suite224
bestAPFD:0.913932
bestSuite:265,2395,2502,1128,2686,1729,2523,1804,2404,1968

test suite225
bestAPFD:0.922469
bestSuite:2568,2539,177,2550,2687,2467,2288,852,1644,1811,535,2394

test suite226
bestAPFD:0.930022
bestSuite:1557,2491,2688,1404,190,655,1456,2299,1602,770,1720,451,90

test suite227
bestAPFD:0.924842
bestSuite:1583,2568,2684,2473,2073,2526,2392,2046,1432,713,2517,1937,2384,62

test suite228
bestAPFD:0.927604
bestSuite:2465,2483,96,2703,2526,941,2519,1726,1847,1412,957,847,1522,2385

test suite229
bestAPFD:0.915593
bestSuite:818,2539,1660,1737,2545,2701,156,383,2503,1887

test suite230
bestAPFD:0.918870
bestSuite:1401,743,2685,2516,2552,57,1729,812,2502,2492

test suite231
bestAPFD:0.921253
bestSuite:2440,2416,2688,20,1732,1405,675,1970,1336,2498,2494,2500,2410

test suite232
bestAPFD:0.926534
bestSuite:1572,2542,2525,2708,15,1732,2476,2373,2516,2238

test suite233
bestAPFD:0.913656
bestSuite:2339,2538,2477,2686,2459,2667,1522,1720,2483

test suite234
bestAPFD:0.921323
bestSuite:2465,52,1794,2690,1405,2359,1581,2485,1737,2514

test suite235
bestAPFD:0.915500
bestSuite:1146,2507,1817,137,2697,2516,2457,2500,1291,1730,2462

test suite236
bestAPFD:0.927714
bestSuite:2461,2692,2489,2545,1877,1728,1205,1160,1535,1661,2408

test suite237
bestAPFD:0.929180
bestSuite:2461,2513,2683,2524,1575,2631,2332,2568,152,1811,2403,2407

test suite238
bestAPFD:0.912169
bestSuite:1909,2540,1729,2691,2437,2454,2675,2516,2507

test suite239
bestAPFD:0.927609
bestSuite:1568,2529,2694,1405,2585,212,2239,1643,2540,1728,1967

test suite240
bestAPFD:0.925772
bestSuite:17,2483,2704,2521,2310,2433,1530,1737,1843,2487,2529,1755

test suite241
bestAPFD:0.908053
bestSuite:1561,2218,2703,2576,1720,1661,2538,2544

test suite242
bestAPFD:0.915173
bestSuite:289,2483,1819,1094,2687,2473,1316,1585,1716,2521

test suite243
bestAPFD:0.915710
bestSuite:947,2538,2495,2701,151,1793,1651,1728,524,2455

test suite244
bestAPFD:0.915721
bestSuite:967,1602,2489,2455,2299,2687,2415,1716,2406,2464

test suite245
bestAPFD:0.924354
bestSuite:2446,1561,2705,2458,2412,1730,2529,1531,1319,2482,156

test suite246
bestAPFD:0.914701
bestSuite:260,1586,1832,2702,2528,1546,1726,2536,226

test suite247
bestAPFD:0.926519
bestSuite:1570,2513,2708,154,2520,2577,2374,2448,2490,1266,1720

test suite248
bestAPFD:0.925723
bestSuite:1577,2568,2502,2702,2547,2517,490,246,2211,2581,2384,1416

test suite249
bestAPFD:0.923560
bestSuite:1566,2441,2539,2695,2375,2459,1009,249,1728,2403,2671,2186

test suite250
bestAPFD:0.916379
bestSuite:833,1578,2513,2527,2703,543,1729,582,1111,2496

test suite251
bestAPFD:0.931829
bestSuite:1568,2429,2523,2687,1217,2413,1729,1465,1666,2611,2380,2485,2515

test suite252
bestAPFD:0.921348
bestSuite:1580,2537,1757,2695,1403,1732,2148,2517,1829,1631,71,1170

test suite253
bestAPFD:0.918540
bestSuite:2678,2400,2513,2693,2458,1315,1514,1732,2519,2673

test suite254
bestAPFD:0.925060
bestSuite:1912,2462,2694,138,2520,1728,2506,2517,1583,2003,1114,2415,563

test suite255
bestAPFD:0.922439
bestSuite:2466,2684,2535,238,2457,1743,1798,1720,2518,1969

test suite256
bestAPFD:0.928026
bestSuite:1572,1406,2438,2692,1737,1908,2611,1586,2538,2477,391

test suite257
bestAPFD:0.920579
bestSuite:2448,107,2700,2299,2553,1726,2533,2487,1616,1576

test suite258
bestAPFD:0.925895
bestSuite:1572,2483,2456,2705,2460,1485,1730,780,2649,1850

test suite259
bestAPFD:0.920706
bestSuite:2444,1546,2513,2693,2552,2412,200,904,2288,2514,1737

test suite260
bestAPFD:0.928028
bestSuite:2461,2435,2686,2521,1563,2374,77,35,1795,1728,2514

test suite261
bestAPFD:0.918228
bestSuite:261,2539,1726,2705,2522,1571,2091,1420,1665,2513

test suite262
bestAPFD:0.919424
bestSuite:2568,1514,2502,2706,2375,2518,2456,2404,795,1774,1396,102

test suite263
bestAPFD:0.931780
bestSuite:1570,2483,2550,2690,683,1559,1799,1720,687,1010,15,2384,1

test suite264
bestAPFD:0.924482
bestSuite:2641,2479,2681,1051,2522,1561,551,1726,1651,2492,1866,2100

test suite265
bestAPFD:0.919297
bestSuite:2073,2538,2568,2690,2545,1644,252,1782,393,2516

test suite266
bestAPFD:0.920078
bestSuite:24,1522,2489,2706,2528,2576,2395,2460,990,2490,813,1716

test suite267
bestAPFD:0.928086
bestSuite:1577,2476,2539,2697,2455,1701,2424,1716,241,918,26,2488,2377,1140

test suite268
bestAPFD:0.910478
bestSuite:230,2509,832,2681,2535,2526,2013,1952,1729

test suite269
bestAPFD:0.926850
bestSuite:1570,2438,1702,2683,2458,837,1716,971,2494,1412,2507,246

test suite270
bestAPFD:0.922118
bestSuite:2466,2568,2683,1864,1406,1931,84,903,2536,393

test suite271
bestAPFD:0.920642
bestSuite:2031,2507,2529,800,2458,2703,151,1716,1298,1536,2374,581,2438

test suite272
bestAPFD:0.923014
bestSuite:1557,2446,2705,2459,1660,2568,193,2533,2384

test suite273
bestAPFD:0.920532
bestSuite:2447,2483,258,1405,41,2710,2501,836,2368,1578,1716,2008

test suite274
bestAPFD:0.927344
bestSuite:2463,2425,2683,1405,1720,1570,1929,1609,122,2489,1586

test suite275
bestAPFD:0.923038
bestSuite:1574,1759,2700,2538,2548,1771,154,1716,1680,1348,1974

test suite276
bestAPFD:0.926449
bestSuite:1566,210,2586,2552,2710,1960,1728,905,2594,2514,2415,2450,2535

test suite277
bestAPFD:0.924989
bestSuite:2466,2535,2697,2355,2546,2655,1728,2415,1819,324,1530

test suite278
bestAPFD:0.929542
bestSuite:1557,2705,1800,2458,1729,1947,270,971,2605,1643,2491,646

test suite279
bestAPFD:0.917897
bestSuite:2442,2509,2489,2703,2550,2486,1737,701,278,414

test suite280
bestAPFD:0.926627
bestSuite:2466,2691,1726,2535,2526,1319,2578,268,1780,2378,2491,159

test suite281
bestAPFD:0.926304
bestSuite:224,2505,2709,2546,2573,1737,1355,2494,1680,2501,316,2111

test suite282
bestAPFD:0.911105
bestSuite:1747,1644,44,2494,2710,2522,1816,2404,1732,2537

test suite283
bestAPFD:0.924715
bestSuite:1559,2688,2531,2458,1729,40,2607,2656,1680,2384,1934

test suite284
bestAPFD:0.920459
bestSuite:1709,1564,2407,2529,2695,1069,2548,1864,690,1716,35,1611,276,431

test suite285
bestAPFD:0.916715
bestSuite:1572,2535,2686,2453,2602,791,1944,1729

test suite286
bestAPFD:0.926299
bestSuite:66,2505,2698,2544,2374,2468,1853,1309,1716,648,2397,2473

test suite287
bestAPFD:0.924186
bestSuite:126,1571,1816,2703,2457,1729,1560,2504,1011,2472,2478,2598

test suite288
bestAPFD:0.923767
bestSuite:105,2536,2514,2520,2695,1832,2106,1337,1720,2519,2507,1117

test suite289
bestAPFD:0.921104
bestSuite:2616,2380,2486,2495,2520,2686,1726,1819,1663,2334,2283,1552

test suite290
bestAPFD:0.903553
bestSuite:2449,218,2709,2438,2551,2533,1728

test suite291
bestAPFD:0.924162
bestSuite:1574,1799,635,2700,2459,146,1741,1440,2415,1730,2537,1450

test suite292
bestAPFD:0.922399
bestSuite:2466,2516,2567,2702,1403,1156,1720,2486,2655,909

test suite293
bestAPFD:0.917943
bestSuite:2631,2509,2502,2696,2551,1737,1661,1258,490,1866

test suite294
bestAPFD:0.916036
bestSuite:2619,1666,2476,2587,2456,2217,2704,2394,1732,2537,10

test suite295
bestAPFD:0.926884
bestSuite:2449,1404,766,2686,2534,1637,2531,1246,1161,1720,2086,2394,1070

test suite296
bestAPFD:0.922958
bestSuite:2460,1332,2695,2392,2523,2378,1729,2573,347,62,2396,1567

test suite297
bestAPFD:0.922733
bestSuite:1561,2116,2681,2472,2549,1720,165,1577,1778,1479,2493

test suite298
bestAPFD:0.921661
bestSuite:2588,1611,2513,2406,2682,2459,2568,162,2297,2400,1556,2462

test suite299
bestAPFD:0.918296
bestSuite:2562,2539,2510,2692,1949,2452,2429,2380,2543,213,1728,1651

test suite300
bestAPFD:0.929215
bestSuite:1557,1857,2457,2689,2568,1530,811,2394,97,2494,2511,2621

test suite301
bestAPFD:0.923038
bestSuite:1561,215,2457,2469,2687,1019,2640,1737,2404,2486,2537

test suite302
bestAPFD:0.921759
bestSuite:1566,1013,2689,120,2516,2546,1729,1339,2640,2436,869,2485

test suite303
bestAPFD:0.918333
bestSuite:180,2516,2700,1560,1737,1671,2366,2404,2536,1404

test suite304
bestAPFD:0.921797
bestSuite:1561,2590,2697,2453,1737,173,2178,1578,2392,2478

test suite305
bestAPFD:0.924686
bestSuite:2465,1567,2689,2515,1404,2573,1732,177,618,1401,1083,25

test suite306
bestAPFD:0.924208
bestSuite:1570,1804,1579,2692,2527,1141,1737,1378,2531,69,2319

test suite307
bestAPFD:0.921884
bestSuite:2568,2462,1780,2691,2548,148,675,1663,2507,400,2477,566,666

test suite308
bestAPFD:0.918606
bestSuite:2656,1680,1716,2706,2429,2459,2529,2385,2354,760,2486

test suite309
bestAPFD:0.928930
bestSuite:1579,2498,2112,2455,2685,2073,86,1020,1729,532,2508,1519,1616,863,1684

test suite310
bestAPFD:0.927374
bestSuite:2577,2462,2696,2455,1023,328,2412,2533,2035,1737,980,2478

test suite311
bestAPFD:0.916641
bestSuite:1586,1876,2469,2550,2541,2683,1729,2533,2375,1554

test suite312
bestAPFD:0.911378
bestSuite:1563,1361,2697,2438,2547,2530,1732,2368

test suite313
bestAPFD:0.919497
bestSuite:1561,1825,2502,2702,2545,1720,1061,1861,1554,745

test suite314
bestAPFD:0.926316
bestSuite:1581,79,1861,2693,2454,81,288,1764,1579,1732,2263,2477,2532,2368

test suite315
bestAPFD:0.920196
bestSuite:2246,1565,72,2430,2710,2547,1728,1756,2375,2480,2407,2406,2305

test suite316
bestAPFD:0.931193
bestSuite:1572,2537,2697,2523,951,2460,1737,70,1522,2511,2515,2643,327,513

test suite317
bestAPFD:0.929039
bestSuite:1558,2697,1849,2550,2630,2374,24,1546,1726,2392,2473,1920

test suite318
bestAPFD:0.917971
bestSuite:1020,2540,1729,2522,2702,765,1569,159,2505,2534

test suite319
bestAPFD:0.925005
bestSuite:2117,2462,250,2686,2472,2526,1737,2475,2214,2340,2416,1431,1660

test suite320
bestAPFD:0.919054
bestSuite:24,2407,2442,2480,1728,2689,2525,2450,1104,298,1442,2529,2238

test suite321
bestAPFD:0.926038
bestSuite:2465,251,2536,2458,2681,1485,1730,1631,1835,1178,999,2164

test suite322
bestAPFD:0.925518
bestSuite:1574,2441,2706,2548,1720,1432,2493,78,2532,2533,794

test suite323
bestAPFD:0.911876
bestSuite:840,2540,2522,1569,2689,1820,2509,97,1726

test suite324
bestAPFD:0.927835
bestSuite:1572,1403,2691,1851,1574,2270,82,1726,2486,1536,2540

test suite325
bestAPFD:0.926371
bestSuite:1577,2424,2529,2681,2455,2668,2355,1895,599,2475,1732,2496

test suite326
bestAPFD:0.922479
bestSuite:1579,2489,2431,2700,2459,1595,2406,1918,2485,2568,45

test suite327
bestAPFD:0.920624
bestSuite:2440,1531,2488,2478,2687,2521,20,2111,2557,2407,2537,1737

test suite328
bestAPFD:0.917899
bestSuite:2080,2535,1737,2708,1817,2549,2415,1530,2494,183,2177

test suite329
bestAPFD:0.918684
bestSuite:77,2533,1726,2688,1403,169,1781,1660,1565,2415

test suite330
bestAPFD:0.925913
bestSuite:2465,2426,1726,2694,2549,2483,2397,2480,229,190,1250,2373

test suite331
bestAPFD:0.923026
bestSuite:2666,1585,2520,2687,2237,1663,2529,2672,1729,2373,592

test suite332
bestAPFD:0.917270
bestSuite:1571,2580,2698,1726,2455,2540,939,2394,736,2597

test suite333
bestAPFD:0.927693
bestSuite:1557,2505,2706,1404,1644,187,2580,200,1737,2201,492

test suite334
bestAPFD:0.927401
bestSuite:218,2516,2710,2453,2486,1143,1737,81,2534,2502,2490,441,1578

test suite335
bestAPFD:0.917890
bestSuite:1153,2407,2531,1726,2709,1404,379,1819,1542,2613,582,2475

test suite336
bestAPFD:0.922159
bestSuite:1557,2684,2590,2452,1726,2652,2392,249,2507

test suite337
bestAPFD:0.914136
bestSuite:2620,2539,2480,2691,2459,2440,1666,2568,1186

test suite338
bestAPFD:0.911225
bestSuite:1156,1660,2502,2709,2553,150,974,2385,2637,1737

test suite339
bestAPFD:0.916948
bestSuite:129,1578,1130,1820,2710,2453,1729,2533,2478,2472,2163

test suite340
bestAPFD:0.913507
bestSuite:2675,2374,1720,2392,1057,2689,2429,2485,2450,491,2550

test suite341
bestAPFD:0.921330
bestSuite:2639,2507,2513,2698,1087,2528,2400,1803,1720,1924,2501,418

test suite342
bestAPFD:0.922949
bestSuite:2320,1571,2708,2489,2549,1904,219,2437,2533,1728,1826,2087

test suite343
bestAPFD:0.924270
bestSuite:1573,106,2483,2704,2456,870,1720,935,2535,1518,1851

test suite344
bestAPFD:0.919164
bestSuite:77,1578,2439,2693,1406,711,2407,1278,1737,2531

test suite345
bestAPFD:0.922086
bestSuite:870,2533,2464,2685,2523,1716,2422,2584,1036,1848,1631,71

test suite346
bestAPFD:0.912649
bestSuite:2628,1565,2515,2704,2547,1250,2479,2501,2568

test suite347
bestAPFD:0.928051
bestSuite:1558,2703,1774,2547,1729,2346,1320,80,1560,2406,2494

test suite348
bestAPFD:0.927580
bestSuite:1570,1729,1793,2710,2525,173,2489,1575,1337,695,320,2380

test suite349
bestAPFD:0.914792
bestSuite:1402,1135,2537,2548,2702,2378,1811,1729,1286

test suite350
bestAPFD:0.922005
bestSuite:1576,624,2706,1819,2550,1577,1569,2568,2477,1717,172

test suite351
bestAPFD:0.913877
bestSuite:962,2404,45,1737,2686,1851,1256,2526,2537,2492,1680

test suite352
bestAPFD:0.930600
bestSuite:1558,2472,2523,2690,1165,2580,2407,1720,2508,205,2040,50,2462

test suite353
bestAPFD:0.921616
bestSuite:1572,2368,2689,2452,2568,29,2473,2075,2534

test suite354
bestAPFD:0.914406
bestSuite:166,2380,2498,2688,1720,1578,873,2473,1774,2526

test suite355
bestAPFD:0.915399
bestSuite:1907,1670,225,1732,2681,2375,2454,426,365,2428,2406,2509

test suite356
bestAPFD:0.920247
bestSuite:1571,2343,2685,2550,1999,2412,8,2529,1683,1737

test suite357
bestAPFD:0.929312
bestSuite:1557,2688,2577,1406,2060,236,1682,1252,2487,1729,2511,2412

test suite358
bestAPFD:0.928753
bestSuite:1568,2477,2705,2551,1730,2624,2107,1857,1475,2530,2496

test suite359
bestAPFD:0.930452
bestSuite:1557,2697,2538,2523,2464,2190,1546,1393,20,2427,1730,1438,2394

test suite360
bestAPFD:0.925863
bestSuite:1558,2477,2701,1404,1729,119,2513,930,2538,895

test suite361
bestAPFD:0.922806
bestSuite:2041,2479,2684,256,1406,1716,2532,1070,1826,2439,1616,2503

test suite362
bestAPFD:0.924338
bestSuite:1581,2343,2681,2651,2551,1737,1714,2124,2535,2483,2394,1671

test suite363
bestAPFD:0.924991
bestSuite:1562,1887,2710,2452,1732,1371,1561,2375,2478,76

test suite364
bestAPFD:0.921538
bestSuite:1579,31,1816,2685,1729,2457,1667,204,2410,2536,2641

test suite365
bestAPFD:0.919310
bestSuite:1579,122,2709,2536,2521,1571,1729,2431,2638,2516

test suite366
bestAPFD:0.925579
bestSuite:1558,2537,2546,2696,1561,1920,2582,2568,1833,2480

test suite367
bestAPFD:0.918152
bestSuite:2589,2538,2708,2568,2525,1644,2613,2355,2530,1585

test suite368
bestAPFD:0.916138
bestSuite:171,2400,2477,2707,800,768,1405,1035,1514,2485,196,1730

test suite369
bestAPFD:0.926900
bestSuite:1563,2684,2107,2525,2533,103,916,1416,1729,2674,2385,1829,2464

test suite370
bestAPFD:0.917677
bestSuite:2334,2507,2501,2703,2523,1816,156,2491,2568,472,438

test suite371
bestAPFD:0.926635
bestSuite:1576,2577,2704,2525,1643,72,1438,1729,2494,2643,2513,1283

test suite372
bestAPFD:0.925997
bestSuite:2449,2205,2452,1800,2694,2616,1729,2357,2016,1625,2538,2530

test suite373
bestAPFD:0.924745
bestSuite:2642,2479,2690,2525,2248,1309,2518,2437,2406,1728,1660

test suite374
bestAPFD:0.915687
bestSuite:1580,738,441,2538,2700,1720,2520,1780,2403,82,409

test suite375
bestAPFD:0.926065
bestSuite:2461,2705,1832,2547,201,1565,1260,1525,2516,1726

test suite376
bestAPFD:0.924395
bestSuite:2449,2568,2536,2522,2681,162,977,2375,1778,1647,1100

test suite377
bestAPFD:0.926722
bestSuite:1570,2583,2689,2521,112,2630,711,1660,861,2539,2568

test suite378
bestAPFD:0.920290
bestSuite:1563,2498,2693,2526,75,1889,1971,2538,1732

test suite379
bestAPFD:0.924896
bestSuite:1566,2591,2456,2623,2486,2686,2254,947,2395,2491,2506,1737

test suite380
bestAPFD:0.918806
bestSuite:1046,2533,1726,1405,2703,2654,2511,1221,25,1853,1554

test suite381
bestAPFD:0.908425
bestSuite:107,2507,2581,2709,1404,2532,2568,2537

test suite382
bestAPFD:0.918071
bestSuite:603,2407,2498,2459,133,2682,1729,1805,2504,2090,1625,2403

test suite383
bestAPFD:0.929963
bestSuite:1584,2537,2686,2523,1583,1000,1729,2353,1754,2575,2377,358

test suite384
bestAPFD:0.920054
bestSuite:113,2416,2485,2477,2707,2459,80,1737,2323,1631,2492,1971

test suite385
bestAPFD:0.919810
bestSuite:2366,2530,1809,2496,2550,2121,2085,2699,46,592,1728,2495,1972

test suite386
bestAPFD:0.920135
bestSuite:1934,2539,1729,147,2697,2459,192,1680,2375,803,2500,2378

test suite387
bestAPFD:0.919436
bestSuite:108,2539,1729,2692,2454,759,1542,1868,2517,2482

test suite388
bestAPFD:0.920735
bestSuite:1254,2505,174,2700,1405,1728,1660,1191,1820,2540,2509,399

test suite389
bestAPFD:0.916614
bestSuite:1586,2514,33,2705,1716,2528,1578,1036,2575,2406

test suite390
bestAPFD:0.924917
bestSuite:2620,2462,2705,1810,2521,1759,1631,1440,1728,364,2400,2537

test suite391
bestAPFD:0.924828
bestSuite:2662,1569,2491,2702,2523,2138,1131,1236,1729,1546,2509,1963

test suite392
bestAPFD:0.926462
bestSuite:2445,1576,2544,2693,1663,2676,968,1730,336,1606,2502,2492

test suite393
bestAPFD:0.916891
bestSuite:2442,2539,1726,2688,2520,2392,1595,2651,2335,2504

test suite394
bestAPFD:0.924526
bestSuite:1577,119,2692,2392,2546,1726,1793,299,1530,2138,2530,2315

test suite395
bestAPFD:0.929496
bestSuite:1559,2535,2707,2523,1971,275,1396,633,2439,1730,1522,1443,2384

test suite396
bestAPFD:0.924729
bestSuite:1128,2496,2551,2502,2696,2636,377,1716,2404,1680,1859,1832,348

test suite397
bestAPFD:0.917654
bestSuite:1573,2568,2536,2681,2547,2231,630,1794,189

test suite398
bestAPFD:0.917367
bestSuite:1307,2530,1728,2699,2529,1403,2431,2475,1643,599,289

test suite399
bestAPFD:0.924822
bestSuite:8,2516,2693,2459,2220,2568,1660,2430,2538,303,2556

test suite400
bestAPFD:0.909298
bestSuite:1575,114,2534,2704,2458,662,2533,1730

test suite401
bestAPFD:0.919495
bestSuite:1579,2424,1582,2692,2454,1732,737,177,2486,2487

test suite402
bestAPFD:0.924129
bestSuite:1401,2662,2427,1404,2696,1631,2407,2392,2060,2485,2122,1720

test suite403
bestAPFD:0.924657
bestSuite:1570,2491,1726,2694,2525,1384,1934,2395,283,1503,1522

test suite404
bestAPFD:0.927967
bestSuite:1570,1728,2682,2434,2551,1574,2395,710,2601,2500,2539,1825,827

test suite405
bestAPFD:0.921528
bestSuite:1582,1805,2460,2702,2455,1447,2557,2568,2515,1608,2394

test suite406
bestAPFD:0.917114
bestSuite:2449,119,2694,2437,2544,2517,2530,2560,1726

test suite407
bestAPFD:0.923607
bestSuite:2311,2540,2486,2547,2684,1728,223,2480,1771,1611,2385,332,2627

test suite408
bestAPFD:0.928313
bestSuite:1568,2695,2587,1404,902,1643,1729,2489,2636,2516,2473

test suite409
bestAPFD:0.926356
bestSuite:1568,2455,1832,2708,1728,2619,277,2415,2533,1516

test suite410
bestAPFD:0.912180
bestSuite:920,2395,2513,2679,1404,2691,1670,772,1716,2491

test suite411
bestAPFD:0.922059
bestSuite:1557,2472,2550,2702,828,1728,140,1565,2429

test suite412
bestAPFD:0.925282
bestSuite:1579,2446,2708,21,2538,2525,2274,717,1542,1728,2367,1110

test suite413
bestAPFD:0.926418
bestSuite:1563,1329,2689,2535,2454,26,589,579,1737,1853,2378,2508

test suite414
bestAPFD:0.928172
bestSuite:1584,2683,1863,2544,2408,102,1729,2560,2494,1609,2513

test suite415
bestAPFD:0.920825
bestSuite:2466,2502,2689,2521,885,2500,2384,1880,1729

test suite416
bestAPFD:0.924783
bestSuite:1570,2502,2689,2526,13,660,2218,2494,2373,1716

test suite417
bestAPFD:0.926859
bestSuite:1557,2707,2582,2459,824,1563,900,1729,1505,2477,227

test suite418
bestAPFD:0.909723
bestSuite:963,2450,1716,2531,2694,2532,2456,2407,2584,1564

test suite419
bestAPFD:0.921946
bestSuite:2583,2533,2518,2704,1403,1968,181,1997,2397,270,521,1728

test suite420
bestAPFD:0.924849
bestSuite:1572,2694,2531,2526,1557,1870,2427,1737,2046,10

test suite421
bestAPFD:0.926445
bestSuite:2465,2201,2701,2553,1799,1720,288,1569,1721,2482,132,2516

test suite422
bestAPFD:0.925470
bestSuite:2591,2496,2486,2688,1406,2355,254,1324,283,1531,2516,2482,1730

test suite423
bestAPFD:0.912368
bestSuite:2092,2533,2495,2455,2681,289,534,2404,1732

test suite424
bestAPFD:0.918830
bestSuite:1563,1363,2477,2684,2455,1730,2377,2530,2383

test suite425
bestAPFD:0.930137
bestSuite:1558,1912,2681,2458,1716,903,130,621,2028,1643,2513,2509

test suite426
bestAPFD:0.925268
bestSuite:2448,2445,2698,2456,1720,243,612,2637,2529,2489,1560

test suite427
bestAPFD:0.917760
bestSuite:282,2538,643,2510,2705,2522,1190,2438,1729,375,2397

test suite428
bestAPFD:0.915880
bestSuite:1720,2412,882,2531,2695,2452,1849,1007,274,395,1666,2490

test suite429
bestAPFD:0.917566
bestSuite:2237,1565,2501,2706,1208,2549,143,2437,1732,2483,2475

test suite430
bestAPFD:0.919812
bestSuite:2078,2408,2485,2368,2544,2693,1644,2624,1567,1313,1728,1805

test suite431
bestAPFD:0.925766
bestSuite:1572,2681,1857,2457,1744,84,1737,1051,2462,2514

test suite432
bestAPFD:0.923841
bestSuite:2583,2509,2478,2547,2693,152,1322,1518,2568,2265,10,2540

test suite433
bestAPFD:0.921025
bestSuite:2465,2066,2695,1315,167,1007,2520,1728,1569,2514

test suite434
bestAPFD:0.918462
bestSuite:7,2479,2575,698,2452,2685,2395,1730,2485,1583,1879

test suite435
bestAPFD:0.918424
bestSuite:1402,2649,1850,2692,2552,219,864,1716,2505,1561

test suite436
bestAPFD:0.923459
bestSuite:1576,823,2514,2687,2456,1007,1729,169,1585,2476,1823

test suite437
bestAPFD:0.924188
bestSuite:1888,2538,2510,2696,2552,1847,2531,156,1670,1720,1786,638

test suite438
bestAPFD:0.919811
bestSuite:2647,2483,2695,2453,1720,1542,1743,2588,2533,1295

test suite439
bestAPFD:0.927888
bestSuite:1557,2494,2690,2525,1732,1849,2655,1611,2385,967,2660

test suite440
bestAPFD:0.923397
bestSuite:2587,2536,1726,2545,2682,1560,999,1762,2515,51,1683,1494

test suite441
bestAPFD:0.921689
bestSuite:239,2400,2472,2696,1531,2546,1729,1851,2485,454,794

test suite442
bestAPFD:0.916614
bestSuite:2460,691,1404,2477,2697,2395,1730,1808,512,1894

test suite443
bestAPFD:0.924929
bestSuite:2465,708,1778,2697,1579,2552,134,1730,1145,2368,2481,1616

test suite444
bestAPFD:0.924798
bestSuite:1402,1850,1291,2703,2544,2408,2540,1156,340,1726,400,1683

test suite445
bestAPFD:0.912539
bestSuite:976,2538,2688,1720,2456,2591,2403,172,2483

test suite446
bestAPFD:0.924292
bestSuite:253,2505,2703,2452,1798,1439,1728,1216,1680,2498,1567

test suite447
bestAPFD:0.918426
bestSuite:1583,972,2487,190,2549,2708,1030,2394,1863,2485,1732

test suite448
bestAPFD:0.927845
bestSuite:1558,2694,2502,2547,278,1416,1730,1478,2488,2400,871

test suite449
bestAPFD:0.925485
bestSuite:215,2539,1729,2528,2690,192,1232,1062,1644,2514,2406,2493

test suite450
bestAPFD:0.922732
bestSuite:750,2536,2687,1729,2525,2595,758,2509,197,2478,2394,1803

test suite451
bestAPFD:0.923445
bestSuite:1563,2442,2681,2395,2456,924,2476,2494,1732,1499

test suite452
bestAPFD:0.916494
bestSuite:24,2462,966,2703,2517,2525,2384,54,2533,1862,1737

test suite453
bestAPFD:0.923745
bestSuite:1573,2577,2705,2545,88,1730,1078,2392,2476,1586

test suite454
bestAPFD:0.915548
bestSuite:1386,2505,2513,1416,2681,2455,1720,1,1602,1808

test suite455
bestAPFD:0.925060
bestSuite:1570,2368,1581,2683,2520,31,775,1807,2385,1728,2482

test suite456
bestAPFD:0.916494
bestSuite:265,1560,1960,1853,2454,2681,2477,2478,1616,1728

test suite457
bestAPFD:0.920128
bestSuite:1577,2438,2632,2688,166,2521,1720,2407,1283,2517,2473

test suite458
bestAPFD:0.917196
bestSuite:230,2373,2486,2515,2706,2553,1487,1301,2403,1732,744

test suite459
bestAPFD:0.920296
bestSuite:1586,2329,2515,2709,44,2522,1716,1682,2486,1830,1585

test suite460
bestAPFD:0.921971
bestSuite:1726,1401,2487,2685,2546,1847,2250,10,2512,2532,464,2507

test suite461
bestAPFD:0.917335
bestSuite:1269,1569,2707,1578,1807,1406,2518,1729,2385,130,2515

test suite462
bestAPFD:0.922305
bestSuite:1577,2498,2695,2539,2523,1720,2250,2485,1500,751

test suite463
bestAPFD:0.920390
bestSuite:253,2540,1737,2682,1560,825,1522,2494,342,1937,2522

test suite464
bestAPFD:0.921640
bestSuite:1579,620,2540,2695,2459,1864,1554,134,2462,1729,505

test suite465
bestAPFD:0.918815
bestSuite:1402,1276,2703,2436,2528,2408,2483,2478,240,2568

test suite466
bestAPFD:0.921255
bestSuite:168,1560,1406,1771,2698,682,1411,1682,746,2531,1737

test suite467
bestAPFD:0.921259
bestSuite:1401,2483,928,2692,2551,1200,2514,2486,568,204,1720

test suite468
bestAPFD:0.927480
bestSuite:1562,2703,2577,2459,1729,803,2080,2460,290,2495,2378

test suite469
bestAPFD:0.903892
bestSuite:808,2374,2502,2689,1729,2143,1680,2438,2544

test suite470
bestAPFD:0.916515
bestSuite:1584,2514,1403,2709,2460,262,2377,1716

test suite471
bestAPFD:0.922903
bestSuite:52,2538,1690,2708,2514,2528,2568,1583,2679,1600,2400,1966

test suite472
bestAPFD:0.919890
bestSuite:935,2539,80,1716,2700,2552,1522,1832,2400,2003,2512,372,1255

test suite473
bestAPFD:0.926002
bestSuite:1571,2483,874,2699,2545,1213,2374,2189,1730,14,1545,2406,1683,2226

test suite474
bestAPFD:0.917786
bestSuite:2585,2479,156,2693,1403,1061,2392,2478,2568,1546

test suite475
bestAPFD:0.909899
bestSuite:2145,2496,2528,2478,299,2568,2633,2494,2685

test suite476
bestAPFD:0.912734
bestSuite:2587,2538,1716,2624,2684,1595,482,2503,1403

test suite477
bestAPFD:0.909123
bestSuite:2285,2479,2697,2498,1720,1403,937,9,1569

test suite478
bestAPFD:0.909574
bestSuite:179,2462,1822,2681,2523,1729,2518,2538

test suite479
bestAPFD:0.925958
bestSuite:1576,809,2489,2682,1403,1731,1592,210,2437,167,2410,2537,1716

test suite480
bestAPFD:0.925757
bestSuite:1557,2477,2452,2702,728,2408,1542,104,1995,1737

test suite481
bestAPFD:0.923354
bestSuite:2448,2590,2695,2546,243,1720,2478,575,2505,1974

test suite482
bestAPFD:0.925660
bestSuite:1577,2616,2441,2702,1404,1197,2477,2374,235,530,2485,1729

test suite483
bestAPFD:0.915808
bestSuite:1566,2539,2677,2702,2527,2568,151,1628,2066

test suite484
bestAPFD:0.924225
bestSuite:1559,1769,2683,123,2544,1716,1664,2476,2378,2477,1052

test suite485
bestAPFD:0.932488
bestSuite:2461,2687,2535,2524,1106,547,1729,1122,2511,1627,2380,1866,369

test suite486
bestAPFD:0.924242
bestSuite:1576,1364,2517,2683,2527,741,1578,1729,71,1794,2498,1283

test suite487
bestAPFD:0.916308
bestSuite:149,1585,2478,2704,1798,1405,2494,2412,655,2131,1716

test suite488
bestAPFD:0.931347
bestSuite:1557,2477,2523,2707,2378,1728,111,763,1835,1661,2025,2511,600,61

test suite489
bestAPFD:0.922698
bestSuite:1557,2708,2513,2455,2312,1542,441,440,1730

test suite490
bestAPFD:0.923186
bestSuite:84,2535,2514,2700,2553,385,1861,1595,841,320,1720,495

test suite491
bestAPFD:0.926311
bestSuite:1566,2446,111,2703,2548,782,988,2493,1730,2537,2494,2394,1646

test suite492
bestAPFD:0.928774
bestSuite:1568,2513,2705,2523,958,805,1726,2489,1794,2516,1644

test suite493
bestAPFD:0.920988
bestSuite:1401,1726,2498,2548,2380,2689,2615,2653,2429,1873,2491

test suite494
bestAPFD:0.918726
bestSuite:1123,1651,301,2502,2685,2368,1405,336,1116,1732,2581,2490,281,2380

test suite495
bestAPFD:0.921934
bestSuite:1575,2575,2707,2532,2568,2455,718,1806,2496,2487,990

test suite496
bestAPFD:0.917115
bestSuite:2590,2507,2697,183,2551,1729,115,780,2529,947

test suite497
bestAPFD:0.918560
bestSuite:230,2530,995,1729,2529,2528,2690,1862,1264,1670,2481,1495

test suite498
bestAPFD:0.918081
bestSuite:2591,2408,2502,2695,1730,2614,2495,2344,2397,246,2453

test suite499
bestAPFD:0.922615
bestSuite:1401,884,2535,2691,2522,1580,173,2233,2598,1729,1039,1043

test suite500
bestAPFD:0.925033
bestSuite:2461,2494,2685,1403,611,1728,156,2415,1644,1666

