test suite1
bestAPFD:0.946500
bestSuite:1570,2208,2514,2552,2704,38,1720,992,1514,201,2374

test suite2
bestAPFD:0.949718
bestSuite:2463,2688,2479,2524,1563,1818,1722,446,869,1720,2460

test suite3
bestAPFD:0.944087
bestSuite:1566,2237,2694,2538,1404,1732,2051,245,2531,1546,1517

test suite4
bestAPFD:0.948009
bestSuite:11,1576,2528,2703,1830,1595,2385,2406,1257,2498,1728,1175

test suite5
bestAPFD:0.935841
bestSuite:1292,1576,2535,2697,2524,1716,2514,2397,1976,3

test suite6
bestAPFD:0.948009
bestSuite:2448,2521,262,2704,2494,161,933,2406,2438,1580,1732,795

test suite7
bestAPFD:0.926106
bestSuite:1387,1683,2476,1822,2708,2553,2392,2605,1737,2412

test suite8
bestAPFD:0.937611
bestSuite:179,1585,2701,2537,2527,563,2478,2540,2159,1720

test suite9
bestAPFD:0.946500
bestSuite:1570,701,2683,2435,2547,1247,458,2538,2377,181,2568

test suite10
bestAPFD:0.938545
bestSuite:1557,2710,2523,2587,218,1595,1716,1622,2536

test suite11
bestAPFD:0.948009
bestSuite:1401,1732,2710,2547,2375,2540,1279,2262,1830,673,1631,2638

test suite12
bestAPFD:0.935237
bestSuite:2556,2515,1683,82,2458,2704,1728,2513,2407,2383,2191

test suite13
bestAPFD:0.948009
bestSuite:239,1565,2489,2549,2710,2395,1781,1897,2490,1726,1160,2501

test suite14
bestAPFD:0.949285
bestSuite:2182,2509,2683,2489,2548,111,2221,1716,2406,2377,1847,1487,2492

test suite15
bestAPFD:0.954050
bestSuite:154,2479,2553,2702,1536,1766,2492,1354,1200,2462,1732,2415,1769

test suite16
bestAPFD:0.936726
bestSuite:2073,1560,1403,71,2682,2481,1616,2536,2568,849

test suite17
bestAPFD:0.937611
bestSuite:218,1578,2066,2706,2459,1730,2485,1168,2395,2494

test suite18
bestAPFD:0.948746
bestSuite:1579,2489,2703,2034,2551,184,863,2380,2462,1663,1780,1737

test suite19
bestAPFD:0.942478
bestSuite:1579,2022,2453,2502,2699,2604,499,2063,1737,1830,1585

test suite20
bestAPFD:0.939260
bestSuite:933,2533,1564,2544,2708,1377,464,1730,2427,1683,2412

test suite21
bestAPFD:0.949484
bestSuite:2448,1329,2684,2502,1406,2436,1728,1644,2415,2460,1833,111

test suite22
bestAPFD:0.940869
bestSuite:2159,2530,2521,1728,2694,1531,269,2537,2492,2045,787

test suite23
bestAPFD:0.922013
bestSuite:2617,1569,2699,2502,2459,2416,1716,1450

test suite24
bestAPFD:0.948009
bestSuite:1561,2430,1726,2704,2458,2467,2462,103,2513,700,869,379

test suite25
bestAPFD:0.943584
bestSuite:140,2412,2568,2527,2696,1810,939,2529,1524,1467,2501,1522

test suite26
bestAPFD:0.953540
bestSuite:610,2496,2502,2687,2549,2516,449,929,2369,223,2447,1486,1726,445

test suite27
bestAPFD:0.940869
bestSuite:2301,2535,1737,2545,2686,2403,2519,2495,2462,65,1864

test suite28
bestAPFD:0.947924
bestSuite:84,2378,2476,2695,2584,2458,2392,1141,354,1730,2464,1661,2148

test suite29
bestAPFD:0.953909
bestSuite:1572,2700,2502,2528,2482,13,1730,2403,831,1278,28,1637

test suite30
bestAPFD:0.939381
bestSuite:2448,1751,1849,2698,2553,2400,1737,2406,2514,970

test suite31
bestAPFD:0.945059
bestSuite:620,2535,2456,2477,2685,350,143,1726,942,1611,2225,1771

test suite32
bestAPFD:0.950221
bestSuite:1563,2476,2458,2704,2392,1729,2412,2490,11,1196,2428,1132

test suite33
bestAPFD:0.944087
bestSuite:1575,107,2445,2458,2687,1720,2529,2578,604,222,2400

test suite34
bestAPFD:0.926745
bestSuite:1583,2502,1242,2692,2483,2549,151,1726,2436

test suite35
bestAPFD:0.938455
bestSuite:1062,1581,2693,2540,2552,1732,202,127,1807,2499,1871

test suite36
bestAPFD:0.936042
bestSuite:2568,1611,2576,232,2699,2544,2377,2515,2501,1032,904

test suite37
bestAPFD:0.957454
bestSuite:2461,2431,2455,2693,1297,2507,2517,842,2639,1670,1729,1485,1567

test suite38
bestAPFD:0.942109
bestSuite:216,2412,2073,2485,2699,2546,776,534,2514,1748,1661,1730

test suite39
bestAPFD:0.945696
bestSuite:2449,2486,1811,2685,2521,2407,2568,614,2368,2340,113

test suite40
bestAPFD:0.949285
bestSuite:2221,2538,2524,2397,2706,1716,535,1882,346,72,1817,2373,2504

test suite41
bestAPFD:0.948009
bestSuite:2620,2460,2477,2694,2457,2415,1798,1522,1671,1730,2194,2506

test suite42
bestAPFD:0.953909
bestSuite:1568,2550,2708,2539,1221,2420,2218,2473,1809,1477,1556,1716

test suite43
bestAPFD:0.937611
bestSuite:52,2509,2694,2582,2458,2406,1726,2517,2605,1538

test suite44
bestAPFD:0.942847
bestSuite:2208,2460,2260,2684,2505,1404,2395,1724,1866,1336,1729,398

test suite45
bestAPFD:0.940869
bestSuite:2227,2507,2489,2524,2708,1716,1803,1027,2478,1602,208

test suite46
bestAPFD:0.928712
bestSuite:1582,1810,1720,2702,2458,1359,256,2380,2529

test suite47
bestAPFD:0.960493
bestSuite:1558,2375,2458,2690,1720,902,2460,2481,2584,2385,241,2133,91,1313

test suite48
bestAPFD:0.941673
bestSuite:1402,2428,2130,2456,1569,2706,199,2472,1726,211,2416

test suite49
bestAPFD:0.953909
bestSuite:1568,2545,2700,2425,2087,286,2394,2514,615,1570,2451,1729

test suite50
bestAPFD:0.948746
bestSuite:1576,1778,2456,2690,2486,2539,210,1170,1730,2659,1616,1902

test suite51
bestAPFD:0.933186
bestSuite:1981,2462,2523,1800,2695,1272,2375,2568,2626,2496

test suite52
bestAPFD:0.928712
bestSuite:928,2538,2477,2546,2681,2412,1680,19,1726

test suite53
bestAPFD:0.940064
bestSuite:825,2509,2537,2453,2501,2692,2534,2504,54,2568,1683

test suite54
bestAPFD:0.944322
bestSuite:2568,2539,1405,1484,2710,1698,2510,1666,25,1771,1086,2101

test suite55
bestAPFD:0.944690
bestSuite:2461,2547,2695,1985,1728,2476,154,835,2489,1580

test suite56
bestAPFD:0.944690
bestSuite:2461,2703,2498,2526,2407,2335,250,1308,1732,2467

test suite57
bestAPFD:0.954050
bestSuite:2449,971,2683,2494,1406,216,1407,1310,1732,2412,2485,2493,1861

test suite58
bestAPFD:0.938545
bestSuite:1557,2681,2516,2458,2309,505,1566,2633,2568

test suite59
bestAPFD:0.950221
bestSuite:1573,870,2520,2683,1771,1720,2469,2536,800,202,2501,2368

test suite60
bestAPFD:0.943282
bestSuite:178,1560,2537,1404,2698,1631,1887,2478,1729,1489,1269

test suite61
bestAPFD:0.953909
bestSuite:1572,2502,2700,1403,998,1885,1732,2463,404,2446,500,294

test suite62
bestAPFD:0.943805
bestSuite:1570,2535,2699,2522,1663,258,1730,2412,1823,677

test suite63
bestAPFD:0.949718
bestSuite:1558,2540,2708,2454,929,1771,1070,123,1730,2407,1217

test suite64
bestAPFD:0.928712
bestSuite:2583,2536,1730,2690,2550,2451,1147,2488,123

test suite65
bestAPFD:0.947924
bestSuite:2339,2516,2501,2545,2693,1615,2277,1857,1737,2495,1663,2506,2668

test suite66
bestAPFD:0.924226
bestSuite:2448,1393,2695,2528,2438,2647,2536,1726

test suite67
bestAPFD:0.930678
bestSuite:91,1569,2591,2551,2698,1716,1580,1762,2535

test suite68
bestAPFD:0.957965
bestSuite:1561,2066,2546,2685,2568,2481,934,1032,2368,441,283,1666,2476,1053

test suite69
bestAPFD:0.937611
bestSuite:178,2538,1585,1405,2699,534,624,2502,1781,1737

test suite70
bestAPFD:0.947271
bestSuite:2424,1585,2690,2501,2527,2392,159,1737,2394,1567,592,883

test suite71
bestAPFD:0.935237
bestSuite:698,2408,2476,1780,2553,2701,1737,2498,1670,832,258

test suite72
bestAPFD:0.940064
bestSuite:921,2539,2482,2523,2681,2391,1729,184,2410,1847,2078

test suite73
bestAPFD:0.941372
bestSuite:80,2516,1015,1404,2700,1732,2519,2581,2404,1585,714,2532

test suite74
bestAPFD:0.949966
bestSuite:245,2505,995,2553,2682,2517,1101,1001,1514,1479,2486,1732,1818

test suite75
bestAPFD:0.944690
bestSuite:2461,2457,2706,2514,1794,1580,1651,1737,1297,134

test suite76
bestAPFD:0.929695
bestSuite:107,1546,2477,2691,2544,2478,2404,1888,1729

test suite77
bestAPFD:0.929695
bestSuite:1571,2161,2368,2683,2545,159,2530,1737,2299

test suite78
bestAPFD:0.949718
bestSuite:1572,2523,1774,2704,1730,107,2563,2476,863,2395,2516

test suite79
bestAPFD:0.934612
bestSuite:1570,2700,1809,2545,168,2495,1663,1728,2415

test suite80
bestAPFD:0.944690
bestSuite:1558,2693,2547,2513,2590,752,1730,2465,290,948

test suite81
bestAPFD:0.944690
bestSuite:1557,2529,2706,1406,2273,1898,2434,157,1558,1730

test suite82
bestAPFD:0.951011
bestSuite:1583,149,1912,1732,2707,2454,2482,2415,847,2501,2491,475,2625,666

test suite83
bestAPFD:0.924226
bestSuite:2448,730,2697,2505,2523,1726,1192,2476

test suite84
bestAPFD:0.944891
bestSuite:1574,2652,1793,2521,2694,1732,838,2301,2529,2378,189

test suite85
bestAPFD:0.924779
bestSuite:753,2533,2705,1729,1595,2546,228,2477,532

test suite86
bestAPFD:0.930678
bestSuite:2620,2539,2568,2528,2700,1853,479,2508,1680

test suite87
bestAPFD:0.949718
bestSuite:2461,1912,2549,2690,1726,282,265,2496,2515,957,2493

test suite88
bestAPFD:0.953909
bestSuite:2461,2522,2533,2683,2432,2448,1576,2490,2668,1475,1729,1757

test suite89
bestAPFD:0.938496
bestSuite:1575,2577,2553,2707,100,1874,2533,1230,1729,760

test suite90
bestAPFD:0.942035
bestSuite:2465,2513,2520,2696,1740,1729,1832,1905,2497,2450

test suite91
bestAPFD:0.940064
bestSuite:253,2412,2459,2537,2506,2704,231,2007,2434,1728,1663

test suite92
bestAPFD:0.954172
bestSuite:1575,2540,2695,2550,1728,1661,2532,195,1818,1082,2056,1383,2398,888

test suite93
bestAPFD:0.949718
bestSuite:1572,2520,2491,2690,1580,710,1730,800,1656,286,2501

test suite94
bestAPFD:0.946534
bestSuite:2469,1574,1369,2549,2702,2485,1560,1670,2517,1534,1720,228

test suite95
bestAPFD:0.957454
bestSuite:1568,2689,2522,2368,813,281,2450,2435,848,583,2532,2374,1720

test suite96
bestAPFD:0.926745
bestSuite:16,1546,2689,2473,2457,1822,1726,2400,2531

test suite97
bestAPFD:0.944690
bestSuite:1572,2689,2513,2523,1504,103,1798,387,1726,773

test suite98
bestAPFD:0.934071
bestSuite:126,2410,2551,1732,2684,2537,2440,2077,2538,2506

test suite99
bestAPFD:0.947924
bestSuite:2574,1571,2709,2523,609,1423,2374,2053,1720,1376,212,1482,2531

test suite100
bestAPFD:0.920907
bestSuite:2468,1560,24,2702,2552,2533,1595,1730

test suite101
bestAPFD:0.926745
bestSuite:1402,1864,2709,1726,2457,1922,2478,2538,582

test suite102
bestAPFD:0.944690
bestSuite:2461,2685,2522,2516,1729,1574,1359,397,1537,208

test suite103
bestAPFD:0.948746
bestSuite:1561,835,2693,1862,1403,1728,1595,181,1579,2368,1523,1958

test suite104
bestAPFD:0.947271
bestSuite:2588,2462,1450,2521,2689,1716,1683,1174,2378,2202,117,2375

test suite105
bestAPFD:0.950221
bestSuite:58,2479,2548,2698,2496,2237,1564,2462,972,2598,1517,1729

test suite106
bestAPFD:0.948009
bestSuite:1566,2441,2530,2457,1726,2691,299,1345,2400,2505,1586,2330

test suite107
bestAPFD:0.949718
bestSuite:1572,2457,2540,2686,2145,2477,2568,260,411,783,669

test suite108
bestAPFD:0.953171
bestSuite:1570,2577,2709,2547,2568,1401,1187,2052,2490,1282,72,2538

test suite109
bestAPFD:0.914270
bestSuite:2597,2535,1169,2453,2692,2488,1682,1726

test suite110
bestAPFD:0.960493
bestSuite:1568,2696,2368,2553,252,2038,2488,1708,2484,1769,2485,2047,2400,1720

test suite111
bestAPFD:0.948483
bestSuite:1338,2533,2481,1366,2682,2550,2374,2582,2505,1531,938,367,1716,223

test suite112
bestAPFD:0.944690
bestSuite:1572,2694,2477,2522,1720,2095,2451,1288,2502,1772

test suite113
bestAPFD:0.920907
bestSuite:212,2516,2524,1726,2709,2066,2498,1670

test suite114
bestAPFD:0.953687
bestSuite:240,2404,2478,2525,2375,2695,777,1522,1863,2464,442,565,1922,1737,277

test suite115
bestAPFD:0.941673
bestSuite:2460,2568,2699,2453,2529,1579,2373,1670,909,2438,13

test suite116
bestAPFD:0.944690
bestSuite:1557,2523,2685,2586,1568,254,2048,1720,2472,205

test suite117
bestAPFD:0.939381
bestSuite:1574,121,1830,2525,2688,1561,2070,580,1716,2505

test suite118
bestAPFD:0.941673
bestSuite:1203,2538,1720,2545,2701,2518,1794,2609,1554,1512,573

test suite119
bestAPFD:0.944087
bestSuite:1561,154,2684,2553,2515,1231,2016,1726,1579,2432,1644

test suite120
bestAPFD:0.957454
bestSuite:1562,2525,2487,2687,44,2323,1962,2,2478,2594,1737,1830,2395

test suite121
bestAPFD:0.953909
bestSuite:1557,2522,2582,2693,2541,2515,1971,1573,1316,2377,1824,1716

test suite122
bestAPFD:0.954172
bestSuite:265,2540,1567,2694,2545,1516,1569,1182,1807,1783,2412,1729,2483,1500

test suite123
bestAPFD:0.960493
bestSuite:1557,2368,2682,2453,1502,236,717,1726,2506,2590,2302,862,2466,710

test suite124
bestAPFD:0.938496
bestSuite:1579,2498,2654,2696,1405,12,1810,263,2460,1720

test suite125
bestAPFD:0.944891
bestSuite:1574,1329,2694,2368,2544,2538,1519,2378,245,1726,1781

test suite126
bestAPFD:0.938545
bestSuite:2461,2491,2688,2455,385,1728,2394,1275,807

test suite127
bestAPFD:0.938496
bestSuite:1575,1864,2526,2689,2539,1710,1660,256,1737,567

test suite128
bestAPFD:0.945696
bestSuite:180,2516,2696,2525,2066,1473,2076,2062,1716,1566,2537

test suite129
bestAPFD:0.950221
bestSuite:1402,2445,2547,2697,1826,1729,143,2309,2385,2533,2266,2392

test suite130
bestAPFD:0.941673
bestSuite:129,2479,2701,734,2526,2576,1737,1631,2001,2363,2501

test suite131
bestAPFD:0.953909
bestSuite:1557,2582,2458,2702,1729,2511,1536,1356,2638,1596,2394,2392

test suite132
bestAPFD:0.939381
bestSuite:2448,712,2694,2536,2522,1804,1720,2476,1157,2675

test suite133
bestAPFD:0.941673
bestSuite:232,2483,2544,1362,2681,2510,1680,2486,1720,237,2435

test suite134
bestAPFD:0.940869
bestSuite:1586,2573,2453,1726,2561,1569,2708,27,2515,1661,2512

test suite135
bestAPFD:0.944690
bestSuite:1568,2695,2502,2528,378,2655,2299,2408,499,1730

test suite136
bestAPFD:0.948604
bestSuite:8,1602,2488,2537,2703,9,2548,722,1863,1050,2374,2288,1729

test suite137
bestAPFD:0.949718
bestSuite:1557,2517,2685,1403,2490,2655,1288,2404,2449,1716,1929

test suite138
bestAPFD:0.945696
bestSuite:2449,66,1780,2682,2526,1730,1722,2375,2580,2486,1580

test suite139
bestAPFD:0.940265
bestSuite:1559,62,2701,1866,2457,1560,2406,2513,1203,1716

test suite140
bestAPFD:0.914270
bestSuite:2137,2514,2509,2692,2455,2502,133,1716

test suite141
bestAPFD:0.949718
bestSuite:2463,2535,2691,2452,474,1020,2427,2408,2568,2397,193

test suite142
bestAPFD:0.942478
bestSuite:1581,2590,34,2457,2686,2375,1737,2497,2485,1869,2404

test suite143
bestAPFD:0.946534
bestSuite:1574,2609,2686,2434,1137,2523,1732,408,2539,2407,300,1233

test suite144
bestAPFD:0.951327
bestSuite:1571,13,1850,2525,2688,2517,23,2540,2594,2568,2485,469,1588

test suite145
bestAPFD:0.940869
bestSuite:2073,2483,2550,294,2704,1531,2384,319,2501,1728,2329

test suite146
bestAPFD:0.942847
bestSuite:203,2378,2531,1720,2548,2686,1602,440,1711,1819,1000,2501

test suite147
bestAPFD:0.944087
bestSuite:1575,2117,2698,288,2453,1254,2368,2478,463,1580,1726

test suite148
bestAPFD:0.945696
bestSuite:2617,2516,1405,2682,1730,2066,1058,1643,2537,2292,2415

test suite149
bestAPFD:0.953909
bestSuite:1557,2687,1403,2585,2662,2515,360,202,2473,2568,1745,1536

test suite150
bestAPFD:0.945696
bestSuite:1563,2580,2709,2456,2476,2540,2404,1284,2554,1538,1726

test suite151
bestAPFD:0.952008
bestSuite:1561,2513,804,2459,2698,1804,614,2481,277,2486,1583,1630,1737

test suite152
bestAPFD:0.944322
bestSuite:290,1631,2513,2457,2681,2476,2490,2395,2236,529,2643,2568

test suite153
bestAPFD:0.950221
bestSuite:1573,1920,2539,2452,2706,1455,2394,1360,1509,1512,1780,1720

test suite154
bestAPFD:0.933628
bestSuite:1401,2442,2706,2454,2642,2531,1732,2404,1618

test suite155
bestAPFD:0.943282
bestSuite:58,2509,2498,2525,2685,1882,903,2237,2510,1732,1583

test suite156
bestAPFD:0.949718
bestSuite:2461,2709,2236,2547,1607,1732,2090,2375,2355,1563,2538

test suite157
bestAPFD:0.950647
bestSuite:2667,2479,1405,1825,2698,2375,1835,2486,2093,1716,1220,2087,2450

test suite158
bestAPFD:0.956068
bestSuite:1577,2291,2534,2528,2708,1169,2368,2538,2374,1730,1175,413,1992,1661

test suite159
bestAPFD:0.945696
bestSuite:1559,2517,2478,2547,2683,691,2620,1737,2373,1804,2128

test suite160
bestAPFD:0.943282
bestSuite:1575,2538,1737,2550,2704,1961,2495,2611,2317,411,2342

test suite161
bestAPFD:0.946534
bestSuite:1571,2498,2395,2547,2695,1729,419,851,2392,1799,1236,1039

test suite162
bestAPFD:0.937611
bestSuite:18,2535,2520,2686,2568,1853,2251,2504,1670,2023

test suite163
bestAPFD:0.960493
bestSuite:1568,2452,2710,2436,1268,1784,2647,2502,382,2394,2406,1515,1726,228

test suite164
bestAPFD:0.962537
bestSuite:1570,2591,1405,2696,2349,2415,138,1563,366,1263,732,654,2467,2515,1730

test suite165
bestAPFD:0.949718
bestSuite:1557,2527,2708,1811,2392,2475,154,1905,1716,1559,401

test suite166
bestAPFD:0.949718
bestSuite:1558,2452,2343,2681,2478,495,2332,1729,2507,2418,2487

test suite167
bestAPFD:0.937651
bestSuite:1188,2540,1728,2682,2552,837,2532,1530,2494,2663,1099

test suite168
bestAPFD:0.934956
bestSuite:1341,2539,1720,2701,2548,1631,2513,284,422,1738

test suite169
bestAPFD:0.935841
bestSuite:1582,1737,2502,2683,2456,1793,2560,2531,2668,2538

test suite170
bestAPFD:0.949718
bestSuite:1568,2710,2537,2522,1729,163,2441,1422,2384,2464,683

test suite171
bestAPFD:0.953909
bestSuite:2461,2693,2514,2455,2622,2576,1576,2480,1716,1974,1693,1583

test suite172
bestAPFD:0.935841
bestSuite:2460,1832,2526,2701,2568,2516,1001,715,19,1289

test suite173
bestAPFD:0.936726
bestSuite:2074,2496,87,2521,2701,1729,2537,1965,191,2532

test suite174
bestAPFD:0.953909
bestSuite:1584,2686,2548,2583,2498,86,1094,564,1309,1737,2505,599

test suite175
bestAPFD:0.938455
bestSuite:1112,2496,2707,2526,2515,2486,2428,1732,265,2384,1710

test suite176
bestAPFD:0.953370
bestSuite:1574,2620,2682,2458,1798,1628,2256,1606,1071,2395,2465,1729,2535

test suite177
bestAPFD:0.945796
bestSuite:2441,2536,2690,2568,2392,980,2525,2607,2451,2500,1493,1160

test suite178
bestAPFD:0.954804
bestSuite:2590,2540,1720,2706,2524,1486,2011,2394,200,1530,2490,2485,1636,1108

test suite179
bestAPFD:0.937611
bestSuite:1402,106,2392,2689,2544,2395,2536,2436,1728,1891

test suite180
bestAPFD:0.944322
bestSuite:203,2539,2511,2545,2429,2708,2451,317,1720,2400,1108,1983

test suite181
bestAPFD:0.953909
bestSuite:1572,2690,1863,2524,898,1571,1665,283,2502,1716,966,1599

test suite182
bestAPFD:0.945696
bestSuite:1402,2440,2547,2694,2328,2532,2540,2531,236,375,1737

test suite183
bestAPFD:0.953909
bestSuite:1557,2525,1822,2708,2568,2406,265,1537,2466,1022,1542,2472

test suite184
bestAPFD:0.946500
bestSuite:1570,570,2528,1830,2693,1582,271,216,2516,2407,1737

test suite185
bestAPFD:0.947271
bestSuite:1576,1830,2456,786,2702,1728,2384,2368,1611,2539,102,2090

test suite186
bestAPFD:0.945059
bestSuite:866,2509,2531,1405,912,2682,1716,2406,1823,134,371,99

test suite187
bestAPFD:0.941673
bestSuite:2446,1643,2502,2523,2699,179,1728,847,2373,2207,663

test suite188
bestAPFD:0.934071
bestSuite:1582,2119,2531,2568,2552,2699,2670,2618,2576,2479

test suite189
bestAPFD:0.943282
bestSuite:2448,2709,1309,2505,2522,2462,439,1716,1595,2434,84

test suite190
bestAPFD:0.957454
bestSuite:1558,1406,2708,2514,2407,1336,1023,308,1774,1110,1732,2476,121

test suite191
bestAPFD:0.933186
bestSuite:2662,1644,2709,2457,2537,2374,1729,2274,1857,2508

test suite192
bestAPFD:0.930531
bestSuite:2631,1732,1631,2546,2708,2517,1804,1375,2394,2476

test suite193
bestAPFD:0.949718
bestSuite:1562,2454,2708,2498,516,684,2377,1716,1795,2117,2678

test suite194
bestAPFD:0.939260
bestSuite:2585,2509,2701,197,2486,1132,2513,1737,2452,2103,1446

test suite195
bestAPFD:0.942847
bestSuite:2568,1595,2406,2702,2472,2528,2384,960,2518,205,1876,444

test suite196
bestAPFD:0.953909
bestSuite:2463,2535,2710,1403,2605,1579,548,1832,1726,102,2462,2504

test suite197
bestAPFD:0.945696
bestSuite:215,2479,2521,2686,793,2496,153,1726,2576,675,2498

test suite198
bestAPFD:0.947271
bestSuite:2226,2496,2460,2686,2527,246,818,2305,2513,704,378,2568

test suite199
bestAPFD:0.924779
bestSuite:51,2378,2513,2525,2435,2704,1531,1728,788

test suite200
bestAPFD:0.933628
bestSuite:1563,2078,2457,2709,1771,2491,2537,1726,2407

test suite201
bestAPFD:0.939260
bestSuite:2541,1569,1732,2547,2693,2515,2419,924,2438,2380,2338

test suite202
bestAPFD:0.949484
bestSuite:2446,1570,2454,2700,45,2510,2392,871,1730,2394,1760,1666

test suite203
bestAPFD:0.953370
bestSuite:260,2479,2524,1661,2697,2485,1560,1729,2467,1818,1430,1733,305

test suite204
bestAPFD:0.943282
bestSuite:126,1569,2472,2698,2522,2412,1720,1522,1365,1625,722

test suite205
bestAPFD:0.945696
bestSuite:1559,2446,2702,2638,2521,1104,2368,2406,189,1730,2400

test suite206
bestAPFD:0.941673
bestSuite:2460,603,1817,1406,2701,2660,85,2537,1730,670,2412

test suite207
bestAPFD:0.947271
bestSuite:1571,706,2516,2520,2698,1728,2582,2377,1756,1627,2485,232

test suite208
bestAPFD:0.941673
bestSuite:2446,1660,2464,2458,2691,2513,2004,2408,1728,181,369

test suite209
bestAPFD:0.957454
bestSuite:1562,2692,2546,1830,1649,2536,1720,30,2392,1630,2518,1929,723

test suite210
bestAPFD:0.949718
bestSuite:1557,2703,2549,2495,1720,1162,773,277,1530,1738,2654

test suite211
bestAPFD:0.933628
bestSuite:2077,2535,2688,2553,1697,150,2492,2406,2428,1644,1729

test suite212
bestAPFD:0.944322
bestSuite:2541,1586,1404,2691,2438,1199,1522,2533,2131,1720,1569,192

test suite213
bestAPFD:0.936726
bestSuite:2159,2540,2553,2704,1728,2406,2514,1310,1609,1631

test suite214
bestAPFD:0.944087
bestSuite:1566,142,2686,2479,2547,2278,1814,1728,1643,2513,2117

test suite215
bestAPFD:0.945696
bestSuite:1573,1092,2701,2548,2533,1833,1139,2429,1720,2628,244

test suite216
bestAPFD:0.948604
bestSuite:207,2498,1531,2545,2706,2374,1716,1110,865,583,348,2473,1830

test suite217
bestAPFD:0.937611
bestSuite:2448,2430,2525,845,2699,2395,1730,2536,225,2138

test suite218
bestAPFD:0.942478
bestSuite:2577,1585,71,2551,2368,2689,2451,2539,1716,2330,1873

test suite219
bestAPFD:0.926106
bestSuite:1726,1666,2691,2532,2517,348,2526,30,2404,937

test suite220
bestAPFD:0.943584
bestSuite:1726,2535,965,2701,2454,2378,1785,1536,2485,250,2511,1070

test suite221
bestAPFD:0.927729
bestSuite:2603,2530,2502,2708,2527,2462,1730,1269,2447

test suite222
bestAPFD:0.953909
bestSuite:1558,2693,2548,2494,1419,1832,226,1729,2501,1870,223,1560

test suite223
bestAPFD:0.925762
bestSuite:73,1578,2535,2709,2459,2293,2149,1670,1730

test suite224
bestAPFD:0.930531
bestSuite:1128,2395,2502,2686,2523,1729,1804,2404,1968,265

test suite225
bestAPFD:0.945059
bestSuite:2568,2539,1811,2550,2687,2467,177,1644,852,2288,535,2394

test suite226
bestAPFD:0.957454
bestSuite:1557,1404,2688,2299,451,90,770,655,1602,2491,1456,190,1720

test suite227
bestAPFD:0.952276
bestSuite:1583,2568,2684,2073,62,2526,1432,713,2046,2517,2392,2473,1937,2384

test suite228
bestAPFD:0.956700
bestSuite:2465,2483,2703,2526,96,2519,1726,1522,1847,847,941,957,1412,2385

test suite229
bestAPFD:0.933186
bestSuite:818,2539,1737,383,2701,2545,156,2503,1887,1660

test suite230
bestAPFD:0.937611
bestSuite:1401,57,2552,2516,2685,812,2492,2502,743,1729

test suite231
bestAPFD:0.947924
bestSuite:2440,2416,2498,2688,2494,1405,1732,1970,675,2410,20,2500,1336

test suite232
bestAPFD:0.944690
bestSuite:1572,2708,2525,2542,2476,1732,2373,2516,15,2238

test suite233
bestAPFD:0.928712
bestSuite:2339,2538,2686,2477,2459,1720,1522,2483,2667

test suite234
bestAPFD:0.942035
bestSuite:2465,2514,2690,1405,2359,2485,1737,1794,52,1581

test suite235
bestAPFD:0.940869
bestSuite:137,2516,1146,2697,2457,2462,2507,1730,1291,2500,1817

test suite236
bestAPFD:0.949718
bestSuite:2461,2692,2545,2489,1877,1661,1535,1728,1160,2408,1205

test suite237
bestAPFD:0.953909
bestSuite:2461,2513,2524,2683,2407,2631,2403,2332,2568,152,1575,1811

test suite238
bestAPFD:0.928712
bestSuite:1909,2540,2516,2454,2691,2437,1729,2507,2675

test suite239
bestAPFD:0.949718
bestSuite:1568,2585,1405,2694,2540,1643,1728,2239,1967,212,2529

test suite240
bestAPFD:0.950221
bestSuite:17,2483,2704,2521,2487,2433,1530,1755,1737,2310,2529,1843

test suite241
bestAPFD:0.923119
bestSuite:1561,2218,2544,2703,2538,2576,1720,1661

test suite242
bestAPFD:0.935841
bestSuite:289,2483,2687,1819,2521,1716,1585,1316,2473,1094

test suite243
bestAPFD:0.934956
bestSuite:947,2538,2495,2701,1793,2455,1651,1728,151,524

test suite244
bestAPFD:0.930531
bestSuite:967,1602,2464,2687,2489,2415,2455,2406,1716,2299

test suite245
bestAPFD:0.946500
bestSuite:1561,2446,2458,2705,2529,2412,1730,1531,1319,2482,156

test suite246
bestAPFD:0.930678
bestSuite:226,1586,2702,2536,2528,1726,1546,1832,260

test suite247
bestAPFD:0.948914
bestSuite:1570,2577,2520,2708,154,1720,2513,2448,2490,1266,2374

test suite248
bestAPFD:0.949484
bestSuite:1577,246,2547,2517,2702,2384,2581,1416,2502,2568,2211,490

test suite249
bestAPFD:0.948746
bestSuite:1566,249,2459,2375,2695,2186,1728,2441,2403,1009,2539,2671

test suite250
bestAPFD:0.934956
bestSuite:833,2496,2513,2527,2703,543,1111,1729,1578,582

test suite251
bestAPFD:0.957454
bestSuite:1568,2429,2523,2687,2611,2485,1729,1217,2380,1465,2515,1666,2413

test suite252
bestAPFD:0.945059
bestSuite:1757,1580,2537,1403,2695,1732,2517,1829,71,1631,2148,1170

test suite253
bestAPFD:0.935841
bestSuite:2678,2400,2513,2693,1315,2458,1732,2673,2519,1514

test suite254
bestAPFD:0.950647
bestSuite:1583,1912,2462,2694,2520,1728,2415,2506,138,563,2517,2003,1114

test suite255
bestAPFD:0.941150
bestSuite:2466,2684,2535,2457,238,1720,2518,1798,1969,1743

test suite256
bestAPFD:0.949718
bestSuite:1572,2692,2538,1406,2611,2438,2477,1586,1908,1737,391

test suite257
bestAPFD:0.939381
bestSuite:2448,107,2299,2700,2553,1616,1726,1576,2487,2533

test suite258
bestAPFD:0.944690
bestSuite:1572,2483,2705,2456,1485,2649,2460,1730,1850,780

test suite259
bestAPFD:0.941673
bestSuite:2444,1546,2513,2693,2552,2412,2514,1737,200,2288,904

test suite260
bestAPFD:0.949718
bestSuite:2461,2686,2521,2435,2374,35,2514,77,1795,1563,1728

test suite261
bestAPFD:0.935841
bestSuite:1571,2513,1726,2705,2522,261,2539,2091,1665,1420

test suite262
bestAPFD:0.944322
bestSuite:2568,1514,2502,2456,1774,2706,2518,2404,795,2375,102,1396

test suite263
bestAPFD:0.956773
bestSuite:1570,2483,2690,2550,15,687,1559,1799,2384,683,1720,1,1010

test suite264
bestAPFD:0.948746
bestSuite:1561,1051,2681,1866,2522,1651,2492,1726,551,2479,2100,2641

test suite265
bestAPFD:0.940265
bestSuite:252,2516,2545,2690,2538,393,2073,1644,2568,1782

test suite266
bestAPFD:0.945796
bestSuite:2460,2489,2576,2528,2706,1522,2490,990,813,1716,2395,24

test suite267
bestAPFD:0.955436
bestSuite:1577,2539,2455,26,2697,2424,1716,918,241,2488,2377,1140,1701,2476

test suite268
bestAPFD:0.923795
bestSuite:230,2509,832,2681,2526,2013,1952,2535,1729

test suite269
bestAPFD:0.950959
bestSuite:1570,2438,1716,2683,2458,2507,2494,971,246,1702,837,1412

test suite270
bestAPFD:0.941150
bestSuite:2466,1864,903,2683,1406,1931,2568,393,84,2536

test suite271
bestAPFD:0.945201
bestSuite:151,2507,2031,2529,2703,2374,2458,1298,1536,581,800,2438,1716

test suite272
bestAPFD:0.938545
bestSuite:1557,2705,2459,2533,2568,193,1660,2384,2446

test suite273
bestAPFD:0.945059
bestSuite:258,2483,836,1405,2710,2008,2368,1578,41,1716,2447,2501

test suite274
bestAPFD:0.949718
bestSuite:2463,1405,2425,2683,1720,122,2489,1609,1570,1586,1929

test suite275
bestAPFD:0.944891
bestSuite:1574,154,1771,2700,2548,1680,2538,1974,1716,1348,1759

test suite276
bestAPFD:0.952689
bestSuite:1566,2586,2552,2710,2514,1728,2415,2450,905,2594,2535,1960,210

test suite277
bestAPFD:0.946500
bestSuite:2466,2355,2546,1819,2697,324,2535,1530,2655,1728,2415

test suite278
bestAPFD:0.953909
bestSuite:1557,1800,2458,2705,1643,1729,2491,971,2605,270,1947,646

test suite279
bestAPFD:0.934071
bestSuite:2442,2509,278,2703,414,2489,701,2550,2486,1737

test suite280
bestAPFD:0.950959
bestSuite:2466,159,2691,1780,2526,2491,268,1319,2378,1726,2578,2535

test suite281
bestAPFD:0.947271
bestSuite:224,1680,2505,2546,2709,1737,1355,2501,2573,316,2111,2494

test suite282
bestAPFD:0.930531
bestSuite:1747,1644,2537,2710,2494,2522,2404,1816,1732,44

test suite283
bestAPFD:0.948109
bestSuite:1559,2531,2458,2688,1729,1934,40,2607,2656,1680,2384

test suite284
bestAPFD:0.950379
bestSuite:1709,1611,2695,2529,2548,1716,1564,276,35,1864,1069,431,690,2407

test suite285
bestAPFD:0.930863
bestSuite:1572,2535,2453,2686,2602,1729,1944,791

test suite286
bestAPFD:0.950221
bestSuite:66,2505,2544,2698,2468,2473,2397,1853,1309,2374,1716,648

test suite287
bestAPFD:0.948009
bestSuite:126,1560,2457,2703,2472,1816,2504,2478,1011,2598,1571,1729

test suite288
bestAPFD:0.948009
bestSuite:105,2536,2520,2695,2514,1832,2106,1720,2519,1337,2507,1117

test suite289
bestAPFD:0.943584
bestSuite:2616,1663,2486,2686,2495,2520,1819,2380,2334,1552,2283,1726

test suite290
bestAPFD:0.914665
bestSuite:2449,218,2709,2438,2551,1728,2533

test suite291
bestAPFD:0.949484
bestSuite:1574,635,1799,2459,2700,146,1730,1440,1450,2537,1741,2415

test suite292
bestAPFD:0.941150
bestSuite:2466,909,2702,2516,1403,2655,1156,2567,2486,1720

test suite293
bestAPFD:0.933186
bestSuite:2631,2509,2502,2551,1258,490,1866,2696,1737,1661

test suite294
bestAPFD:0.937651
bestSuite:2587,2394,2456,10,1732,2704,2537,1666,2217,2476,2619

test suite295
bestAPFD:0.954050
bestSuite:2449,766,1404,2531,2686,1720,1070,2534,1637,1161,2086,2394,1246

test suite296
bestAPFD:0.947271
bestSuite:2573,2460,1567,2695,2523,62,2396,1729,1332,2378,2392,347

test suite297
bestAPFD:0.944087
bestSuite:1561,2116,2472,2681,2549,165,1720,1778,2493,1479,1577

test suite298
bestAPFD:0.946534
bestSuite:2588,1611,2513,2682,2459,2406,2297,2568,2400,2462,1556,162

test suite299
bestAPFD:0.939159
bestSuite:1728,2539,2562,1949,2692,2452,213,1651,2543,2429,2380,2510

test suite300
bestAPFD:0.953909
bestSuite:1557,2689,2494,2457,97,1530,2568,2621,811,1857,2511,2394

test suite301
bestAPFD:0.944087
bestSuite:1561,215,2457,2469,2687,2640,1019,2404,1737,2486,2537

test suite302
bestAPFD:0.946534
bestSuite:1566,2436,120,1013,2689,2546,2516,2485,2640,1339,1729,869

test suite303
bestAPFD:0.940265
bestSuite:180,2516,1404,2700,2404,1737,1560,2536,2366,1671

test suite304
bestAPFD:0.941150
bestSuite:1561,2590,2453,2697,2478,1578,1737,2392,173,2178

test suite305
bestAPFD:0.948746
bestSuite:2465,2515,1567,1404,2689,1401,1732,618,177,1083,25,2573

test suite306
bestAPFD:0.946500
bestSuite:1570,2692,69,2531,2527,1804,2319,1378,1737,1579,1141

test suite307
bestAPFD:0.945882
bestSuite:2568,2507,1780,2548,2691,148,400,566,2462,666,1663,2477,675

test suite308
bestAPFD:0.940064
bestSuite:2656,2385,2706,2486,2529,2459,1680,2354,2429,1716,760

test suite309
bestAPFD:0.958997
bestSuite:1579,2498,2685,2455,2073,1684,86,2112,1020,2508,1729,1519,863,532,1616

test suite310
bestAPFD:0.950221
bestSuite:2577,2462,2455,2696,980,1023,2533,328,2035,1737,2412,2478

test suite311
bestAPFD:0.934956
bestSuite:2469,1586,2550,2683,1729,1876,2541,1554,2375,2533

test suite312
bestAPFD:0.925332
bestSuite:1563,1361,2697,2547,2438,2530,1732,2368

test suite313
bestAPFD:0.936726
bestSuite:1561,1825,2502,2545,1554,2702,1861,1061,1720,745

test suite314
bestAPFD:0.953540
bestSuite:1579,2263,2532,2454,2693,2477,1732,2368,1581,1861,288,1764,79,81

test suite315
bestAPFD:0.946562
bestSuite:2246,1565,72,2375,2710,2547,2430,1756,2406,2480,2407,2305,1728

test suite316
bestAPFD:0.960493
bestSuite:1572,2523,2515,2697,2643,951,1522,2537,513,2460,327,2511,70,1737

test suite317
bestAPFD:0.953909
bestSuite:1558,2550,2697,2392,2473,1546,24,1726,2630,1849,1920,2374

test suite318
bestAPFD:0.935841
bestSuite:1020,2540,2702,2522,1569,2534,765,2505,1729,159

test suite319
bestAPFD:0.951327
bestSuite:2117,2462,1660,2526,2686,1737,2214,2475,1431,250,2472,2340,2416

test suite320
bestAPFD:0.945201
bestSuite:2442,2689,2450,2480,2525,24,2238,2529,1104,1728,298,2407,1442

test suite321
bestAPFD:0.949484
bestSuite:2465,999,2458,2681,2536,251,1730,1835,2164,1178,1485,1631

test suite322
bestAPFD:0.947305
bestSuite:1574,2441,2548,2706,2533,2532,78,2493,1432,1720,794

test suite323
bestAPFD:0.928712
bestSuite:840,2540,2689,2522,2509,97,1726,1820,1569

test suite324
bestAPFD:0.949718
bestSuite:1572,1403,2540,2691,82,1851,1726,1536,1574,2486,2270

test suite325
bestAPFD:0.948009
bestSuite:1577,2529,2681,2355,2455,2424,1732,1895,2668,599,2475,2496

test suite326
bestAPFD:0.944087
bestSuite:1579,2489,2459,2700,1595,2568,2485,45,2406,2431,1918

test suite327
bestAPFD:0.943584
bestSuite:2440,2407,20,2687,1737,2521,2111,2537,2488,2478,2557,1531

test suite328
bestAPFD:0.937651
bestSuite:183,1530,2494,2549,2708,2080,2415,2535,2177,1737,1817

test suite329
bestAPFD:0.937611
bestSuite:77,1565,1403,2688,1781,1726,1660,2533,2415,169

test suite330
bestAPFD:0.949484
bestSuite:2465,1250,2694,2426,2549,2480,2397,2483,229,1726,2373,190

test suite331
bestAPFD:0.943282
bestSuite:2666,1585,2237,2520,2687,2373,592,1663,2672,1729,2529

test suite332
bestAPFD:0.936726
bestSuite:1571,2580,2698,2455,939,1726,2394,736,2597,2540

test suite333
bestAPFD:0.949718
bestSuite:1557,2505,1404,2706,187,492,200,1737,2201,1644,2580

test suite334
bestAPFD:0.952008
bestSuite:218,1578,2453,2502,2710,2486,441,2516,1143,2490,1737,2534,81

test suite335
bestAPFD:0.943584
bestSuite:2613,2407,1819,1404,2709,2475,2531,1542,1726,379,582,1153

test suite336
bestAPFD:0.938545
bestSuite:1557,2590,2684,2452,2507,2392,249,2652,1726

test suite337
bestAPFD:0.930678
bestSuite:2620,2539,2691,2459,2480,1186,2568,1666,2440

test suite338
bestAPFD:0.925221
bestSuite:2637,2502,1660,2553,1156,2709,150,2385,974,1737

test suite339
bestAPFD:0.940064
bestSuite:1130,2533,2453,1729,2710,1578,2478,2163,129,1820,2472

test suite340
bestAPFD:0.933628
bestSuite:1057,2450,2550,2485,2429,491,2689,2392,2675,1720,2374

test suite341
bestAPFD:0.942847
bestSuite:2639,2513,2507,2501,2528,2698,418,1087,1803,1720,1924,2400

test suite342
bestAPFD:0.947271
bestSuite:1571,2320,2708,2549,2489,219,2533,2087,1826,1728,2437,1904

test suite343
bestAPFD:0.945696
bestSuite:1573,1851,106,2704,2456,1518,1720,935,2535,870,2483

test suite344
bestAPFD:0.937611
bestSuite:77,1578,2439,1406,2693,2407,1278,1737,2531,711

test suite345
bestAPFD:0.941372
bestSuite:2584,1631,2464,2685,2422,2523,1848,870,1716,71,2533,1036

test suite346
bestAPFD:0.927729
bestSuite:1250,2479,2628,2547,2704,2501,2568,2515,1565

test suite347
bestAPFD:0.949718
bestSuite:1558,2547,2703,1774,1560,2346,2494,1320,2406,80,1729

test suite348
bestAPFD:0.950959
bestSuite:1570,1793,2710,2525,695,173,1729,320,2380,1337,1575,2489

test suite349
bestAPFD:0.929695
bestSuite:1402,1135,1811,2548,2537,2702,2378,1729,1286

test suite350
bestAPFD:0.944087
bestSuite:1576,2568,2550,2706,1819,172,2477,1577,1717,1569,624

test suite351
bestAPFD:0.936042
bestSuite:962,2404,2537,1737,2526,2686,1680,2492,1256,1851,45

test suite352
bestAPFD:0.957454
bestSuite:1558,2690,2523,2472,2580,2407,1720,1165,50,2462,2508,2040,205

test suite353
bestAPFD:0.938545
bestSuite:1572,2452,2689,2534,2368,2568,2075,29,2473

test suite354
bestAPFD:0.933186
bestSuite:166,1578,1774,2688,873,2526,2473,2380,1720,2498

test suite355
bestAPFD:0.940634
bestSuite:1907,2509,2375,225,2681,2454,2406,426,1670,365,1732,2428

test suite356
bestAPFD:0.939381
bestSuite:2343,1571,2685,2550,8,1737,2529,1999,1683,2412

test suite357
bestAPFD:0.953909
bestSuite:1557,2688,1406,2577,1729,1682,2060,2487,2412,2511,1252,236

test suite358
bestAPFD:0.949718
bestSuite:1568,2551,1857,2705,2477,1730,2624,2496,2530,2107,1475

test suite359
bestAPFD:0.957454
bestSuite:1557,2538,2523,2697,1438,1393,1546,1730,2190,2464,2427,2394,20

test suite360
bestAPFD:0.944690
bestSuite:1558,2513,1404,2701,930,1729,2477,119,895,2538

test suite361
bestAPFD:0.945059
bestSuite:2041,2479,2684,256,1406,1716,2439,1616,1070,2532,1826,2503

test suite362
bestAPFD:0.945796
bestSuite:2124,2483,2651,2551,2681,1714,1581,1671,2343,1737,2394,2535

test suite363
bestAPFD:0.944690
bestSuite:1562,1887,2452,2710,2478,1371,2375,1561,76,1732

test suite364
bestAPFD:0.944087
bestSuite:1579,31,2457,2536,2685,2410,1816,1667,204,1729,2641

test suite365
bestAPFD:0.940265
bestSuite:122,2516,2709,2521,1579,2536,2431,1729,1571,2638

test suite366
bestAPFD:0.944690
bestSuite:1558,2696,2546,2537,1833,1920,2480,2582,2568,1561

test suite367
bestAPFD:0.936726
bestSuite:2589,1585,2530,2708,2525,2355,1644,2538,2568,2613

test suite368
bestAPFD:0.938422
bestSuite:171,1514,2707,2477,768,800,1405,1730,1035,2485,2400,196

test suite369
bestAPFD:0.954050
bestSuite:1563,2107,1829,2525,2684,916,1729,2464,103,2533,2385,2674,1416

test suite370
bestAPFD:0.938455
bestSuite:2334,2507,2501,2523,2491,2703,2568,156,438,1816,472

test suite371
bestAPFD:0.949484
bestSuite:2577,1576,2525,2643,2704,1729,72,1643,2494,2513,1283,1438

test suite372
bestAPFD:0.950221
bestSuite:2449,2016,2452,2694,2538,1625,1800,1729,2205,2616,2357,2530

test suite373
bestAPFD:0.945696
bestSuite:2642,2479,2690,2525,1660,2518,2437,2406,1309,2248,1728

test suite374
bestAPFD:0.937651
bestSuite:1720,2538,738,2520,2700,409,1780,1580,82,2403,441

test suite375
bestAPFD:0.944690
bestSuite:2461,2547,2705,1832,1565,1525,201,2516,1726,1260

test suite376
bestAPFD:0.945696
bestSuite:2449,1778,2681,2522,977,2536,1647,1100,162,2568,2375

test suite377
bestAPFD:0.948914
bestSuite:1570,2583,2521,2689,2568,2539,1660,112,2630,711,861

test suite378
bestAPFD:0.936578
bestSuite:1563,2498,2526,2693,2538,1889,75,1732,1971

test suite379
bestAPFD:0.948746
bestSuite:1566,2623,2491,2456,2686,1737,2254,947,2591,2506,2395,2486

test suite380
bestAPFD:0.937651
bestSuite:1726,2533,1405,1046,2654,2703,2511,1853,25,1221,1554

test suite381
bestAPFD:0.918695
bestSuite:107,2507,1404,2537,2532,2581,2568,2709

test suite382
bestAPFD:0.941372
bestSuite:1729,2403,2498,2459,2504,2682,2407,603,2090,1805,1625,133

test suite383
bestAPFD:0.953909
bestSuite:1584,2537,2523,2686,1754,2353,1729,2377,2575,1000,1583,358

test suite384
bestAPFD:0.943584
bestSuite:113,1631,2477,80,2459,2707,1737,2492,2485,2416,2323,1971

test suite385
bestAPFD:0.944520
bestSuite:2366,2496,46,2550,2699,1809,2085,2495,1728,2530,2121,592,1972

test suite386
bestAPFD:0.942847
bestSuite:1934,2539,147,1729,2459,2697,192,803,2378,2500,1680,2375

test suite387
bestAPFD:0.937611
bestSuite:108,2539,2454,2482,2692,2517,1729,1542,1868,759

test suite388
bestAPFD:0.944322
bestSuite:1254,2505,174,2700,1405,1728,2509,1660,1820,1191,399,2540

test suite389
bestAPFD:0.933186
bestSuite:1586,1036,2528,1716,2705,2514,1578,2575,2406,33

test suite390
bestAPFD:0.948009
bestSuite:2620,2462,2521,1810,2705,1759,1631,2537,1440,1728,364,2400

test suite391
bestAPFD:0.948009
bestSuite:2662,2509,2702,2523,2491,1546,1963,2138,1236,1729,1131,1569

test suite392
bestAPFD:0.949484
bestSuite:2445,1576,2544,2693,1663,1606,968,2502,2492,1730,2676,336

test suite393
bestAPFD:0.935841
bestSuite:2442,2539,1726,2520,2688,2335,2504,2392,2651,1595

test suite394
bestAPFD:0.949484
bestSuite:1577,119,2392,2546,2692,1530,299,1726,2530,2315,2138,1793

test suite395
bestAPFD:0.956093
bestSuite:1559,2535,2523,2707,1971,1443,633,1730,2439,1522,275,2384,1396

test suite396
bestAPFD:0.949966
bestSuite:2636,2496,2696,2502,2551,348,1859,2404,1680,1716,1832,1128,377

test suite397
bestAPFD:0.933628
bestSuite:1573,2568,2547,2536,2681,630,1794,2231,189

test suite398
bestAPFD:0.937651
bestSuite:1307,1643,2529,2699,2475,1403,1728,599,289,2530,2431

test suite399
bestAPFD:0.945696
bestSuite:8,2516,2459,2693,2538,2568,1660,2430,303,2556,2220

test suite400
bestAPFD:0.923119
bestSuite:1575,114,2704,2458,2533,2534,1730,662

test suite401
bestAPFD:0.938496
bestSuite:1579,2424,2486,2454,2692,1732,1582,177,737,2487

test suite402
bestAPFD:0.948009
bestSuite:1401,2060,2427,2696,1404,1631,2392,2662,2407,2122,2485,1720

test suite403
bestAPFD:0.948914
bestSuite:1570,1934,2525,2694,1522,1503,1726,283,1384,2395,2491

test suite404
bestAPFD:0.954731
bestSuite:1570,2682,2551,2434,1728,2539,1574,1825,710,2395,2500,2601,827

test suite405
bestAPFD:0.941673
bestSuite:1582,1805,2568,2702,2455,2394,2515,1447,1608,2460,2557

test suite406
bestAPFD:0.933628
bestSuite:2449,119,2517,2694,2544,2530,2437,1726,2560

test suite407
bestAPFD:0.945882
bestSuite:2311,1611,2486,2684,1771,2547,2385,223,2627,2480,1728,332,2540

test suite408
bestAPFD:0.949718
bestSuite:1568,2695,2516,1404,2587,2489,1729,2636,1643,2473,902

test suite409
bestAPFD:0.944690
bestSuite:1568,2455,2533,2708,2619,277,1516,1832,2415,1728

test suite410
bestAPFD:0.930531
bestSuite:920,2395,2513,1404,2679,2691,772,1670,2491,1716

test suite411
bestAPFD:0.938545
bestSuite:1557,2550,2472,2702,1565,2429,140,828,1728

test suite412
bestAPFD:0.947271
bestSuite:2446,2538,1728,2708,2525,21,717,2274,1579,1542,1110,2367

test suite413
bestAPFD:0.950221
bestSuite:1563,26,2535,2689,2454,2378,2508,1329,1737,1853,579,589

test suite414
bestAPFD:0.949718
bestSuite:1584,1863,2683,2544,2408,2513,1609,102,2560,1729,2494

test suite415
bestAPFD:0.937561
bestSuite:2466,2502,2521,2689,885,2500,1880,1729,2384

test suite416
bestAPFD:0.943805
bestSuite:1570,2502,2689,2526,2373,1716,13,660,2494,2218

test suite417
bestAPFD:0.949718
bestSuite:1557,2707,2582,2459,900,1729,227,824,1563,2477,1505

test suite418
bestAPFD:0.930531
bestSuite:963,2450,1564,2694,2584,2456,2531,2532,1716,2407

test suite419
bestAPFD:0.944322
bestSuite:2583,2533,2518,1728,2704,1403,181,2397,270,521,1997,1968

test suite420
bestAPFD:0.944690
bestSuite:1572,2526,2694,2531,10,1557,2427,2046,1737,1870

test suite421
bestAPFD:0.949484
bestSuite:2465,2201,2553,2701,1799,1569,132,1721,2516,1720,288,2482

test suite422
bestAPFD:0.951327
bestSuite:2591,2496,2486,2688,1406,2355,2482,1531,1730,283,1324,2516,254

test suite423
bestAPFD:0.926745
bestSuite:2092,2533,2681,2495,2455,1732,289,2404,534

test suite424
bestAPFD:0.933628
bestSuite:1563,1363,2684,2477,2455,2383,2530,1730,2377

test suite425
bestAPFD:0.953909
bestSuite:1558,2513,2458,2681,1716,1643,1912,903,130,621,2028,2509

test suite426
bestAPFD:0.946500
bestSuite:2448,2445,2456,2529,2698,1720,1560,243,612,2637,2489

test suite427
bestAPFD:0.937651
bestSuite:282,2538,643,2522,2705,2510,2397,1190,1729,2438,375

test suite428
bestAPFD:0.937684
bestSuite:1007,1666,2531,882,2490,2695,2452,274,395,1849,1720,2412

test suite429
bestAPFD:0.937651
bestSuite:2237,2483,143,1208,2706,2549,2501,2475,2437,1732,1565

test suite430
bestAPFD:0.942109
bestSuite:2078,1644,2693,2485,2544,2368,2624,1728,2408,1313,1567,1805

test suite431
bestAPFD:0.944690
bestSuite:1572,2457,1857,2681,2462,2514,1051,1744,1737,84

test suite432
bestAPFD:0.946534
bestSuite:2583,2540,2509,2547,2693,2568,2265,10,1322,152,2478,1518

test suite433
bestAPFD:0.942035
bestSuite:2465,2514,2520,2695,1007,2066,1315,1569,167,1728

test suite434
bestAPFD:0.941673
bestSuite:7,2479,2452,2685,2575,1730,698,1583,2395,2485,1879

test suite435
bestAPFD:0.938496
bestSuite:1561,1850,2552,2692,2649,1402,864,2505,219,1716

test suite436
bestAPFD:0.944087
bestSuite:1576,823,2687,2514,2456,1823,1007,1729,2476,169,1585

test suite437
bestAPFD:0.946534
bestSuite:638,2538,2696,1720,2552,1847,2531,1670,1888,2510,1786,156

test suite438
bestAPFD:0.935841
bestSuite:2588,2533,1720,2453,2695,1743,2647,1542,2483,1295

test suite439
bestAPFD:0.949718
bestSuite:1557,2690,1849,2525,1611,1732,2385,2494,2660,2655,967

test suite440
bestAPFD:0.947271
bestSuite:2587,2536,2682,2545,1726,2515,1683,1762,999,1560,1494,51

test suite441
bestAPFD:0.942478
bestSuite:239,2400,2472,2696,2546,2485,794,1729,1531,454,1851

test suite442
bestAPFD:0.935841
bestSuite:2460,691,2697,1404,2477,1730,1808,512,1894,2395

test suite443
bestAPFD:0.948746
bestSuite:2465,2368,708,2552,2697,1579,1145,1730,1616,134,2481,1778

test suite444
bestAPFD:0.948009
bestSuite:1402,1850,2544,1726,2703,1683,2408,340,400,2540,1156,1291

test suite445
bestAPFD:0.929695
bestSuite:2591,2538,1720,2688,2456,976,2403,172,2483

test suite446
bestAPFD:0.945696
bestSuite:253,2505,2452,2703,1567,2498,1680,1439,1728,1216,1798

test suite447
bestAPFD:0.938455
bestSuite:1583,1030,2487,2549,2708,190,2394,2485,1863,1732,972

test suite448
bestAPFD:0.949718
bestSuite:1558,2502,2694,2547,871,2400,2488,278,1416,1478,1730

test suite449
bestAPFD:0.948009
bestSuite:215,2539,2514,2690,2528,1232,1062,2493,1644,2406,192,1729

test suite450
bestAPFD:0.945796
bestSuite:750,2536,2687,2478,2525,2394,197,1803,758,2509,2595,1729

test suite451
bestAPFD:0.941150
bestSuite:1563,2681,2442,2456,2476,2494,1732,2395,1499,924

test suite452
bestAPFD:0.935237
bestSuite:966,2533,24,2525,2517,2703,1737,54,2462,2384,1862

test suite453
bestAPFD:0.941150
bestSuite:1573,2545,2577,2705,88,2392,1078,1586,2476,1730

test suite454
bestAPFD:0.932301
bestSuite:1386,2505,2455,1808,2681,2513,1720,1,1602,1416

test suite455
bestAPFD:0.946500
bestSuite:1570,2683,2520,2368,31,1728,1807,2482,1581,2385,775

test suite456
bestAPFD:0.932301
bestSuite:265,1616,2477,2454,2681,2478,1853,1728,1560,1960

test suite457
bestAPFD:0.941673
bestSuite:1577,2632,2438,2688,2473,2521,166,1720,2407,2517,1283

test suite458
bestAPFD:0.938455
bestSuite:230,2373,1732,2706,2553,2515,1487,2486,2403,744,1301

test suite459
bestAPFD:0.942478
bestSuite:1586,2329,2515,2709,2522,1716,1585,1830,1682,2486,44

test suite460
bestAPFD:0.948009
bestSuite:1401,1726,2546,2487,2685,2532,2507,1847,2250,2512,10,464

test suite461
bestAPFD:0.936042
bestSuite:1269,1406,1569,2515,2707,2385,2518,1578,130,1729,1807

test suite462
bestAPFD:0.941150
bestSuite:1577,2498,2523,2485,2695,2539,1500,2250,751,1720

test suite463
bestAPFD:0.943282
bestSuite:253,2540,2494,2522,2682,1522,1560,1937,342,825,1737

test suite464
bestAPFD:0.942478
bestSuite:1579,620,2459,2540,2695,1554,1864,2462,134,1729,505

test suite465
bestAPFD:0.937611
bestSuite:1402,2568,2703,2528,2436,2478,2483,1276,2408,240

test suite466
bestAPFD:0.943282
bestSuite:168,1560,1406,2698,1771,1737,682,1411,746,2531,1682

test suite467
bestAPFD:0.942478
bestSuite:1401,2514,1200,2692,2551,2483,204,1720,928,568,2486

test suite468
bestAPFD:0.949718
bestSuite:1562,2577,2703,2459,2378,1729,2460,290,803,2080,2495

test suite469
bestAPFD:0.918879
bestSuite:808,2374,2438,2502,2544,1729,2689,2143,1680

test suite470
bestAPFD:0.930863
bestSuite:1584,1403,2514,2709,262,2377,2460,1716

test suite471
bestAPFD:0.948009
bestSuite:52,2538,2528,2514,2708,2400,2568,2679,1966,1583,1690,1600

test suite472
bestAPFD:0.943159
bestSuite:80,2539,935,2552,2700,1716,1832,2003,1522,372,1255,2400,2512

test suite473
bestAPFD:0.953540
bestSuite:2226,2374,1571,2699,2545,1545,1683,1213,1730,14,2406,874,2189,2483

test suite474
bestAPFD:0.935841
bestSuite:2585,2479,156,2693,1403,1546,2568,2478,1061,2392

test suite475
bestAPFD:0.929695
bestSuite:2145,2496,2633,2685,2528,2494,299,2478,2568

test suite476
bestAPFD:0.929695
bestSuite:2587,2538,2684,1403,2503,482,1595,1716,2624

test suite477
bestAPFD:0.924779
bestSuite:2285,1569,1403,1720,2479,2697,2498,9,937

test suite478
bestAPFD:0.922013
bestSuite:179,2538,2523,1729,2681,2518,1822,2462

test suite479
bestAPFD:0.952008
bestSuite:210,1576,2489,2682,1403,809,2410,2537,1716,1592,1731,2437,167

test suite480
bestAPFD:0.944690
bestSuite:1557,2477,2702,2452,728,1542,1995,2408,1737,104

test suite481
bestAPFD:0.936726
bestSuite:2448,2590,2546,2505,243,1720,575,1974,2478,2695

test suite482
bestAPFD:0.949484
bestSuite:1577,2441,1404,2702,2485,1729,2477,2616,1197,235,530,2374

test suite483
bestAPFD:0.931662
bestSuite:1566,2066,2527,2539,2702,2677,2568,151,1628

test suite484
bestAPFD:0.945696
bestSuite:1559,2477,123,2544,2683,1716,2476,1664,1769,1052,2378

test suite485
bestAPFD:0.957454
bestSuite:2461,2687,2524,2535,369,547,1729,1866,1106,1627,2511,2380,1122

test suite486
bestAPFD:0.948746
bestSuite:1576,1364,2498,2683,2527,71,2517,741,1283,1729,1578,1794

test suite487
bestAPFD:0.932824
bestSuite:1585,2478,655,2704,1405,2494,2412,1798,2131,149,1716

test suite488
bestAPFD:0.960493
bestSuite:1557,2523,2707,2477,763,2378,1661,111,1728,2025,2511,61,600,1835

test suite489
bestAPFD:0.938545
bestSuite:1557,2708,2455,2513,1730,440,2312,441,1542

test suite490
bestAPFD:0.945059
bestSuite:84,2514,1595,2553,2700,841,495,320,385,2535,1861,1720

test suite491
bestAPFD:0.952689
bestSuite:1566,111,2703,2548,2494,782,1730,2394,2537,1646,2493,2446,988

test suite492
bestAPFD:0.949718
bestSuite:1568,2523,2489,2705,1794,2513,958,2516,1726,805,1644

test suite493
bestAPFD:0.943282
bestSuite:1401,1726,2548,2689,2429,2653,2615,2498,1873,2491,2380

test suite494
bestAPFD:0.944058
bestSuite:1732,281,1651,2502,1405,336,2685,2380,1116,2490,301,2581,1123,2368

test suite495
bestAPFD:0.944087
bestSuite:1575,2575,2532,2455,2707,718,1806,2487,2496,2568,990

test suite496
bestAPFD:0.936726
bestSuite:2590,2507,2551,183,2697,947,1729,2529,115,780

test suite497
bestAPFD:0.937684
bestSuite:995,2530,1729,1862,2529,2528,2690,1495,2481,1264,1670,230

test suite498
bestAPFD:0.939260
bestSuite:2591,2502,2408,2695,2453,2614,1730,2495,2397,246,2344

test suite499
bestAPFD:0.947271
bestSuite:1401,2535,884,2691,2522,2233,2598,173,1580,1043,1039,1729

test suite500
bestAPFD:0.944690
bestSuite:2461,1403,2685,2494,611,1644,1666,2415,156,1728

