test suite1
bestAPFD:0.941673
bestSuite:1570,2374,1514,2514,2208,2552,1720,201,992,38,2704

test suite2
bestAPFD:0.933628
bestSuite:2479,1818,2524,1720,869,2463,2460,2688,1722,446,1563

test suite3
bestAPFD:0.936042
bestSuite:2531,1546,2538,2694,1566,1732,245,2237,1517,1404,2051

test suite4
bestAPFD:0.936947
bestSuite:1728,2528,1175,2703,2385,1830,1257,11,2498,2406,1576,1595

test suite5
bestAPFD:0.934956
bestSuite:1576,1976,2514,1716,1292,2524,3,2697,2397,2535

test suite6
bestAPFD:0.947271
bestSuite:2521,2448,2406,161,933,795,1580,262,2704,1732,2438,2494

test suite7
bestAPFD:0.923451
bestSuite:2392,1683,2476,2412,1737,2553,2605,1387,2708,1822

test suite8
bestAPFD:0.935841
bestSuite:563,1585,2540,1720,179,2537,2478,2159,2701,2527

test suite9
bestAPFD:0.940064
bestSuite:181,2547,458,701,2538,2435,1247,2568,2377,2683,1570

test suite10
bestAPFD:0.932645
bestSuite:2587,218,2523,2536,1622,1557,2710,1716,1595

test suite11
bestAPFD:0.937684
bestSuite:2547,1830,1631,673,2710,2540,2262,2375,1401,1279,2638,1732

test suite12
bestAPFD:0.927192
bestSuite:1683,82,2383,2513,2556,2704,2191,2458,1728,2515,2407

test suite13
bestAPFD:0.936947
bestSuite:1897,2501,1160,2395,2490,1565,239,2710,1726,1781,2549,2489

test suite14
bestAPFD:0.943159
bestSuite:2182,111,1847,1487,2377,2489,2221,2406,2683,2509,2548,2492,1716

test suite15
bestAPFD:0.953370
bestSuite:154,2479,2702,2415,2553,1766,1200,1354,2462,1769,1732,1536,2492

test suite16
bestAPFD:0.934956
bestSuite:2568,2481,849,1403,1560,71,2073,2682,1616,2536

test suite17
bestAPFD:0.927876
bestSuite:2494,1168,2706,2485,2459,2066,218,2395,1730,1578

test suite18
bestAPFD:0.941372
bestSuite:2489,2380,1579,1737,2034,1663,2462,184,1780,2703,863,2551

test suite19
bestAPFD:0.937651
bestSuite:499,2063,2502,1830,2604,2453,1737,1579,2699,2022,1585

test suite20
bestAPFD:0.934433
bestSuite:933,1683,2427,1730,2708,1377,2533,464,2412,2544,1564

test suite21
bestAPFD:0.942109
bestSuite:2460,111,1644,2502,2415,1728,2436,1833,2448,2684,1406,1329

test suite22
bestAPFD:0.932019
bestSuite:2045,787,2537,2530,2159,1728,2694,269,1531,2521,2492

test suite23
bestAPFD:0.914270
bestSuite:1569,1450,2617,2416,2699,2502,1716,2459

test suite24
bestAPFD:0.944322
bestSuite:869,2462,379,2430,103,2458,1726,2513,700,1561,2704,2467

test suite25
bestAPFD:0.936209
bestSuite:2501,2696,1522,140,2568,2412,2529,1467,1810,939,2527,1524

test suite26
bestAPFD:0.947219
bestSuite:2687,445,2502,2549,449,2447,1726,929,1486,2496,2516,223,2369,610

test suite27
bestAPFD:0.930410
bestSuite:2462,2686,2495,1864,2301,2403,2519,1737,2545,65,2535

test suite28
bestAPFD:0.939074
bestSuite:2464,2476,84,1730,2584,1661,2458,2392,2378,354,1141,2148,2695

test suite29
bestAPFD:0.948009
bestSuite:831,2528,1278,1572,2502,28,1730,13,2482,2700,1637,2403

test suite30
bestAPFD:0.934071
bestSuite:2514,1849,970,2400,1737,2448,1751,2553,2406,2698

test suite31
bestAPFD:0.933260
bestSuite:1771,1726,942,350,2456,2685,2535,620,2225,143,1611,2477

test suite32
bestAPFD:0.945796
bestSuite:2428,1729,11,2476,2458,1196,1563,2490,2412,1132,2392,2704

test suite33
bestAPFD:0.933628
bestSuite:604,222,2400,2445,1575,2687,2458,2529,107,2578,1720

test suite34
bestAPFD:0.922812
bestSuite:2483,2549,2692,1583,151,1242,1726,2436,2502

test suite35
bestAPFD:0.932824
bestSuite:1732,2540,1581,2693,1807,2499,127,1062,202,2552,1871

test suite36
bestAPFD:0.930410
bestSuite:2544,2501,2377,904,2515,2576,2699,232,1611,1032,2568

test suite37
bestAPFD:0.947924
bestSuite:1670,842,2461,2693,2431,2507,1297,2639,2517,1485,1729,1567,2455

test suite38
bestAPFD:0.939897
bestSuite:2412,2514,2699,1730,776,2073,1661,2546,1748,216,534,2485

test suite39
bestAPFD:0.943282
bestSuite:2340,2685,2368,113,1811,2521,2449,2486,614,2568,2407

test suite40
bestAPFD:0.932948
bestSuite:1817,2538,346,2706,2524,2397,2221,2373,1882,2504,535,72,1716

test suite41
bestAPFD:0.940634
bestSuite:2477,1671,2415,1522,2620,1730,2460,2457,1798,2694,2506,2194

test suite42
bestAPFD:0.947271
bestSuite:1809,2473,2218,2420,2708,1477,2550,1221,1568,1556,1716,2539

test suite43
bestAPFD:0.932301
bestSuite:1538,2694,1726,2458,2582,52,2517,2605,2509,2406

test suite44
bestAPFD:0.936947
bestSuite:2460,1729,2684,2208,2505,2260,1724,1866,398,2395,1336,1404

test suite45
bestAPFD:0.937651
bestSuite:2489,2708,2507,2524,2227,1027,1602,1803,1716,2478,208

test suite46
bestAPFD:0.926745
bestSuite:2458,1810,1359,2529,1720,1582,2702,256,2380

test suite47
bestAPFD:0.958597
bestSuite:2133,2690,2375,902,2481,2460,2584,2458,241,1313,1720,2385,91,1558

test suite48
bestAPFD:0.931215
bestSuite:1726,2416,2456,211,2472,1402,2130,2706,1569,2428,199

test suite49
bestAPFD:0.950221
bestSuite:2425,2087,2514,286,2451,2394,2545,1729,1568,2700,615,1570

test suite50
bestAPFD:0.937684
bestSuite:1902,210,2486,2659,1616,1730,2690,2539,1170,2456,1576,1778

test suite51
bestAPFD:0.928761
bestSuite:2626,2523,1272,1981,2568,1800,2375,2695,2496,2462

test suite52
bestAPFD:0.922812
bestSuite:2538,928,1726,2477,19,2681,1680,2546,2412

test suite53
bestAPFD:0.931215
bestSuite:2537,2509,1683,2501,54,2453,825,2692,2504,2568,2534

test suite54
bestAPFD:0.937684
bestSuite:2568,1484,1405,2510,2101,1666,1771,2539,25,2710,1698,1086

test suite55
bestAPFD:0.943805
bestSuite:2461,1580,154,1985,2695,2547,835,1728,2476,2489

test suite56
bestAPFD:0.935841
bestSuite:2467,250,2407,2498,1308,1732,2461,2703,2335,2526

test suite57
bestAPFD:0.945201
bestSuite:1310,1732,2493,2494,1861,1407,2412,2683,2449,2485,971,216,1406

test suite58
bestAPFD:0.932645
bestSuite:2681,2568,1557,2633,2309,2458,505,2516,1566

test suite59
bestAPFD:0.943584
bestSuite:1771,2536,2683,870,1720,1573,202,2469,800,2501,2520,2368

test suite60
bestAPFD:0.936846
bestSuite:1489,1560,1404,2698,1631,2478,1887,1269,178,1729,2537

test suite61
bestAPFD:0.948009
bestSuite:1885,2463,404,2700,2502,1403,998,1572,294,1732,2446,500

test suite62
bestAPFD:0.935841
bestSuite:1570,258,2412,1823,1663,2535,677,2699,2522,1730

test suite63
bestAPFD:0.945696
bestSuite:123,2407,1217,929,2540,2454,1070,1771,1730,1558,2708

test suite64
bestAPFD:0.923795
bestSuite:2536,123,2451,2550,1730,1147,2488,2583,2690

test suite65
bestAPFD:0.937713
bestSuite:2545,1615,2506,1737,2501,2693,2339,2668,1663,2277,1857,2495,2516

test suite66
bestAPFD:0.924226
bestSuite:2438,2647,2448,2536,1726,1393,2528,2695

test suite67
bestAPFD:0.929695
bestSuite:2698,2591,1716,1580,1762,2535,2551,91,1569

test suite68
bestAPFD:0.943426
bestSuite:283,441,2481,2546,1666,2685,934,2568,1053,1032,2476,2368,1561,2066

test suite69
bestAPFD:0.937611
bestSuite:1781,1585,624,2538,178,1737,2502,1405,534,2699

test suite70
bestAPFD:0.934735
bestSuite:2501,592,2424,159,2394,883,2690,2527,1567,2392,1737,1585

test suite71
bestAPFD:0.932824
bestSuite:2553,2408,1670,258,832,2476,1737,698,2498,2701,1780

test suite72
bestAPFD:0.932019
bestSuite:2410,2482,2391,1847,2078,1729,2523,2681,184,2539,921

test suite73
bestAPFD:0.935472
bestSuite:2519,1732,714,2700,80,2516,2532,2404,1015,1404,2581,1585

test suite74
bestAPFD:0.934309
bestSuite:2517,1479,1101,995,1818,1732,2553,2486,1001,1514,2682,2505,245

test suite75
bestAPFD:0.932301
bestSuite:1651,2457,134,1737,1297,1794,1580,2706,2514,2461

test suite76
bestAPFD:0.923795
bestSuite:1888,2544,2477,2404,107,2478,1546,2691,1729

test suite77
bestAPFD:0.922812
bestSuite:159,2530,1571,2368,1737,2299,2161,2545,2683

test suite78
bestAPFD:0.948914
bestSuite:1572,863,1730,2523,2704,2516,1774,2563,107,2395,2476

test suite79
bestAPFD:0.931662
bestSuite:1728,1809,2545,2700,2415,1663,1570,2495,168

test suite80
bestAPFD:0.942035
bestSuite:2547,2590,752,290,2693,2465,948,1558,2513,1730

test suite81
bestAPFD:0.940265
bestSuite:2434,2529,2273,1898,1557,1730,1558,157,1406,2706

test suite82
bestAPFD:0.942794
bestSuite:149,1583,2625,847,2482,1912,2491,475,2415,2707,666,2501,1732,2454

test suite83
bestAPFD:0.919801
bestSuite:2448,730,1726,2697,1192,2505,2476,2523

test suite84
bestAPFD:0.935237
bestSuite:2652,189,1732,2378,2521,2694,838,1793,2301,1574,2529

test suite85
bestAPFD:0.924779
bestSuite:1595,1729,2477,228,2546,2533,753,2705,532

test suite86
bestAPFD:0.924779
bestSuite:2539,1853,479,2568,2620,2700,1680,2508,2528

test suite87
bestAPFD:0.944891
bestSuite:1912,1726,282,2496,957,2515,2690,2493,2461,2549,265

test suite88
bestAPFD:0.950959
bestSuite:1729,2668,2533,1576,2432,2448,2490,2522,2461,1757,1475,2683

test suite89
bestAPFD:0.929646
bestSuite:100,2577,1729,760,1575,2533,1874,2553,1230,2707

test suite90
bestAPFD:0.942035
bestSuite:2465,1740,1832,2513,2520,2696,1729,1905,2497,2450

test suite91
bestAPFD:0.938455
bestSuite:2007,2459,2506,1663,231,2412,1728,2704,253,2434,2537

test suite92
bestAPFD:0.945954
bestSuite:888,1575,2398,1661,195,2540,2550,1728,1383,2695,2056,1082,2532,1818

test suite93
bestAPFD:0.942478
bestSuite:710,1730,2501,1580,1572,800,286,2520,2690,2491,1656

test suite94
bestAPFD:0.942109
bestSuite:2517,2549,1560,1369,1720,1534,228,2469,2485,1574,1670,2702

test suite95
bestAPFD:0.952008
bestSuite:2450,2689,583,2532,1720,2522,2368,281,1568,848,2374,813,2435

test suite96
bestAPFD:0.924779
bestSuite:1546,2531,2689,2473,2400,1726,2457,16,1822

test suite97
bestAPFD:0.942035
bestSuite:1504,387,2689,1798,103,1572,2513,1726,773,2523

test suite98
bestAPFD:0.925221
bestSuite:1732,126,2077,2410,2537,2684,2506,2551,2440,2538

test suite99
bestAPFD:0.942478
bestSuite:1482,1720,2574,2523,609,1376,212,2374,2531,2709,1571,1423,2053

test suite100
bestAPFD:0.907633
bestSuite:1595,1730,1560,2552,2533,24,2702,2468

test suite101
bestAPFD:0.926745
bestSuite:582,2709,1402,2538,2457,1922,2478,1726,1864

test suite102
bestAPFD:0.942035
bestSuite:2461,2685,2522,1574,208,1537,397,1359,1729,2516

test suite103
bestAPFD:0.941372
bestSuite:1958,1561,1403,1523,1728,1579,181,1595,2693,835,2368,1862

test suite104
bestAPFD:0.936947
bestSuite:2588,1683,2378,1450,2202,2462,1174,2375,2689,117,1716,2521

test suite105
bestAPFD:0.947271
bestSuite:58,972,2598,2462,2237,2479,1517,1729,1564,2698,2496,2548

test suite106
bestAPFD:0.940634
bestSuite:2530,1586,2400,2441,1566,2505,1726,1345,2330,2457,299,2691

test suite107
bestAPFD:0.946500
bestSuite:2686,2540,2568,2145,1572,783,669,2457,2477,260,411

test suite108
bestAPFD:0.942847
bestSuite:2052,1187,2547,2490,2709,1282,2568,1401,72,1570,2538,2577

test suite109
bestAPFD:0.908739
bestSuite:2535,2692,2453,1682,1726,1169,2597,2488

test suite110
bestAPFD:0.948483
bestSuite:2488,1708,2484,1769,2368,2400,1720,252,2553,2038,1568,2696,2047,2485

test suite111
bestAPFD:0.946587
bestSuite:2682,2550,2533,938,2374,1338,2582,1531,2481,1366,223,367,2505,1716

test suite112
bestAPFD:0.931416
bestSuite:1288,2451,1572,1772,2095,1720,2522,2477,2502,2694

test suite113
bestAPFD:0.916482
bestSuite:212,2524,2709,2516,1670,2498,2066,1726

test suite114
bestAPFD:0.950147
bestSuite:1737,277,1522,565,2695,1863,2464,442,1922,2478,2525,2375,2404,240,777

test suite115
bestAPFD:0.935237
bestSuite:2568,2438,1670,909,1579,2529,2460,13,2373,2699,2453

test suite116
bestAPFD:0.944690
bestSuite:254,2523,2048,1557,1568,2586,1720,2685,2472,205

test suite117
bestAPFD:0.930531
bestSuite:2070,2525,580,2505,1716,1830,1574,2688,1561,121

test suite118
bestAPFD:0.932019
bestSuite:1720,2518,2538,1203,1794,2609,1554,1512,2701,573,2545

test suite119
bestAPFD:0.940064
bestSuite:1561,2553,1726,2016,2515,2432,1579,1231,1644,154,2684

test suite120
bestAPFD:0.957454
bestSuite:1962,2594,44,2478,1562,2,2487,2687,2323,1830,1737,2525,2395

test suite121
bestAPFD:0.949484
bestSuite:2582,2377,1557,2693,1716,1316,2522,1573,2541,1824,1971,2515

test suite122
bestAPFD:0.951643
bestSuite:1569,2412,2483,1783,2694,265,1807,1567,2540,2545,1729,1500,1516,1182

test suite123
bestAPFD:0.947219
bestSuite:1502,2453,717,1557,2682,2466,236,862,2506,2368,1726,2590,710,2302

test suite124
bestAPFD:0.932301
bestSuite:2696,2654,1810,1405,12,1579,2498,263,2460,1720

test suite125
bestAPFD:0.938455
bestSuite:2538,2378,2544,1329,1574,2368,1519,2694,245,1781,1726

test suite126
bestAPFD:0.935595
bestSuite:2461,2394,385,1728,2491,2688,2455,1275,807

test suite127
bestAPFD:0.934956
bestSuite:1864,2539,1660,2689,567,1710,256,2526,1737,1575

test suite128
bestAPFD:0.941673
bestSuite:1473,180,1566,2062,2516,2525,2076,2696,2537,2066,1716

test suite129
bestAPFD:0.945796
bestSuite:1402,2697,2445,2392,1729,2547,2309,2385,143,1826,2533,2266

test suite130
bestAPFD:0.924779
bestSuite:2526,2576,2479,2701,734,129,1737,2501,2363,1631,2001

test suite131
bestAPFD:0.949484
bestSuite:2582,1536,2511,2394,2392,2702,2638,2458,1356,1596,1729,1557

test suite132
bestAPFD:0.927876
bestSuite:2476,1720,1157,2694,2522,2675,2448,1804,712,2536

test suite133
bestAPFD:0.936042
bestSuite:1362,1680,2544,2486,2681,1720,2435,232,2510,237,2483

test suite134
bestAPFD:0.937651
bestSuite:2515,2561,2512,1661,1586,2453,1726,2573,2708,27,1569

test suite135
bestAPFD:0.942035
bestSuite:1730,2655,2528,1568,2502,2299,2408,2695,378,499

test suite136
bestAPFD:0.939755
bestSuite:722,1602,1729,2374,9,2548,2488,2703,1863,2288,2537,1050,8

test suite137
bestAPFD:0.938455
bestSuite:2655,2449,2517,2685,1403,1288,2490,2404,1716,1929,1557

test suite138
bestAPFD:0.938455
bestSuite:2486,1730,66,1580,1722,2580,2682,2449,2526,2375,1780

test suite139
bestAPFD:0.934071
bestSuite:1716,62,2406,1203,2457,1866,2701,1560,1559,2513

test suite140
bestAPFD:0.900996
bestSuite:2514,2509,1716,2502,133,2137,2692,2455

test suite141
bestAPFD:0.945696
bestSuite:2452,193,1020,474,2397,2463,2568,2535,2691,2408,2427

test suite142
bestAPFD:0.941673
bestSuite:1581,34,2375,2497,2485,2590,1869,2686,1737,2404,2457

test suite143
bestAPFD:0.940634
bestSuite:1732,2609,1574,300,2434,2686,408,1233,2523,1137,2539,2407

test suite144
bestAPFD:0.944520
bestSuite:13,2525,23,1571,1850,2688,2517,1588,469,2568,2540,2594,2485

test suite145
bestAPFD:0.931215
bestSuite:2329,2704,2073,294,2501,2483,1728,319,2550,2384,1531

test suite146
bestAPFD:0.935472
bestSuite:1720,1602,1819,2686,2531,440,1000,1711,203,2501,2378,2548

test suite147
bestAPFD:0.938455
bestSuite:1575,2478,1254,1726,2117,2453,2698,2368,463,288,1580

test suite148
bestAPFD:0.933628
bestSuite:2292,2537,2516,2682,1643,1058,1405,2066,2415,2617,1730

test suite149
bestAPFD:0.950221
bestSuite:1557,1745,2515,202,2568,1403,1536,2687,2662,2585,360,2473

test suite150
bestAPFD:0.944891
bestSuite:2476,1563,2580,2456,2554,1538,2404,1726,2540,2709,1284

test suite151
bestAPFD:0.942478
bestSuite:804,1630,1561,2459,277,1583,614,2698,2481,1804,2513,2486,1737

test suite152
bestAPFD:0.936209
bestSuite:2513,2568,1631,2490,2643,2457,2236,529,2395,290,2681,2476

test suite153
bestAPFD:0.939159
bestSuite:1920,2394,1512,1573,1360,1780,1509,1455,1720,2539,2706,2452

test suite154
bestAPFD:0.927729
bestSuite:2442,2454,2531,2642,2404,1618,1732,2706,1401

test suite155
bestAPFD:0.939260
bestSuite:2498,58,903,1732,2685,2509,1882,1583,2510,2237,2525

test suite156
bestAPFD:0.944891
bestSuite:2461,2538,2355,2236,1732,2375,2547,2090,1563,2709,1607

test suite157
bestAPFD:0.929544
bestSuite:2450,1835,2486,1220,1825,2093,2698,2087,1405,2375,2667,1716,2479

test suite158
bestAPFD:0.950379
bestSuite:1992,1730,2534,2374,2291,2538,2368,2708,413,1169,2528,1577,1175,1661

test suite159
bestAPFD:0.935237
bestSuite:2478,2373,1737,691,1559,1804,2620,2683,2547,2517,2128

test suite160
bestAPFD:0.940869
bestSuite:2317,411,1961,1737,2550,2538,1575,2704,2342,2495,2611

test suite161
bestAPFD:0.942847
bestSuite:2547,851,1039,2695,2498,419,2392,1729,1571,1799,1236,2395

test suite162
bestAPFD:0.920796
bestSuite:2023,2520,1853,2686,2251,1670,2504,2535,2568,18

test suite163
bestAPFD:0.952908
bestSuite:2502,2406,1784,2647,2452,1268,1515,228,2710,2436,1568,2394,1726,382

test suite164
bestAPFD:0.947788
bestSuite:2515,138,2349,732,654,2467,2696,2591,366,1263,1563,1570,2415,1730,1405

test suite165
bestAPFD:0.940869
bestSuite:2475,2527,401,1559,1716,1811,154,1557,2708,2392,1905

test suite166
bestAPFD:0.945696
bestSuite:2332,2418,1729,2343,2478,2681,1558,2452,2487,495,2507

test suite167
bestAPFD:0.934433
bestSuite:2682,1530,2552,2663,837,1099,2494,2532,1188,1728,2540

test suite168
bestAPFD:0.926991
bestSuite:422,2513,1720,2548,284,1738,2701,1631,2539,1341

test suite169
bestAPFD:0.932301
bestSuite:2538,2531,2683,2560,1737,2668,1793,1582,2502,2456

test suite170
bestAPFD:0.937651
bestSuite:2522,2710,1568,163,2464,2384,683,2537,1422,2441,1729

test suite171
bestAPFD:0.946534
bestSuite:2576,1693,1974,2693,2480,2622,2514,1576,1716,2461,2455,1583

test suite172
bestAPFD:0.933186
bestSuite:2460,2701,2568,1001,2516,2526,1289,19,1832,715

test suite173
bestAPFD:0.926991
bestSuite:191,2521,2496,2701,1729,2532,87,2074,2537,1965

test suite174
bestAPFD:0.948746
bestSuite:1584,1309,2498,2686,86,1094,2583,2505,599,564,1737,2548

test suite175
bestAPFD:0.935237
bestSuite:265,2496,2486,2428,1732,2526,1112,1710,2384,2707,2515

test suite176
bestAPFD:0.950647
bestSuite:2458,1574,1606,1729,2395,2682,2256,2620,1798,2535,2465,1071,1628

test suite177
bestAPFD:0.939897
bestSuite:2392,2607,2451,2568,2536,2525,2441,2690,2500,1160,1493,980

test suite178
bestAPFD:0.942162
bestSuite:2706,1636,2590,1108,2485,1530,1720,2011,2540,2490,1486,2524,200,2394

test suite179
bestAPFD:0.932301
bestSuite:2436,106,2544,2392,1728,1891,2689,2536,1402,2395

test suite180
bestAPFD:0.933997
bestSuite:1983,2511,1108,2451,2708,203,2545,2539,2400,2429,1720,317

test suite181
bestAPFD:0.952434
bestSuite:283,2502,1599,898,1665,966,1716,2690,1571,2524,1863,1572

test suite182
bestAPFD:0.941673
bestSuite:1402,2694,2440,2547,2531,1737,375,2540,2328,236,2532

test suite183
bestAPFD:0.944322
bestSuite:2406,1557,265,2568,1542,1822,1537,2708,1022,2525,2472,2466

test suite184
bestAPFD:0.940869
bestSuite:2407,271,570,1570,2516,1582,216,2693,1830,2528,1737

test suite185
bestAPFD:0.944322
bestSuite:1728,102,1830,786,2090,2368,1611,1576,2456,2384,2702,2539

test suite186
bestAPFD:0.931047
bestSuite:2682,99,2406,371,1823,2531,1405,866,912,2509,1716,134

test suite187
bestAPFD:0.932824
bestSuite:2373,2446,2207,2523,2502,1643,2699,179,847,663,1728

test suite188
bestAPFD:0.935841
bestSuite:2479,1582,2119,2568,2531,2618,2699,2552,2670,2576

test suite189
bestAPFD:0.936042
bestSuite:84,1595,2434,1716,2462,2505,2522,2448,2709,439,1309

test suite190
bestAPFD:0.952689
bestSuite:1732,1110,2708,1558,1774,308,1023,1336,2407,2476,121,1406,2514

test suite191
bestAPFD:0.929646
bestSuite:2537,2274,2508,1644,2662,2709,1857,1729,2457,2374

test suite192
bestAPFD:0.928761
bestSuite:2631,2708,1375,2546,2517,2476,1732,1631,1804,2394

test suite193
bestAPFD:0.949718
bestSuite:1562,2678,2117,684,1795,2377,2708,516,1716,2454,2498

test suite194
bestAPFD:0.934433
bestSuite:1446,2585,1132,2486,2701,2509,2513,2103,2452,197,1737

test suite195
bestAPFD:0.938422
bestSuite:2568,1595,960,2406,2384,205,2528,2702,2472,1876,2518,444

test suite196
bestAPFD:0.938422
bestSuite:2504,2605,2710,2462,1579,102,1403,2535,1832,1726,548,2463

test suite197
bestAPFD:0.939260
bestSuite:2496,153,215,2521,2479,2686,2498,675,1726,793,2576

test suite198
bestAPFD:0.941372
bestSuite:2568,704,378,818,2305,2686,2496,2226,2460,2513,2527,246

test suite199
bestAPFD:0.925762
bestSuite:2435,1531,2378,2704,788,51,2525,2513,1728

test suite200
bestAPFD:0.929695
bestSuite:1726,2491,2709,1563,2078,2537,1771,2457,2407

test suite201
bestAPFD:0.932019
bestSuite:924,2547,2515,2693,2380,2438,2541,2419,1569,2338,1732

test suite202
bestAPFD:0.948746
bestSuite:871,1570,1730,2392,1760,2700,2394,2454,1666,45,2510,2446

test suite203
bestAPFD:0.941116
bestSuite:2479,305,2467,1560,1430,1661,260,2697,2485,1733,1729,2524,1818

test suite204
bestAPFD:0.936042
bestSuite:2472,2698,1569,126,1720,2412,1365,1625,2522,722,1522

test suite205
bestAPFD:0.938455
bestSuite:2638,2400,2521,2702,1730,1104,2368,189,2446,1559,2406

test suite206
bestAPFD:0.932019
bestSuite:670,2537,85,2412,2460,1406,1730,2660,2701,1817,603

test suite207
bestAPFD:0.940634
bestSuite:2698,1728,1571,2516,2485,1756,2582,2377,706,2520,1627,232

test suite208
bestAPFD:0.931215
bestSuite:2464,1660,2513,181,2458,369,2446,1728,2408,2691,2004

test suite209
bestAPFD:0.953370
bestSuite:1562,2518,2692,1720,1929,30,723,1630,2546,2392,1830,1649,2536

test suite210
bestAPFD:0.932824
bestSuite:773,2495,2549,277,1720,1557,1162,1738,2703,1530,2654

test suite211
bestAPFD:0.928801
bestSuite:1644,2492,2688,150,2553,2406,2535,1697,2077,1729,2428

test suite212
bestAPFD:0.940634
bestSuite:2533,1404,2131,2541,1522,1199,192,2438,1586,1569,1720,2691

test suite213
bestAPFD:0.926106
bestSuite:1631,2514,2704,1310,1728,1609,2159,2540,2553,2406

test suite214
bestAPFD:0.943282
bestSuite:2117,142,2547,2686,2513,1643,1814,2278,2479,1566,1728

test suite215
bestAPFD:0.925583
bestSuite:1833,1139,2628,1092,2548,244,2533,2701,1573,1720,2429

test suite216
bestAPFD:0.945201
bestSuite:1531,1830,865,2545,1110,2706,2498,583,2374,207,1716,2473,348

test suite217
bestAPFD:0.931416
bestSuite:2448,2395,2699,2138,845,1730,2536,225,2430,2525

test suite218
bestAPFD:0.936042
bestSuite:1716,2330,2451,2689,2368,1873,1585,71,2577,2539,2551

test suite219
bestAPFD:0.916372
bestSuite:2404,1666,2517,30,348,937,2532,2691,2526,1726

test suite220
bestAPFD:0.942109
bestSuite:1070,965,2378,1726,1536,2511,2701,250,2535,2485,1785,2454

test suite221
bestAPFD:0.921829
bestSuite:1730,2530,2447,2603,2502,1269,2462,2708,2527

test suite222
bestAPFD:0.945059
bestSuite:226,2501,1729,1870,1558,2494,2693,1419,2548,1832,1560,223

test suite223
bestAPFD:0.923795
bestSuite:2459,1670,2535,1730,2709,2149,2293,1578,73

test suite224
bestAPFD:0.925221
bestSuite:1128,2502,2395,1968,2404,2523,265,2686,1804,1729

test suite225
bestAPFD:0.942847
bestSuite:852,535,2568,177,2550,2467,2288,1811,2539,2394,2687,1644

test suite226
bestAPFD:0.938393
bestSuite:1602,90,1557,451,2688,1456,1404,2299,770,655,190,1720,2491

test suite227
bestAPFD:0.946587
bestSuite:2392,2568,1583,1432,2073,2384,2517,2684,2526,2473,2046,62,713,1937

test suite228
bestAPFD:0.952908
bestSuite:941,2483,957,1847,2465,2519,2526,1726,96,1522,1412,2385,847,2703

test suite229
bestAPFD:0.922566
bestSuite:1660,2701,1887,2539,1737,156,2545,818,2503,383

test suite230
bestAPFD:0.926991
bestSuite:2516,812,2685,57,1401,1729,2492,2552,2502,743

test suite231
bestAPFD:0.935671
bestSuite:2416,1970,1732,2494,2440,1405,2410,2500,2688,2498,20,1336,675

test suite232
bestAPFD:0.941150
bestSuite:15,2238,2542,2525,1572,2516,1732,2373,2708,2476

test suite233
bestAPFD:0.920846
bestSuite:1522,2667,2339,2459,2538,1720,2477,2483,2686

test suite234
bestAPFD:0.940265
bestSuite:2465,52,1737,1794,1581,1405,2514,2485,2359,2690

test suite235
bestAPFD:0.934433
bestSuite:137,2457,2500,1730,2507,2516,2697,1817,1146,1291,2462

test suite236
bestAPFD:0.944087
bestSuite:2408,2692,1205,2545,1661,1728,1535,1877,1160,2489,2461

test suite237
bestAPFD:0.948746
bestSuite:1575,2461,2568,2683,2524,152,2631,2513,2332,2407,2403,1811

test suite238
bestAPFD:0.922812
bestSuite:2454,1729,2507,2516,2675,2437,2691,2540,1909

test suite239
bestAPFD:0.947305
bestSuite:2540,1405,2529,2239,1728,2694,1568,212,2585,1643,1967

test suite240
bestAPFD:0.943584
bestSuite:1530,1737,2310,2529,1755,2483,2433,2521,2704,17,2487,1843

test suite241
bestAPFD:0.915376
bestSuite:2703,2218,2576,2538,1661,1561,2544,1720

test suite242
bestAPFD:0.932301
bestSuite:2483,1819,289,2687,1585,2473,1316,2521,1094,1716

test suite243
bestAPFD:0.921681
bestSuite:2495,1651,947,2455,1728,2538,1793,2701,524,151

test suite244
bestAPFD:0.922566
bestSuite:2464,2489,967,2687,2406,1716,2299,1602,2415,2455

test suite245
bestAPFD:0.936042
bestSuite:156,1561,2446,2529,2412,2458,1319,1730,2482,2705,1531

test suite246
bestAPFD:0.926745
bestSuite:260,2536,226,1586,1832,1546,1726,2528,2702

test suite247
bestAPFD:0.940064
bestSuite:2490,2577,1266,2513,1720,2708,154,2448,2374,2520,1570

test suite248
bestAPFD:0.934735
bestSuite:2568,2211,490,2581,2517,2502,2547,246,2702,1577,1416,2384

test suite249
bestAPFD:0.943584
bestSuite:2459,2403,2695,2539,2671,2375,2441,1009,1728,2186,249,1566

test suite250
bestAPFD:0.932301
bestSuite:2513,543,2703,582,1578,1729,833,1111,2527,2496

test suite251
bestAPFD:0.952689
bestSuite:2687,1729,1217,2515,2380,2429,1568,2611,1666,2485,2523,2413,1465

test suite252
bestAPFD:0.940634
bestSuite:1732,1829,2695,1580,1757,2537,71,2517,1631,1170,1403,2148

test suite253
bestAPFD:0.934956
bestSuite:2678,1732,2400,1514,2693,1315,2513,2458,2673,2519

test suite254
bestAPFD:0.943839
bestSuite:2517,2520,2462,2694,1912,1728,138,1114,563,2003,1583,2415,2506

test suite255
bestAPFD:0.928761
bestSuite:1798,2684,2535,1743,2466,1720,1969,2457,2518,238

test suite256
bestAPFD:0.936846
bestSuite:2477,2611,1737,1572,2438,1586,2538,1908,2692,1406,391

test suite257
bestAPFD:0.933186
bestSuite:1726,2700,2299,2553,2487,2448,2533,107,1576,1616

test suite258
bestAPFD:0.941150
bestSuite:1485,2649,2460,2705,1730,2456,1850,780,1572,2483

test suite259
bestAPFD:0.935237
bestSuite:2288,200,2412,2693,2444,1546,904,2513,2552,1737,2514

test suite260
bestAPFD:0.945696
bestSuite:77,1728,2461,1563,2521,2514,2686,2435,35,1795,2374

test suite261
bestAPFD:0.926991
bestSuite:2091,1420,1726,2522,1665,261,1571,2539,2513,2705

test suite262
bestAPFD:0.931047
bestSuite:1396,2456,2518,795,2404,1514,102,2502,1774,2568,2375,2706

test suite263
bestAPFD:0.940436
bestSuite:1720,2483,15,1799,683,687,1559,2384,2550,1,1570,2690,1010

test suite264
bestAPFD:0.945796
bestSuite:2641,551,2492,1651,2522,2479,2100,1561,1866,2681,1726,1051

test suite265
bestAPFD:0.933186
bestSuite:393,2538,252,2690,2073,2516,1644,2568,1782,2545

test suite266
bestAPFD:0.939897
bestSuite:1522,1716,2460,24,2528,2490,2395,2576,2706,990,2489,813

test suite267
bestAPFD:0.953540
bestSuite:1701,2476,918,1577,2539,1716,2488,2697,26,2455,241,1140,2424,2377

test suite268
bestAPFD:0.921829
bestSuite:2526,1729,2509,230,832,1952,2535,2681,2013

test suite269
bestAPFD:0.934735
bestSuite:971,2683,2494,837,1716,2507,2438,1702,2458,1412,1570,246

test suite270
bestAPFD:0.938496
bestSuite:84,1406,393,903,1864,2466,2568,2683,1931,2536

test suite271
bestAPFD:0.939074
bestSuite:1298,2529,1536,2458,2438,2703,151,800,2031,2507,1716,2374,581

test suite272
bestAPFD:0.934612
bestSuite:1557,2446,2705,2384,193,2568,1660,2533,2459

test suite273
bestAPFD:0.940634
bestSuite:2447,2483,258,836,2368,2501,1405,41,2710,1578,1716,2008

test suite274
bestAPFD:0.946500
bestSuite:2463,2425,1609,1405,1570,1586,2489,122,2683,1720,1929

test suite275
bestAPFD:0.940869
bestSuite:1759,2548,1974,1348,1771,1680,1574,154,1716,2538,2700

test suite276
bestAPFD:0.941116
bestSuite:1728,2514,2710,905,2415,2535,2586,1960,1566,2450,2594,2552,210

test suite277
bestAPFD:0.943282
bestSuite:2466,2535,1530,2415,2546,2697,2355,2655,1728,324,1819

test suite278
bestAPFD:0.948009
bestSuite:270,1729,2605,646,1947,1800,971,2705,2458,1643,2491,1557

test suite279
bestAPFD:0.918142
bestSuite:2703,414,2442,2486,2550,1737,701,2489,2509,278

test suite280
bestAPFD:0.936947
bestSuite:1780,2535,2691,1726,268,2578,159,2526,2378,1319,2491,2466

test suite281
bestAPFD:0.939159
bestSuite:224,2494,2111,1680,316,2709,1355,2505,2501,2573,1737,2546

test suite282
bestAPFD:0.918142
bestSuite:2494,2404,44,1816,2537,1644,2522,1732,1747,2710

test suite283
bestAPFD:0.940869
bestSuite:1680,2656,2688,1729,2458,2607,2384,1559,40,1934,2531

test suite284
bestAPFD:0.941530
bestSuite:1611,1709,1564,276,690,35,2407,2529,2695,2548,431,1716,1864,1069

test suite285
bestAPFD:0.929757
bestSuite:1944,2535,1729,791,2453,1572,2686,2602

test suite286
bestAPFD:0.941372
bestSuite:2468,2698,2544,648,2473,2374,2397,1716,66,2505,1309,1853

test suite287
bestAPFD:0.936947
bestSuite:2504,2703,1816,2598,1011,2457,1571,126,1729,2472,2478,1560

test suite288
bestAPFD:0.941372
bestSuite:2106,1832,105,2507,1337,2536,2514,1117,1720,2695,2520,2519

test suite289
bestAPFD:0.936209
bestSuite:1819,2686,1663,2616,2334,2486,2380,1552,2495,1726,2283,2520

test suite290
bestAPFD:0.913401
bestSuite:2449,2438,2551,218,1728,2533,2709

test suite291
bestAPFD:0.939897
bestSuite:2537,635,1799,1741,1450,1440,2700,1730,2415,1574,2459,146

test suite292
bestAPFD:0.934956
bestSuite:2655,2466,2516,1156,909,2486,2567,2702,1720,1403

test suite293
bestAPFD:0.925221
bestSuite:1866,2631,2551,2696,2509,1258,2502,1661,1737,490

test suite294
bestAPFD:0.932019
bestSuite:2587,2394,2537,2619,2704,10,2476,1666,2217,2456,1732

test suite295
bestAPFD:0.946562
bestSuite:1404,766,1070,1161,1720,2086,1246,2394,1637,2531,2534,2449,2686

test suite296
bestAPFD:0.947271
bestSuite:2460,2378,347,2392,2396,2573,1729,2695,2523,1567,62,1332

test suite297
bestAPFD:0.941673
bestSuite:2681,2472,165,2116,1577,1778,1720,1479,2493,1561,2549

test suite298
bestAPFD:0.933260
bestSuite:2682,2588,2513,2297,2459,1611,2406,2568,162,2400,2462,1556

test suite299
bestAPFD:0.933260
bestSuite:1651,213,2510,2543,2562,1949,1728,2380,2539,2452,2429,2692

test suite300
bestAPFD:0.947271
bestSuite:2494,811,2457,2621,97,1530,2511,1857,1557,2689,2394,2568

test suite301
bestAPFD:0.936846
bestSuite:2486,1019,215,1737,2640,2469,2404,2687,2537,1561,2457

test suite302
bestAPFD:0.937684
bestSuite:120,2436,1566,1013,2689,2546,2485,869,2640,2516,1339,1729

test suite303
bestAPFD:0.931416
bestSuite:2700,2516,2366,1560,1737,1404,1671,180,2536,2404

test suite304
bestAPFD:0.935841
bestSuite:1578,2478,1737,1561,2590,2178,2453,2697,173,2392

test suite305
bestAPFD:0.946534
bestSuite:1401,177,25,2515,2465,1083,1732,1404,2689,1567,2573,618

test suite306
bestAPFD:0.944087
bestSuite:2692,1141,1570,1804,2531,69,1378,2319,1579,2527,1737

test suite307
bestAPFD:0.943839
bestSuite:666,2691,2462,675,2568,566,1780,400,1663,148,2507,2477,2548

test suite308
bestAPFD:0.934433
bestSuite:2486,2354,2656,2529,2429,2459,760,2706,1680,1716,2385

test suite309
bestAPFD:0.957227
bestSuite:1616,2112,2508,863,1020,2498,2685,1579,1519,1684,2455,532,86,2073,1729

test suite310
bestAPFD:0.936209
bestSuite:2412,2455,1737,2462,1023,2478,328,2577,980,2035,2533,2696

test suite311
bestAPFD:0.927876
bestSuite:1586,2533,1729,2375,2683,2550,2469,2541,1554,1876

test suite312
bestAPFD:0.910951
bestSuite:1732,2530,2547,2697,1563,2368,1361,2438

test suite313
bestAPFD:0.936726
bestSuite:1720,1061,1861,2702,745,2502,1561,1825,2545,1554

test suite314
bestAPFD:0.947851
bestSuite:288,1732,1861,2263,2532,1581,1579,2693,79,2454,81,1764,2477,2368

test suite315
bestAPFD:0.929544
bestSuite:2407,1756,2305,2547,1728,2480,2406,2710,2246,2375,1565,72,2430

test suite316
bestAPFD:0.954804
bestSuite:951,1522,2511,1737,2515,327,2697,2643,1572,2523,70,2460,513,2537

test suite317
bestAPFD:0.950959
bestSuite:2473,2697,1920,2392,1558,1546,2550,2374,2630,24,1726,1849

test suite318
bestAPFD:0.924336
bestSuite:2702,159,1020,1729,2540,2534,2505,2522,765,1569

test suite319
bestAPFD:0.941116
bestSuite:1660,1431,2214,2117,2340,2526,2472,2475,2416,2462,2686,1737,250

test suite320
bestAPFD:0.930905
bestSuite:2450,2480,1728,298,1104,2238,24,2525,1442,2407,2689,2529,2442

test suite321
bestAPFD:0.942847
bestSuite:251,2458,999,1178,2681,1485,2465,1730,2536,1835,1631,2164

test suite322
bestAPFD:0.944087
bestSuite:1574,2548,78,794,1432,2706,2493,2441,1720,2532,2533

test suite323
bestAPFD:0.920846
bestSuite:840,1726,1820,97,1569,2540,2522,2509,2689

test suite324
bestAPFD:0.948914
bestSuite:2486,2270,1572,2540,1726,1403,82,1574,1851,2691,1536

test suite325
bestAPFD:0.946534
bestSuite:2496,2529,2355,1895,599,1732,2668,2681,1577,2455,2475,2424

test suite326
bestAPFD:0.938455
bestSuite:2485,2406,2431,1595,2568,2459,1579,1918,45,2700,2489

test suite327
bestAPFD:0.935472
bestSuite:2478,2557,2687,1737,2488,2521,20,1531,2537,2440,2407,2111

test suite328
bestAPFD:0.934433
bestSuite:1530,2494,2080,2535,1737,2415,183,1817,2177,2708,2549

test suite329
bestAPFD:0.934071
bestSuite:1565,2533,1726,1403,1660,2688,1781,77,169,2415

test suite330
bestAPFD:0.942847
bestSuite:2549,1726,2373,2483,1250,2397,2465,2694,2426,229,190,2480

test suite331
bestAPFD:0.928801
bestSuite:592,2520,2373,2672,1663,2237,2529,1585,1729,2687,2666

test suite332
bestAPFD:0.932301
bestSuite:939,2540,2455,1726,2580,1571,2394,2597,2698,736

test suite333
bestAPFD:0.948109
bestSuite:200,1737,187,2706,492,1557,1644,2580,2505,2201,1404

test suite334
bestAPFD:0.951327
bestSuite:1737,218,2516,2453,2502,1143,2534,441,2710,2490,81,1578,2486

test suite335
bestAPFD:0.932522
bestSuite:2475,1404,582,2613,1153,2709,2531,1542,1726,379,1819,2407

test suite336
bestAPFD:0.938545
bestSuite:1557,1726,2452,2392,249,2684,2652,2507,2590

test suite337
bestAPFD:0.923795
bestSuite:1186,2539,1666,2459,2620,2440,2480,2691,2568

test suite338
bestAPFD:0.926106
bestSuite:150,2553,2709,1737,1660,2637,974,2385,1156,2502

test suite339
bestAPFD:0.929606
bestSuite:2163,1729,1130,2710,1820,2533,2472,2478,129,1578,2453

test suite340
bestAPFD:0.932019
bestSuite:2485,2450,1057,491,2374,2675,2392,1720,2550,2429,2689

test suite341
bestAPFD:0.937684
bestSuite:1924,2698,2501,1087,2400,2507,418,2528,1803,2639,1720,2513

test suite342
bestAPFD:0.941372
bestSuite:2533,2320,2549,1904,2087,1728,2489,219,1826,2437,2708,1571

test suite343
bestAPFD:0.935237
bestSuite:2535,1851,935,1573,1518,1720,106,2456,870,2483,2704

test suite344
bestAPFD:0.930531
bestSuite:1578,711,1278,77,2693,2531,1737,1406,2407,2439

test suite345
bestAPFD:0.933997
bestSuite:1716,2533,2523,71,1036,2464,2422,870,2685,2584,1631,1848

test suite346
bestAPFD:0.924779
bestSuite:1565,1250,2704,2479,2515,2547,2628,2568,2501

test suite347
bestAPFD:0.942478
bestSuite:1320,1558,2406,2547,1560,2346,1774,2494,80,1729,2703

test suite348
bestAPFD:0.946534
bestSuite:1570,173,695,2380,1337,2489,1793,1575,2710,2525,1729,320

test suite349
bestAPFD:0.926745
bestSuite:1135,1729,2378,2702,1402,2548,1811,2537,1286

test suite350
bestAPFD:0.938455
bestSuite:2477,2568,1569,1819,1717,624,2706,172,1577,1576,2550

test suite351
bestAPFD:0.927192
bestSuite:1737,962,1851,1680,2404,2537,1256,2526,2492,45,2686

test suite352
bestAPFD:0.949285
bestSuite:1165,205,2523,2508,2040,2462,1720,2580,2690,2407,2472,1558,50

test suite353
bestAPFD:0.923795
bestSuite:2568,29,2689,1572,2534,2075,2368,2473,2452

test suite354
bestAPFD:0.925221
bestSuite:2380,873,2498,2526,1720,1578,1774,166,2473,2688

test suite355
bestAPFD:0.935472
bestSuite:2428,2454,2509,365,426,1732,2406,225,2681,1907,2375,1670

test suite356
bestAPFD:0.937611
bestSuite:2343,1737,2412,1999,2550,2685,1571,2529,1683,8

test suite357
bestAPFD:0.935472
bestSuite:236,1729,2577,1406,2511,2412,1252,2060,1557,2487,2688,1682

test suite358
bestAPFD:0.943282
bestSuite:2551,1568,2705,2530,2624,1730,2477,1475,2107,1857,2496

test suite359
bestAPFD:0.949285
bestSuite:2190,2464,1393,2427,1557,2538,2523,1730,20,2697,2394,1546,1438

test suite360
bestAPFD:0.939381
bestSuite:119,1404,2701,2513,2477,930,1729,895,2538,1558

test suite361
bestAPFD:0.939897
bestSuite:2503,1070,1716,256,2684,2532,2439,1406,2041,2479,1826,1616

test suite362
bestAPFD:0.938422
bestSuite:2394,2124,2343,1671,2551,2651,2483,1714,1737,2535,1581,2681

test suite363
bestAPFD:0.942920
bestSuite:2452,1562,1887,2375,1371,1561,2710,2478,1732,76

test suite364
bestAPFD:0.937651
bestSuite:1816,1579,204,2536,1667,2685,2410,1729,2457,2641,31

test suite365
bestAPFD:0.934071
bestSuite:2638,2709,2431,1729,1571,2536,122,2516,1579,2521

test suite366
bestAPFD:0.942035
bestSuite:2696,1558,1920,2582,1561,2537,2568,1833,2546,2480

test suite367
bestAPFD:0.931416
bestSuite:2530,2708,2538,2589,2613,1585,1644,2525,2355,2568

test suite368
bestAPFD:0.932522
bestSuite:1035,800,171,2485,1405,2707,768,2400,196,1514,2477,1730

test suite369
bestAPFD:0.947924
bestSuite:2525,916,103,2533,2684,1829,2107,1729,2674,1416,2385,1563,2464

test suite370
bestAPFD:0.932019
bestSuite:2703,2568,2501,472,2523,2334,156,1816,2507,438,2491

test suite371
bestAPFD:0.943584
bestSuite:2494,1438,1283,2643,72,1576,2513,1643,1729,2704,2577,2525

test suite372
bestAPFD:0.945796
bestSuite:2616,2016,2694,1800,2357,1729,2205,2449,2530,1625,2452,2538

test suite373
bestAPFD:0.936846
bestSuite:2248,2406,2437,1728,2518,1660,1309,2690,2479,2642,2525

test suite374
bestAPFD:0.928801
bestSuite:409,1720,1580,82,2403,441,2520,2538,738,2700,1780

test suite375
bestAPFD:0.940265
bestSuite:2461,1565,201,2547,1525,1832,2516,1726,1260,2705

test suite376
bestAPFD:0.943282
bestSuite:1100,2536,162,2568,977,1778,1647,2681,2449,2375,2522

test suite377
bestAPFD:0.946500
bestSuite:1570,2583,112,2539,2689,2521,861,1660,2630,2568,711

test suite378
bestAPFD:0.932645
bestSuite:1889,1971,1563,2498,75,2693,2526,1732,2538

test suite379
bestAPFD:0.935472
bestSuite:1737,2486,2686,947,2623,1566,2591,2254,2491,2506,2456,2395

test suite380
bestAPFD:0.932019
bestSuite:2533,1554,2703,25,2511,1853,1221,1046,1726,1405,2654

test suite381
bestAPFD:0.918695
bestSuite:2581,1404,2507,2532,2568,2709,2537,107

test suite382
bestAPFD:0.933997
bestSuite:1729,2090,2407,2498,2682,133,1625,603,2403,2504,1805,2459

test suite383
bestAPFD:0.951696
bestSuite:1584,2537,1729,2377,1754,2575,2686,1583,2523,2353,358,1000

test suite384
bestAPFD:0.938422
bestSuite:113,1737,2707,2477,2485,80,2459,1631,2492,1971,2323,2416

test suite385
bestAPFD:0.936351
bestSuite:2495,2550,1728,2121,2496,592,2085,2530,2699,1972,2366,1809,46

test suite386
bestAPFD:0.937684
bestSuite:147,192,1729,2459,2697,2375,2500,1934,2539,1680,2378,803

test suite387
bestAPFD:0.935841
bestSuite:2517,2539,759,1542,108,2692,1729,2454,1868,2482

test suite388
bestAPFD:0.934735
bestSuite:1191,2505,2509,1405,2540,1728,174,1660,1254,2700,399,1820

test suite389
bestAPFD:0.929646
bestSuite:2705,2575,2406,2528,1578,1716,1036,1586,2514,33

test suite390
bestAPFD:0.941372
bestSuite:1728,2400,1631,2620,1759,364,2537,2462,2705,1810,2521,1440

test suite391
bestAPFD:0.927360
bestSuite:1569,2509,1963,1236,2702,1131,1729,2523,2491,2662,1546,2138

test suite392
bestAPFD:0.939897
bestSuite:2676,2544,1663,1606,336,1730,2502,968,2693,2445,2492,1576

test suite393
bestAPFD:0.933186
bestSuite:2335,2539,2520,2504,1726,2688,2651,2392,2442,1595

test suite394
bestAPFD:0.944322
bestSuite:2392,2546,2692,2315,1726,119,1530,299,1577,1793,2530,2138

test suite395
bestAPFD:0.945201
bestSuite:2384,275,633,1730,2707,1559,1396,1522,2535,1443,2439,2523,1971

test suite396
bestAPFD:0.928863
bestSuite:2496,2636,1680,2502,2696,348,377,2404,2551,1128,1859,1716,1832

test suite397
bestAPFD:0.930678
bestSuite:2681,1794,1573,2568,630,2536,2547,2231,189

test suite398
bestAPFD:0.933628
bestSuite:2530,1307,599,289,1643,1728,2475,2699,2529,1403,2431

test suite399
bestAPFD:0.942478
bestSuite:2516,8,2538,2568,1660,2693,2459,2220,303,2556,2430

test suite400
bestAPFD:0.920907
bestSuite:2704,114,2534,2533,2458,662,1730,1575

test suite401
bestAPFD:0.934071
bestSuite:1582,2487,737,177,1579,2424,2454,2486,2692,1732

test suite402
bestAPFD:0.937684
bestSuite:2122,2407,2662,2060,2392,1720,1631,1404,2427,2485,1401,2696

test suite403
bestAPFD:0.943282
bestSuite:2395,1384,2525,1522,1726,1503,2491,2694,1570,283,1934

test suite404
bestAPFD:0.948604
bestSuite:1570,2682,2500,2601,1728,2434,1574,2551,1825,2539,2395,710,827

test suite405
bestAPFD:0.941673
bestSuite:1447,2515,2568,2455,2557,2460,2394,1608,1805,2702,1582

test suite406
bestAPFD:0.929695
bestSuite:2437,2530,1726,2560,2694,2449,119,2544,2517

test suite407
bestAPFD:0.938393
bestSuite:2385,223,2480,2627,1771,1728,2540,332,2311,2684,2547,1611,2486

test suite408
bestAPFD:0.948109
bestSuite:1568,2695,1643,2473,2516,1729,1404,2587,2636,902,2489

test suite409
bestAPFD:0.942035
bestSuite:1832,1568,2619,2455,1516,2415,2708,277,1728,2533

test suite410
bestAPFD:0.926991
bestSuite:920,2691,1670,1716,2491,2679,2513,772,2395,1404

test suite411
bestAPFD:0.935595
bestSuite:140,2472,828,1557,2550,1565,2429,2702,1728

test suite412
bestAPFD:0.942109
bestSuite:1542,2274,2525,2538,1728,717,1110,1579,2708,21,2367,2446

test suite413
bestAPFD:0.944322
bestSuite:2378,579,1563,2454,589,26,1329,2535,2508,2689,1737,1853

test suite414
bestAPFD:0.928801
bestSuite:2408,2513,1584,2544,1863,1729,102,2683,1609,2494,2560

test suite415
bestAPFD:0.935595
bestSuite:885,2384,2689,2466,1880,2500,2521,2502,1729

test suite416
bestAPFD:0.936726
bestSuite:1716,2494,2502,2689,1570,2218,660,2373,13,2526

test suite417
bestAPFD:0.945696
bestSuite:824,2707,227,1557,1563,1505,1729,2459,2477,2582,900

test suite418
bestAPFD:0.930531
bestSuite:2694,1564,2407,2532,2584,2450,2531,2456,1716,963

test suite419
bestAPFD:0.936947
bestSuite:1403,1997,2583,181,1728,521,2397,2704,270,2518,2533,1968

test suite420
bestAPFD:0.942035
bestSuite:1572,1557,1737,2694,1870,2427,2531,2526,10,2046

test suite421
bestAPFD:0.940634
bestSuite:2482,288,1721,1720,1799,132,2516,2465,2201,2701,2553,1569

test suite422
bestAPFD:0.943839
bestSuite:1531,2591,2688,2496,254,2355,1324,1406,2482,283,2516,2486,1730

test suite423
bestAPFD:0.916912
bestSuite:1732,2404,2092,2681,534,2533,2495,289,2455

test suite424
bestAPFD:0.926745
bestSuite:1563,1730,1363,2477,2377,2530,2684,2383,2455

test suite425
bestAPFD:0.947271
bestSuite:903,2458,2028,1912,2509,1716,130,2513,2681,1558,621,1643

test suite426
bestAPFD:0.940064
bestSuite:2637,2529,2698,2445,1720,2456,2489,1560,612,2448,243

test suite427
bestAPFD:0.928801
bestSuite:1190,375,2522,2705,2510,1729,282,2397,2438,2538,643

test suite428
bestAPFD:0.931047
bestSuite:2531,2452,274,1849,1666,882,1720,1007,2412,2490,395,2695

test suite429
bestAPFD:0.930410
bestSuite:1565,2501,2437,143,1208,2475,2483,2706,2237,1732,2549

test suite430
bestAPFD:0.937684
bestSuite:2078,1313,2693,2408,1728,2544,1644,2368,1567,1805,2624,2485

test suite431
bestAPFD:0.940265
bestSuite:1744,1857,2457,1572,2514,1737,84,2462,1051,2681

test suite432
bestAPFD:0.944322
bestSuite:2540,2478,2509,2547,1322,152,2693,2265,10,2568,2583,1518

test suite433
bestAPFD:0.933186
bestSuite:2066,1315,2465,1569,1728,167,2514,1007,2520,2695

test suite434
bestAPFD:0.931215
bestSuite:1730,2575,2452,7,2485,1583,2479,2685,2395,1879,698

test suite435
bestAPFD:0.928761
bestSuite:2649,864,1402,1850,1716,2692,2552,219,1561,2505

test suite436
bestAPFD:0.937651
bestSuite:823,1007,1585,2476,1576,1823,2456,2514,169,1729,2687

test suite437
bestAPFD:0.940634
bestSuite:1670,638,1888,2538,2552,1847,2531,2696,1720,2510,156,1786

test suite438
bestAPFD:0.938496
bestSuite:2588,1743,2647,2483,1542,2453,1720,1295,2533,2695

test suite439
bestAPFD:0.948109
bestSuite:2660,967,1849,1611,1732,2690,1557,2385,2494,2655,2525

test suite440
bestAPFD:0.938422
bestSuite:1560,2587,2545,1683,51,2536,1494,999,2682,1762,2515,1726

test suite441
bestAPFD:0.936846
bestSuite:2485,1851,239,2696,2472,794,2400,2546,1531,1729,454

test suite442
bestAPFD:0.930531
bestSuite:691,2477,2697,512,1730,1894,1404,2460,2395,1808

test suite443
bestAPFD:0.936209
bestSuite:2697,1145,2552,708,2481,2368,1579,1778,1616,1730,134,2465

test suite444
bestAPFD:0.944322
bestSuite:2408,2703,400,1156,1291,1850,1402,2544,340,2540,1683,1726

test suite445
bestAPFD:0.928712
bestSuite:1720,172,2483,2688,2538,2403,2456,976,2591

test suite446
bestAPFD:0.927192
bestSuite:1680,1728,2452,2498,1798,1567,1216,253,1439,2703,2505

test suite447
bestAPFD:0.930410
bestSuite:2487,1863,972,2485,1583,190,1030,2394,2708,1732,2549

test suite448
bestAPFD:0.944087
bestSuite:2488,1558,1478,871,2400,1730,2502,278,2547,2694,1416

test suite449
bestAPFD:0.939159
bestSuite:1232,2406,2690,215,2528,1644,1729,2493,2514,1062,2539,192

test suite450
bestAPFD:0.934735
bestSuite:2478,2394,2509,2595,2536,2687,750,1803,197,2525,758,1729

test suite451
bestAPFD:0.937611
bestSuite:2442,1563,924,1732,2494,2681,2476,2456,1499,2395

test suite452
bestAPFD:0.932019
bestSuite:2462,24,1737,966,1862,2517,2703,2525,2533,54,2384

test suite453
bestAPFD:0.941150
bestSuite:2476,1573,2392,1586,1078,2705,1730,88,2577,2545

test suite454
bestAPFD:0.917257
bestSuite:1720,1416,2681,1386,2513,1,1602,2455,1808,2505

test suite455
bestAPFD:0.944891
bestSuite:1728,2520,1581,2482,1807,775,2683,2385,1570,31,2368

test suite456
bestAPFD:0.929646
bestSuite:1616,1728,265,1960,2454,1853,2477,2681,2478,1560

test suite457
bestAPFD:0.936042
bestSuite:2473,1720,2688,1577,2517,2438,2632,1283,2407,166,2521

test suite458
bestAPFD:0.928801
bestSuite:2486,2553,230,2515,1301,2373,2403,2706,1732,1487,744

test suite459
bestAPFD:0.938455
bestSuite:1586,2486,1716,1585,1830,1682,2329,44,2709,2522,2515

test suite460
bestAPFD:0.938422
bestSuite:1726,2685,464,2487,2546,2250,2532,2507,10,1401,1847,2512

test suite461
bestAPFD:0.933628
bestSuite:1569,1269,1807,2707,1406,1729,2518,1578,2385,130,2515

test suite462
bestAPFD:0.925221
bestSuite:2539,2250,1720,1577,1500,2498,2485,2695,2523,751

test suite463
bestAPFD:0.939260
bestSuite:1522,2682,342,2522,1937,825,2494,2540,1560,1737,253

test suite464
bestAPFD:0.940869
bestSuite:620,2462,134,505,1579,1729,2695,2540,1554,2459,1864

test suite465
bestAPFD:0.933186
bestSuite:2483,2528,240,2478,2568,2703,1402,2436,2408,1276

test suite466
bestAPFD:0.925583
bestSuite:2698,1560,1411,682,1406,746,1771,2531,168,1682,1737

test suite467
bestAPFD:0.937651
bestSuite:2483,1720,2486,2692,928,204,1401,2514,2551,1200,568

test suite468
bestAPFD:0.945696
bestSuite:803,2577,2459,2460,2495,2080,1729,2378,2703,1562,290

test suite469
bestAPFD:0.913963
bestSuite:808,2544,2438,2143,1680,2689,2502,2374,1729

test suite470
bestAPFD:0.926438
bestSuite:2709,2514,262,1716,1584,2377,2460,1403

test suite471
bestAPFD:0.937684
bestSuite:1583,2708,2538,1600,2679,2400,1690,2528,2568,52,1966,2514

test suite472
bestAPFD:0.931586
bestSuite:372,1716,2512,2003,2700,935,80,1522,1255,2539,1832,2552,2400

test suite473
bestAPFD:0.949747
bestSuite:1213,1545,2374,1683,1571,874,2226,14,1730,2189,2699,2545,2483,2406

test suite474
bestAPFD:0.927876
bestSuite:2568,2479,1061,1403,2392,1546,2585,156,2478,2693

test suite475
bestAPFD:0.923795
bestSuite:299,2568,2528,2633,2145,2496,2494,2685,2478

test suite476
bestAPFD:0.918879
bestSuite:1403,2624,482,2503,1716,2587,2538,2684,1595

test suite477
bestAPFD:0.915929
bestSuite:1569,2697,937,1720,2285,2498,9,1403,2479

test suite478
bestAPFD:0.916482
bestSuite:2518,179,1822,2681,2523,2538,1729,2462

test suite479
bestAPFD:0.944520
bestSuite:809,2410,210,1731,167,1576,1592,2537,2682,2437,1716,2489,1403

test suite480
bestAPFD:0.938496
bestSuite:1557,2408,2477,728,104,2452,2702,1737,1542,1995

test suite481
bestAPFD:0.934071
bestSuite:2590,2695,1974,2448,2505,243,2546,2478,1720,575

test suite482
bestAPFD:0.948009
bestSuite:2441,2477,1577,530,2616,2374,235,1197,2702,1404,1729,2485

test suite483
bestAPFD:0.927729
bestSuite:151,2677,2568,1628,2527,2539,2066,2702,1566

test suite484
bestAPFD:0.940064
bestSuite:123,2476,2683,2544,1559,1769,1716,1664,1052,2477,2378

test suite485
bestAPFD:0.943159
bestSuite:547,2461,1866,2535,1122,2511,2524,2687,1106,2380,1627,369,1729

test suite486
bestAPFD:0.939159
bestSuite:1364,1578,1794,1283,71,1576,741,1729,2683,2527,2517,2498

test suite487
bestAPFD:0.930410
bestSuite:2412,655,1798,2478,2131,1585,1405,2704,2494,1716,149

test suite488
bestAPFD:0.952276
bestSuite:2378,600,2511,61,2025,1661,2707,111,1557,1728,2523,1835,763,2477

test suite489
bestAPFD:0.933628
bestSuite:2312,440,1542,2513,1557,2455,2708,441,1730

test suite490
bestAPFD:0.939159
bestSuite:495,84,2553,1861,1595,320,2535,2700,1720,2514,385,841

test suite491
bestAPFD:0.945882
bestSuite:2703,1646,2446,782,2394,988,1566,1730,2494,2493,2537,2548,111

test suite492
bestAPFD:0.944087
bestSuite:1644,958,1568,2523,2516,2489,805,2513,2705,1794,1726

test suite493
bestAPFD:0.939260
bestSuite:2615,2498,1401,2491,2689,2548,2380,1726,2653,2429,1873

test suite494
bestAPFD:0.940265
bestSuite:2502,1651,2380,336,301,281,2581,2490,2685,2368,1405,1732,1116,1123

test suite495
bestAPFD:0.940869
bestSuite:1806,2575,2568,2707,2532,1575,2487,990,2496,2455,718

test suite496
bestAPFD:0.926991
bestSuite:780,2529,2551,183,947,1729,2590,2507,115,2697

test suite497
bestAPFD:0.931785
bestSuite:2690,1670,995,230,1495,1862,2530,2481,1729,2529,1264,2528

test suite498
bestAPFD:0.935237
bestSuite:2591,2614,2502,2397,2344,2695,1730,2495,246,2408,2453

test suite499
bestAPFD:0.940634
bestSuite:1043,2691,2535,173,2598,1039,1580,1401,2522,884,1729,2233

test suite500
bestAPFD:0.943805
bestSuite:156,1728,1666,2685,2494,2415,1403,1644,2461,611

