test suite1
bestAPFD:0.928258
bestSuite:1570,2514,1720,2374,2704,2552,992,2208,38,201,1514

test suite2
bestAPFD:0.930449
bestSuite:2463,2479,2524,2460,1818,1720,2688,869,1563,446,1722

test suite3
bestAPFD:0.919496
bestSuite:245,1566,2538,1732,2237,2694,1404,1546,1517,2051,2531

test suite4
bestAPFD:0.934237
bestSuite:1576,2498,1728,2528,2703,1830,1595,2385,2406,11,1175,1257

test suite5
bestAPFD:0.916265
bestSuite:1576,1292,2535,1716,2397,2524,2697,3,2514,1976

test suite6
bestAPFD:0.923193
bestSuite:262,2448,2494,2406,2521,2704,1580,1732,2438,161,795,933

test suite7
bestAPFD:0.889759
bestSuite:1737,2476,1683,1822,2708,2392,2412,2605,1387,2553

test suite8
bestAPFD:0.912651
bestSuite:2159,2540,2478,1585,1720,2527,2701,563,179,2537

test suite9
bestAPFD:0.933735
bestSuite:1570,2568,2538,2435,2547,2683,701,2377,458,181,1247

test suite10
bestAPFD:0.914993
bestSuite:1557,2587,2536,2710,1716,1595,2523,1622,218

test suite11
bestAPFD:0.932229
bestSuite:1401,1732,2540,2710,2547,2638,2375,1830,1279,1631,673,2262

test suite12
bestAPFD:0.912924
bestSuite:2556,2513,2407,1683,2704,1728,2458,2515,82,2383,2191

test suite13
bestAPFD:0.923193
bestSuite:1726,1565,2489,2710,2501,2549,2395,1781,1160,2490,239,1897

test suite14
bestAPFD:0.929101
bestSuite:2221,2489,2509,2548,2406,2683,1716,2182,1847,2377,111,2492,1487

test suite15
bestAPFD:0.932808
bestSuite:154,2479,1732,1769,2462,2702,2553,2492,1200,2415,1766,1354,1536

test suite16
bestAPFD:0.906627
bestSuite:2073,2536,2481,2682,1616,2568,71,1403,1560,849

test suite17
bestAPFD:0.905422
bestSuite:218,1578,2494,2459,2395,1730,2485,1168,2066,2706

test suite18
bestAPFD:0.933233
bestSuite:1579,2489,1737,2462,2551,1663,2703,863,1780,2380,184,2034

test suite19
bestAPFD:0.920591
bestSuite:1579,2502,1585,2453,2022,2699,2604,1830,2063,499,1737

test suite20
bestAPFD:0.898686
bestSuite:933,2533,1564,2427,1730,2544,464,1683,1377,2412,2708

test suite21
bestAPFD:0.926205
bestSuite:2460,1329,2502,2684,1728,1406,2415,1644,1833,2448,2436,111

test suite22
bestAPFD:0.914020
bestSuite:2159,2530,1728,1531,2694,2521,2537,2492,787,2045,269

test suite23
bestAPFD:0.892319
bestSuite:2617,1569,2699,2502,2459,1716,2416,1450

test suite24
bestAPFD:0.933233
bestSuite:1561,2513,2462,1726,2704,2458,103,2467,2430,379,700,869

test suite25
bestAPFD:0.910141
bestSuite:2568,1522,140,2529,2412,2696,1810,2501,2527,939,1524,1467

test suite26
bestAPFD:0.940189
bestSuite:610,2496,2502,1726,2549,2687,2369,2516,223,1486,929,449,445,2447

test suite27
bestAPFD:0.917306
bestSuite:2301,2535,2462,65,2545,1737,2686,1864,2495,2403,2519

test suite28
bestAPFD:0.917053
bestSuite:84,1661,1730,2476,2695,2584,2392,2378,2148,2458,1141,354,2464

test suite29
bestAPFD:0.946285
bestSuite:1572,2502,2528,1730,2700,2403,2482,831,28,13,1637,1278

test suite30
bestAPFD:0.918675
bestSuite:2448,2514,2400,2406,2553,2698,1737,1849,1751,970

test suite31
bestAPFD:0.920181
bestSuite:620,2535,2477,2456,1726,1611,2685,143,2225,942,1771,350

test suite32
bestAPFD:0.927209
bestSuite:1563,2476,2458,2412,2392,2704,2428,1132,1729,11,2490,1196

test suite33
bestAPFD:0.918401
bestSuite:1575,1720,2529,107,2687,2445,2400,2458,2578,222,604

test suite34
bestAPFD:0.900268
bestSuite:1583,2502,1726,2692,2483,1242,2549,151,2436

test suite35
bestAPFD:0.910734
bestSuite:1581,1062,2540,1732,2552,1807,2693,127,1871,2499,202

test suite36
bestAPFD:0.907448
bestSuite:232,1611,2568,2515,2544,2699,2501,2377,1032,2576,904

test suite37
bestAPFD:0.945783
bestSuite:2461,2517,1729,2455,2693,1670,2507,1485,2639,842,2431,1567,1297

test suite38
bestAPFD:0.920181
bestSuite:2073,2412,2514,2485,1730,1661,2546,2699,216,1748,776,534

test suite39
bestAPFD:0.920591
bestSuite:2449,2568,2486,2685,2407,2521,1811,2368,614,2340,113

test suite40
bestAPFD:0.920760
bestSuite:2221,2538,2504,2706,2397,2524,1716,1817,72,346,535,2373,1882

test suite41
bestAPFD:0.929217
bestSuite:2620,2460,2477,2457,2415,1730,2694,2506,2194,1798,1522,1671

test suite42
bestAPFD:0.939257
bestSuite:1568,1809,2539,2550,2708,1716,1477,2473,2218,1556,2420,1221

test suite43
bestAPFD:0.907831
bestSuite:52,2517,2509,1726,2694,2406,2458,1538,2605,2582

test suite44
bestAPFD:0.925201
bestSuite:2460,2208,2505,1729,1404,2684,2260,2395,1336,1866,1724,398

test suite45
bestAPFD:0.911829
bestSuite:2227,2507,2489,2524,1716,1602,2708,2478,1027,1803,208

test suite46
bestAPFD:0.896252
bestSuite:1582,1720,2529,1359,2380,1810,2458,2702,256

test suite47
bestAPFD:0.940189
bestSuite:1558,2460,2385,1720,2690,2458,2375,2584,2481,241,91,902,1313,2133

test suite48
bestAPFD:0.911829
bestSuite:1726,1569,2472,2706,2130,2416,1402,2456,211,2428,199

test suite49
bestAPFD:0.936245
bestSuite:1568,2514,2545,1570,1729,2700,2394,615,2087,2425,2451,286

test suite50
bestAPFD:0.925201
bestSuite:1576,1902,2539,2456,1730,1778,1616,2690,2659,2486,1170,210

test suite51
bestAPFD:0.896988
bestSuite:2568,2496,1800,2523,1981,2626,2695,2462,2375,1272

test suite52
bestAPFD:0.893574
bestSuite:928,2538,2477,1680,1726,2681,19,2546,2412

test suite53
bestAPFD:0.914020
bestSuite:2568,2509,825,2534,2692,2537,2453,2504,1683,2501,54

test suite54
bestAPFD:0.914157
bestSuite:2568,2539,2510,2101,1666,1405,2710,1771,25,1086,1484,1698

test suite55
bestAPFD:0.930723
bestSuite:2461,2489,2695,1728,2547,1580,2476,1985,835,154

test suite56
bestAPFD:0.930723
bestSuite:2461,2498,2407,2703,2526,1732,250,1308,2335,2467

test suite57
bestAPFD:0.930955
bestSuite:2449,971,2485,2494,1732,1406,2412,2683,1407,216,1861,2493,1310

test suite58
bestAPFD:0.920348
bestSuite:1557,2568,2516,1566,2681,2458,505,2633,2309

test suite59
bestAPFD:0.926205
bestSuite:1573,2536,2469,1720,2683,2520,2368,2501,202,1771,800,870

test suite60
bestAPFD:0.916210
bestSuite:178,1560,2537,2698,1729,1404,1631,1887,1489,1269,2478

test suite61
bestAPFD:0.946285
bestSuite:1572,2502,2700,1732,1403,2446,998,404,294,500,1885,2463

test suite62
bestAPFD:0.928313
bestSuite:1570,2535,2522,2699,1730,677,1663,2412,1823,258

test suite63
bestAPFD:0.935926
bestSuite:1558,2540,1730,2708,1771,2454,123,1070,2407,929,1217

test suite64
bestAPFD:0.890897
bestSuite:2583,2536,123,1730,2488,2550,2451,2690,1147

test suite65
bestAPFD:0.925394
bestSuite:2668,2516,2339,2501,1737,2545,1663,2693,2506,1615,1857,2495,2277

test suite66
bestAPFD:0.895331
bestSuite:2448,1726,2536,2438,2528,1393,2647,2695

test suite67
bestAPFD:0.910977
bestSuite:91,2535,1569,1716,2551,2698,1580,1762,2591

test suite68
bestAPFD:0.941910
bestSuite:1561,2066,2368,1666,2568,2685,2546,1032,934,283,2476,2481,441,1053

test suite69
bestAPFD:0.913855
bestSuite:178,2538,2502,1585,1405,1737,2699,1781,624,534

test suite70
bestAPFD:0.916165
bestSuite:2424,1585,2501,2394,2527,159,2392,2690,1737,1567,883,592

test suite71
bestAPFD:0.911829
bestSuite:258,2498,2408,1737,2553,2701,1780,1670,832,698,2476

test suite72
bestAPFD:0.905257
bestSuite:184,2539,1729,2523,921,2681,2482,2410,1847,2391,2078

test suite73
bestAPFD:0.919177
bestSuite:1015,2516,80,1404,2532,1732,2404,2700,1585,714,2581,2519

test suite74
bestAPFD:0.931881
bestSuite:245,2505,2486,1732,2553,1514,2682,2517,1818,995,1101,1001,1479

test suite75
bestAPFD:0.930723
bestSuite:2461,2514,2706,1580,2457,1737,1794,1651,134,1297

test suite76
bestAPFD:0.900268
bestSuite:107,2404,2477,2478,1729,2691,1546,1888,2544

test suite77
bestAPFD:0.893574
bestSuite:1571,2161,1737,2530,2683,2545,2368,2299,159

test suite78
bestAPFD:0.937021
bestSuite:1572,2516,2523,2476,1730,2704,1774,2563,107,2395,863

test suite79
bestAPFD:0.919009
bestSuite:1570,1728,2495,2415,2700,2545,168,1663,1809

test suite80
bestAPFD:0.928313
bestSuite:1558,2513,2693,1730,2547,948,2465,290,752,2590

test suite81
bestAPFD:0.923494
bestSuite:1558,1557,2706,1406,2434,2529,1730,1898,157,2273

test suite82
bestAPFD:0.922117
bestSuite:1583,2501,1912,2454,149,2707,2491,1732,2625,2415,666,475,2482,847

test suite83
bestAPFD:0.901355
bestSuite:2448,2476,2505,1726,2697,2523,730,1192

test suite84
bestAPFD:0.915115
bestSuite:1574,2652,2529,1732,2694,2521,1793,189,2301,838,2378

test suite85
bestAPFD:0.886881
bestSuite:753,2533,1729,2477,228,2546,2705,1595,532

test suite86
bestAPFD:0.897590
bestSuite:2620,2539,2568,1853,2528,1680,2508,2700,479

test suite87
bestAPFD:0.937021
bestSuite:2461,2515,2549,1726,2496,2690,265,282,957,1912,2493

test suite88
bestAPFD:0.942269
bestSuite:2461,2533,2432,2683,1729,2522,2668,2490,1576,1475,2448,1757

test suite89
bestAPFD:0.913855
bestSuite:100,1575,2533,2553,2707,2577,1729,1230,1874,760

test suite90
bestAPFD:0.924699
bestSuite:2465,2513,1729,2520,2696,2450,1740,1905,1832,2497

test suite91
bestAPFD:0.900876
bestSuite:253,2537,1663,1728,2459,2704,2434,2412,2506,231,2007

test suite92
bestAPFD:0.940189
bestSuite:1575,1728,2540,2550,195,2695,1818,1082,1661,2056,2398,1383,888,2532

test suite93
bestAPFD:0.935926
bestSuite:1572,2491,2501,1730,2690,800,2520,710,286,1580,1656

test suite94
bestAPFD:0.921185
bestSuite:1369,1574,2517,2702,1560,2549,1720,2485,1534,228,1670,2469

test suite95
bestAPFD:0.935589
bestSuite:1568,2532,2374,1720,2689,2522,2368,2435,848,813,2450,281,583

test suite96
bestAPFD:0.886881
bestSuite:16,2400,2473,2457,1822,2531,1726,2689,1546

test suite97
bestAPFD:0.934337
bestSuite:1572,2513,1726,2523,103,2689,773,1504,387,1798

test suite98
bestAPFD:0.907831
bestSuite:126,2538,1732,2551,2506,2684,2410,2440,2077,2537

test suite99
bestAPFD:0.925394
bestSuite:1571,1720,609,2531,2523,2574,2709,2374,212,1482,1376,1423,2053

test suite100
bestAPFD:0.881777
bestSuite:2468,2533,1730,2702,1595,1560,2552,24

test suite101
bestAPFD:0.900268
bestSuite:1402,2538,1726,1864,2709,2478,2457,582,1922

test suite102
bestAPFD:0.933133
bestSuite:2461,2685,2516,1729,2522,397,1359,208,1574,1537

test suite103
bestAPFD:0.926205
bestSuite:1561,835,1862,2368,2693,1728,1403,1595,1579,1523,181,1958

test suite104
bestAPFD:0.922189
bestSuite:2588,2462,2378,117,2375,2689,2521,1716,1683,2202,1450,1174

test suite105
bestAPFD:0.925201
bestSuite:58,2479,2462,2698,2237,2548,1729,972,2496,2598,1564,1517

test suite106
bestAPFD:0.932229
bestSuite:1566,1726,2505,2530,2457,2691,2441,299,1586,1345,2400,2330

test suite107
bestAPFD:0.937021
bestSuite:1572,2540,2457,2568,2145,2686,260,411,669,2477,783

test suite108
bestAPFD:0.938253
bestSuite:1570,2568,2538,2547,2709,72,2577,2490,1187,1401,1282,2052

test suite109
bestAPFD:0.877259
bestSuite:1726,2535,1682,2453,2488,2597,2692,1169

test suite110
bestAPFD:0.940189
bestSuite:1568,2368,1769,2553,2485,2696,2400,1720,2488,1708,2038,2047,252,2484

test suite111
bestAPFD:0.918675
bestSuite:223,2533,2582,2481,1716,1531,1366,2550,2682,2505,1338,938,2374,367

test suite112
bestAPFD:0.935542
bestSuite:1572,2502,1720,2694,2522,1288,2095,2477,2451,1772

test suite113
bestAPFD:0.887801
bestSuite:212,2516,1726,2709,2498,1670,2066,2524

test suite114
bestAPFD:0.930522
bestSuite:240,2404,1737,2478,2525,2375,777,1863,2695,1522,277,565,1922,2464,442

test suite115
bestAPFD:0.923877
bestSuite:1579,2460,2568,2453,2699,2438,2529,13,1670,2373,909

test suite116
bestAPFD:0.928313
bestSuite:1568,2472,1557,2685,2523,1720,2048,2586,205,254

test suite117
bestAPFD:0.915060
bestSuite:1574,121,2505,1561,2688,2525,2070,1716,580,1830

test suite118
bestAPFD:0.906353
bestSuite:1203,2538,1720,2701,2609,2518,1794,1554,2545,1512,573

test suite119
bestAPFD:0.923877
bestSuite:1561,154,2515,1726,1644,2553,1579,2684,2016,1231,2432

test suite120
bestAPFD:0.938369
bestSuite:1562,2487,1737,2525,2687,2395,44,2478,2594,2323,1830,1962,2

test suite121
bestAPFD:0.936245
bestSuite:1557,2515,2693,2522,1573,2541,1716,2377,1971,1824,1316,2582

test suite122
bestAPFD:0.923838
bestSuite:265,2540,1569,2545,1182,1807,2694,1783,2483,1516,1500,2412,1567,1729

test suite123
bestAPFD:0.945353
bestSuite:1557,1726,2682,2453,2368,2466,2590,862,717,1502,2506,710,236,2302

test suite124
bestAPFD:0.923494
bestSuite:1579,2498,1720,1405,2696,2460,12,2654,1810,263

test suite125
bestAPFD:0.922782
bestSuite:1574,1726,2538,2694,2544,1329,245,1781,2368,1519,2378

test suite126
bestAPFD:0.923025
bestSuite:2461,2491,2394,2455,1728,2688,807,1275,385

test suite127
bestAPFD:0.916265
bestSuite:1575,1737,2539,1864,2526,2689,256,567,1710,1660

test suite128
bestAPFD:0.919496
bestSuite:180,2516,2696,1566,2525,2537,2076,2066,2062,1473,1716

test suite129
bestAPFD:0.932229
bestSuite:2445,1402,2533,2547,1729,2697,2392,2309,1826,2385,2266,143

test suite130
bestAPFD:0.907448
bestSuite:129,2479,2526,2576,1737,2001,2501,2701,1631,734,2363

test suite131
bestAPFD:0.935241
bestSuite:1557,1536,1729,2582,2702,2458,2392,2638,2511,2394,1596,1356

test suite132
bestAPFD:0.916265
bestSuite:2448,2536,1720,2476,1804,2694,2522,1157,2675,712

test suite133
bestAPFD:0.910734
bestSuite:232,2483,2486,2435,1720,2544,2681,2510,237,1362,1680

test suite134
bestAPFD:0.918401
bestSuite:1586,2573,1726,2515,1569,2708,2453,27,2512,2561,1661

test suite135
bestAPFD:0.929518
bestSuite:1568,2502,2695,2528,2408,1730,2655,2299,378,499

test suite136
bestAPFD:0.918906
bestSuite:8,1602,2488,1863,2537,2374,2548,1729,2703,2288,1050,722,9

test suite137
bestAPFD:0.930449
bestSuite:1557,2517,1716,1288,2404,2685,1403,2449,2490,1929,2655

test suite138
bestAPFD:0.916210
bestSuite:2449,2580,2486,1580,2526,2682,1730,1780,66,1722,2375

test suite139
bestAPFD:0.925904
bestSuite:1559,2513,1560,2457,2701,1716,2406,1203,1866,62

test suite140
bestAPFD:0.883283
bestSuite:2137,2509,2514,1716,2455,133,2692,2502

test suite141
bestAPFD:0.940307
bestSuite:2463,2535,2568,2691,2452,474,2427,2397,1020,193,2408

test suite142
bestAPFD:0.915115
bestSuite:34,2404,2485,1737,2590,2375,2457,2686,1581,1869,2497

test suite143
bestAPFD:0.930221
bestSuite:1574,1233,2539,2686,2434,1732,2523,300,1137,2407,2609,408

test suite144
bestAPFD:0.933735
bestSuite:1571,2568,1850,2540,2688,469,2525,2485,13,2517,23,2594,1588

test suite145
bestAPFD:0.915115
bestSuite:2073,2483,1728,294,2550,2501,2704,1531,2384,319,2329

test suite146
bestAPFD:0.911145
bestSuite:203,1602,1720,2501,2686,1819,2548,2378,2531,1000,440,1711

test suite147
bestAPFD:0.918401
bestSuite:1575,2368,2478,1726,2698,1580,2453,2117,463,288,1254

test suite148
bestAPFD:0.919496
bestSuite:2617,2516,1730,1405,2682,2537,1058,2415,2066,2292,1643

test suite149
bestAPFD:0.940261
bestSuite:1557,2568,2515,1536,2687,1403,2473,2662,2585,360,1745,202

test suite150
bestAPFD:0.927163
bestSuite:1563,2540,2554,2456,2709,1726,2580,1538,2476,2404,1284

test suite151
bestAPFD:0.939296
bestSuite:1561,1737,2513,2459,2698,1583,1804,1630,277,2486,2481,804,614

test suite152
bestAPFD:0.924197
bestSuite:2568,2395,2513,2490,2681,1631,2457,290,2476,2643,529,2236

test suite153
bestAPFD:0.931225
bestSuite:1573,1920,2539,2706,2452,1780,1720,1509,2394,1360,1455,1512

test suite154
bestAPFD:0.905622
bestSuite:1401,1732,2442,2531,2454,2706,2404,1618,2642

test suite155
bestAPFD:0.923877
bestSuite:2237,2509,2498,2525,2685,1732,1583,58,1882,903,2510

test suite156
bestAPFD:0.935926
bestSuite:2461,2538,2236,2547,2709,2375,1732,2355,2090,1563,1607

test suite157
bestAPFD:0.918906
bestSuite:2667,2479,1716,2486,2698,2450,1405,2087,1835,2375,1825,2093,1220

test suite158
bestAPFD:0.932444
bestSuite:1577,2534,2291,2374,2538,1730,2708,2528,2368,1169,1175,1992,1661,413

test suite159
bestAPFD:0.927163
bestSuite:1559,2517,2478,2547,2683,2373,1737,2620,691,1804,2128

test suite160
bestAPFD:0.922782
bestSuite:1575,2538,2495,1737,2550,2611,2704,2317,2342,1961,411

test suite161
bestAPFD:0.924197
bestSuite:1729,2498,2395,2547,2695,1571,1236,2392,1799,419,851,1039

test suite162
bestAPFD:0.915060
bestSuite:18,2535,2568,1670,2520,2504,2686,1853,2251,2023

test suite163
bestAPFD:0.949656
bestSuite:1568,2502,2452,1726,2394,2710,228,2647,2436,1515,2406,382,1268,1784

test suite164
bestAPFD:0.947390
bestSuite:1570,1730,2515,2696,2415,1263,1405,1563,654,138,366,2591,732,2467,2349

test suite165
bestAPFD:0.929354
bestSuite:1557,1559,1716,2527,2392,1811,401,2708,2475,1905,154

test suite166
bestAPFD:0.929354
bestSuite:1558,2507,2487,1729,2452,2478,2681,2418,2343,2332,495

test suite167
bestAPFD:0.904162
bestSuite:1188,2540,2494,2682,1530,1728,2552,2532,837,2663,1099

test suite168
bestAPFD:0.910241
bestSuite:284,2513,2539,2548,1720,2701,1631,1341,422,1738

test suite169
bestAPFD:0.918675
bestSuite:1582,1737,2502,2456,2538,2683,2531,2668,2560,1793

test suite170
bestAPFD:0.930449
bestSuite:1568,2537,2710,1729,2522,2441,2384,683,163,2464,1422

test suite171
bestAPFD:0.942269
bestSuite:2461,2514,1716,1576,2455,2693,1693,2480,2576,2622,1974,1583

test suite172
bestAPFD:0.919880
bestSuite:2460,2568,2516,2701,1832,2526,19,715,1289,1001

test suite173
bestAPFD:0.913855
bestSuite:2074,2496,2537,2701,1729,2521,87,1965,191,2532

test suite174
bestAPFD:0.941265
bestSuite:1584,2505,2548,1737,2686,2498,1094,86,599,1309,564,2583

test suite175
bestAPFD:0.906353
bestSuite:1710,2496,2486,2707,2515,1732,2428,265,2384,1112,2526

test suite176
bestAPFD:0.938369
bestSuite:2620,2535,1574,1729,2682,2458,1628,2256,1606,1798,2395,2465,1071

test suite177
bestAPFD:0.918173
bestSuite:2441,2536,2500,2525,2690,2568,2451,980,2392,1493,1160,2607

test suite178
bestAPFD:0.932444
bestSuite:2590,2540,2485,2524,2706,1720,1530,2394,200,2011,1108,1486,2490,1636

test suite179
bestAPFD:0.913855
bestSuite:1402,1891,2536,1728,2544,2689,2436,106,2392,2395

test suite180
bestAPFD:0.912149
bestSuite:203,2539,2511,2429,1108,2708,1720,2545,2451,2400,317,1983

test suite181
bestAPFD:0.946285
bestSuite:1572,2502,1716,2690,2524,1863,283,1665,966,1599,898,1571

test suite182
bestAPFD:0.923877
bestSuite:1402,2540,2440,2694,1737,2547,2328,236,2531,2532,375

test suite183
bestAPFD:0.939257
bestSuite:1557,2472,2708,2568,2466,2525,1022,1822,265,1537,1542,2406

test suite184
bestAPFD:0.937021
bestSuite:1570,1737,2516,2693,2528,1830,2407,216,1582,271,570

test suite185
bestAPFD:0.918173
bestSuite:1576,1830,2539,1611,2456,1728,102,2702,2090,2384,2368,786

test suite186
bestAPFD:0.913153
bestSuite:134,2509,2531,912,1823,1405,2406,371,2682,99,866,1716

test suite187
bestAPFD:0.918401
bestSuite:2446,2502,1643,1728,2523,2699,2373,179,847,2207,663

test suite188
bestAPFD:0.911446
bestSuite:1582,2568,2576,2479,2552,2699,2531,2119,2670,2618

test suite189
bestAPFD:0.923877
bestSuite:2448,2505,1309,2522,1716,2462,1595,2709,439,2434,84

test suite190
bestAPFD:0.941149
bestSuite:1558,2514,2407,2708,1406,1732,2476,1774,121,308,1336,1110,1023

test suite191
bestAPFD:0.894578
bestSuite:2662,1644,2374,2537,2508,2709,1857,2457,1729,2274

test suite192
bestAPFD:0.890964
bestSuite:2631,1631,2517,1732,2394,2708,2476,1375,1804,2546

test suite193
bestAPFD:0.929354
bestSuite:1562,2498,1716,2377,1795,2708,2454,2117,516,2678,684

test suite194
bestAPFD:0.922782
bestSuite:1132,2509,2513,1737,2701,197,2452,2486,2103,1446,2585

test suite195
bestAPFD:0.916165
bestSuite:1595,2568,2472,2702,205,2406,2528,2384,1876,444,2518,960

test suite196
bestAPFD:0.945281
bestSuite:2463,2535,1726,2710,1403,2462,2605,1579,1832,102,2504,548

test suite197
bestAPFD:0.927163
bestSuite:215,2496,2498,2686,1726,2521,153,2479,2576,793,675

test suite198
bestAPFD:0.932229
bestSuite:2568,2460,2513,2527,2686,2496,2305,246,2226,378,704,818

test suite199
bestAPFD:0.897590
bestSuite:51,2513,1531,1728,2378,2704,788,2435,2525

test suite200
bestAPFD:0.902945
bestSuite:1563,1726,2537,2457,2491,2709,2407,2078,1771

test suite201
bestAPFD:0.916210
bestSuite:2541,1569,1732,2380,2547,2515,924,2693,2438,2419,2338

test suite202
bestAPFD:0.935241
bestSuite:1570,2446,1730,2700,2454,2394,2392,1760,2510,45,1666,871

test suite203
bestAPFD:0.925394
bestSuite:260,2479,2485,1661,2524,1729,2697,1733,1560,1430,305,2467,1818

test suite204
bestAPFD:0.922782
bestSuite:126,1569,2472,2522,1720,2698,2412,1522,722,1365,1625

test suite205
bestAPFD:0.914020
bestSuite:1559,1730,2368,2521,2638,2400,2406,2702,2446,1104,189

test suite206
bestAPFD:0.915115
bestSuite:603,2460,2412,2537,2701,1406,1817,1730,85,2660,670

test suite207
bestAPFD:0.922189
bestSuite:706,2516,1728,1571,2698,2520,1756,2485,2377,1627,2582,232

test suite208
bestAPFD:0.918401
bestSuite:2446,2513,2408,1728,2691,1660,2458,2004,2464,369,181

test suite209
bestAPFD:0.934662
bestSuite:1562,2536,2692,2546,1929,1830,2518,30,2392,723,1630,1649,1720

test suite210
bestAPFD:0.930449
bestSuite:1557,2495,2703,773,1720,1530,2549,2654,1738,1162,277

test suite211
bestAPFD:0.904162
bestSuite:1729,2535,1697,150,2688,2492,2553,2428,2406,1644,2077

test suite212
bestAPFD:0.921185
bestSuite:2541,1569,2533,1720,1404,2438,1199,2131,2691,1586,1522,192

test suite213
bestAPFD:0.909036
bestSuite:2159,2540,2514,2553,1631,2406,1728,1310,2704,1609

test suite214
bestAPFD:0.922782
bestSuite:1566,2513,1728,2686,2117,2479,2547,1643,142,1814,2278

test suite215
bestAPFD:0.920591
bestSuite:1573,1092,2533,2429,2548,2701,2628,244,1833,1139,1720

test suite216
bestAPFD:0.924467
bestSuite:865,2498,1531,1716,2545,207,2374,2706,1830,348,583,1110,2473

test suite217
bestAPFD:0.912651
bestSuite:2448,2536,2138,2525,1730,2395,2430,845,225,2699

test suite218
bestAPFD:0.921687
bestSuite:2577,2539,1585,1716,71,2551,2689,2451,2368,2330,1873

test suite219
bestAPFD:0.904217
bestSuite:1726,2517,2404,2532,2691,348,2526,1666,30,937

test suite220
bestAPFD:0.918173
bestSuite:1726,2535,965,2454,1536,2485,2701,250,2511,2378,1785,1070

test suite221
bestAPFD:0.901606
bestSuite:2603,2502,2530,2708,1730,2527,2462,1269,2447

test suite222
bestAPFD:0.936245
bestSuite:1558,2494,2501,1729,1560,2548,2693,1832,226,1419,1870,223

test suite223
bestAPFD:0.898929
bestSuite:73,2535,1578,2293,2709,1730,2459,1670,2149

test suite224
bestAPFD:0.911446
bestSuite:1128,2404,2502,1729,2523,2686,265,1804,1968,2395

test suite225
bestAPFD:0.923193
bestSuite:2568,2539,1811,2687,2467,2550,1644,852,535,2394,177,2288

test suite226
bestAPFD:0.943930
bestSuite:1557,2491,2688,1602,1720,1404,655,190,770,2299,1456,90,451

test suite227
bestAPFD:0.935026
bestSuite:2568,1583,2473,2517,2684,2526,2384,62,1432,2073,713,2392,1937,2046

test suite228
bestAPFD:0.936747
bestSuite:2465,1726,847,2483,2703,2526,1522,2519,1847,2385,957,96,1412,941

test suite229
bestAPFD:0.893373
bestSuite:1887,156,2539,1737,2503,2545,2701,1660,818,383

test suite230
bestAPFD:0.915060
bestSuite:1401,2502,1729,2516,812,2552,57,2685,743,2492

test suite231
bestAPFD:0.926321
bestSuite:2440,2498,2416,2410,1732,2688,1405,2494,2500,675,20,1970,1336

test suite232
bestAPFD:0.930723
bestSuite:1572,2516,2525,2476,2708,1732,2542,2238,2373,15

test suite233
bestAPFD:0.892236
bestSuite:2339,2538,2477,2459,1522,2686,1720,2483,2667

test suite234
bestAPFD:0.924699
bestSuite:2465,2514,1737,2690,1581,1405,2359,1794,52,2485

test suite235
bestAPFD:0.915115
bestSuite:1146,2516,2462,137,2457,1730,2697,2507,1817,2500,1291

test suite236
bestAPFD:0.937021
bestSuite:2461,2489,2692,2545,2408,1728,1877,1205,1661,1160,1535

test suite237
bestAPFD:0.942269
bestSuite:2461,2513,2524,2683,2407,2568,2631,1575,152,2403,1811,2332

test suite238
bestAPFD:0.894913
bestSuite:1909,2516,2675,2454,2691,1729,2507,2540,2437

test suite239
bestAPFD:0.935926
bestSuite:1568,2540,2694,1405,1728,2585,2239,1967,212,1643,2529

test suite240
bestAPFD:0.924197
bestSuite:17,2483,1530,2487,2704,2521,1737,2529,1843,2310,1755,2433

test suite241
bestAPFD:0.889307
bestSuite:1561,2218,2576,2544,1661,2703,1720,2538

test suite242
bestAPFD:0.905422
bestSuite:289,2483,1819,1716,2473,2687,1585,2521,1094,1316

test suite243
bestAPFD:0.903012
bestSuite:947,2538,2495,1651,2455,2701,1728,1793,151,524

test suite244
bestAPFD:0.899398
bestSuite:967,2489,1602,2455,2415,2687,2406,2299,2464,1716

test suite245
bestAPFD:0.926068
bestSuite:1561,2446,2458,2705,1531,1730,2529,1319,156,2482,2412

test suite246
bestAPFD:0.897590
bestSuite:1586,1546,1726,2536,2528,2702,1832,260,226

test suite247
bestAPFD:0.929354
bestSuite:1570,2513,1720,2577,2520,2374,2708,1266,2490,2448,154

test suite248
bestAPFD:0.935241
bestSuite:1577,2502,2568,2384,2702,2547,2211,1416,2581,490,246,2517

test suite249
bestAPFD:0.927209
bestSuite:1566,249,2539,2441,1728,2459,2403,2375,2695,1009,2186,2671

test suite250
bestAPFD:0.916265
bestSuite:833,2496,2513,1729,2703,2527,1111,543,1578,582

test suite251
bestAPFD:0.940222
bestSuite:1568,2380,2515,1729,2687,2523,2485,2413,2611,1465,1666,1217,2429

test suite252
bestAPFD:0.915161
bestSuite:1580,1757,2537,1732,2695,2517,71,1631,1403,1829,1170,2148

test suite253
bestAPFD:0.912651
bestSuite:2678,2513,1514,2693,2458,2400,1732,1315,2673,2519

test suite254
bestAPFD:0.928174
bestSuite:1912,2462,1728,2694,2520,2517,138,2415,2506,2003,1583,563,1114

test suite255
bestAPFD:0.928313
bestSuite:2466,2535,2684,1720,2457,1969,238,2518,1798,1743

test suite256
bestAPFD:0.937021
bestSuite:1572,2477,2692,1737,1406,2538,2438,1908,1586,2611,391

test suite257
bestAPFD:0.917470
bestSuite:2448,107,2533,1726,2299,2553,2700,1616,2487,1576

test suite258
bestAPFD:0.924699
bestSuite:1572,2483,2705,1850,2456,2460,1730,1485,2649,780

test suite259
bestAPFD:0.918401
bestSuite:2444,1546,2513,1737,2693,2412,2552,200,904,2514,2288

test suite260
bestAPFD:0.937021
bestSuite:2461,2514,1728,2374,2521,2686,77,35,1795,1563,2435

test suite261
bestAPFD:0.917470
bestSuite:1571,1726,2513,2539,2522,2705,1665,261,1420,2091

test suite262
bestAPFD:0.924197
bestSuite:795,2502,2404,2706,2456,102,2568,2518,2375,1396,1514,1774

test suite263
bestAPFD:0.940222
bestSuite:1570,2483,1799,1720,1559,2550,2690,683,15,1010,2384,687,1

test suite264
bestAPFD:0.926205
bestSuite:1561,1051,1866,2681,2479,2522,1651,1726,2100,2641,2492,551

test suite265
bestAPFD:0.910241
bestSuite:2568,2516,1644,252,2545,2538,2690,2073,1782,393

test suite266
bestAPFD:0.924197
bestSuite:2460,2395,2489,2706,1716,24,2528,1522,2576,2490,813,990

test suite267
bestAPFD:0.938468
bestSuite:1577,2476,2539,1716,2424,2697,2455,241,2377,1140,2488,918,1701,26

test suite268
bestAPFD:0.902945
bestSuite:230,2535,2509,1729,832,2526,2681,2013,1952

test suite269
bestAPFD:0.934237
bestSuite:1570,2494,1716,246,2458,2507,2683,1702,1412,971,837,2438

test suite270
bestAPFD:0.925904
bestSuite:2466,2536,1406,2568,2683,1864,393,903,84,1931

test suite271
bestAPFD:0.922614
bestSuite:151,2507,2031,2529,2458,2438,2703,2374,1716,800,1536,581,1298

test suite272
bestAPFD:0.914993
bestSuite:1557,2446,2533,1660,2705,2459,2568,2384,193

test suite273
bestAPFD:0.921185
bestSuite:2447,2483,258,1716,1405,2710,1578,2501,836,2008,41,2368

test suite274
bestAPFD:0.930449
bestSuite:2463,2489,1720,1586,2683,1405,1570,1609,2425,122,1929

test suite275
bestAPFD:0.921687
bestSuite:1574,154,1771,2538,2700,1716,2548,1348,1680,1759,1974

test suite276
bestAPFD:0.935589
bestSuite:1566,1728,2535,210,2552,2586,2710,2450,2514,2415,1960,905,2594

test suite277
bestAPFD:0.932640
bestSuite:2466,2535,2355,2546,2415,2697,1728,2655,1819,1530,324

test suite278
bestAPFD:0.939257
bestSuite:1557,1729,2491,1643,2705,646,2458,1947,270,971,2605,1800

test suite279
bestAPFD:0.910241
bestSuite:2442,2509,2486,1737,2550,2703,701,278,414,2489

test suite280
bestAPFD:0.941265
bestSuite:2466,2535,2691,2526,1726,2491,2378,268,1319,2578,159,1780

test suite281
bestAPFD:0.930221
bestSuite:224,2505,2501,2546,1737,2709,1680,2494,2573,1355,316,2111

test suite282
bestAPFD:0.893373
bestSuite:44,2494,2404,1747,2522,2710,1816,2537,1732,1644

test suite283
bestAPFD:0.920591
bestSuite:1559,2531,1934,2656,2458,2384,2688,40,1729,1680,2607

test suite284
bestAPFD:0.907487
bestSuite:1611,35,2529,1709,1716,2548,1864,1564,2407,2695,431,690,1069,276

test suite285
bestAPFD:0.917922
bestSuite:1572,2535,1729,2686,1944,2453,791,2602

test suite286
bestAPFD:0.923193
bestSuite:66,2505,2468,2473,1716,2544,2397,2698,1309,648,2374,1853

test suite287
bestAPFD:0.923193
bestSuite:126,1571,2472,2457,2703,1560,2478,1729,1816,2598,1011,2504

test suite288
bestAPFD:0.928213
bestSuite:105,2536,2514,1720,2507,2520,2695,2519,1832,1117,1337,2106

test suite289
bestAPFD:0.918173
bestSuite:2616,2495,2380,2486,2520,2686,1663,1726,1819,2283,1552,2334

test suite290
bestAPFD:0.882100
bestSuite:2449,2533,218,2709,2438,1728,2551

test suite291
bestAPFD:0.925201
bestSuite:1574,635,2537,1730,1799,2415,2459,2700,1440,1450,1741,146

test suite292
bestAPFD:0.927108
bestSuite:2466,2516,2486,1403,2702,1720,2655,2567,1156,909

test suite293
bestAPFD:0.916265
bestSuite:1258,2509,2502,1737,2696,2551,1661,2631,1866,490

test suite294
bestAPFD:0.903067
bestSuite:2587,1666,2476,2394,2537,1732,2619,2456,2217,10,2704

test suite295
bestAPFD:0.924467
bestSuite:2449,2531,1404,766,1070,2394,1720,2686,2534,1246,1637,1161,2086

test suite296
bestAPFD:0.923193
bestSuite:2573,2460,2523,2392,2378,1567,2695,1729,62,1332,347,2396

test suite297
bestAPFD:0.924973
bestSuite:1561,2116,2472,2681,1577,2549,1720,165,2493,1778,1479

test suite298
bestAPFD:0.919177
bestSuite:2568,1611,2513,2588,2459,162,2682,2462,2400,2406,1556,2297

test suite299
bestAPFD:0.903112
bestSuite:2562,2539,2510,1949,2452,2429,1651,2692,2543,1728,213,2380

test suite300
bestAPFD:0.940261
bestSuite:1557,2494,2568,1530,2457,2689,2394,1857,2511,97,811,2621

test suite301
bestAPFD:0.919496
bestSuite:1561,2469,1737,2486,2537,2687,2404,2457,215,1019,2640

test suite302
bestAPFD:0.922189
bestSuite:1566,1729,2516,2485,1339,120,2546,869,2689,2640,1013,2436

test suite303
bestAPFD:0.916265
bestSuite:180,2516,1404,1737,2404,2700,2536,2366,1560,1671

test suite304
bestAPFD:0.918675
bestSuite:1561,2590,2697,1578,1737,2453,2392,2478,173,2178

test suite305
bestAPFD:0.935241
bestSuite:2465,1401,1732,2515,2689,1404,2573,618,1567,177,1083,25

test suite306
bestAPFD:0.929354
bestSuite:1570,1737,1579,2527,2692,1804,2531,69,2319,1141,1378

test suite307
bestAPFD:0.925394
bestSuite:2568,2462,1780,148,2691,2477,2548,2507,1663,400,675,666,566

test suite308
bestAPFD:0.906353
bestSuite:2656,2385,2529,2486,1680,1716,2429,2459,2706,2354,760

test suite309
bestAPFD:0.944980
bestSuite:1579,2498,2455,2685,1729,86,2508,1616,1020,2112,1684,2073,532,1519,863

test suite310
bestAPFD:0.929217
bestSuite:2577,2462,2533,2455,1737,2696,2478,2035,328,1023,980,2412

test suite311
bestAPFD:0.906627
bestSuite:1586,2469,2533,2683,1729,1876,1554,2550,2541,2375

test suite312
bestAPFD:0.890813
bestSuite:1563,1361,2530,2547,2438,1732,2697,2368

test suite313
bestAPFD:0.907831
bestSuite:1561,1061,2502,2702,2545,1720,1825,1861,745,1554

test suite314
bestAPFD:0.929862
bestSuite:1579,79,2477,2532,2454,1581,2368,2693,1861,288,1764,81,2263,1732

test suite315
bestAPFD:0.912419
bestSuite:1728,2430,1565,72,2407,2406,2375,2547,2710,2246,1756,2480,2305

test suite316
bestAPFD:0.949656
bestSuite:1572,2523,2515,2697,2460,1737,327,2537,70,951,2511,2643,513,1522

test suite317
bestAPFD:0.930221
bestSuite:1558,2697,1726,2374,2473,2392,1849,2550,1546,24,2630,1920

test suite318
bestAPFD:0.910241
bestSuite:1020,2505,1729,1569,2702,2534,2522,2540,765,159

test suite319
bestAPFD:0.928174
bestSuite:2117,2462,250,2416,1737,2686,2472,2526,1431,2214,2340,2475,1660

test suite320
bestAPFD:0.915199
bestSuite:2442,2450,2480,2407,2525,2529,24,2689,298,1442,1728,2238,1104

test suite321
bestAPFD:0.927209
bestSuite:2465,251,1631,1730,2536,2458,2681,1835,1178,2164,999,1485

test suite322
bestAPFD:0.927163
bestSuite:1574,2441,2706,2533,1720,2548,2532,2493,794,1432,78

test suite323
bestAPFD:0.892236
bestSuite:840,1569,2540,2689,1820,2522,1726,2509,97

test suite324
bestAPFD:0.937021
bestSuite:1572,2540,1726,2691,1851,1403,1574,2486,2270,82,1536

test suite325
bestAPFD:0.921185
bestSuite:2424,2496,2681,2668,2529,1732,2355,2475,599,1577,1895,2455

test suite326
bestAPFD:0.924973
bestSuite:1579,2489,1595,2700,2459,2568,2406,2485,45,2431,1918

test suite327
bestAPFD:0.913153
bestSuite:2440,1531,1737,2478,2537,2687,2521,20,2488,2557,2111,2407

test suite328
bestAPFD:0.910734
bestSuite:2080,2535,1737,2708,183,1530,2494,2549,2415,1817,2177

test suite329
bestAPFD:0.909036
bestSuite:77,2533,1565,1403,2688,1660,1781,169,2415,1726

test suite330
bestAPFD:0.931225
bestSuite:2465,1726,2426,2694,2549,2483,190,2397,229,2480,2373,1250

test suite331
bestAPFD:0.915115
bestSuite:2666,1585,2373,2529,2687,2237,2520,1729,1663,2672,592

test suite332
bestAPFD:0.916265
bestSuite:1571,1726,2540,2580,2698,2455,2394,736,939,2597

test suite333
bestAPFD:0.934830
bestSuite:1557,1737,2505,1404,2706,1644,2201,2580,200,492,187

test suite334
bestAPFD:0.935589
bestSuite:218,2516,2453,2710,2502,1737,1578,2486,2534,81,2490,1143,441

test suite335
bestAPFD:0.909137
bestSuite:1726,2407,1819,2531,2613,2475,1404,1542,2709,1153,582,379

test suite336
bestAPFD:0.914993
bestSuite:1557,1726,2684,2507,2590,2452,2392,2652,249

test suite337
bestAPFD:0.897590
bestSuite:2620,2539,2480,2568,2459,1666,2691,2440,1186

test suite338
bestAPFD:0.899398
bestSuite:1156,2502,2385,1737,2709,2553,974,2637,150,1660

test suite339
bestAPFD:0.909639
bestSuite:1729,2533,2478,1820,2453,2710,1578,2472,129,1130,2163

test suite340
bestAPFD:0.894304
bestSuite:1057,2374,2485,2429,1720,2392,2550,2450,2675,2689,491

test suite341
bestAPFD:0.926205
bestSuite:1087,2513,2507,2528,2698,1720,1924,418,2501,2639,2400,1803

test suite342
bestAPFD:0.924197
bestSuite:1571,1728,2489,2533,2549,2708,2087,1904,2320,1826,2437,219

test suite343
bestAPFD:0.923877
bestSuite:1573,106,2535,2456,1720,2704,935,1518,1851,2483,870

test suite344
bestAPFD:0.900602
bestSuite:1578,77,2531,2693,2407,1406,1737,2439,711,1278

test suite345
bestAPFD:0.914157
bestSuite:2584,2533,2464,2685,1036,1716,1631,2523,71,2422,1848,870

test suite346
bestAPFD:0.893574
bestSuite:2628,1565,2479,2515,2568,2501,2704,1250,2547

test suite347
bestAPFD:0.930449
bestSuite:1558,2494,1560,1729,2406,2703,2547,1320,2346,1774,80

test suite348
bestAPFD:0.938253
bestSuite:1570,2489,1729,2710,2525,2380,173,1575,695,1337,1793,320

test suite349
bestAPFD:0.896252
bestSuite:1402,1135,2537,1811,2378,2548,1729,1286,2702

test suite350
bestAPFD:0.927163
bestSuite:1576,2568,2477,1569,2706,1717,2550,1577,172,1819,624

test suite351
bestAPFD:0.898686
bestSuite:1256,2404,1737,2492,1851,2686,2537,45,1680,2526,962

test suite352
bestAPFD:0.941149
bestSuite:1558,2472,1720,2690,2462,2523,2407,205,2580,1165,50,2508,2040

test suite353
bestAPFD:0.916332
bestSuite:1572,2368,2568,2689,2473,2534,2452,2075,29

test suite354
bestAPFD:0.909036
bestSuite:873,2498,1578,2380,2526,2688,1720,1774,166,2473

test suite355
bestAPFD:0.911145
bestSuite:1907,2509,2454,1732,2406,2375,2428,225,2681,365,1670,426

test suite356
bestAPFD:0.910241
bestSuite:2343,1571,2412,2529,2685,2550,1999,1683,1737,8

test suite357
bestAPFD:0.939257
bestSuite:1557,2487,1682,1729,1406,2688,2577,2412,2511,1252,2060,236

test suite358
bestAPFD:0.934830
bestSuite:1568,2530,2477,1730,2551,2705,2496,1857,2624,2107,1475

test suite359
bestAPFD:0.935589
bestSuite:1557,2523,2427,2697,1546,1730,20,2538,1393,2190,2394,1438,2464

test suite360
bestAPFD:0.929518
bestSuite:1558,2513,1729,2538,2701,1404,895,2477,930,119

test suite361
bestAPFD:0.915161
bestSuite:2041,2479,2439,2532,1616,1406,1716,256,1826,1070,2503,2684

test suite362
bestAPFD:0.926205
bestSuite:1581,2535,2651,2681,1737,2551,2394,2343,2483,1714,1671,2124

test suite363
bestAPFD:0.915060
bestSuite:1562,1561,1371,2452,2375,1887,1732,2710,2478,76

test suite364
bestAPFD:0.915115
bestSuite:1579,2641,2536,2685,1816,2457,2410,31,1667,204,1729

test suite365
bestAPFD:0.916265
bestSuite:122,2516,2521,1729,1571,2536,2709,2638,1579,2431

test suite366
bestAPFD:0.923494
bestSuite:1558,1561,2568,2582,2546,2696,2537,2480,1920,1833

test suite367
bestAPFD:0.912651
bestSuite:2589,1585,2530,2538,2525,2568,2708,2355,2613,1644

test suite368
bestAPFD:0.901104
bestSuite:171,2477,1514,768,800,2707,1730,2485,2400,1405,1035,196

test suite369
bestAPFD:0.936515
bestSuite:1563,2533,2684,1729,2107,1829,2525,2385,2464,1416,103,916,2674

test suite370
bestAPFD:0.909639
bestSuite:2568,2507,156,2491,2703,2523,2501,1816,438,2334,472

test suite371
bestAPFD:0.934237
bestSuite:1576,2513,1729,2525,2704,1438,1643,2643,72,2577,1283,2494

test suite372
bestAPFD:0.929217
bestSuite:2449,2205,2538,1729,2452,2694,1800,1625,2530,2357,2616,2016

test suite373
bestAPFD:0.904162
bestSuite:2642,2525,2479,2406,2690,2437,1309,2248,2518,1660,1728

test suite374
bestAPFD:0.905257
bestSuite:1580,82,2538,738,2520,1720,2700,1780,2403,409,441

test suite375
bestAPFD:0.935542
bestSuite:2461,2516,1726,2547,2705,1525,201,1565,1832,1260

test suite376
bestAPFD:0.928258
bestSuite:2449,2536,2568,2681,1778,1100,2522,977,162,2375,1647

test suite377
bestAPFD:0.933735
bestSuite:1570,2568,2539,2521,2689,2583,112,711,2630,1660,861

test suite378
bestAPFD:0.919009
bestSuite:1563,2498,2526,1732,2693,2538,1971,75,1889

test suite379
bestAPFD:0.917169
bestSuite:1737,1566,2486,2491,2395,2686,2456,2506,2254,947,2591,2623

test suite380
bestAPFD:0.898686
bestSuite:1726,2533,25,2703,1853,1405,2654,2511,1221,1554,1046

test suite381
bestAPFD:0.890813
bestSuite:107,2507,2537,2581,1404,2532,2568,2709

test suite382
bestAPFD:0.919177
bestSuite:603,2403,2498,2407,1729,2682,1625,2459,133,1805,2090,2504

test suite383
bestAPFD:0.936245
bestSuite:1584,2537,2377,2575,2523,2686,1729,1754,358,1583,2353,1000

test suite384
bestAPFD:0.908133
bestSuite:80,1631,1737,2477,2707,2459,2485,113,2416,1971,2492,2323

test suite385
bestAPFD:0.917980
bestSuite:1728,2530,2366,2496,2495,2699,2550,2085,1972,46,1809,592,2121

test suite386
bestAPFD:0.918173
bestSuite:1934,2539,2500,2459,2697,1729,147,192,1680,2375,803,2378

test suite387
bestAPFD:0.912651
bestSuite:108,2539,2517,1542,1729,2454,759,2692,1868,2482

test suite388
bestAPFD:0.920181
bestSuite:174,2505,2509,1254,2700,1405,1728,2540,1191,399,1660,1820

test suite389
bestAPFD:0.901807
bestSuite:1586,1036,2514,1716,2406,2705,1578,2575,33,2528

test suite390
bestAPFD:0.923193
bestSuite:2620,2462,2521,2705,2537,2400,1728,1440,1810,1631,364,1759

test suite391
bestAPFD:0.929217
bestSuite:2662,2509,2491,2523,2702,1729,1569,1546,1236,1131,2138,1963

test suite392
bestAPFD:0.931225
bestSuite:1576,2445,2502,1663,2544,1730,2693,1606,336,968,2676,2492

test suite393
bestAPFD:0.905422
bestSuite:2442,2539,2504,1726,1595,2520,2688,2651,2335,2392

test suite394
bestAPFD:0.924197
bestSuite:1577,1726,2530,1793,1530,2546,2392,2692,119,2138,299,2315

test suite395
bestAPFD:0.943930
bestSuite:1559,2535,1730,2523,275,2707,2439,1396,2384,1522,1971,1443,633

test suite396
bestAPFD:0.935589
bestSuite:1128,2496,2502,1716,2551,2696,2404,1832,1680,2636,1859,348,377

test suite397
bestAPFD:0.914993
bestSuite:1573,2568,2536,2681,2547,1794,630,2231,189

test suite398
bestAPFD:0.905257
bestSuite:1307,2530,1728,2475,1643,2431,2529,2699,1403,289,599

test suite399
bestAPFD:0.921687
bestSuite:8,2516,2568,2459,2693,1660,2538,2430,303,2220,2556

test suite400
bestAPFD:0.895331
bestSuite:1575,2533,114,2458,1730,2704,2534,662

test suite401
bestAPFD:0.911446
bestSuite:1579,2486,2487,1732,1582,2454,2424,737,177,2692

test suite402
bestAPFD:0.918173
bestSuite:1401,2060,2427,1404,1720,2485,2407,2696,2392,2662,2122,1631

test suite403
bestAPFD:0.933735
bestSuite:1570,1726,2491,2395,2694,2525,283,1503,1384,1934,1522

test suite404
bestAPFD:0.943003
bestSuite:1570,1728,2539,2682,2551,710,2434,1574,827,2500,2395,2601,1825

test suite405
bestAPFD:0.926068
bestSuite:2568,2460,2515,2702,2394,2455,1582,1447,2557,1805,1608

test suite406
bestAPFD:0.906961
bestSuite:2449,119,2530,2517,2694,1726,2544,2560,2437

test suite407
bestAPFD:0.922614
bestSuite:2311,2540,2486,2547,2684,1771,1611,2385,332,1728,223,2480,2627

test suite408
bestAPFD:0.935926
bestSuite:1568,2516,2695,1404,1729,2473,1643,2587,2636,2489,902

test suite409
bestAPFD:0.929518
bestSuite:1568,2533,2455,2708,1728,1832,2415,277,2619,1516

test suite410
bestAPFD:0.903012
bestSuite:920,2513,2395,2679,2691,1404,1670,1716,772,2491

test suite411
bestAPFD:0.920348
bestSuite:1557,1728,2472,1565,2550,2702,828,2429,140

test suite412
bestAPFD:0.925201
bestSuite:1579,2446,2538,1728,21,2708,2525,1542,1110,2274,2367,717

test suite413
bestAPFD:0.938253
bestSuite:1563,2535,1329,2454,2689,1737,579,1853,589,2508,2378,26

test suite414
bestAPFD:0.935926
bestSuite:1584,2513,2683,2408,2544,1729,2494,1863,1609,2560,102

test suite415
bestAPFD:0.916332
bestSuite:2466,1729,2502,2521,2384,2689,1880,2500,885

test suite416
bestAPFD:0.922289
bestSuite:1570,2502,2689,2373,2526,1716,13,2218,2494,660

test suite417
bestAPFD:0.934830
bestSuite:1557,2477,1563,2459,2707,1729,227,824,900,2582,1505

test suite418
bestAPFD:0.883735
bestSuite:963,2407,2531,1716,2694,2450,2456,2584,2532,1564

test suite419
bestAPFD:0.917169
bestSuite:2583,2533,1728,181,2518,2704,2397,1997,1403,1968,521,270

test suite420
bestAPFD:0.930723
bestSuite:1572,2531,2526,1737,2694,2427,1557,10,2046,1870

test suite421
bestAPFD:0.931225
bestSuite:2465,2516,2201,1720,2553,1569,2701,132,1799,288,2482,1721

test suite422
bestAPFD:0.930955
bestSuite:2355,2496,2486,2516,2688,1406,1730,1324,2591,283,1531,254,2482

test suite423
bestAPFD:0.892236
bestSuite:2092,2533,2495,2455,289,2681,2404,1732,534

test suite424
bestAPFD:0.908300
bestSuite:1563,2477,1363,2530,2455,2684,1730,2377,2383

test suite425
bestAPFD:0.941265
bestSuite:1558,2513,2458,1716,2681,2509,1643,2028,1912,903,130,621

test suite426
bestAPFD:0.923877
bestSuite:2448,2529,2445,2698,1720,2456,1560,2489,243,2637,612

test suite427
bestAPFD:0.898686
bestSuite:1729,2538,282,643,2438,2397,2705,2522,2510,375,1190

test suite428
bestAPFD:0.897088
bestSuite:1720,1666,2531,1849,882,2490,2452,2412,2695,1007,274,395

test suite429
bestAPFD:0.906353
bestSuite:2237,2483,1565,2549,2501,143,1208,2706,1732,2437,2475

test suite430
bestAPFD:0.901104
bestSuite:2078,2408,1728,2485,2368,1644,1805,2693,2544,1313,2624,1567

test suite431
bestAPFD:0.930723
bestSuite:1572,2514,2462,1737,2457,2681,1857,84,1744,1051

test suite432
bestAPFD:0.924197
bestSuite:2583,2509,2568,2540,2693,2478,2547,10,1322,2265,152,1518

test suite433
bestAPFD:0.924699
bestSuite:2465,2514,1728,2695,1569,2520,1315,1007,2066,167

test suite434
bestAPFD:0.906353
bestSuite:7,1583,2479,2575,1730,2452,698,2485,2685,2395,1879

test suite435
bestAPFD:0.917470
bestSuite:1561,2649,2505,1402,1716,2552,2692,219,864,1850

test suite436
bestAPFD:0.922782
bestSuite:1576,1729,2514,1585,2456,2687,2476,1823,169,823,1007

test suite437
bestAPFD:0.911145
bestSuite:1888,2538,2510,2696,1720,1847,1670,156,2531,638,1786,2552

test suite438
bestAPFD:0.907831
bestSuite:2647,2483,1542,2695,2453,1720,2588,2533,1743,1295

test suite439
bestAPFD:0.930449
bestSuite:1557,2494,2690,1732,967,2525,1611,1849,2385,2655,2660

test suite440
bestAPFD:0.922189
bestSuite:2587,1560,2536,2682,1726,2545,1683,51,1762,999,1494,2515

test suite441
bestAPFD:0.906353
bestSuite:239,2472,2400,2485,1729,2546,1531,454,794,1851,2696

test suite442
bestAPFD:0.904217
bestSuite:2460,1894,2477,1730,1404,2697,691,2395,1808,512

test suite443
bestAPFD:0.927209
bestSuite:2465,708,1730,1778,1616,2697,2552,2368,1579,2481,1145,134

test suite444
bestAPFD:0.929217
bestSuite:1402,1726,2540,1850,2544,2703,1156,2408,1683,400,340,1291

test suite445
bestAPFD:0.896252
bestSuite:2591,2483,2538,1720,2456,172,2403,2688,976

test suite446
bestAPFD:0.917306
bestSuite:253,2505,1728,2498,2452,2703,1439,1216,1567,1798,1680

test suite447
bestAPFD:0.903067
bestSuite:972,2487,2394,190,1732,1583,2549,2485,2708,1863,1030

test suite448
bestAPFD:0.934830
bestSuite:1558,2502,2547,2694,2400,871,1730,278,2488,1416,1478

test suite449
bestAPFD:0.926205
bestSuite:215,2539,1644,2514,2690,1729,2528,192,1062,2406,2493,1232

test suite450
bestAPFD:0.920181
bestSuite:750,2509,2536,197,2687,1729,2525,1803,2478,758,2595,2394

test suite451
bestAPFD:0.919880
bestSuite:1563,2476,2494,1732,2395,2681,2456,1499,2442,924

test suite452
bestAPFD:0.910734
bestSuite:24,2462,2517,2525,966,2533,1737,2703,1862,54,2384

test suite453
bestAPFD:0.911446
bestSuite:1573,2577,2476,1586,2545,1730,2705,1078,2392,88

test suite454
bestAPFD:0.909036
bestSuite:1720,2513,1602,2455,2505,2681,1386,1808,1416,1

test suite455
bestAPFD:0.929354
bestSuite:1570,1728,2385,2520,1807,2683,2368,31,2482,1581,775

test suite456
bestAPFD:0.895783
bestSuite:1960,2477,1616,2478,2454,1853,1728,1560,2681,265

test suite457
bestAPFD:0.908543
bestSuite:1577,1283,166,2517,2688,2407,2521,1720,2473,2438,2632

test suite458
bestAPFD:0.910734
bestSuite:230,2373,2515,1732,2553,2403,2706,2486,1301,744,1487

test suite459
bestAPFD:0.912924
bestSuite:1586,2329,1716,2515,1585,2522,2486,44,2709,1830,1682

test suite460
bestAPFD:0.929217
bestSuite:1401,1726,2685,2487,2546,2507,2532,2512,464,10,1847,2250

test suite461
bestAPFD:0.911829
bestSuite:1269,1569,1729,2515,2707,1406,2385,130,2518,1578,1807

test suite462
bestAPFD:0.918675
bestSuite:1577,2498,2523,1720,1500,2539,2695,2250,2485,751

test suite463
bestAPFD:0.918401
bestSuite:253,2540,2494,1737,2682,2522,1522,825,1560,342,1937

test suite464
bestAPFD:0.910734
bestSuite:1579,620,2462,1729,134,2459,2540,2695,1864,505,1554

test suite465
bestAPFD:0.912651
bestSuite:1402,2568,2478,2436,2483,2528,2703,2408,1276,240

test suite466
bestAPFD:0.916210
bestSuite:168,1560,2531,1406,1737,1771,1682,2698,746,1411,682

test suite467
bestAPFD:0.918401
bestSuite:1401,1720,2483,2514,2551,2692,568,928,1200,204,2486

test suite468
bestAPFD:0.928258
bestSuite:1562,2495,1729,2378,2703,2459,2460,290,803,2577,2080

test suite469
bestAPFD:0.890897
bestSuite:2374,2502,1729,1680,2544,2689,2143,2438,808

test suite470
bestAPFD:0.904367
bestSuite:1584,2514,1716,2377,1403,2709,2460,262

test suite471
bestAPFD:0.929217
bestSuite:1583,2514,2568,2538,2708,2528,2400,1966,1690,1600,2679,52

test suite472
bestAPFD:0.911492
bestSuite:1832,2539,1716,80,1522,2552,2512,2700,935,2400,1255,372,2003

test suite473
bestAPFD:0.929862
bestSuite:1571,2226,2406,2483,2374,2699,2545,874,1213,1683,14,1545,2189,1730

test suite474
bestAPFD:0.907831
bestSuite:2585,2479,2478,1546,2693,2568,1061,156,2392,1403

test suite475
bestAPFD:0.904284
bestSuite:2145,2496,2478,2685,2494,2528,2568,2633,299

test suite476
bestAPFD:0.896252
bestSuite:2587,2538,1716,2624,2684,1595,2503,1403,482

test suite477
bestAPFD:0.898929
bestSuite:2285,1569,2498,1720,2697,1403,2479,9,937

test suite478
bestAPFD:0.890813
bestSuite:179,2462,1729,2538,2523,1822,2518,2681

test suite479
bestAPFD:0.930028
bestSuite:1576,2489,1403,2410,2682,2537,1716,167,2437,210,1592,809,1731

test suite480
bestAPFD:0.925904
bestSuite:1557,1737,2477,2702,2408,2452,1542,1995,728,104

test suite481
bestAPFD:0.918675
bestSuite:2448,2478,1720,2505,2695,2590,2546,575,243,1974

test suite482
bestAPFD:0.918173
bestSuite:1577,2441,1729,2374,2485,2616,1404,2477,235,2702,530,1197

test suite483
bestAPFD:0.905622
bestSuite:1566,2066,2539,2568,2702,151,2527,1628,2677

test suite484
bestAPFD:0.926068
bestSuite:1559,2477,2683,2476,2378,1716,2544,123,1664,1052,1769

test suite485
bestAPFD:0.950417
bestSuite:2461,2535,2524,1729,2687,1627,1866,1122,2511,369,1106,547,2380

test suite486
bestAPFD:0.934237
bestSuite:1576,2498,1729,1578,2683,1283,2527,1794,71,2517,741,1364

test suite487
bestAPFD:0.901972
bestSuite:1585,2478,2412,1716,2494,1405,2704,2131,149,1798,655

test suite488
bestAPFD:0.947935
bestSuite:1557,2477,1661,2707,2523,1835,1728,600,2378,111,2511,763,2025,61

test suite489
bestAPFD:0.914993
bestSuite:1557,2513,440,1542,1730,2455,2708,441,2312

test suite490
bestAPFD:0.927209
bestSuite:84,2535,2514,2700,1720,2553,1595,1861,320,841,495,385

test suite491
bestAPFD:0.930028
bestSuite:1566,111,2537,2446,1730,2548,2394,2703,2493,782,988,1646,2494

test suite492
bestAPFD:0.935926
bestSuite:1568,2513,1726,2705,2516,2523,805,1644,1794,958,2489

test suite493
bestAPFD:0.928258
bestSuite:1401,1726,2498,2689,2380,2548,2615,2491,2653,2429,1873

test suite494
bestAPFD:0.925559
bestSuite:1123,1651,2502,301,2380,1405,1732,2685,1116,2490,2581,2368,281,336

test suite495
bestAPFD:0.921687
bestSuite:1575,2568,2532,2455,2487,2707,2496,2575,718,1806,990

test suite496
bestAPFD:0.913855
bestSuite:2590,2507,2529,183,2697,1729,2551,947,115,780

test suite497
bestAPFD:0.908133
bestSuite:1729,2530,995,2481,1862,1670,2529,2690,2528,1495,230,1264

test suite498
bestAPFD:0.909639
bestSuite:2591,2502,1730,2408,2453,246,2397,2614,2495,2344,2695

test suite499
bestAPFD:0.932229
bestSuite:1401,884,2535,2522,1729,1039,2691,2598,1580,173,1043,2233

test suite500
bestAPFD:0.930723
bestSuite:2461,2494,2685,1728,1403,2415,1666,611,156,1644

