test suite1
bestAPFD:0.921687
bestSuite:1570,2514,2208,201,1514,2552,2374,38,1720,992,2704

test suite2
bestAPFD:0.907448
bestSuite:2463,869,1722,1563,1818,2460,2479,446,1720,2524,2688

test suite3
bestAPFD:0.907448
bestSuite:1566,2538,1404,2531,1546,1732,2237,2694,1517,2051,245

test suite4
bestAPFD:0.921185
bestSuite:1728,1595,1257,2406,1576,2498,1830,2385,2528,1175,11,2703

test suite5
bestAPFD:0.905422
bestSuite:1576,3,1292,1716,1976,2514,2535,2697,2524,2397

test suite6
bestAPFD:0.915161
bestSuite:262,2494,2521,2448,2438,161,2406,1732,1580,933,795,2704

test suite7
bestAPFD:0.886145
bestSuite:1822,2476,2412,2392,2605,1387,1683,2708,2553,1737

test suite8
bestAPFD:0.904217
bestSuite:563,1720,2537,179,1585,2540,2527,2478,2159,2701

test suite9
bestAPFD:0.899781
bestSuite:1247,458,2377,2568,2538,2435,181,1570,2683,2547,701

test suite10
bestAPFD:0.910977
bestSuite:2710,2587,1595,1622,2536,1557,1716,218,2523

test suite11
bestAPFD:0.922189
bestSuite:2375,2540,1279,673,1732,1401,2547,2710,2638,1631,2262,1830

test suite12
bestAPFD:0.904162
bestSuite:2515,2191,1683,2407,2513,2556,2383,2458,1728,2704,82

test suite13
bestAPFD:0.907129
bestSuite:239,2549,1726,1160,1897,2501,2395,2710,2490,1565,1781,2489

test suite14
bestAPFD:0.923540
bestSuite:2683,1487,2489,2182,1847,2377,2509,2221,1716,111,2492,2548,2406

test suite15
bestAPFD:0.905931
bestSuite:2553,1354,1769,154,1200,2479,2462,2415,2492,2702,1536,1766,1732

test suite16
bestAPFD:0.894578
bestSuite:2568,1403,1560,2536,849,1616,71,2682,2481,2073

test suite17
bestAPFD:0.893373
bestSuite:218,2485,2494,2395,2706,2066,2459,1168,1578,1730

test suite18
bestAPFD:0.908133
bestSuite:2380,1737,2551,2034,2489,2703,1663,1579,2462,184,863,1780

test suite19
bestAPFD:0.911829
bestSuite:1585,1579,2699,2022,2604,2453,499,2502,2063,1830,1737

test suite20
bestAPFD:0.877875
bestSuite:2427,2533,1564,933,1730,1377,2544,2412,464,2708,1683

test suite21
bestAPFD:0.923193
bestSuite:2448,1644,111,1728,1406,2502,2460,2684,1833,1329,2436,2415

test suite22
bestAPFD:0.897590
bestSuite:1728,2492,269,2537,787,2530,2159,2694,1531,2045,2521

test suite23
bestAPFD:0.871235
bestSuite:1569,1450,2699,2502,1716,2617,2459,2416

test suite24
bestAPFD:0.922189
bestSuite:103,2704,1561,2430,869,2458,700,379,2467,1726,2462,2513

test suite25
bestAPFD:0.905120
bestSuite:2412,2501,2529,140,2568,939,1467,1524,2527,1810,1522,2696

test suite26
bestAPFD:0.925559
bestSuite:1726,223,1486,2447,2502,2549,449,2496,445,2516,610,929,2369,2687

test suite27
bestAPFD:0.901972
bestSuite:65,1737,2462,2301,2535,2495,1864,2403,2519,2686,2545

test suite28
bestAPFD:0.899444
bestSuite:2148,2378,2584,354,1661,84,2695,1730,1141,2392,2464,2476,2458

test suite29
bestAPFD:0.932229
bestSuite:13,1572,28,2482,2502,2528,2403,1637,1730,2700,831,1278

test suite30
bestAPFD:0.910241
bestSuite:1737,2514,2553,2406,970,2448,1751,1849,2400,2698

test suite31
bestAPFD:0.902108
bestSuite:2477,620,1611,143,1726,2685,2456,350,942,2535,2225,1771

test suite32
bestAPFD:0.916165
bestSuite:2476,1563,11,2412,2428,2490,2704,1196,1729,1132,2458,2392

test suite33
bestAPFD:0.909639
bestSuite:222,2458,2400,2687,2578,1720,604,2529,2445,1575,107

test suite34
bestAPFD:0.893574
bestSuite:1583,2436,1726,2502,2549,2483,2692,151,1242

test suite35
bestAPFD:0.893209
bestSuite:2499,202,1807,127,1581,1871,2552,2540,1062,2693,1732

test suite36
bestAPFD:0.898686
bestSuite:2544,2568,2377,2576,232,1611,2501,2515,904,1032,2699

test suite37
bestAPFD:0.936515
bestSuite:2507,2431,1670,2517,1485,1729,2693,1567,2455,2461,2639,1297,842

test suite38
bestAPFD:0.896084
bestSuite:1748,2514,2073,2699,1730,2546,776,216,2485,534,1661,2412

test suite39
bestAPFD:0.912924
bestSuite:2521,2407,2568,113,2449,2685,2368,2486,614,1811,2340

test suite40
bestAPFD:0.893883
bestSuite:1817,2221,1716,2373,72,535,2538,2524,1882,2504,2397,346,2706

test suite41
bestAPFD:0.911145
bestSuite:2620,2694,2506,2194,1671,2415,2477,2457,1522,2460,1730,1798

test suite42
bestAPFD:0.924197
bestSuite:1716,1568,1477,2420,1809,2473,2539,2218,1221,1556,2708,2550

test suite43
bestAPFD:0.893373
bestSuite:2517,52,2694,1726,2605,2406,2582,2458,2509,1538

test suite44
bestAPFD:0.913153
bestSuite:2460,2395,1729,2505,2260,398,2208,1724,2684,1336,1866,1404

test suite45
bestAPFD:0.898686
bestSuite:1602,1027,1803,2227,1716,2489,2478,208,2708,2524,2507

test suite46
bestAPFD:0.890897
bestSuite:1582,2529,1720,2458,2702,256,1359,1810,2380

test suite47
bestAPFD:0.925559
bestSuite:1558,2458,2385,1720,91,2481,1313,2584,241,2133,2375,2460,2690,902

test suite48
bestAPFD:0.904162
bestSuite:2428,2456,199,1402,1726,2706,2130,211,1569,2416,2472

test suite49
bestAPFD:0.919177
bestSuite:2425,2700,2514,2545,615,2451,2394,1729,286,2087,1568,1570

test suite50
bestAPFD:0.915161
bestSuite:1616,2659,1902,210,2539,2456,2690,1730,1778,1576,2486,1170

test suite51
bestAPFD:0.895783
bestSuite:2496,2462,1272,1800,2695,2626,2568,1981,2523,2375

test suite52
bestAPFD:0.880187
bestSuite:2477,1726,2538,2681,2546,928,19,1680,2412

test suite53
bestAPFD:0.904162
bestSuite:2568,2453,2501,2534,825,2509,2504,2537,2692,1683,54

test suite54
bestAPFD:0.898092
bestSuite:1086,2710,1771,1405,1484,1698,2510,1666,2539,25,2568,2101

test suite55
bestAPFD:0.923494
bestSuite:2476,1985,2489,154,1580,2461,1728,2547,835,2695

test suite56
bestAPFD:0.915060
bestSuite:2407,2498,2703,2335,2467,250,2461,2526,1308,1732

test suite57
bestAPFD:0.901297
bestSuite:1732,2449,216,1861,1310,2493,2485,2683,2412,1406,971,2494,1407

test suite58
bestAPFD:0.913655
bestSuite:505,2633,2568,1566,2516,1557,2309,2681,2458

test suite59
bestAPFD:0.914157
bestSuite:2683,2469,1771,870,2520,1573,800,2501,2536,1720,202,2368

test suite60
bestAPFD:0.897590
bestSuite:2698,1729,178,1269,1404,1560,2478,1887,1631,1489,2537

test suite61
bestAPFD:0.926205
bestSuite:2502,998,1732,404,294,2700,1885,2463,2446,1403,500,1572

test suite62
bestAPFD:0.917470
bestSuite:1570,2522,2412,2699,1663,258,1730,1823,677,2535

test suite63
bestAPFD:0.909639
bestSuite:123,2407,1730,1558,2540,2708,1771,1217,2454,1070,929

test suite64
bestAPFD:0.876171
bestSuite:1730,2451,123,2550,2583,2536,2488,1147,2690

test suite65
bestAPFD:0.907785
bestSuite:2516,2339,1857,2668,2277,1663,2693,2495,2545,2501,1737,2506,1615

test suite66
bestAPFD:0.896837
bestSuite:2647,2695,1726,2536,1393,2448,2438,2528

test suite67
bestAPFD:0.902945
bestSuite:1716,1762,91,2591,2535,2698,1580,2551,1569

test suite68
bestAPFD:0.918675
bestSuite:1666,2481,1561,2476,934,441,283,2568,2368,1032,1053,2685,2546,2066

test suite69
bestAPFD:0.899398
bestSuite:1781,1585,2699,1737,534,178,1405,624,2538,2502

test suite70
bestAPFD:0.896084
bestSuite:883,2690,1737,2527,159,2392,2501,592,2424,1585,2394,1567

test suite71
bestAPFD:0.901972
bestSuite:2701,2408,2553,698,2498,2476,258,1737,1780,1670,832

test suite72
bestAPFD:0.889923
bestSuite:1847,184,2410,2391,2482,921,2539,2681,2078,1729,2523

test suite73
bestAPFD:0.900100
bestSuite:1015,714,2581,2404,2519,80,1585,2700,1404,2532,2516,1732

test suite74
bestAPFD:0.905931
bestSuite:2505,1001,245,2517,1479,1514,1101,2486,2553,995,2682,1732,1818

test suite75
bestAPFD:0.904217
bestSuite:1737,2706,1651,2514,1297,2457,134,2461,1580,1794

test suite76
bestAPFD:0.889558
bestSuite:1729,1546,107,2544,1888,2477,2478,2691,2404

test suite77
bestAPFD:0.885542
bestSuite:2530,2299,1571,159,2683,2545,2368,2161,1737

test suite78
bestAPFD:0.916210
bestSuite:863,1730,1774,2516,2704,2563,107,2523,1572,2395,2476

test suite79
bestAPFD:0.909639
bestSuite:1809,1663,2415,1728,168,2700,2545,1570,2495

test suite80
bestAPFD:0.923494
bestSuite:948,1558,290,2465,752,2513,2693,1730,2547,2590

test suite81
bestAPFD:0.912651
bestSuite:1558,157,1406,2434,2529,2273,1898,1557,1730,2706

test suite82
bestAPFD:0.908348
bestSuite:2491,2501,2415,2482,847,2625,475,1583,2454,2707,149,1912,666,1732

test suite83
bestAPFD:0.898343
bestSuite:2523,2697,730,2505,2476,2448,1192,1726

test suite84
bestAPFD:0.907448
bestSuite:2301,2378,1732,1793,2529,189,2521,1574,838,2652,2694

test suite85
bestAPFD:0.880187
bestSuite:228,1595,2705,2477,1729,2533,532,753,2546

test suite86
bestAPFD:0.890897
bestSuite:2508,2568,2620,1680,479,2700,1853,2528,2539

test suite87
bestAPFD:0.919496
bestSuite:957,2515,2493,1726,2549,282,2496,265,1912,2461,2690

test suite88
bestAPFD:0.930221
bestSuite:1729,2432,1576,2448,1757,2533,2461,2683,2522,2668,2490,1475

test suite89
bestAPFD:0.910241
bestSuite:760,1230,100,1729,2553,1874,2533,1575,2577,2707

test suite90
bestAPFD:0.898193
bestSuite:1905,2497,1832,2513,2520,2696,2450,2465,1729,1740

test suite91
bestAPFD:0.892114
bestSuite:2459,2537,2506,1663,2434,1728,2007,2704,231,2412,253

test suite92
bestAPFD:0.929862
bestSuite:1082,195,1575,1818,2532,1728,2695,1383,888,1661,2398,2540,2056,2550

test suite93
bestAPFD:0.934830
bestSuite:1572,1656,710,800,2501,2491,1580,286,2520,1730,2690

test suite94
bestAPFD:0.915161
bestSuite:2469,228,1369,1720,2549,1560,2517,2485,2702,1534,1574,1670

test suite95
bestAPFD:0.922614
bestSuite:2435,2522,813,2368,2689,2374,1568,1720,583,2450,281,848,2532

test suite96
bestAPFD:0.886881
bestSuite:1546,1726,2689,2531,2473,16,1822,2457,2400

test suite97
bestAPFD:0.928313
bestSuite:1726,2513,773,387,2523,1572,2689,1798,103,1504

test suite98
bestAPFD:0.901807
bestSuite:126,2538,2410,1732,2684,2077,2551,2506,2537,2440

test suite99
bestAPFD:0.914272
bestSuite:609,2574,212,1376,1482,2053,2523,1720,2709,2531,2374,1423,1571

test suite100
bestAPFD:0.883283
bestSuite:1560,2533,2468,1730,2552,1595,2702,24

test suite101
bestAPFD:0.894913
bestSuite:1726,2709,1402,2478,1864,1922,2538,2457,582

test suite102
bestAPFD:0.921084
bestSuite:1574,2522,2461,1729,1359,2516,2685,208,397,1537

test suite103
bestAPFD:0.921185
bestSuite:1958,2693,1561,1403,181,2368,1595,835,1728,1579,1523,1862

test suite104
bestAPFD:0.905120
bestSuite:2378,1174,2588,2521,2462,1450,1716,1683,117,2202,2689,2375

test suite105
bestAPFD:0.911145
bestSuite:972,2237,2548,2496,1564,2479,2598,1517,58,2462,2698,1729

test suite106
bestAPFD:0.913153
bestSuite:2691,2505,2400,2441,1566,2457,299,1345,1586,2330,1726,2530

test suite107
bestAPFD:0.927163
bestSuite:783,260,2540,411,2477,669,2145,2457,1572,2686,2568

test suite108
bestAPFD:0.929217
bestSuite:1570,2538,1187,2568,1401,2709,2052,2547,2490,72,2577,1282

test suite109
bestAPFD:0.875753
bestSuite:1682,2597,2453,1726,2535,2692,2488,1169

test suite110
bestAPFD:0.929862
bestSuite:2038,2484,2488,1708,2696,2400,1769,2553,2368,252,1720,2047,2485,1568

test suite111
bestAPFD:0.898021
bestSuite:2374,1716,938,2481,223,2682,2582,367,2533,1366,2550,1338,2505,1531

test suite112
bestAPFD:0.917470
bestSuite:1288,2477,2451,1572,2095,2522,2502,1720,1772,2694

test suite113
bestAPFD:0.887801
bestSuite:2498,2066,1726,2709,2524,1670,212,2516

test suite114
bestAPFD:0.908835
bestSuite:2464,2404,2478,2525,565,1863,277,1737,777,442,1922,2375,1522,240,2695

test suite115
bestAPFD:0.908543
bestSuite:909,2460,2438,1579,1670,2568,2373,2453,2699,13,2529

test suite116
bestAPFD:0.919880
bestSuite:1568,2685,254,205,2586,1557,2472,2048,2523,1720

test suite117
bestAPFD:0.911446
bestSuite:121,580,2070,1830,2688,2505,1716,1574,1561,2525

test suite118
bestAPFD:0.897590
bestSuite:1203,573,2518,1794,2538,2609,2701,2545,1554,1512,1720

test suite119
bestAPFD:0.915115
bestSuite:2016,1561,2432,1579,154,1726,2553,2684,2515,1231,1644

test suite120
bestAPFD:0.929101
bestSuite:1562,2323,1737,1962,2687,2594,2,2395,2525,2478,2487,44,1830

test suite121
bestAPFD:0.927209
bestSuite:2522,2582,2541,2693,1971,2515,1573,2377,1716,1557,1316,1824

test suite122
bestAPFD:0.921256
bestSuite:2483,265,1516,2545,1182,2694,2540,1783,1569,1807,1567,1500,2412,1729

test suite123
bestAPFD:0.929862
bestSuite:2590,2682,2453,1726,710,2506,2368,2466,862,717,236,1502,2302,1557

test suite124
bestAPFD:0.907831
bestSuite:1405,263,1810,1579,1720,2498,2654,2696,2460,12

test suite125
bestAPFD:0.919496
bestSuite:2538,1781,1519,2368,2544,245,2694,1726,1574,1329,2378

test suite126
bestAPFD:0.913655
bestSuite:1275,2455,385,2688,807,2491,2461,1728,2394

test suite127
bestAPFD:0.906627
bestSuite:1575,2689,1710,1737,2539,567,1660,256,2526,1864

test suite128
bestAPFD:0.918401
bestSuite:2516,1566,180,2062,2525,2066,2076,2537,1716,2696,1473

test suite129
bestAPFD:0.927209
bestSuite:2445,143,1729,2547,2392,2697,1402,2309,2533,1826,2385,2266

test suite130
bestAPFD:0.892114
bestSuite:734,2363,2001,2501,2479,1737,2701,129,1631,2576,2526

test suite131
bestAPFD:0.923193
bestSuite:1356,2638,1536,1729,1596,1557,2702,2511,2582,2458,2394,2392

test suite132
bestAPFD:0.906627
bestSuite:1720,2476,2675,1804,2448,712,2536,2522,1157,2694

test suite133
bestAPFD:0.897590
bestSuite:1720,1680,2681,2510,232,1362,2483,2435,2486,2544,237

test suite134
bestAPFD:0.909639
bestSuite:1726,1661,2512,1586,27,2573,2453,2708,1569,2515,2561

test suite135
bestAPFD:0.918675
bestSuite:1568,2299,1730,499,2408,2502,2528,2655,378,2695

test suite136
bestAPFD:0.897590
bestSuite:1050,1729,2374,2288,8,722,2488,9,1863,2548,2703,1602,2537

test suite137
bestAPFD:0.916210
bestSuite:1288,2655,1403,2449,1716,1929,2404,2517,2490,1557,2685

test suite138
bestAPFD:0.908543
bestSuite:66,2682,2449,1730,1580,2526,1722,2375,2580,2486,1780

test suite139
bestAPFD:0.913855
bestSuite:2406,2701,1559,1866,1203,2513,2457,1716,62,1560

test suite140
bestAPFD:0.886295
bestSuite:2514,2509,2137,1716,2692,133,2455,2502

test suite141
bestAPFD:0.929354
bestSuite:193,2691,2535,2427,2397,2463,2408,2568,1020,2452,474

test suite142
bestAPFD:0.899781
bestSuite:1737,2686,1869,2485,2457,34,2590,1581,2497,2404,2375

test suite143
bestAPFD:0.911145
bestSuite:1233,2609,408,1137,2407,1732,2539,1574,2434,300,2686,2523

test suite144
bestAPFD:0.915199
bestSuite:2688,23,2568,2540,2594,13,2485,1588,1571,469,1850,2525,2517

test suite145
bestAPFD:0.893209
bestSuite:2329,319,2501,2483,2550,2384,2704,1531,294,2073,1728

test suite146
bestAPFD:0.893072
bestSuite:2531,1602,2501,2548,2378,1711,1819,1000,2686,440,203,1720

test suite147
bestAPFD:0.908543
bestSuite:1580,2117,463,1575,1254,2368,2478,2698,288,2453,1726

test suite148
bestAPFD:0.900876
bestSuite:2516,2682,1058,2415,1405,2292,2537,2617,2066,1643,1730

test suite149
bestAPFD:0.924197
bestSuite:1536,1403,360,2515,1745,2585,2473,1557,2662,2568,202,2687

test suite150
bestAPFD:0.905257
bestSuite:2554,1726,2404,2580,2456,1538,1563,2540,2709,2476,1284

test suite151
bestAPFD:0.927247
bestSuite:2486,614,1561,2698,277,804,2481,1737,1630,1583,2459,1804,2513

test suite152
bestAPFD:0.897088
bestSuite:1631,2476,2568,529,2457,290,2490,2681,2236,2643,2395,2513

test suite153
bestAPFD:0.918173
bestSuite:1360,1920,2706,1455,2394,1509,2539,1573,1512,2452,1780,1720

test suite154
bestAPFD:0.902945
bestSuite:2642,2442,2706,2454,2531,1401,1732,2404,1618

test suite155
bestAPFD:0.915115
bestSuite:58,2498,2510,1882,2525,903,2509,1583,2685,1732,2237

test suite156
bestAPFD:0.921687
bestSuite:2355,2538,1563,2375,2547,2461,2090,1732,2709,1607,2236

test suite157
bestAPFD:0.902224
bestSuite:1716,1220,2093,2087,1405,2479,2486,2698,2667,2375,1825,1835,2450

test suite158
bestAPFD:0.916093
bestSuite:2534,1661,1577,2538,1730,1169,2528,2708,1992,2291,2368,2374,413,1175

test suite159
bestAPFD:0.904162
bestSuite:2517,1804,2620,2373,2128,2478,1737,2547,1559,2683,691

test suite160
bestAPFD:0.918401
bestSuite:2342,411,1575,2317,2495,2611,1737,2538,2550,2704,1961

test suite161
bestAPFD:0.908133
bestSuite:2395,1729,1236,2498,1571,1799,1039,2392,2547,851,2695,419

test suite162
bestAPFD:0.910241
bestSuite:2023,2251,18,1853,2520,2535,2686,2568,2504,1670

test suite163
bestAPFD:0.923838
bestSuite:228,2647,1268,2502,2406,2436,1568,2710,1726,1515,382,2394,1784,2452

test suite164
bestAPFD:0.926506
bestSuite:2591,2696,1263,2515,732,366,654,2415,1405,1730,138,1563,2349,2467,1570

test suite165
bestAPFD:0.917306
bestSuite:1905,154,1811,1559,1557,2708,401,2475,1716,2392,2527

test suite166
bestAPFD:0.914020
bestSuite:2418,2487,2507,2332,2681,2478,1729,1558,495,2343,2452

test suite167
bestAPFD:0.894304
bestSuite:837,2532,2540,1188,2682,1530,2552,2494,1099,1728,2663

test suite168
bestAPFD:0.877711
bestSuite:2548,1631,2513,422,1341,2701,1720,1738,284,2539

test suite169
bestAPFD:0.901807
bestSuite:2538,2456,1793,2560,2502,1582,1737,2683,2668,2531

test suite170
bestAPFD:0.923877
bestSuite:2464,1568,163,2537,2441,1729,2710,2522,1422,2384,683

test suite171
bestAPFD:0.935241
bestSuite:2622,2514,2455,2461,1716,1576,2576,1974,1693,1583,2693,2480

test suite172
bestAPFD:0.906627
bestSuite:1832,19,2526,2568,2516,2460,1289,715,1001,2701

test suite173
bestAPFD:0.889759
bestSuite:87,2496,2537,191,2074,2521,1729,1965,2701,2532

test suite174
bestAPFD:0.916165
bestSuite:1094,599,564,2548,1309,1737,86,2583,2498,1584,2505,2686

test suite175
bestAPFD:0.904162
bestSuite:2515,1732,2428,1710,2384,2496,2707,2486,1112,265,2526

test suite176
bestAPFD:0.920760
bestSuite:1798,1071,2620,2682,2395,1606,2458,1729,1574,1628,2535,2465,2256

test suite177
bestAPFD:0.910141
bestSuite:2451,2607,2441,2500,2690,980,1160,2525,2568,2536,1493,2392

test suite178
bestAPFD:0.927281
bestSuite:2394,2540,2485,1720,1108,1636,2590,1530,2706,2524,2011,1486,200,2490

test suite179
bestAPFD:0.906627
bestSuite:2392,1891,2536,1728,2436,2689,1402,2395,106,2544

test suite180
bestAPFD:0.899096
bestSuite:2545,2511,1108,2451,2400,2429,317,1983,2708,203,1720,2539

test suite181
bestAPFD:0.940261
bestSuite:2502,1665,1716,1863,898,1599,2690,1571,283,1572,966,2524

test suite182
bestAPFD:0.897590
bestSuite:2531,1402,2440,2694,2540,375,236,2328,2547,1737,2532

test suite183
bestAPFD:0.935241
bestSuite:2525,2406,2466,1537,265,1542,2708,1022,2568,1557,1822,2472

test suite184
bestAPFD:0.926068
bestSuite:216,2407,2528,2693,1570,1830,1737,570,1582,271,2516

test suite185
bestAPFD:0.899096
bestSuite:2368,102,2539,1830,2456,2702,786,1576,1611,2384,2090,1728

test suite186
bestAPFD:0.890060
bestSuite:1823,2509,866,134,2406,1716,2531,371,2682,1405,99,912

test suite187
bestAPFD:0.901972
bestSuite:847,2207,1643,2446,2523,2699,663,2373,179,2502,1728

test suite188
bestAPFD:0.900602
bestSuite:2618,2670,1582,2576,2119,2699,2479,2568,2531,2552

test suite189
bestAPFD:0.896495
bestSuite:2462,2448,1716,2522,2709,2434,2505,439,1595,1309,84

test suite190
bestAPFD:0.926321
bestSuite:121,1110,1023,2708,1336,308,2407,1558,1774,2476,2514,1406,1732

test suite191
bestAPFD:0.882530
bestSuite:2274,2508,2457,2709,1644,2374,2662,1857,2537,1729

test suite192
bestAPFD:0.883735
bestSuite:2631,1375,1804,1732,2394,2476,2517,1631,2546,2708

test suite193
bestAPFD:0.927163
bestSuite:1795,2678,1562,2708,516,2117,2454,1716,2377,2498,684

test suite194
bestAPFD:0.894304
bestSuite:2513,1446,2701,2486,2452,2585,2509,1132,1737,197,2103

test suite195
bestAPFD:0.899096
bestSuite:1595,2568,2702,2384,2518,960,2528,444,1876,205,2472,2406

test suite196
bestAPFD:0.935241
bestSuite:2463,2535,2462,1726,1579,2605,1832,2710,2504,102,548,1403

test suite197
bestAPFD:0.906353
bestSuite:2576,2496,1726,215,2521,675,2479,2498,793,2686,153

test suite198
bestAPFD:0.929217
bestSuite:2568,2305,2460,2686,2496,2513,2226,2527,704,246,378,818

test suite199
bestAPFD:0.884203
bestSuite:1531,1728,2704,788,2513,2525,2435,51,2378

test suite200
bestAPFD:0.900268
bestSuite:2709,2407,2537,1771,2078,1563,2457,1726,2491

test suite201
bestAPFD:0.916210
bestSuite:924,1569,1732,2693,2515,2338,2547,2419,2541,2438,2380

test suite202
bestAPFD:0.918173
bestSuite:2700,2392,2446,871,1666,45,1760,1730,1570,2510,2454,2394

test suite203
bestAPFD:0.915199
bestSuite:2697,1818,1729,305,2524,260,2485,2467,1430,1661,1733,2479,1560

test suite204
bestAPFD:0.896495
bestSuite:1365,1720,1522,126,1625,722,2472,2698,2522,2412,1569

test suite205
bestAPFD:0.910734
bestSuite:2638,2446,2521,2400,2368,189,1559,1730,2406,2702,1104

test suite206
bestAPFD:0.910734
bestSuite:2412,2460,1730,85,670,1817,603,2701,2537,2660,1406

test suite207
bestAPFD:0.910141
bestSuite:706,2520,2582,2516,1627,2698,1571,2377,1728,232,2485,1756

test suite208
bestAPFD:0.909639
bestSuite:2458,181,2446,2408,1660,2464,2513,369,2691,2004,1728

test suite209
bestAPFD:0.920760
bestSuite:1649,2546,1630,723,1830,2692,1720,2392,1929,2518,30,2536,1562

test suite210
bestAPFD:0.923877
bestSuite:1557,1530,2549,2654,1720,773,277,1162,1738,2495,2703

test suite211
bestAPFD:0.897590
bestSuite:1697,1729,2553,2077,2492,2688,2406,2428,1644,150,2535

test suite212
bestAPFD:0.911145
bestSuite:2541,2438,1586,2691,2131,2533,1404,1199,1720,1522,1569,192

test suite213
bestAPFD:0.898193
bestSuite:2704,2553,1609,2514,1310,2540,1728,2406,2159,1631

test suite214
bestAPFD:0.916210
bestSuite:2117,2479,2547,1814,142,1728,2513,1643,2278,2686,1566

test suite215
bestAPFD:0.905257
bestSuite:1573,244,1720,2701,2533,1139,1092,2548,2429,1833,2628

test suite216
bestAPFD:0.910565
bestSuite:1830,348,2498,2473,1110,583,1716,2374,1531,207,865,2706,2545

test suite217
bestAPFD:0.906627
bestSuite:2448,2138,2525,2430,225,1730,2536,2699,845,2395

test suite218
bestAPFD:0.915115
bestSuite:2577,2539,2330,2368,1585,71,2551,1716,2451,1873,2689

test suite219
bestAPFD:0.898193
bestSuite:1726,30,2404,348,2691,937,2532,1666,2526,2517

test suite220
bestAPFD:0.906124
bestSuite:2378,2535,1785,1070,2454,1536,1726,2511,2485,250,2701,965

test suite221
bestAPFD:0.892236
bestSuite:2530,2708,1730,2502,2527,2462,2603,2447,1269

test suite222
bestAPFD:0.929217
bestSuite:1558,1560,2548,2501,1419,2693,1832,1729,1870,223,2494,226

test suite223
bestAPFD:0.880187
bestSuite:2535,2149,2459,2293,1670,73,1730,1578,2709

test suite224
bestAPFD:0.898193
bestSuite:1968,2404,265,1128,2686,2502,2523,1804,2395,1729

test suite225
bestAPFD:0.891064
bestSuite:2288,2687,2539,2550,535,1644,852,1811,177,2394,2467,2568

test suite226
bestAPFD:0.931881
bestSuite:1557,1404,190,451,1456,1720,1602,2299,655,2688,90,2491,770

test suite227
bestAPFD:0.914372
bestSuite:2046,2526,2384,1583,62,2684,1937,1432,2568,713,2073,2517,2473,2392

test suite228
bestAPFD:0.927281
bestSuite:847,2519,1522,2483,1847,2526,2385,1726,957,941,96,2703,2465,1412

test suite229
bestAPFD:0.894578
bestSuite:1887,2545,2503,1660,383,1737,818,2539,2701,156

test suite230
bestAPFD:0.911446
bestSuite:1729,2685,2516,2492,743,2552,1401,57,812,2502

test suite231
bestAPFD:0.909639
bestSuite:2498,2500,2410,2494,2688,20,1732,1336,2416,1970,675,2440,1405

test suite232
bestAPFD:0.900602
bestSuite:2542,2525,1732,1572,15,2373,2708,2238,2516,2476

test suite233
bestAPFD:0.885542
bestSuite:2483,2339,1522,2538,2667,2477,2686,1720,2459

test suite234
bestAPFD:0.911446
bestSuite:2514,1737,2359,2690,1405,1581,1794,2485,2465,52

test suite235
bestAPFD:0.897590
bestSuite:1146,1291,2507,1817,2462,2457,2516,137,2500,1730,2697

test suite236
bestAPFD:0.924973
bestSuite:2545,2692,1535,1661,2489,1728,2408,1877,2461,1160,1205

test suite237
bestAPFD:0.928213
bestSuite:1575,2568,152,2683,2332,2403,2513,2461,2407,1811,2631,2524

test suite238
bestAPFD:0.893574
bestSuite:2540,2437,1909,1729,2675,2507,2516,2454,2691

test suite239
bestAPFD:0.930449
bestSuite:1568,1728,2529,2540,2239,2694,1405,1967,212,1643,2585

test suite240
bestAPFD:0.898092
bestSuite:2704,2529,2487,2521,1530,1843,1755,1737,2483,17,2433,2310

test suite241
bestAPFD:0.889307
bestSuite:1661,2218,2576,2703,2538,1561,2544,1720

test suite242
bestAPFD:0.898193
bestSuite:289,1585,2473,1716,2521,2483,1819,1094,2687,1316

test suite243
bestAPFD:0.896988
bestSuite:947,1651,2538,524,2701,2455,1728,1793,151,2495

test suite244
bestAPFD:0.898193
bestSuite:1602,967,2687,2455,2489,2299,2406,1716,2464,2415

test suite245
bestAPFD:0.916210
bestSuite:1531,1730,2458,2705,2446,1561,2529,2482,2412,1319,156

test suite246
bestAPFD:0.884203
bestSuite:2528,1546,226,2536,1726,260,1586,2702,1832

test suite247
bestAPFD:0.919496
bestSuite:2490,2513,154,2374,2577,1266,2448,1720,2520,1570,2708

test suite248
bestAPFD:0.911145
bestSuite:1416,246,2568,1577,2581,2384,490,2517,2547,2502,2211,2702

test suite249
bestAPFD:0.918173
bestSuite:2403,2441,249,2459,2671,1009,1728,2375,1566,2695,2186,2539

test suite250
bestAPFD:0.898193
bestSuite:2703,2513,543,582,833,1729,2496,1111,2527,1578

test suite251
bestAPFD:0.927247
bestSuite:1465,2413,2611,1568,2523,1217,2380,2687,1666,2515,2485,1729,2429

test suite252
bestAPFD:0.899096
bestSuite:2148,71,2537,1631,1829,1732,2695,1170,1403,1580,2517,1757

test suite253
bestAPFD:0.898193
bestSuite:2673,1732,2400,2519,1315,2513,2678,2458,2693,1514

test suite254
bestAPFD:0.907785
bestSuite:2694,1912,138,2415,2506,2003,2517,563,2462,1728,1114,2520,1583

test suite255
bestAPFD:0.919880
bestSuite:2684,2466,1798,2535,1720,2518,1969,238,2457,1743

test suite256
bestAPFD:0.927163
bestSuite:391,1572,1586,1406,1737,2438,1908,2692,2611,2477,2538

test suite257
bestAPFD:0.907831
bestSuite:2448,2553,2487,107,1616,2700,1726,2299,1576,2533

test suite258
bestAPFD:0.918675
bestSuite:780,2483,2649,1730,2456,1485,2705,1572,2460,1850

test suite259
bestAPFD:0.906353
bestSuite:200,2412,2514,2288,1546,2444,2552,2693,1737,2513,904

test suite260
bestAPFD:0.932640
bestSuite:1563,1795,1728,77,2461,2514,2374,2686,2521,2435,35

test suite261
bestAPFD:0.903012
bestSuite:1726,1665,2539,1420,2513,2522,261,1571,2091,2705

test suite262
bestAPFD:0.910141
bestSuite:2375,795,1396,1514,102,2456,2502,2404,1774,2568,2706,2518

test suite263
bestAPFD:0.935589
bestSuite:1570,1559,2690,1,1720,687,683,1799,1010,2483,15,2550,2384

test suite264
bestAPFD:0.919177
bestSuite:551,2522,1051,2100,1866,1726,2641,1651,1561,2479,2492,2681

test suite265
bestAPFD:0.901807
bestSuite:2073,2690,2568,1644,2538,2516,252,1782,393,2545

test suite266
bestAPFD:0.917169
bestSuite:2460,2395,2490,1522,24,1716,2576,2489,2706,813,990,2528

test suite267
bestAPFD:0.931583
bestSuite:2424,918,2697,1577,1701,1140,2488,2539,2455,2377,1716,26,241,2476

test suite268
bestAPFD:0.894913
bestSuite:832,2509,230,1729,2526,2535,2013,1952,2681

test suite269
bestAPFD:0.919177
bestSuite:246,2507,971,2494,837,2458,2683,1716,1702,1412,2438,1570

test suite270
bestAPFD:0.922289
bestSuite:1406,1864,2536,2466,2683,1931,393,903,2568,84

test suite271
bestAPFD:0.907785
bestSuite:2529,581,2374,1716,151,2031,2507,1536,1298,800,2438,2703,2458

test suite272
bestAPFD:0.912316
bestSuite:2459,193,2533,1557,1660,2568,2446,2705,2384

test suite273
bestAPFD:0.902108
bestSuite:41,1578,2447,1716,258,2008,2368,836,2710,2483,1405,2501

test suite274
bestAPFD:0.920591
bestSuite:2489,1609,1720,122,2425,2463,1570,1405,2683,1586,1929

test suite275
bestAPFD:0.917306
bestSuite:154,1771,2538,1574,1974,2548,1680,2700,1716,1759,1348

test suite276
bestAPFD:0.922614
bestSuite:1960,1728,2594,1566,2586,2415,2710,2514,210,2552,2450,2535,905

test suite277
bestAPFD:0.929354
bestSuite:1819,2535,2466,2415,2697,1728,2655,2546,324,1530,2355

test suite278
bestAPFD:0.929217
bestSuite:1947,646,2458,270,1800,2605,971,1557,1643,1729,2705,2491

test suite279
bestAPFD:0.899398
bestSuite:2703,2486,414,278,2550,2442,2489,2509,701,1737

test suite280
bestAPFD:0.929217
bestSuite:2491,1780,1726,2691,2535,2466,159,268,2378,1319,2526,2578

test suite281
bestAPFD:0.912149
bestSuite:2505,224,2709,316,2573,1355,2546,2111,2501,2494,1680,1737

test suite282
bestAPFD:0.890964
bestSuite:2537,2710,2522,1732,1747,2494,1644,1816,44,2404

test suite283
bestAPFD:0.910734
bestSuite:2384,1559,2458,2607,40,2656,1729,2531,1934,2688,1680

test suite284
bestAPFD:0.907487
bestSuite:35,1716,1611,1864,2548,2529,2695,1709,690,431,1069,2407,1564,276

test suite285
bestAPFD:0.913404
bestSuite:1572,2453,1729,1944,791,2686,2535,2602

test suite286
bestAPFD:0.901104
bestSuite:648,1853,2397,2698,1309,2473,2468,2544,2505,1716,2374,66

test suite287
bestAPFD:0.904116
bestSuite:2478,1729,2457,2703,1571,1816,2598,126,2472,2504,1560,1011

test suite288
bestAPFD:0.921185
bestSuite:2519,2106,1832,2536,2514,105,1720,2507,1337,2695,2520,1117

test suite289
bestAPFD:0.905120
bestSuite:2334,1819,1663,1726,2520,2495,2283,1552,2686,2486,2616,2380

test suite290
bestAPFD:0.876936
bestSuite:1728,2533,2551,218,2438,2449,2709

test suite291
bestAPFD:0.910141
bestSuite:146,1730,1450,1440,1574,2700,2537,1799,2415,1741,2459,635

test suite292
bestAPFD:0.913855
bestSuite:2655,2567,1156,909,2486,2702,2466,1720,1403,2516

test suite293
bestAPFD:0.900602
bestSuite:2502,2509,2631,1661,2551,1866,490,1258,2696,1737

test suite294
bestAPFD:0.896495
bestSuite:1732,10,2587,2456,2394,1666,2217,2704,2476,2619,2537

test suite295
bestAPFD:0.919833
bestSuite:1720,1246,2086,766,2531,1161,2686,2534,1404,1637,1070,2394,2449

test suite296
bestAPFD:0.916165
bestSuite:2573,2396,1729,1332,2460,347,2392,2378,2523,1567,62,2695

test suite297
bestAPFD:0.919496
bestSuite:1561,1720,2472,1479,1577,2681,2549,165,1778,2116,2493

test suite298
bestAPFD:0.912149
bestSuite:162,2588,2568,2406,2459,2462,2513,1556,2682,2400,1611,2297

test suite299
bestAPFD:0.880020
bestSuite:1949,1651,2380,2562,2452,2692,1728,2510,2543,2539,213,2429

test suite300
bestAPFD:0.927209
bestSuite:2689,1857,2568,97,2621,811,1530,2494,2457,2511,1557,2394

test suite301
bestAPFD:0.914020
bestSuite:1561,2486,2457,2640,1737,215,2469,2537,2404,2687,1019

test suite302
bestAPFD:0.907129
bestSuite:1566,1013,2516,869,2640,1729,2485,1339,2689,2436,120,2546

test suite303
bestAPFD:0.905422
bestSuite:1737,1560,2366,2516,180,2536,2404,2700,1671,1404

test suite304
bestAPFD:0.907831
bestSuite:1561,1578,1737,2392,2697,2478,173,2178,2453,2590

test suite305
bestAPFD:0.916165
bestSuite:25,2573,1083,2515,2689,618,2465,1567,177,1732,1401,1404

test suite306
bestAPFD:0.916210
bestSuite:1141,1570,2692,69,1804,1378,2527,2319,1737,2531,1579

test suite307
bestAPFD:0.911492
bestSuite:666,148,2462,2568,1780,2507,1663,400,566,2691,675,2548,2477

test suite308
bestAPFD:0.897590
bestSuite:2459,2656,760,2385,2486,2354,2429,2529,1680,2706,1716

test suite309
bestAPFD:0.925703
bestSuite:2508,2455,2073,532,2112,2498,1684,1616,1579,1729,86,2685,1519,863,1020

test suite310
bestAPFD:0.915161
bestSuite:2577,2462,2696,980,2533,2412,1737,1023,2035,2455,2478,328

test suite311
bestAPFD:0.899398
bestSuite:2469,2683,2550,2541,2533,2375,1729,1876,1554,1586

test suite312
bestAPFD:0.890813
bestSuite:1361,2530,1732,2368,2438,2697,2547,1563

test suite313
bestAPFD:0.893373
bestSuite:1720,1061,1554,2702,1561,2502,1825,1861,745,2545

test suite314
bestAPFD:0.920396
bestSuite:81,1764,2532,2477,1581,2263,1732,2454,2693,1579,1861,2368,79,288

test suite315
bestAPFD:0.900371
bestSuite:2407,2246,2406,1728,2430,2547,1756,2375,2305,1565,2710,2480,72

test suite316
bestAPFD:0.943632
bestSuite:951,1522,2537,2697,2515,327,70,2523,1737,2460,2511,2643,1572,513

test suite317
bestAPFD:0.913153
bestSuite:2550,1558,2374,24,1920,1726,2630,2697,1546,1849,2473,2392

test suite318
bestAPFD:0.904217
bestSuite:1020,2505,1729,159,2522,2540,2702,765,2534,1569

test suite319
bestAPFD:0.913346
bestSuite:2340,2686,1660,2462,1431,2472,250,2475,2117,1737,2526,2416,2214

test suite320
bestAPFD:0.891103
bestSuite:2407,2689,2529,2525,2480,2238,2442,298,2450,24,1728,1104,1442

test suite321
bestAPFD:0.916165
bestSuite:2164,1631,251,1835,2536,1730,2681,1485,1178,2458,999,2465

test suite322
bestAPFD:0.906353
bestSuite:1574,1432,2548,78,2493,2532,2533,1720,794,2706,2441

test suite323
bestAPFD:0.888220
bestSuite:1726,1569,1820,840,2509,2522,97,2540,2689

test suite324
bestAPFD:0.919496
bestSuite:2540,2691,1726,1403,1536,2486,1574,1851,1572,2270,82

test suite325
bestAPFD:0.913153
bestSuite:599,2475,2424,2455,1577,2529,1732,2668,1895,2496,2681,2355

test suite326
bestAPFD:0.914020
bestSuite:2489,1579,2459,45,2700,2431,1918,2406,2568,1595,2485

test suite327
bestAPFD:0.907129
bestSuite:2478,2521,2440,1737,2407,20,2557,2687,2537,2488,1531,2111

test suite328
bestAPFD:0.892114
bestSuite:2415,1817,1530,2177,1737,2549,2708,2080,2535,2494,183

test suite329
bestAPFD:0.894578
bestSuite:1726,1403,2533,1781,1660,1565,77,169,2415,2688

test suite330
bestAPFD:0.920181
bestSuite:2694,2426,2480,2549,2483,1250,229,2397,1726,2465,190,2373

test suite331
bestAPFD:0.895400
bestSuite:2237,2687,2666,592,1585,1729,2672,2373,1663,2529,2520

test suite332
bestAPFD:0.903012
bestSuite:1726,1571,2540,2394,939,2455,2597,736,2580,2698

test suite333
bestAPFD:0.928258
bestSuite:2201,1737,2580,1557,1404,2505,1644,187,2706,200,492

test suite334
bestAPFD:0.917980
bestSuite:1737,2502,441,2453,1143,218,2486,2710,81,1578,2490,2534,2516

test suite335
bestAPFD:0.892068
bestSuite:582,1153,2613,1404,1542,2531,2475,2709,379,1726,1819,2407

test suite336
bestAPFD:0.913655
bestSuite:2392,2507,2590,2452,2684,1557,1726,249,2652

test suite337
bestAPFD:0.894913
bestSuite:2620,2539,2440,1666,2568,2459,1186,2480,2691

test suite338
bestAPFD:0.877711
bestSuite:2502,1660,2709,2553,1156,150,1737,2385,974,2637

test suite339
bestAPFD:0.905257
bestSuite:2478,2163,1820,2710,1729,2533,2472,2453,1130,1578,129

test suite340
bestAPFD:0.887733
bestSuite:2450,491,1057,2675,2689,2550,2485,2429,2392,1720,2374

test suite341
bestAPFD:0.921185
bestSuite:1087,2501,1924,1720,2513,2400,2507,2528,2639,418,2698,1803

test suite342
bestAPFD:0.905120
bestSuite:1826,1728,2437,2533,2489,1904,2708,2087,2549,219,1571,2320

test suite343
bestAPFD:0.915115
bestSuite:1720,2704,1851,870,106,2456,1573,1518,935,2535,2483

test suite344
bestAPFD:0.889759
bestSuite:1406,1578,1278,711,1737,2407,2693,2531,77,2439

test suite345
bestAPFD:0.901104
bestSuite:1631,2464,2584,2422,71,2685,870,2533,1848,1716,2523,1036

test suite346
bestAPFD:0.881526
bestSuite:2479,2515,1565,1250,2547,2628,2501,2704,2568

test suite347
bestAPFD:0.924973
bestSuite:2494,1558,2406,1320,2547,2703,1774,80,1729,2346,1560

test suite348
bestAPFD:0.925201
bestSuite:173,320,2525,2489,1570,1575,2710,1337,1793,1729,2380,695

test suite349
bestAPFD:0.893574
bestSuite:2378,1729,1135,2537,1286,1402,2702,2548,1811

test suite350
bestAPFD:0.909639
bestSuite:172,2706,624,2550,1717,2568,1576,2477,1819,1569,1577

test suite351
bestAPFD:0.881161
bestSuite:1680,2492,1851,2404,2537,2686,962,45,1256,2526,1737

test suite352
bestAPFD:0.924467
bestSuite:2462,2523,2508,2472,50,1558,2040,2690,205,1720,2580,1165,2407

test suite353
bestAPFD:0.905622
bestSuite:2473,2075,2689,2368,29,2452,1572,2534,2568

test suite354
bestAPFD:0.898193
bestSuite:166,2526,2498,2688,873,1578,2473,2380,1720,1774

test suite355
bestAPFD:0.898092
bestSuite:2428,2406,1907,1732,2375,2509,365,2454,225,1670,2681,426

test suite356
bestAPFD:0.905422
bestSuite:2343,1999,2412,2529,1571,1683,8,1737,2685,2550

test suite357
bestAPFD:0.931225
bestSuite:1557,2487,2511,1729,1406,2412,1682,236,2577,2060,1252,2688

test suite358
bestAPFD:0.918401
bestSuite:2624,2477,2107,1568,1857,2496,1730,2551,2530,1475,2705

test suite359
bestAPFD:0.902224
bestSuite:2427,2523,1438,1557,2538,2394,1546,1393,2464,20,1730,2190,2697

test suite360
bestAPFD:0.927108
bestSuite:1404,895,2513,930,1558,2477,1729,2701,119,2538

test suite361
bestAPFD:0.891064
bestSuite:256,1826,1716,2479,2041,2532,1406,1616,1070,2503,2684,2439

test suite362
bestAPFD:0.914157
bestSuite:1714,2651,1737,2535,2343,1671,2483,1581,2124,2551,2394,2681

test suite363
bestAPFD:0.901807
bestSuite:2452,2375,1732,2710,1887,1561,1371,76,2478,1562

test suite364
bestAPFD:0.908543
bestSuite:1579,31,2410,2536,2641,204,2685,1667,1816,2457,1729

test suite365
bestAPFD:0.899398
bestSuite:1729,2521,122,2709,2516,2638,2431,2536,1571,1579

test suite366
bestAPFD:0.917470
bestSuite:1561,2480,2696,1558,2582,2546,2537,1920,1833,2568

test suite367
bestAPFD:0.901807
bestSuite:2708,2530,2568,2589,2525,2613,1585,2355,2538,1644

test suite368
bestAPFD:0.892068
bestSuite:2477,1730,800,196,2707,171,2485,768,2400,1514,1035,1405

test suite369
bestAPFD:0.903151
bestSuite:1829,2107,1729,2464,2674,2684,103,2525,916,1563,1416,2385,2533

test suite370
bestAPFD:0.903067
bestSuite:2568,2491,1816,2507,2703,156,472,438,2501,2334,2523

test suite371
bestAPFD:0.925201
bestSuite:2494,1643,72,1283,1576,1729,2513,1438,2577,2704,2643,2525

test suite372
bestAPFD:0.911145
bestSuite:2538,2205,2616,1729,2357,2530,1625,2694,2016,2449,1800,2452

test suite373
bestAPFD:0.907448
bestSuite:2642,2406,1660,2248,2437,1309,2518,2690,2479,1728,2525

test suite374
bestAPFD:0.894304
bestSuite:2538,82,1720,409,2700,2520,1580,738,1780,441,2403

test suite375
bestAPFD:0.910241
bestSuite:1726,1832,2547,1260,201,1565,2516,2705,1525,2461

test suite376
bestAPFD:0.901972
bestSuite:1100,2681,2375,1778,1647,2449,162,2522,2568,977,2536

test suite377
bestAPFD:0.916210
bestSuite:2568,2521,861,2539,1570,711,1660,2583,112,2630,2689

test suite378
bestAPFD:0.913655
bestSuite:1563,2538,1732,1971,2526,2498,75,2693,1889

test suite379
bestAPFD:0.917169
bestSuite:2623,1737,1566,2506,2395,2591,947,2491,2686,2456,2254,2486

test suite380
bestAPFD:0.896495
bestSuite:1554,1221,25,1046,2533,1405,2654,2511,1726,1853,2703

test suite381
bestAPFD:0.892319
bestSuite:2581,2507,2709,2532,2537,107,2568,1404

test suite382
bestAPFD:0.912149
bestSuite:603,1625,2504,2498,2403,2682,1729,133,2459,1805,2090,2407

test suite383
bestAPFD:0.924197
bestSuite:2377,1583,2575,1754,1000,1584,2686,2523,358,1729,2353,2537

test suite384
bestAPFD:0.895080
bestSuite:1971,113,2323,2492,2485,2416,80,1737,2707,1631,2477,2459

test suite385
bestAPFD:0.918906
bestSuite:2699,2496,2366,2085,2495,1809,2530,2550,1972,2121,592,46,1728

test suite386
bestAPFD:0.908133
bestSuite:2375,1934,2500,2539,1729,2459,192,2378,803,147,1680,2697

test suite387
bestAPFD:0.889759
bestSuite:1542,2454,1868,2482,759,1729,2517,108,2692,2539

test suite388
bestAPFD:0.910141
bestSuite:2509,174,1660,1728,2700,399,1191,2505,2540,1254,1405,1820

test suite389
bestAPFD:0.894578
bestSuite:1716,1578,1036,1586,2528,2406,2514,33,2705,2575

test suite390
bestAPFD:0.911145
bestSuite:1440,1728,1631,2462,2537,2400,364,1810,2620,2521,1759,2705

test suite391
bestAPFD:0.904116
bestSuite:2138,2523,1963,1236,1569,1729,2491,2662,1131,2509,2702,1546

test suite392
bestAPFD:0.913153
bestSuite:2676,1606,336,1663,2492,1576,2693,1730,968,2544,2445,2502

test suite393
bestAPFD:0.899398
bestSuite:2335,2651,1595,2442,2392,2688,2539,2504,1726,2520

test suite394
bestAPFD:0.912149
bestSuite:1793,2530,2138,1577,2392,1726,119,1530,299,2692,2315,2546

test suite395
bestAPFD:0.919833
bestSuite:2384,2707,2439,2535,1559,1730,1522,1396,633,1971,1443,2523,275

test suite396
bestAPFD:0.912419
bestSuite:1680,2496,2404,1716,2696,377,1832,1859,1128,2502,2551,2636,348

test suite397
bestAPFD:0.906961
bestSuite:1794,2536,2547,630,1573,2568,189,2681,2231

test suite398
bestAPFD:0.885542
bestSuite:599,1728,2699,289,2475,2530,2431,1307,2529,1403,1643

test suite399
bestAPFD:0.912924
bestSuite:2430,2568,2693,2556,2459,8,1660,2516,303,2538,2220

test suite400
bestAPFD:0.886295
bestSuite:2534,1575,1730,662,2458,114,2704,2533

test suite401
bestAPFD:0.904217
bestSuite:2486,177,2487,2692,1582,2454,737,1732,1579,2424

test suite402
bestAPFD:0.902108
bestSuite:2060,1404,1631,2392,2407,2662,2427,2485,1720,1401,2696,2122

test suite403
bestAPFD:0.915115
bestSuite:1570,1503,2491,1726,1384,2395,1934,283,2525,1522,2694

test suite404
bestAPFD:0.922614
bestSuite:2434,1825,2551,1728,2539,710,1574,2500,827,2682,2395,1570,2601

test suite405
bestAPFD:0.907448
bestSuite:1582,2557,2702,2515,2394,1447,1805,2455,2568,2460,1608

test suite406
bestAPFD:0.904284
bestSuite:2517,2694,2449,2530,2560,2437,1726,2544,119

test suite407
bestAPFD:0.900371
bestSuite:1611,2684,2311,1771,2486,2627,2540,1728,2547,223,2480,332,2385

test suite408
bestAPFD:0.924973
bestSuite:2516,2489,1568,2695,902,2636,1643,1729,2473,1404,2587

test suite409
bestAPFD:0.911446
bestSuite:2708,1832,1568,277,1728,2415,2455,1516,2533,2619

test suite410
bestAPFD:0.884940
bestSuite:772,2679,1404,2491,2691,1716,2513,920,1670,2395

test suite411
bestAPFD:0.908300
bestSuite:2702,140,1565,2472,828,1557,2550,1728,2429

test suite412
bestAPFD:0.912149
bestSuite:1579,2274,1110,2446,1728,2538,2367,2525,21,717,1542,2708

test suite413
bestAPFD:0.925201
bestSuite:2508,2454,1563,579,2535,26,1853,589,1737,2378,1329,2689

test suite414
bestAPFD:0.924973
bestSuite:1609,2544,1863,2683,1584,2560,2494,2408,1729,2513,102

test suite415
bestAPFD:0.913655
bestSuite:1729,2502,1880,2689,885,2384,2466,2500,2521

test suite416
bestAPFD:0.916265
bestSuite:1570,2502,660,1716,2526,13,2218,2373,2494,2689

test suite417
bestAPFD:0.918401
bestSuite:227,824,1505,2707,2477,1563,1557,900,2582,2459,1729

test suite418
bestAPFD:0.877711
bestSuite:963,1716,2584,2407,2531,2450,2694,2532,1564,2456

test suite419
bestAPFD:0.898092
bestSuite:1968,1997,1728,270,2397,521,2704,2583,2518,2533,181,1403

test suite420
bestAPFD:0.925904
bestSuite:1572,2694,1870,1557,1737,2526,2046,2427,10,2531

test suite421
bestAPFD:0.910141
bestSuite:2201,2482,1799,2465,2553,132,1569,288,1720,2701,2516,1721

test suite422
bestAPFD:0.915199
bestSuite:1406,2486,1324,1730,2688,2482,254,2591,2496,2516,1531,283,2355

test suite423
bestAPFD:0.885542
bestSuite:534,2092,2495,1732,289,2533,2681,2404,2455

test suite424
bestAPFD:0.902945
bestSuite:2455,1363,2530,2684,1563,2477,2377,1730,2383

test suite425
bestAPFD:0.924197
bestSuite:1716,2681,621,2458,2509,2513,2028,1643,1912,130,1558,903

test suite426
bestAPFD:0.923877
bestSuite:2448,243,1560,2445,612,2637,1720,2456,2489,2698,2529

test suite427
bestAPFD:0.887733
bestSuite:2397,2538,2510,1729,282,2438,643,2705,1190,375,2522

test suite428
bestAPFD:0.895080
bestSuite:2490,882,274,2412,1720,1007,1849,1666,395,2452,2531,2695

test suite429
bestAPFD:0.901972
bestSuite:1208,143,2237,2501,1565,2483,2706,2437,2549,2475,1732

test suite430
bestAPFD:0.891064
bestSuite:1728,2408,2544,1313,1567,2624,1644,2078,2368,2485,1805,2693

test suite431
bestAPFD:0.922289
bestSuite:84,1744,2681,1737,2514,1051,2462,1572,2457,1857

test suite432
bestAPFD:0.913153
bestSuite:2693,152,2568,2509,2583,2265,2478,2540,1322,1518,10,2547

test suite433
bestAPFD:0.912651
bestSuite:1728,2695,167,2465,2066,1569,1007,1315,2520,2514

test suite434
bestAPFD:0.910734
bestSuite:2575,698,1583,7,2452,2395,2479,2685,1879,1730,2485

test suite435
bestAPFD:0.907831
bestSuite:864,2649,1561,2505,2552,219,1402,1716,2692,1850

test suite436
bestAPFD:0.909639
bestSuite:1007,823,2456,1576,2687,1823,1729,1585,2514,2476,169

test suite437
bestAPFD:0.898092
bestSuite:2531,1720,1888,1670,638,2552,2538,2510,2696,156,1847,1786

test suite438
bestAPFD:0.900602
bestSuite:2695,1542,2483,1743,2453,2588,2533,1295,1720,2647

test suite439
bestAPFD:0.929354
bestSuite:2655,1557,2660,1611,1732,2690,2494,1849,967,2385,2525

test suite440
bestAPFD:0.907129
bestSuite:2536,2587,51,1683,1494,2682,1762,2515,999,1726,1560,2545

test suite441
bestAPFD:0.895400
bestSuite:794,239,1729,2696,1531,454,2400,2485,1851,2472,2546

test suite442
bestAPFD:0.900602
bestSuite:2395,2697,2477,512,1808,691,1404,1730,1894,2460

test suite443
bestAPFD:0.905120
bestSuite:1145,2697,1778,2368,1730,2552,2481,2465,1616,134,1579,708

test suite444
bestAPFD:0.900100
bestSuite:2408,1291,1683,1156,400,1850,340,2703,1402,1726,2544,2540

test suite445
bestAPFD:0.886881
bestSuite:2403,2538,2456,2688,2483,2591,1720,172,976

test suite446
bestAPFD:0.896495
bestSuite:2505,1439,1798,1567,1680,2452,2498,1728,2703,1216,253

test suite447
bestAPFD:0.895400
bestSuite:1732,972,2708,1583,1030,1863,2394,2485,2549,190,2487

test suite448
bestAPFD:0.919496
bestSuite:1558,2502,278,2694,2400,1478,1730,2488,871,1416,2547

test suite449
bestAPFD:0.888052
bestSuite:2493,2406,1232,215,2528,1062,2690,192,1729,2514,1644,2539

test suite450
bestAPFD:0.896084
bestSuite:2595,2394,2687,750,2478,197,758,2536,1729,2509,2525,1803

test suite451
bestAPFD:0.907831
bestSuite:2476,1563,2681,1499,2395,1732,2442,2456,924,2494

test suite452
bestAPFD:0.900876
bestSuite:2462,2384,2517,54,966,1737,2533,24,2703,1862,2525

test suite453
bestAPFD:0.905422
bestSuite:88,1573,1586,2392,2476,2545,1730,1078,2705,2577

test suite454
bestAPFD:0.899398
bestSuite:2513,1720,1,2505,2681,1416,1808,1602,2455,1386

test suite455
bestAPFD:0.921687
bestSuite:2482,2368,1807,2683,1581,2520,1570,31,1728,2385,775

test suite456
bestAPFD:0.892169
bestSuite:2478,1853,2477,1616,265,1728,2681,1560,1960,2454

test suite457
bestAPFD:0.892114
bestSuite:166,1720,2632,2407,2473,2521,1283,2688,1577,2517,2438

test suite458
bestAPFD:0.889923
bestSuite:1732,744,1301,2373,2486,2403,2553,2706,230,2515,1487

test suite459
bestAPFD:0.907448
bestSuite:1716,2329,2515,1586,2522,44,1830,1682,1585,2486,2709

test suite460
bestAPFD:0.913153
bestSuite:2507,464,2250,1847,2532,2546,2487,2685,1401,1726,2512,10

test suite461
bestAPFD:0.896495
bestSuite:2518,1807,2515,2385,1569,1269,1578,1729,130,2707,1406

test suite462
bestAPFD:0.904217
bestSuite:2523,1720,2539,2695,2485,1500,751,2498,1577,2250

test suite463
bestAPFD:0.909639
bestSuite:1522,825,2682,2494,2540,253,342,1737,1560,2522,1937

test suite464
bestAPFD:0.904162
bestSuite:620,1864,1579,2695,2462,1729,134,1554,2459,505,2540

test suite465
bestAPFD:0.906627
bestSuite:2568,2408,2478,2528,2436,2483,240,2703,1402,1276

test suite466
bestAPFD:0.887733
bestSuite:1771,1560,1406,682,746,2698,1737,2531,1411,168,1682

test suite467
bestAPFD:0.915115
bestSuite:568,2514,2551,1401,2483,2692,1720,928,1200,2486,204

test suite468
bestAPFD:0.923877
bestSuite:2495,290,803,2577,2460,1562,2378,2459,1729,2703,2080

test suite469
bestAPFD:0.888220
bestSuite:2438,2374,2502,808,1680,2143,2544,1729,2689

test suite470
bestAPFD:0.902861
bestSuite:2460,1584,2514,2377,2709,1403,1716,262

test suite471
bestAPFD:0.907129
bestSuite:2679,2708,2400,1966,52,2514,2568,2538,1690,1583,2528,1600

test suite472
bestAPFD:0.887396
bestSuite:1716,1522,2512,2400,372,935,2539,1255,2003,2552,1832,2700,80

test suite473
bestAPFD:0.915232
bestSuite:1213,1683,2699,2483,2545,14,1730,1545,2189,2406,874,1571,2226,2374

test suite474
bestAPFD:0.898193
bestSuite:1403,2478,2392,156,2693,2568,1546,2585,2479,1061

test suite475
bestAPFD:0.900268
bestSuite:2633,2496,299,2568,2494,2145,2528,2478,2685

test suite476
bestAPFD:0.890897
bestSuite:2587,1595,1403,2624,1716,2684,2503,482,2538

test suite477
bestAPFD:0.888220
bestSuite:1403,2498,1720,2697,1569,937,2479,9,2285

test suite478
bestAPFD:0.890813
bestSuite:2538,179,2681,2462,2523,1822,1729,2518

test suite479
bestAPFD:0.917980
bestSuite:1716,2489,1731,2682,1576,210,809,167,2437,1403,2410,1592,2537

test suite480
bestAPFD:0.918675
bestSuite:1995,1557,2408,2452,2702,1542,728,1737,2477,104

test suite481
bestAPFD:0.911446
bestSuite:2505,1720,2478,575,1974,2546,2695,2448,243,2590

test suite482
bestAPFD:0.909137
bestSuite:2374,530,1197,2441,2477,1577,2616,2485,235,1404,2702,1729

test suite483
bestAPFD:0.897590
bestSuite:151,1566,2702,2677,2539,2527,1628,2568,2066

test suite484
bestAPFD:0.910734
bestSuite:2476,2477,123,1769,1716,2544,1664,1559,1052,2683,2378

test suite485
bestAPFD:0.938369
bestSuite:2687,2511,2535,369,1729,1106,1866,547,2461,2524,1627,2380,1122

test suite486
bestAPFD:0.909137
bestSuite:2527,2683,1364,71,1729,741,1794,2498,1283,2517,1576,1578

test suite487
bestAPFD:0.895400
bestSuite:655,2412,1716,1585,1798,1405,149,2704,2478,2494,2131

test suite488
bestAPFD:0.941050
bestSuite:1557,1835,600,61,2511,2523,2477,2378,1728,111,763,2025,2707,1661

test suite489
bestAPFD:0.914993
bestSuite:1730,440,2455,1542,2513,1557,441,2708,2312

test suite490
bestAPFD:0.899096
bestSuite:1861,320,1720,2700,2514,2553,841,495,385,2535,1595,84

test suite491
bestAPFD:0.914272
bestSuite:2446,2394,2548,111,988,2493,2494,2537,1646,1730,1566,782,2703

test suite492
bestAPFD:0.928258
bestSuite:958,2513,1794,1644,2516,1568,2489,2523,2705,1726,805

test suite493
bestAPFD:0.909639
bestSuite:2491,2653,1726,2498,1401,2429,2689,2380,1873,2548,2615

test suite494
bestAPFD:0.898881
bestSuite:1116,281,2368,2685,2380,2581,1651,1732,2490,1405,1123,301,336,2502

test suite495
bestAPFD:0.912924
bestSuite:2568,2455,718,2575,990,2532,2496,2487,1806,1575,2707

test suite496
bestAPFD:0.899398
bestSuite:947,2507,1729,183,780,2697,2590,115,2529,2551

test suite497
bestAPFD:0.894076
bestSuite:2528,1862,2529,1729,2530,2481,1670,2690,1264,995,1495,230

test suite498
bestAPFD:0.910734
bestSuite:2591,2502,2495,2397,2695,2614,2344,2408,1730,246,2453

test suite499
bestAPFD:0.905120
bestSuite:1580,2598,2522,2535,2233,2691,1039,1401,1043,1729,173,884

test suite500
bestAPFD:0.909036
bestSuite:156,2494,2461,1666,2685,1728,2415,1644,1403,611

