test suite1
bestAPFD:0.901262
bestSuite:1570,2514,1720,2374,201,2704,2552,38,2208,1514,992

test suite2
bestAPFD:0.904237
bestSuite:2463,2479,2688,1720,2460,1818,2524,1563,446,869,1722

test suite3
bestAPFD:0.896286
bestSuite:1566,2237,2538,2694,245,1404,1732,2051,2531,1517,1546

test suite4
bestAPFD:0.905834
bestSuite:1576,2498,1595,1728,2703,2528,1175,1257,2385,11,2406,1830

test suite5
bestAPFD:0.891878
bestSuite:1576,1292,2535,2697,2524,1716,2514,2397,3,1976

test suite6
bestAPFD:0.898795
bestSuite:2448,262,2494,1732,1580,2406,2704,2521,933,795,2438,161

test suite7
bestAPFD:0.871615
bestSuite:1737,2412,2476,1822,1683,2605,2553,2392,1387,2708

test suite8
bestAPFD:0.890864
bestSuite:179,1585,1720,2540,2159,2527,2478,2537,563,2701

test suite9
bestAPFD:0.907361
bestSuite:1570,2568,2538,2683,2435,2547,2377,181,701,458,1247

test suite10
bestAPFD:0.897902
bestSuite:1557,2587,1716,1595,2536,2710,2523,218,1622

test suite11
bestAPFD:0.899472
bestSuite:1401,1732,2540,1830,673,1631,2710,2638,2262,2375,1279,2547

test suite12
bestAPFD:0.887950
bestSuite:1728,2513,2407,2704,2556,1683,2458,2191,2383,2515,82

test suite13
bestAPFD:0.893177
bestSuite:1726,2395,2489,1565,2501,2710,2549,1160,1781,239,2490,1897

test suite14
bestAPFD:0.898793
bestSuite:2221,2509,2489,2683,2548,1716,1847,2406,2377,111,2492,1487,2182

test suite15
bestAPFD:0.903784
bestSuite:154,2462,2479,2702,1769,1732,2553,2415,1766,2492,1354,1536,1200

test suite16
bestAPFD:0.885987
bestSuite:2073,2536,1560,71,2568,1616,2682,1403,849,2481

test suite17
bestAPFD:0.885559
bestSuite:218,1578,2494,2485,2395,1730,2459,1168,2706,2066

test suite18
bestAPFD:0.905548
bestSuite:1579,2489,1737,2462,2703,2551,2034,1663,2380,184,1780,863

test suite19
bestAPFD:0.901144
bestSuite:1579,2502,2022,1737,1585,2453,2699,2063,2604,499,1830

test suite20
bestAPFD:0.874927
bestSuite:1564,933,2533,1730,464,2427,2544,2412,1683,1377,2708

test suite21
bestAPFD:0.901669
bestSuite:2448,2502,1728,2684,1329,2436,2415,1406,2460,1833,111,1644

test suite22
bestAPFD:0.887946
bestSuite:2159,2530,1728,2492,1531,2537,2694,269,2045,787,2521

test suite23
bestAPFD:0.881399
bestSuite:2617,1569,2502,1716,2459,2416,2699,1450

test suite24
bestAPFD:0.902497
bestSuite:1561,1726,2513,2462,2458,2704,2430,700,2467,103,379,869

test suite25
bestAPFD:0.884440
bestSuite:140,1522,2568,2529,2501,1810,2412,2696,1524,2527,939,1467

test suite26
bestAPFD:0.907247
bestSuite:610,2496,2502,2687,1726,2549,2447,223,929,445,2369,1486,2516,449

test suite27
bestAPFD:0.892425
bestSuite:2301,2535,2462,1737,2545,65,2403,2495,2686,1864,2519

test suite28
bestAPFD:0.885080
bestSuite:84,2378,2584,1730,2476,2695,2392,1661,2148,354,1141,2464,2458

test suite29
bestAPFD:0.916878
bestSuite:1572,2502,1730,2700,2528,1278,831,13,2403,28,1637,2482

test suite30
bestAPFD:0.895682
bestSuite:2448,2514,2400,2406,1737,2698,1751,970,2553,1849

test suite31
bestAPFD:0.891495
bestSuite:620,2535,1726,2477,2685,143,1611,2456,350,1771,942,2225

test suite32
bestAPFD:0.898402
bestSuite:1563,2476,2428,2704,2412,1729,2392,2458,1196,2490,1132,11

test suite33
bestAPFD:0.894150
bestSuite:1575,2445,2529,1720,107,2400,2458,2687,604,2578,222

test suite34
bestAPFD:0.877829
bestSuite:1726,1583,2502,1242,2483,2692,2436,2549,151

test suite35
bestAPFD:0.890347
bestSuite:1581,1062,2540,1807,202,1732,127,2693,1871,2499,2552

test suite36
bestAPFD:0.883511
bestSuite:232,1611,2515,2568,2377,2501,2699,1032,2576,904,2544

test suite37
bestAPFD:0.913191
bestSuite:2461,2517,2693,2507,2431,1729,2455,2639,1297,1567,842,1670,1485

test suite38
bestAPFD:0.890999
bestSuite:216,2514,2412,1730,1661,2546,2485,2073,534,2699,1748,776

test suite39
bestAPFD:0.894048
bestSuite:2449,2568,2407,2486,2368,2685,1811,2521,2340,113,614

test suite40
bestAPFD:0.882421
bestSuite:72,2538,2221,1716,1817,2397,2504,1882,2706,2524,2373,535,346

test suite41
bestAPFD:0.900737
bestSuite:2620,2460,2477,2415,1730,2694,2457,2194,1522,1798,2506,1671

test suite42
bestAPFD:0.911173
bestSuite:1568,2539,1716,2708,1809,2218,2420,1477,2473,1221,1556,2550

test suite43
bestAPFD:0.888015
bestSuite:52,2509,1726,2517,2694,2458,2582,2406,1538,2605

test suite44
bestAPFD:0.898533
bestSuite:2460,2208,2505,1729,1404,2260,2684,398,1336,2395,1866,1724

test suite45
bestAPFD:0.885925
bestSuite:2227,2507,2489,1027,1716,2708,2524,208,1602,1803,2478

test suite46
bestAPFD:0.881660
bestSuite:1582,1359,2529,1720,1810,2380,2702,2458,256

test suite47
bestAPFD:0.905991
bestSuite:1558,2460,1720,2584,2375,2385,2690,2458,91,902,2133,1313,2481,241

test suite48
bestAPFD:0.889142
bestSuite:1402,2472,1726,2130,2706,1569,2416,2456,211,2428,199

test suite49
bestAPFD:0.907278
bestSuite:1570,1729,2394,2514,2545,1568,2700,615,2451,2425,2087,286

test suite50
bestAPFD:0.897206
bestSuite:1576,1778,1730,2486,2690,2539,2456,1616,210,1902,1170,2659

test suite51
bestAPFD:0.875632
bestSuite:1981,2462,1800,2626,2375,2568,2496,2695,1272,2523

test suite52
bestAPFD:0.875202
bestSuite:928,2538,2477,2681,1726,19,2546,2412,1680

test suite53
bestAPFD:0.892200
bestSuite:825,2509,2534,2537,2568,54,2692,2501,1683,2453,2504

test suite54
bestAPFD:0.885719
bestSuite:2568,2539,2510,2101,25,1771,1666,2710,1698,1086,1484,1405

test suite55
bestAPFD:0.905463
bestSuite:2461,2489,2547,1580,1728,2695,2476,835,1985,154

test suite56
bestAPFD:0.906619
bestSuite:2461,2498,1732,2703,2407,2526,250,2467,2335,1308

test suite57
bestAPFD:0.901393
bestSuite:2449,971,2485,2494,1732,2412,2683,1406,216,2493,1310,1861,1407

test suite58
bestAPFD:0.901706
bestSuite:1557,2516,2568,2681,1566,2458,2633,2309,505

test suite59
bestAPFD:0.899662
bestSuite:1573,2536,870,2469,1720,800,2683,2520,2501,2368,202,1771

test suite60
bestAPFD:0.883154
bestSuite:1269,1560,2537,1887,178,2698,1729,1631,2478,1404,1489

test suite61
bestAPFD:0.916628
bestSuite:1572,2502,1732,2700,1403,2446,1885,998,2463,294,500,404

test suite62
bestAPFD:0.906657
bestSuite:1570,2535,1730,2522,677,2699,258,1823,1663,2412

test suite63
bestAPFD:0.910001
bestSuite:1558,2540,1730,1771,2708,2454,1217,123,2407,929,1070

test suite64
bestAPFD:0.876676
bestSuite:2583,2536,1730,123,2488,2451,2550,2690,1147

test suite65
bestAPFD:0.897864
bestSuite:2339,2516,2668,1663,1737,2501,2693,2545,2506,1615,2495,2277,1857

test suite66
bestAPFD:0.878955
bestSuite:2448,2536,1726,2647,2528,2695,1393,2438

test suite67
bestAPFD:0.887623
bestSuite:91,2535,1569,1580,2698,1716,2591,2551,1762

test suite68
bestAPFD:0.902725
bestSuite:2066,1561,2568,1666,2368,2546,2685,2481,1032,283,2476,934,441,1053

test suite69
bestAPFD:0.892922
bestSuite:178,1585,2538,2699,1781,1405,1737,624,534,2502

test suite70
bestAPFD:0.887189
bestSuite:2424,1585,2501,2394,1737,2392,2690,2527,1567,592,883,159

test suite71
bestAPFD:0.887302
bestSuite:698,2408,2498,1670,1737,2701,832,258,1780,2476,2553

test suite72
bestAPFD:0.884545
bestSuite:184,2539,1729,1847,2078,2482,2410,2681,2523,2391,921

test suite73
bestAPFD:0.891606
bestSuite:1585,1015,2516,1732,2532,1404,2700,80,714,2581,2404,2519

test suite74
bestAPFD:0.898086
bestSuite:245,2505,2486,1732,2682,1101,1514,2553,1001,1479,1818,995,2517

test suite75
bestAPFD:0.906727
bestSuite:2461,2514,2706,1580,2457,1737,1297,1651,134,1794

test suite76
bestAPFD:0.882370
bestSuite:107,2404,2477,1729,2478,1888,2544,1546,2691

test suite77
bestAPFD:0.875711
bestSuite:1571,2161,2530,2368,2683,1737,2299,159,2545

test suite78
bestAPFD:0.909825
bestSuite:1572,2516,2704,1730,2523,2476,2395,107,863,1774,2563

test suite79
bestAPFD:0.898893
bestSuite:1570,1728,2495,2415,2545,2700,1663,1809,168

test suite80
bestAPFD:0.904335
bestSuite:1558,2513,1730,2465,2693,2590,290,752,948,2547

test suite81
bestAPFD:0.900121
bestSuite:1557,1558,2706,2434,2529,1730,1406,1898,157,2273

test suite82
bestAPFD:0.892167
bestSuite:1912,2491,1583,2415,149,1732,2501,2454,2707,2482,666,847,2625,475

test suite83
bestAPFD:0.884720
bestSuite:2448,1726,2505,2476,2697,730,2523,1192

test suite84
bestAPFD:0.892196
bestSuite:1574,2652,2529,1732,1793,2694,2378,2301,2521,838,189

test suite85
bestAPFD:0.870817
bestSuite:753,2533,1729,2477,228,2705,2546,1595,532

test suite86
bestAPFD:0.875634
bestSuite:2568,2539,2620,2508,1853,2700,2528,479,1680

test suite87
bestAPFD:0.910607
bestSuite:2461,2515,1726,2496,2690,2549,957,2493,265,1912,282

test suite88
bestAPFD:0.910375
bestSuite:2461,2533,2432,1729,2522,1475,2683,1576,2448,2490,2668,1757

test suite89
bestAPFD:0.892840
bestSuite:1575,100,2533,2577,1729,2707,760,2553,1874,1230

test suite90
bestAPFD:0.902526
bestSuite:2465,2513,1729,2450,2696,2497,2520,1740,1905,1832

test suite91
bestAPFD:0.877857
bestSuite:253,1663,2537,1728,2434,2506,2412,2459,231,2007,2704

test suite92
bestAPFD:0.904686
bestSuite:1575,2540,1728,195,1818,2695,2550,1082,2056,1383,1661,2532,2398,888

test suite93
bestAPFD:0.911107
bestSuite:1572,2491,2690,2501,1730,710,2520,286,1580,1656,800

test suite94
bestAPFD:0.893089
bestSuite:1574,1720,2517,1369,2485,1560,1534,2549,2469,1670,228,2702

test suite95
bestAPFD:0.903868
bestSuite:1568,2532,2374,2368,2435,2689,2522,1720,281,813,848,2450,583

test suite96
bestAPFD:0.874341
bestSuite:1726,1546,2473,1822,2531,2400,2689,2457,16

test suite97
bestAPFD:0.910856
bestSuite:1572,2513,2689,1726,2523,103,773,1798,387,1504

test suite98
bestAPFD:0.888591
bestSuite:126,2538,1732,2410,2506,2440,2551,2684,2537,2077

test suite99
bestAPFD:0.893271
bestSuite:1571,609,2574,2531,2374,2709,1720,2523,1376,212,1482,2053,1423

test suite100
bestAPFD:0.872919
bestSuite:2468,1560,2533,1730,24,1595,2702,2552

test suite101
bestAPFD:0.885020
bestSuite:1402,1922,2538,1726,2709,1864,2457,2478,582

test suite102
bestAPFD:0.911768
bestSuite:2461,2516,2685,1729,2522,1574,397,1359,1537,208

test suite103
bestAPFD:0.892234
bestSuite:835,1561,1862,2368,1728,1595,1403,1579,1523,1958,181,2693

test suite104
bestAPFD:0.889091
bestSuite:2588,2462,117,2378,1716,2689,2202,1450,1174,1683,2375,2521

test suite105
bestAPFD:0.897553
bestSuite:58,2479,2462,2237,1729,2698,2548,2496,972,1564,2598,1517

test suite106
bestAPFD:0.903306
bestSuite:1566,1726,2505,2530,2691,2457,1586,2441,299,1345,2330,2400

test suite107
bestAPFD:0.910534
bestSuite:1572,2477,2568,2686,2540,2457,783,260,2145,411,669

test suite108
bestAPFD:0.908374
bestSuite:1570,2577,2538,2547,2568,2709,72,2052,1187,2490,1401,1282

test suite109
bestAPFD:0.863621
bestSuite:1726,2535,1169,2488,1682,2692,2453,2597

test suite110
bestAPFD:0.906665
bestSuite:1568,1720,2400,2485,2368,2696,1769,2553,2047,252,2038,2488,2484,1708

test suite111
bestAPFD:0.887514
bestSuite:2582,2533,223,2481,1366,1531,2550,1716,2682,938,1338,367,2505,2374

test suite112
bestAPFD:0.913192
bestSuite:1572,2502,2694,1720,2522,1288,1772,2095,2477,2451

test suite113
bestAPFD:0.874116
bestSuite:2066,2516,2498,1726,2709,2524,1670,212

test suite114
bestAPFD:0.890486
bestSuite:1737,2404,2478,2695,2464,2375,1863,1522,2525,277,1922,240,777,565,442

test suite115
bestAPFD:0.897545
bestSuite:2568,2460,2529,2438,2373,2699,2453,13,909,1670,1579

test suite116
bestAPFD:0.902968
bestSuite:1568,1557,2472,1720,2685,2048,2523,254,2586,205

test suite117
bestAPFD:0.895395
bestSuite:1561,121,2505,2688,1574,2525,1716,1830,580,2070

test suite118
bestAPFD:0.885721
bestSuite:1203,2538,1720,1554,2609,2518,1794,2545,2701,573,1512

test suite119
bestAPFD:0.898367
bestSuite:1561,154,1726,2515,1644,2684,1231,2553,2432,2016,1579

test suite120
bestAPFD:0.908587
bestSuite:1562,1737,2487,2525,2478,2395,2687,44,1962,1830,2,2594,2323

test suite121
bestAPFD:0.907837
bestSuite:1557,2582,2515,2522,1716,1573,2693,1316,2541,1971,1824,2377

test suite122
bestAPFD:0.894511
bestSuite:265,2483,1729,1569,2694,2545,2540,1567,1807,1783,1500,1182,2412,1516

test suite123
bestAPFD:0.908394
bestSuite:1557,2466,1726,2368,2590,2682,236,2453,862,1502,717,2506,2302,710

test suite124
bestAPFD:0.901117
bestSuite:1579,2498,1720,2460,2696,1405,12,263,1810,2654

test suite125
bestAPFD:0.897298
bestSuite:1574,1329,2538,2544,1781,1726,2694,2368,2378,245,1519

test suite126
bestAPFD:0.902764
bestSuite:2461,2491,2688,2394,1728,2455,807,1275,385

test suite127
bestAPFD:0.894864
bestSuite:1575,256,2539,1864,1737,2689,2526,1660,567,1710

test suite128
bestAPFD:0.892242
bestSuite:180,1566,2516,2525,1716,2696,2066,1473,2062,2076,2537

test suite129
bestAPFD:0.902637
bestSuite:1402,2445,2533,2697,1729,143,2547,2309,2266,2385,1826,2392

test suite130
bestAPFD:0.884172
bestSuite:129,2479,2576,1631,734,2526,2501,2701,1737,2001,2363

test suite131
bestAPFD:0.908581
bestSuite:1557,1729,1536,2392,2582,2458,2702,2638,2511,1356,1596,2394

test suite132
bestAPFD:0.894490
bestSuite:2448,712,2536,1720,2694,1804,2522,1157,2476,2675

test suite133
bestAPFD:0.887738
bestSuite:237,2483,2486,2544,2435,2681,1720,232,2510,1362,1680

test suite134
bestAPFD:0.892157
bestSuite:1586,1726,1569,2515,2453,2573,1661,2708,2512,2561,27

test suite135
bestAPFD:0.906973
bestSuite:1568,2502,2695,2408,1730,2655,2528,378,2299,499

test suite136
bestAPFD:0.888462
bestSuite:8,1602,1729,2374,2537,2488,1863,2703,2548,9,2288,722,1050

test suite137
bestAPFD:0.904078
bestSuite:1557,2517,2449,1716,1288,2685,1929,1403,2655,2490,2404

test suite138
bestAPFD:0.893777
bestSuite:2449,2486,2580,1730,1580,2375,2682,2526,1722,1780,66

test suite139
bestAPFD:0.904716
bestSuite:1559,2513,1560,1716,2457,2701,1203,1866,2406,62

test suite140
bestAPFD:0.872017
bestSuite:2137,2509,2514,1716,2502,2692,133,2455

test suite141
bestAPFD:0.913961
bestSuite:2463,2535,2691,2568,2452,193,2427,2408,1020,2397,474

test suite142
bestAPFD:0.890972
bestSuite:34,2404,2485,2590,2375,1737,1869,2686,2497,2457,1581

test suite143
bestAPFD:0.901781
bestSuite:1574,1233,2539,2523,2434,1732,2686,2609,1137,408,300,2407

test suite144
bestAPFD:0.899920
bestSuite:13,1571,2540,1850,2568,2688,469,2525,2517,23,2485,1588,2594

test suite145
bestAPFD:0.890352
bestSuite:2073,2483,2704,294,1531,1728,2501,2550,319,2384,2329

test suite146
bestAPFD:0.883132
bestSuite:203,1602,1720,2501,1819,2548,2378,1711,2531,1000,440,2686

test suite147
bestAPFD:0.892430
bestSuite:1575,2117,2478,2453,1726,1580,2698,2368,288,463,1254

test suite148
bestAPFD:0.897671
bestSuite:2617,2516,1643,2537,2682,1730,1405,1058,2066,2292,2415

test suite149
bestAPFD:0.910477
bestSuite:1557,2515,2568,1536,1403,202,2662,2687,2473,2585,360,1745

test suite150
bestAPFD:0.902927
bestSuite:1563,1726,2540,2580,2709,2456,2554,1538,1284,2476,2404

test suite151
bestAPFD:0.904239
bestSuite:1561,2513,1583,1737,2698,2459,614,804,1804,1630,2486,2481,277

test suite152
bestAPFD:0.897376
bestSuite:2568,2395,2513,290,2457,1631,2681,2236,2476,2643,529,2490

test suite153
bestAPFD:0.903986
bestSuite:1573,1920,2539,1720,1780,2706,2452,1455,1360,2394,1509,1512

test suite154
bestAPFD:0.888400
bestSuite:1401,2442,2531,2404,2706,1732,2454,2642,1618

test suite155
bestAPFD:0.898352
bestSuite:2237,2509,2498,1732,2685,2525,1583,58,903,2510,1882

test suite156
bestAPFD:0.908745
bestSuite:2461,2538,2236,1732,2709,2355,2547,1563,2090,1607,2375

test suite157
bestAPFD:0.888014
bestSuite:2667,2479,2486,1716,1220,2450,1405,1835,2375,2698,1825,2087,2093

test suite158
bestAPFD:0.901162
bestSuite:2291,1577,2538,2534,1730,2708,2528,2374,1169,1175,1992,1661,413,2368

test suite159
bestAPFD:0.897865
bestSuite:1559,2683,2517,2478,1737,2373,2547,1804,2620,2128,691

test suite160
bestAPFD:0.896810
bestSuite:1575,1737,2538,2495,2611,2704,2342,2317,1961,411,2550

test suite161
bestAPFD:0.899592
bestSuite:1571,2498,2395,2695,1729,2547,851,1236,1039,1799,419,2392

test suite162
bestAPFD:0.893419
bestSuite:18,2535,2568,1670,2686,2504,2520,1853,2251,2023

test suite163
bestAPFD:0.914438
bestSuite:1568,2502,1726,2394,2710,228,2452,1515,2647,2436,382,1268,2406,1784

test suite164
bestAPFD:0.908487
bestSuite:1570,2591,1405,1730,2415,2696,1563,2515,2467,138,732,1263,654,2349,366

test suite165
bestAPFD:0.906267
bestSuite:1557,1559,1716,1811,2392,2708,2527,154,401,1905,2475

test suite166
bestAPFD:0.906862
bestSuite:1558,2487,1729,2507,2478,2681,2452,2418,2343,2332,495

test suite167
bestAPFD:0.880512
bestSuite:837,2540,1728,2494,1530,2682,2532,2552,1099,1188,2663

test suite168
bestAPFD:0.890824
bestSuite:284,2513,2539,1631,1720,2701,2548,1341,1738,422

test suite169
bestAPFD:0.896232
bestSuite:1582,1737,2502,2538,2683,2456,2668,2560,1793,2531

test suite170
bestAPFD:0.903519
bestSuite:1568,2537,2441,2710,2384,1729,2522,2464,683,163,1422

test suite171
bestAPFD:0.913250
bestSuite:2461,2514,1576,1716,2455,2693,1583,2576,2622,2480,1974,1693

test suite172
bestAPFD:0.897060
bestSuite:2568,2460,2516,2526,1832,19,1289,2701,715,1001

test suite173
bestAPFD:0.892842
bestSuite:2074,2496,2537,87,2521,1729,2701,191,1965,2532

test suite174
bestAPFD:0.913023
bestSuite:1584,2498,1737,2505,2686,2548,86,2583,1309,1094,599,564

test suite175
bestAPFD:0.887470
bestSuite:265,2496,2486,2515,1710,2707,1732,2428,2526,2384,1112

test suite176
bestAPFD:0.907697
bestSuite:1574,2535,2256,1729,2682,2458,2465,1071,1798,2620,1606,2395,1628

test suite177
bestAPFD:0.893627
bestSuite:2568,2536,2441,2607,2500,2451,2525,1160,2690,2392,980,1493

test suite178
bestAPFD:0.897508
bestSuite:2590,1530,2540,1720,2490,2706,200,2524,2011,1108,2485,1636,2394,1486

test suite179
bestAPFD:0.888683
bestSuite:1402,2536,1891,2436,2689,2544,1728,2392,2395,106

test suite180
bestAPFD:0.888428
bestSuite:203,2539,1720,1108,2429,2451,2511,1983,317,2708,2400,2545

test suite181
bestAPFD:0.914502
bestSuite:1572,1716,2502,2524,2690,898,966,1863,1571,1599,1665,283

test suite182
bestAPFD:0.900921
bestSuite:1402,2440,2540,2694,1737,2547,236,375,2531,2532,2328

test suite183
bestAPFD:0.911040
bestSuite:1557,2466,2568,2472,2525,265,2708,1542,1022,1822,1537,2406

test suite184
bestAPFD:0.911295
bestSuite:1570,2516,1737,2693,2528,1582,2407,216,1830,271,570

test suite185
bestAPFD:0.894282
bestSuite:1576,2539,1830,1611,2702,1728,786,102,2368,2090,2384,2456

test suite186
bestAPFD:0.892433
bestSuite:866,2509,1823,2531,1716,134,1405,2682,99,2406,912,371

test suite187
bestAPFD:0.892378
bestSuite:2446,1643,2502,2373,2523,1728,2207,663,2699,179,847

test suite188
bestAPFD:0.890199
bestSuite:1582,2568,2479,2576,2531,2552,2699,2119,2670,2618

test suite189
bestAPFD:0.898380
bestSuite:2448,2505,1309,2462,1716,1595,2709,2434,2522,84,439

test suite190
bestAPFD:0.910294
bestSuite:1558,2514,1732,2476,2407,1406,2708,1774,121,1023,308,1336,1110

test suite191
bestAPFD:0.873924
bestSuite:2662,2374,1729,2537,1644,1857,2457,2274,2709,2508

test suite192
bestAPFD:0.873763
bestSuite:2631,1631,2476,1375,2517,1732,2394,2546,1804,2708

test suite193
bestAPFD:0.905131
bestSuite:1562,2498,2377,1716,2117,2708,2454,516,2678,684,1795

test suite194
bestAPFD:0.894479
bestSuite:2585,2509,2513,2701,2452,1132,197,1446,2103,2486,1737

test suite195
bestAPFD:0.893396
bestSuite:2568,1595,2472,2384,2702,205,2406,2528,444,960,2518,1876

test suite196
bestAPFD:0.914852
bestSuite:2463,2535,2710,1726,1403,102,2462,2504,2605,548,1832,1579

test suite197
bestAPFD:0.901932
bestSuite:215,2496,2498,1726,2521,2686,793,675,2479,2576,153

test suite198
bestAPFD:0.903738
bestSuite:2568,2460,2513,2686,2496,2527,704,2305,818,2226,246,378

test suite199
bestAPFD:0.879407
bestSuite:788,2513,2378,1531,2525,2704,1728,51,2435

test suite200
bestAPFD:0.885229
bestSuite:1563,2537,2078,1726,2491,2407,2709,1771,2457

test suite201
bestAPFD:0.893518
bestSuite:2541,1569,2515,1732,2380,924,2693,2338,2547,2419,2438

test suite202
bestAPFD:0.906303
bestSuite:1570,2446,2392,2700,1730,2394,2454,1666,45,1760,871,2510

test suite203
bestAPFD:0.899178
bestSuite:260,2479,2485,1661,1729,1818,2697,2524,1430,1733,1560,2467,305

test suite204
bestAPFD:0.895733
bestSuite:126,1569,2412,2472,2522,1720,2698,722,1625,1522,1365

test suite205
bestAPFD:0.891958
bestSuite:1559,2446,2368,2638,1730,2400,2406,2521,1104,189,2702

test suite206
bestAPFD:0.889281
bestSuite:2460,670,2412,1730,1817,1406,2537,2701,603,2660,85

test suite207
bestAPFD:0.896113
bestSuite:1571,706,2516,2520,1728,2485,2698,232,2582,1756,1627,2377

test suite208
bestAPFD:0.891039
bestSuite:2446,2513,2408,1728,2458,2691,369,1660,2004,2464,181

test suite209
bestAPFD:0.908319
bestSuite:1562,2536,2692,723,1720,2546,1830,1929,2392,30,1630,2518,1649

test suite210
bestAPFD:0.904308
bestSuite:1557,2495,1720,773,2703,1530,2549,277,2654,1162,1738

test suite211
bestAPFD:0.880521
bestSuite:1644,2535,2492,1697,150,1729,2688,2553,2428,2077,2406

test suite212
bestAPFD:0.892195
bestSuite:2541,1569,1720,1199,2533,2438,2691,1404,1586,2131,192,1522

test suite213
bestAPFD:0.891007
bestSuite:2159,2540,2514,1728,1631,2704,1310,1609,2553,2406

test suite214
bestAPFD:0.899453
bestSuite:1566,2513,1728,142,2686,2479,2547,2278,2117,1814,1643

test suite215
bestAPFD:0.899326
bestSuite:1573,2628,2533,1720,2429,2701,2548,1833,1139,244,1092

test suite216
bestAPFD:0.894925
bestSuite:2374,2498,1531,207,2706,2545,1830,1716,2473,865,348,583,1110

test suite217
bestAPFD:0.893570
bestSuite:2448,2138,2536,2430,1730,225,845,2525,2395,2699

test suite218
bestAPFD:0.892302
bestSuite:2577,1585,2539,2689,71,2551,2368,2451,1873,2330,1716

test suite219
bestAPFD:0.877331
bestSuite:1726,2517,2404,2532,2691,30,937,1666,2526,348

test suite220
bestAPFD:0.891872
bestSuite:1726,2535,250,965,2701,2511,1536,2454,1070,2485,2378,1785

test suite221
bestAPFD:0.885172
bestSuite:2603,2462,2502,1730,2530,2708,1269,2447,2527

test suite222
bestAPFD:0.906598
bestSuite:1558,2494,1729,1560,2693,2548,2501,226,1832,223,1870,1419

test suite223
bestAPFD:0.878788
bestSuite:73,1578,2535,2293,2709,1730,2149,1670,2459

test suite224
bestAPFD:0.884418
bestSuite:265,2404,2502,1128,1729,2686,2395,1968,1804,2523

test suite225
bestAPFD:0.897941
bestSuite:2568,2539,1811,2467,1644,2687,2550,177,2288,852,2394,535

test suite226
bestAPFD:0.910012
bestSuite:1557,1602,2688,2491,1720,1404,1456,190,655,2299,770,451,90

test suite227
bestAPFD:0.900671
bestSuite:1583,2568,2473,2517,2384,2684,713,2526,2392,2073,2046,1937,62,1432

test suite228
bestAPFD:0.902822
bestSuite:2465,1726,1522,1847,847,2483,2703,2526,2385,96,941,1412,2519,957

test suite229
bestAPFD:0.878134
bestSuite:1887,2539,1737,156,1660,2503,2545,2701,383,818

test suite230
bestAPFD:0.894001
bestSuite:1401,2502,1729,2516,2685,57,2552,2492,812,743

test suite231
bestAPFD:0.894419
bestSuite:2440,2498,2416,1732,2688,2410,20,1970,1405,2494,2500,675,1336

test suite232
bestAPFD:0.909093
bestSuite:1572,2516,2476,1732,2708,15,2525,2238,2542,2373

test suite233
bestAPFD:0.879129
bestSuite:2339,2538,2477,1522,2667,1720,2686,2483,2459

test suite234
bestAPFD:0.902585
bestSuite:2465,2514,1737,1581,2690,1405,52,2485,1794,2359

test suite235
bestAPFD:0.887827
bestSuite:1146,2516,137,2462,2500,2697,2457,1730,1817,2507,1291

test suite236
bestAPFD:0.909798
bestSuite:2461,2489,2692,2408,1728,2545,1661,1160,1535,1205,1877

test suite237
bestAPFD:0.909840
bestSuite:2461,2513,2568,2407,1575,2683,152,2524,2403,2631,1811,2332

test suite238
bestAPFD:0.878595
bestSuite:1909,2507,2540,2675,2437,2691,1729,2454,2516

test suite239
bestAPFD:0.908888
bestSuite:1568,2540,2585,1405,1728,2694,2239,1643,1967,212,2529

test suite240
bestAPFD:0.894845
bestSuite:17,2483,1530,2433,1737,2529,2704,2310,1755,1843,2487,2521

test suite241
bestAPFD:0.875629
bestSuite:1561,2218,1661,1720,2576,2703,2544,2538

test suite242
bestAPFD:0.886378
bestSuite:289,2483,1819,1585,1716,2473,2687,2521,1316,1094

test suite243
bestAPFD:0.882721
bestSuite:947,2495,2538,1728,151,1651,2455,1793,2701,524

test suite244
bestAPFD:0.879591
bestSuite:967,1602,2489,2415,1716,2687,2464,2299,2455,2406

test suite245
bestAPFD:0.897872
bestSuite:1561,2446,1730,2529,2705,2458,2482,1319,2412,156,1531

test suite246
bestAPFD:0.881328
bestSuite:1586,1726,1546,2536,1832,2702,2528,260,226

test suite247
bestAPFD:0.904489
bestSuite:2448,2513,1720,2708,2374,154,2520,1570,2577,2490,1266

test suite248
bestAPFD:0.906895
bestSuite:1577,2502,2568,2547,2384,2702,1416,246,2211,2581,490,2517

test suite249
bestAPFD:0.898994
bestSuite:1566,2441,2539,2459,1728,249,2695,2186,2403,1009,2671,2375

test suite250
bestAPFD:0.893207
bestSuite:833,2496,2513,2527,1729,2703,543,582,1111,1578

test suite251
bestAPFD:0.908852
bestSuite:1568,2515,1729,2485,2687,2523,2380,1666,2429,2611,2413,1217,1465

test suite252
bestAPFD:0.887336
bestSuite:1580,1757,2517,1631,2537,71,1732,1403,2695,2148,1170,1829

test suite253
bestAPFD:0.891568
bestSuite:2678,2513,2400,1732,1514,2693,1315,2458,2519,2673

test suite254
bestAPFD:0.896894
bestSuite:1912,2462,138,1728,2517,2694,2415,2520,1583,2003,2506,563,1114

test suite255
bestAPFD:0.906151
bestSuite:2466,2535,2684,1969,1720,2457,1743,1798,238,2518

test suite256
bestAPFD:0.910942
bestSuite:1572,2538,2692,1737,2438,1406,2611,1586,1908,2477,391

test suite257
bestAPFD:0.896263
bestSuite:2448,107,2533,2299,1726,2700,2553,1616,1576,2487

test suite258
bestAPFD:0.904053
bestSuite:1572,1850,2460,1730,2483,2456,2705,2649,780,1485

test suite259
bestAPFD:0.893009
bestSuite:2444,2513,2412,2693,1737,2552,1546,200,2288,904,2514

test suite260
bestAPFD:0.909663
bestSuite:2461,2514,2686,2374,1728,2521,77,2435,1563,35,1795

test suite261
bestAPFD:0.896246
bestSuite:1571,2513,1726,2522,2539,2705,261,1665,2091,1420

test suite262
bestAPFD:0.898082
bestSuite:2568,1514,2502,2404,2706,2518,2456,2375,795,102,1774,1396

test suite263
bestAPFD:0.909362
bestSuite:1570,2483,2550,1010,1799,2690,1720,1559,2384,15,687,1,683

test suite264
bestAPFD:0.900577
bestSuite:1561,1051,2479,1726,1651,2681,1866,2522,2641,2100,2492,551

test suite265
bestAPFD:0.894639
bestSuite:252,2516,1644,2538,2568,2073,2545,1782,393,2690

test suite266
bestAPFD:0.896451
bestSuite:2460,2489,813,1716,2395,2706,2528,2490,990,24,1522,2576

test suite267
bestAPFD:0.904006
bestSuite:1577,26,2539,2424,2697,2455,1716,1701,918,1140,2377,241,2488,2476

test suite268
bestAPFD:0.884920
bestSuite:230,2509,2535,832,2681,1729,1952,2526,2013

test suite269
bestAPFD:0.904382
bestSuite:1570,971,2494,2683,1716,2507,2458,2438,837,1702,1412,246

test suite270
bestAPFD:0.903806
bestSuite:2466,2536,2568,1864,2683,1406,903,1931,84,393

test suite271
bestAPFD:0.891123
bestSuite:1298,2507,151,2529,2438,1716,2703,2031,2458,2374,800,581,1536

test suite272
bestAPFD:0.898986
bestSuite:1557,2446,2568,1660,2533,2705,2459,2384,193

test suite273
bestAPFD:0.889587
bestSuite:2447,2483,258,1578,1716,2501,1405,836,41,2008,2368,2710

test suite274
bestAPFD:0.902308
bestSuite:1570,2425,2683,2489,1720,1586,1405,2463,1609,122,1929

test suite275
bestAPFD:0.897423
bestSuite:1574,1759,2538,1716,2548,1771,2700,154,1680,1974,1348

test suite276
bestAPFD:0.902802
bestSuite:1566,1728,2535,210,2552,2450,2710,2586,1960,2415,2594,905,2514

test suite277
bestAPFD:0.908641
bestSuite:2466,2535,2355,1728,2546,2697,2655,1530,1819,324,2415

test suite278
bestAPFD:0.909571
bestSuite:1557,1729,2491,1643,2705,2605,2458,270,1800,971,1947,646

test suite279
bestAPFD:0.890976
bestSuite:2442,2509,2489,2550,2486,1737,2703,701,278,414

test suite280
bestAPFD:0.909439
bestSuite:2466,1726,2535,2526,2491,2691,1319,159,2378,1780,268,2578

test suite281
bestAPFD:0.901236
bestSuite:224,2505,2709,1680,1737,2501,2546,1355,316,2111,2494,2573

test suite282
bestAPFD:0.871038
bestSuite:1747,1644,2494,2537,2404,1732,2710,2522,1816,44

test suite283
bestAPFD:0.893008
bestSuite:1559,2531,1729,2656,1934,2688,2607,1680,2458,40,2384

test suite284
bestAPFD:0.878979
bestSuite:35,1564,2407,1709,2529,1864,1716,2695,1611,276,431,1069,690,2548

test suite285
bestAPFD:0.902499
bestSuite:1572,2535,1729,2686,2453,791,2602,1944

test suite286
bestAPFD:0.894889
bestSuite:66,2505,1716,2473,1309,2397,2698,2544,2468,1853,648,2374

test suite287
bestAPFD:0.891413
bestSuite:126,1571,2472,1729,1011,1560,2478,2703,2504,1816,2457,2598

test suite288
bestAPFD:0.899770
bestSuite:105,2507,2514,1720,2695,2536,2520,1832,1117,2106,2519,1337

test suite289
bestAPFD:0.890450
bestSuite:1726,2486,2380,2495,1663,2686,2520,2283,2616,1819,2334,1552

test suite290
bestAPFD:0.872107
bestSuite:2449,218,2533,1728,2438,2709,2551

test suite291
bestAPFD:0.895021
bestSuite:1574,635,2537,2700,2415,1799,2459,1730,1450,146,1440,1741

test suite292
bestAPFD:0.902741
bestSuite:2466,2516,2486,1720,2702,909,2567,2655,1403,1156

test suite293
bestAPFD:0.894498
bestSuite:1258,2509,2502,2551,1737,2696,490,2631,1661,1866

test suite294
bestAPFD:0.881870
bestSuite:2587,2476,2394,1732,1666,2537,2619,2456,2704,2217,10

test suite295
bestAPFD:0.895551
bestSuite:2449,766,2531,1070,2534,1720,2394,2686,1404,1637,1246,2086,1161

test suite296
bestAPFD:0.896438
bestSuite:2573,2460,2392,1332,2378,2695,1729,2523,347,62,1567,2396

test suite297
bestAPFD:0.899714
bestSuite:1561,2116,2472,1577,1720,2681,165,2549,1479,1778,2493

test suite298
bestAPFD:0.890574
bestSuite:2568,2513,1611,2588,2400,162,2462,2297,2682,1556,2406,2459

test suite299
bestAPFD:0.879344
bestSuite:2562,2539,1728,2429,2510,1949,2543,2692,1651,2452,213,2380

test suite300
bestAPFD:0.910071
bestSuite:1557,2494,2568,1530,2689,2457,811,2621,2394,97,2511,1857

test suite301
bestAPFD:0.894807
bestSuite:1561,2469,215,1737,2537,2404,2457,2486,2640,1019,2687

test suite302
bestAPFD:0.894134
bestSuite:1566,1339,2516,2485,120,2689,1729,2546,869,2640,2436,1013

test suite303
bestAPFD:0.893994
bestSuite:180,2516,2536,2404,1737,2700,1404,2366,1671,1560

test suite304
bestAPFD:0.895861
bestSuite:1561,2590,2392,2697,1737,1578,2453,2478,2178,173

test suite305
bestAPFD:0.904847
bestSuite:2465,1401,2515,1732,2689,1404,2573,1567,618,1083,25,177

test suite306
bestAPFD:0.902110
bestSuite:1570,1737,1804,2692,1579,2531,2527,1378,69,2319,1141

test suite307
bestAPFD:0.892409
bestSuite:2568,1780,2507,2462,148,2691,2477,666,2548,400,675,566,1663

test suite308
bestAPFD:0.883196
bestSuite:2656,2385,2486,2429,1680,1716,2529,2706,760,2354,2459

test suite309
bestAPFD:0.908341
bestSuite:1579,2498,2685,2073,2455,1616,1729,2112,532,1020,2508,86,1519,863,1684

test suite310
bestAPFD:0.896652
bestSuite:2577,2533,2478,2696,1023,1737,328,2462,2412,980,2035,2455

test suite311
bestAPFD:0.885458
bestSuite:1586,1876,2533,1554,1729,2469,2683,2550,2541,2375

test suite312
bestAPFD:0.876161
bestSuite:1563,1361,2530,1732,2697,2368,2547,2438

test suite313
bestAPFD:0.890798
bestSuite:1561,1061,2502,1720,1554,1825,2545,1861,745,2702

test suite314
bestAPFD:0.900930
bestSuite:1579,79,2477,2532,1732,2454,2693,1581,288,1764,2263,2368,1861,81

test suite315
bestAPFD:0.881334
bestSuite:1728,2430,1565,72,2407,2375,2406,2547,2710,2305,2480,1756,2246

test suite316
bestAPFD:0.914192
bestSuite:1572,2515,2537,1737,2697,2523,70,2511,951,327,2643,2460,1522,513

test suite317
bestAPFD:0.900284
bestSuite:1558,1726,2392,1849,2697,2374,2473,2550,2630,1546,24,1920

test suite318
bestAPFD:0.890035
bestSuite:1020,2505,1569,159,1729,2702,2522,2540,2534,765

test suite319
bestAPFD:0.897114
bestSuite:2117,2462,1737,2416,2686,2472,250,2526,1660,2475,2214,1431,2340

test suite320
bestAPFD:0.886313
bestSuite:2442,2480,2407,2529,1728,2450,24,2689,2238,2525,298,1104,1442

test suite321
bestAPFD:0.899605
bestSuite:2465,251,1835,1730,2681,2536,1631,2458,1485,2164,1178,999

test suite322
bestAPFD:0.901619
bestSuite:1574,2441,2533,1720,2706,78,794,1432,2493,2532,2548

test suite323
bestAPFD:0.874111
bestSuite:840,2540,1569,1820,2689,97,2522,2509,1726

test suite324
bestAPFD:0.910696
bestSuite:1572,2540,1726,2691,1851,1403,2270,2486,82,1574,1536

test suite325
bestAPFD:0.898681
bestSuite:2424,2496,2529,2668,1732,2455,599,2355,1895,2681,1577,2475

test suite326
bestAPFD:0.899284
bestSuite:1579,2489,1595,2700,2406,2568,2459,1918,2431,45,2485

test suite327
bestAPFD:0.890038
bestSuite:2440,2407,2478,1531,1737,2687,2537,2521,2488,2557,20,2111

test suite328
bestAPFD:0.888223
bestSuite:183,2535,1530,2494,2080,2708,1737,2549,2415,2177,1817

test suite329
bestAPFD:0.883968
bestSuite:77,2533,1565,1781,169,1403,1660,2415,2688,1726

test suite330
bestAPFD:0.903127
bestSuite:2465,1726,2426,2549,2483,2694,2397,190,2480,2373,229,1250

test suite331
bestAPFD:0.889964
bestSuite:2666,2373,1585,2529,2687,2237,1729,2520,2672,1663,592

test suite332
bestAPFD:0.891848
bestSuite:1571,2580,2540,1726,2455,939,2698,2394,736,2597

test suite333
bestAPFD:0.907934
bestSuite:1557,2505,1737,1644,2706,1404,200,2580,492,2201,187

test suite334
bestAPFD:0.903355
bestSuite:218,2516,2710,1737,2502,1578,2453,2534,81,2490,441,1143,2486

test suite335
bestAPFD:0.878119
bestSuite:1726,2531,2407,1819,2709,2475,1404,1542,2613,379,1153,582

test suite336
bestAPFD:0.897022
bestSuite:1557,2590,2507,1726,2392,2684,2452,249,2652

test suite337
bestAPFD:0.880674
bestSuite:2620,2539,2480,2568,2440,1666,2691,2459,1186

test suite338
bestAPFD:0.875006
bestSuite:1737,2502,1156,2385,1660,2709,2637,974,2553,150

test suite339
bestAPFD:0.888405
bestSuite:1130,1578,2533,1820,1729,129,2710,2163,2472,2478,2453

test suite340
bestAPFD:0.869477
bestSuite:2675,2374,2485,1057,1720,2429,2689,2550,2392,491,2450

test suite341
bestAPFD:0.901427
bestSuite:1087,2507,2513,1720,2698,2528,1803,1924,418,2639,2501,2400

test suite342
bestAPFD:0.897289
bestSuite:1571,219,2533,2489,1728,2549,2708,2320,1904,2437,1826,2087

test suite343
bestAPFD:0.900201
bestSuite:1573,2535,106,935,1720,2704,870,1518,2456,2483,1851

test suite344
bestAPFD:0.887081
bestSuite:77,1578,2531,2407,1737,2693,2439,1406,711,1278

test suite345
bestAPFD:0.886013
bestSuite:2584,2533,1036,2464,1716,2685,2523,1631,870,71,2422,1848

test suite346
bestAPFD:0.878230
bestSuite:2628,1565,2479,2568,2515,2501,2704,2547,1250

test suite347
bestAPFD:0.903818
bestSuite:1558,2494,2703,1729,1560,2406,2547,2346,1320,1774,80

test suite348
bestAPFD:0.909863
bestSuite:1570,1729,2489,2380,2710,2525,695,173,1575,1793,1337,320

test suite349
bestAPFD:0.878889
bestSuite:1402,1135,2537,1729,2378,2702,1286,2548,1811

test suite350
bestAPFD:0.900768
bestSuite:1576,2568,1569,2477,2706,172,2550,1577,1819,624,1717

test suite351
bestAPFD:0.874534
bestSuite:1737,2404,962,2537,2492,45,1851,2686,1680,2526,1256

test suite352
bestAPFD:0.907978
bestSuite:1558,2472,2407,2690,1720,2462,2523,2040,2508,50,2580,1165,205

test suite353
bestAPFD:0.897216
bestSuite:1572,2534,2368,2568,2473,2689,2452,29,2075

test suite354
bestAPFD:0.886997
bestSuite:873,1578,2498,2526,2688,2380,166,1720,1774,2473

test suite355
bestAPFD:0.888377
bestSuite:1907,2509,225,2375,2428,2406,1732,2681,2454,1670,426,365

test suite356
bestAPFD:0.890241
bestSuite:1571,2343,2412,2529,2550,1737,2685,8,1683,1999

test suite357
bestAPFD:0.909117
bestSuite:1557,2487,1729,1682,2688,2577,1406,236,2060,2412,2511,1252

test suite358
bestAPFD:0.909172
bestSuite:1568,2477,2530,1730,2551,2705,1857,1475,2624,2496,2107

test suite359
bestAPFD:0.903643
bestSuite:1557,2538,1546,1730,20,2427,2697,2523,2464,1393,1438,2190,2394

test suite360
bestAPFD:0.906725
bestSuite:1558,2513,2701,1729,2538,1404,119,2477,930,895

test suite361
bestAPFD:0.886010
bestSuite:1070,2479,2532,2439,2041,1616,1716,2684,1826,1406,2503,256

test suite362
bestAPFD:0.900458
bestSuite:1581,2343,2535,2651,1737,2551,2681,1671,1714,2124,2394,2483

test suite363
bestAPFD:0.889611
bestSuite:1562,1561,1732,1887,2375,2452,76,2710,2478,1371

test suite364
bestAPFD:0.890911
bestSuite:31,2536,1729,1816,1579,2410,2685,2457,204,2641,1667

test suite365
bestAPFD:0.892964
bestSuite:122,2516,2536,2709,1571,1729,2521,2431,1579,2638

test suite366
bestAPFD:0.902131
bestSuite:1558,2537,2568,2582,1561,2696,2546,2480,1920,1833

test suite367
bestAPFD:0.891982
bestSuite:2589,2538,1585,2613,2568,2525,2708,2355,1644,2530

test suite368
bestAPFD:0.877281
bestSuite:800,2477,1514,171,2400,768,2707,2485,1405,1730,196,1035

test suite369
bestAPFD:0.904515
bestSuite:1563,2533,2107,2525,1829,1729,1416,2464,2684,2674,916,2385,103

test suite370
bestAPFD:0.886015
bestSuite:2568,2507,2491,2523,156,2334,2501,2703,472,1816,438

test suite371
bestAPFD:0.905242
bestSuite:1576,2513,1643,1729,2525,2704,1283,2494,72,2643,1438,2577

test suite372
bestAPFD:0.899810
bestSuite:2449,2538,1729,2016,1800,2694,1625,2452,2530,2616,2205,2357

test suite373
bestAPFD:0.891491
bestSuite:2642,2479,1660,2690,1728,2406,2518,2437,2525,1309,2248

test suite374
bestAPFD:0.877372
bestSuite:1580,82,2403,2538,738,1780,441,1720,2520,409,2700

test suite375
bestAPFD:0.913063
bestSuite:2461,2516,1726,2705,2547,201,1832,1260,1565,1525

test suite376
bestAPFD:0.901400
bestSuite:2449,2536,2568,1778,2681,1100,977,162,2375,1647,2522

test suite377
bestAPFD:0.903704
bestSuite:1570,2539,2568,2583,112,2689,2521,861,2630,711,1660

test suite378
bestAPFD:0.898885
bestSuite:1563,2498,2693,2526,1732,2538,1971,1889,75

test suite379
bestAPFD:0.896175
bestSuite:1566,2395,1737,2486,2491,2456,2686,2623,2506,2254,947,2591

test suite380
bestAPFD:0.880978
bestSuite:1046,2533,1726,1853,2511,1554,25,1405,2703,1221,2654

test suite381
bestAPFD:0.878414
bestSuite:107,2507,2537,2709,2568,1404,2581,2532

test suite382
bestAPFD:0.894286
bestSuite:1729,2498,2403,2682,2407,2459,603,133,1805,2504,1625,2090

test suite383
bestAPFD:0.906667
bestSuite:1584,2537,2575,1729,2686,2377,2523,358,1754,1000,2353,1583

test suite384
bestAPFD:0.882976
bestSuite:1971,2477,2416,1631,1737,80,2459,2707,2323,2485,113,2492

test suite385
bestAPFD:0.893004
bestSuite:2366,2496,1809,2530,2495,1728,2550,46,2085,1972,2699,592,2121

test suite386
bestAPFD:0.888193
bestSuite:147,2539,1934,1729,2500,1680,2697,2375,803,2378,2459,192

test suite387
bestAPFD:0.888437
bestSuite:108,2539,1542,2517,1729,2454,759,1868,2482,2692

test suite388
bestAPFD:0.889402
bestSuite:174,2540,2505,1254,1728,1660,1820,2700,1191,1405,399,2509

test suite389
bestAPFD:0.879462
bestSuite:1036,1586,1716,2514,2406,1578,33,2528,2575,2705

test suite390
bestAPFD:0.897201
bestSuite:2620,2462,1728,1810,2400,2537,2705,1759,2521,1631,1440,364

test suite391
bestAPFD:0.896141
bestSuite:2662,1569,2491,2509,2523,2702,1236,1546,1963,2138,1131,1729

test suite392
bestAPFD:0.904057
bestSuite:1576,2445,2502,1663,1730,2693,968,2544,2676,2492,1606,336

test suite393
bestAPFD:0.883441
bestSuite:2442,2539,2504,1595,2651,2520,1726,2688,2392,2335

test suite394
bestAPFD:0.894966
bestSuite:1577,119,2530,2392,1726,1793,2692,1530,2546,2138,299,2315

test suite395
bestAPFD:0.910796
bestSuite:1559,2535,275,2707,1730,2523,2439,633,2384,1443,1971,1522,1396

test suite396
bestAPFD:0.905288
bestSuite:1128,2496,2502,2696,1716,348,2551,1680,2636,1832,1859,2404,377

test suite397
bestAPFD:0.895384
bestSuite:1573,2568,2536,2681,1794,2547,2231,630,189

test suite398
bestAPFD:0.882737
bestSuite:1307,2530,1728,1643,2529,2475,2431,599,2699,289,1403

test suite399
bestAPFD:0.891816
bestSuite:2568,2538,8,1660,2516,2693,2430,2459,2220,303,2556

test suite400
bestAPFD:0.878800
bestSuite:1575,2533,2534,114,1730,2704,662,2458

test suite401
bestAPFD:0.890711
bestSuite:1579,1582,2487,2692,1732,2486,2454,2424,737,177

test suite402
bestAPFD:0.890707
bestSuite:2662,1401,2392,2407,2485,2427,1720,2696,1404,1631,2060,2122

test suite403
bestAPFD:0.906699
bestSuite:1570,1726,2491,2395,2525,2694,1934,283,1522,1503,1384

test suite404
bestAPFD:0.910055
bestSuite:1570,1728,2539,2682,2551,2434,2395,1574,2601,710,1825,2500,827

test suite405
bestAPFD:0.899629
bestSuite:2568,2460,2455,2515,2394,2702,1582,1805,2557,1447,1608

test suite406
bestAPFD:0.888198
bestSuite:2449,119,2517,2530,1726,2544,2694,2560,2437

test suite407
bestAPFD:0.890863
bestSuite:2311,2540,2486,1771,1611,332,2547,1728,2480,2385,223,2684,2627

test suite408
bestAPFD:0.908987
bestSuite:1568,2516,2695,1729,2473,1404,2636,2489,2587,1643,902

test suite409
bestAPFD:0.907470
bestSuite:1568,2533,1832,2708,1728,2455,2415,277,2619,1516

test suite410
bestAPFD:0.882436
bestSuite:920,2513,2395,1716,2491,1670,2691,1404,772,2679

test suite411
bestAPFD:0.901431
bestSuite:1557,1728,2472,1565,2702,2550,828,140,2429

test suite412
bestAPFD:0.898474
bestSuite:1579,2446,2538,2708,21,1542,1728,2525,717,1110,2274,2367

test suite413
bestAPFD:0.909544
bestSuite:1563,2535,26,1737,2689,2454,1853,1329,2378,589,579,2508

test suite414
bestAPFD:0.909720
bestSuite:1584,2513,2683,1729,2544,2408,102,2560,2494,1863,1609

test suite415
bestAPFD:0.900520
bestSuite:2466,2502,2384,2689,1729,2521,2500,1880,885

test suite416
bestAPFD:0.900232
bestSuite:1570,2502,13,2373,1716,2689,2526,2494,2218,660

test suite417
bestAPFD:0.906574
bestSuite:1557,2477,1729,1563,2707,2459,1505,2582,227,900,824

test suite418
bestAPFD:0.873142
bestSuite:963,2450,1564,2531,1716,2584,2407,2694,2532,2456

test suite419
bestAPFD:0.888656
bestSuite:2583,2533,1728,2397,2518,181,1997,2704,1968,270,521,1403

test suite420
bestAPFD:0.907225
bestSuite:1572,2531,1737,2427,2694,2526,1870,1557,2046,10

test suite421
bestAPFD:0.903905
bestSuite:2465,2201,2516,2701,1720,2553,1569,288,2482,1799,132,1721

test suite422
bestAPFD:0.899148
bestSuite:2355,2516,2486,1730,2688,2496,254,1406,2591,1531,1324,2482,283

test suite423
bestAPFD:0.877480
bestSuite:2092,2533,2495,289,2404,1732,2455,534,2681

test suite424
bestAPFD:0.892413
bestSuite:1563,2530,1363,2477,2684,1730,2455,2377,2383

test suite425
bestAPFD:0.908800
bestSuite:1558,2513,2509,1716,2681,130,903,621,2028,1912,1643,2458

test suite426
bestAPFD:0.898908
bestSuite:2448,2445,2529,1720,1560,2698,612,243,2637,2489,2456

test suite427
bestAPFD:0.880191
bestSuite:282,2538,2510,643,2522,2705,2397,1729,2438,1190,375

test suite428
bestAPFD:0.873446
bestSuite:274,2412,1720,2531,882,1849,1666,2695,2452,1007,395,2490

test suite429
bestAPFD:0.876109
bestSuite:143,2483,1208,2437,1565,2501,1732,2706,2549,2475,2237

test suite430
bestAPFD:0.874769
bestSuite:2078,2408,2485,2368,1644,1728,2544,1805,2693,1567,1313,2624

test suite431
bestAPFD:0.907594
bestSuite:1572,2514,2681,2462,1737,2457,84,1857,1051,1744

test suite432
bestAPFD:0.897923
bestSuite:2568,2509,2583,2478,2547,2540,2693,1322,2265,152,10,1518

test suite433
bestAPFD:0.899519
bestSuite:2465,2514,1728,2695,1569,1007,1315,2520,167,2066

test suite434
bestAPFD:0.884263
bestSuite:1583,2479,7,2575,2485,1730,2685,1879,2452,698,2395

test suite435
bestAPFD:0.887809
bestSuite:1561,2649,1402,1716,1850,2692,2552,864,219,2505

test suite436
bestAPFD:0.899194
bestSuite:1576,2514,1729,1585,2476,2687,2456,1007,1823,823,169

test suite437
bestAPFD:0.885980
bestSuite:1888,2538,2510,1670,1720,1847,2552,2696,1786,2531,638,156

test suite438
bestAPFD:0.885368
bestSuite:2588,2483,1720,2647,1542,2695,2533,2453,1743,1295

test suite439
bestAPFD:0.904051
bestSuite:1557,2494,1611,967,2525,1732,2660,2690,2385,2655,1849

test suite440
bestAPFD:0.893769
bestSuite:2587,2536,1726,51,2545,1560,1683,2682,999,1762,2515,1494

test suite441
bestAPFD:0.884675
bestSuite:239,1531,2472,1729,2696,2400,2546,1851,794,454,2485

test suite442
bestAPFD:0.882899
bestSuite:2460,691,2477,2395,2697,512,1730,1404,1894,1808

test suite443
bestAPFD:0.895334
bestSuite:2465,708,2368,1778,1730,1616,2552,1579,2481,1145,134,2697

test suite444
bestAPFD:0.900584
bestSuite:1402,1726,2540,1850,2703,2544,2408,400,1683,1156,340,1291

test suite445
bestAPFD:0.879313
bestSuite:2591,2483,172,2538,2403,1720,2688,2456,976

test suite446
bestAPFD:0.894064
bestSuite:253,2505,1728,2498,1680,1798,2703,1567,1216,1439,2452

test suite447
bestAPFD:0.882806
bestSuite:1583,2487,1030,190,1732,2394,2485,2708,2549,1863,972

test suite448
bestAPFD:0.909179
bestSuite:1558,2502,2400,1730,2694,2547,1416,1478,278,871,2488

test suite449
bestAPFD:0.901027
bestSuite:215,2539,1729,2514,1644,2690,2528,1232,1062,2493,192,2406

test suite450
bestAPFD:0.894062
bestSuite:750,2509,2536,1729,1803,2687,197,2525,2595,758,2478,2394

test suite451
bestAPFD:0.898024
bestSuite:1563,2476,2494,2395,2681,1732,2456,924,2442,1499

test suite452
bestAPFD:0.886890
bestSuite:24,2462,966,2533,2525,1737,2517,2703,1862,2384,54

test suite453
bestAPFD:0.891512
bestSuite:1573,2577,1586,2476,2392,2705,1730,88,2545,1078

test suite454
bestAPFD:0.888625
bestSuite:1720,2513,1602,2505,2455,1416,2681,1808,1386,1

test suite455
bestAPFD:0.903262
bestSuite:1570,1728,1807,2385,2368,2683,775,2520,1581,2482,31

test suite456
bestAPFD:0.878974
bestSuite:1960,2477,1616,2478,2454,1728,2681,1560,1853,265

test suite457
bestAPFD:0.887365
bestSuite:1577,2473,2517,2407,1720,1283,2632,2688,2521,166,2438

test suite458
bestAPFD:0.885964
bestSuite:230,2486,2373,2515,2403,2706,1732,2553,744,1301,1487

test suite459
bestAPFD:0.888887
bestSuite:1586,2329,2515,2709,2486,1585,1830,1716,2522,1682,44

test suite460
bestAPFD:0.900876
bestSuite:1401,1726,2487,2532,2507,2685,2250,2512,1847,464,2546,10

test suite461
bestAPFD:0.884999
bestSuite:130,1569,2515,1269,1729,1807,2385,2707,1578,2518,1406

test suite462
bestAPFD:0.897343
bestSuite:1577,2498,2539,1720,2695,751,2523,2250,2485,1500

test suite463
bestAPFD:0.892407
bestSuite:253,2540,2494,1737,2682,1560,1522,825,2522,342,1937

test suite464
bestAPFD:0.887645
bestSuite:1579,620,2540,1729,134,1554,1864,2695,2459,2462,505

test suite465
bestAPFD:0.889827
bestSuite:1402,2568,2483,2436,2478,240,2528,2408,1276,2703

test suite466
bestAPFD:0.890396
bestSuite:168,1560,2531,1682,1737,2698,1771,1411,1406,746,682

test suite467
bestAPFD:0.897409
bestSuite:1401,1720,2483,2514,2551,2486,2692,928,568,1200,204

test suite468
bestAPFD:0.901077
bestSuite:1562,1729,2495,2703,2378,2460,2459,2577,2080,290,803

test suite469
bestAPFD:0.872503
bestSuite:2374,2502,1729,1680,808,2143,2544,2438,2689

test suite470
bestAPFD:0.889596
bestSuite:1584,2514,2460,2377,2709,1716,1403,262

test suite471
bestAPFD:0.899247
bestSuite:1583,2568,2514,2538,2708,2400,2528,1966,1600,1690,52,2679

test suite472
bestAPFD:0.883162
bestSuite:80,2539,935,1716,2512,1832,1522,2700,2400,2552,372,1255,2003

test suite473
bestAPFD:0.903184
bestSuite:2226,1571,2699,2483,2545,1730,2406,1213,1683,2374,14,2189,1545,874

test suite474
bestAPFD:0.890192
bestSuite:2585,2479,2478,1546,1403,2568,2693,156,2392,1061

test suite475
bestAPFD:0.885396
bestSuite:2145,2496,2478,2568,2685,2494,2528,2633,299

test suite476
bestAPFD:0.878529
bestSuite:2587,2538,1716,1403,2624,1595,482,2684,2503

test suite477
bestAPFD:0.880345
bestSuite:2285,1569,2498,1720,2697,2479,937,9,1403

test suite478
bestAPFD:0.878831
bestSuite:179,2462,1729,2538,2523,2681,1822,2518

test suite479
bestAPFD:0.898314
bestSuite:1576,2537,210,2489,1716,2682,2410,1403,809,1731,2437,1592,167

test suite480
bestAPFD:0.906301
bestSuite:1557,1737,2477,1542,2702,2452,104,2408,728,1995

test suite481
bestAPFD:0.898836
bestSuite:2448,2505,2478,1720,2546,2695,243,2590,575,1974

test suite482
bestAPFD:0.893675
bestSuite:1577,2441,2616,2477,1729,2374,1404,2485,2702,1197,530,235

test suite483
bestAPFD:0.889234
bestSuite:1566,151,2539,2568,2066,2702,1628,2677,2527

test suite484
bestAPFD:0.899616
bestSuite:1559,2476,2477,1716,2378,123,2683,2544,1769,1664,1052

test suite485
bestAPFD:0.920452
bestSuite:2461,2535,1729,2687,2524,1106,1122,1866,1627,547,2380,369,2511

test suite486
bestAPFD:0.904912
bestSuite:1576,2498,1729,1578,2683,71,2527,1364,1794,1283,741,2517

test suite487
bestAPFD:0.876772
bestSuite:1585,1716,2494,2478,2412,2131,149,2704,1798,655,1405

test suite488
bestAPFD:0.913247
bestSuite:1557,2477,1661,1728,2707,2523,763,2378,2511,2025,600,61,1835,111

test suite489
bestAPFD:0.898296
bestSuite:1557,2513,1542,440,1730,2455,2708,441,2312

test suite490
bestAPFD:0.899667
bestSuite:84,2535,2514,2700,1595,1720,2553,495,841,1861,320,385

test suite491
bestAPFD:0.896644
bestSuite:2446,1566,2537,1730,111,2394,2703,2548,1646,782,2494,2493,988

test suite492
bestAPFD:0.910269
bestSuite:1568,2516,1726,2523,2705,2513,958,805,1644,2489,1794

test suite493
bestAPFD:0.901742
bestSuite:1401,1726,2498,2380,2689,2548,2491,2653,2615,1873,2429

test suite494
bestAPFD:0.886457
bestSuite:281,1651,2502,301,2368,2380,1732,2685,1405,1123,2490,2581,1116,336

test suite495
bestAPFD:0.893190
bestSuite:1575,2575,2532,2496,2487,2707,2568,2455,990,718,1806

test suite496
bestAPFD:0.890424
bestSuite:2590,2507,2529,183,2697,1729,2551,115,780,947

test suite497
bestAPFD:0.878734
bestSuite:230,1670,1729,2530,2690,2529,1862,995,2528,2481,1264,1495

test suite498
bestAPFD:0.892993
bestSuite:2591,2408,2502,1730,2397,2695,2453,2344,2614,246,2495

test suite499
bestAPFD:0.902148
bestSuite:1401,2535,2522,884,1729,2691,1580,1039,2233,1043,2598,173

test suite500
bestAPFD:0.906865
bestSuite:2461,2494,2415,1728,2685,1403,156,1644,1666,611

