test suite1
bestAPFD:0.911829
bestSuite:1570,2208,992,201,2514,1720,38,2552,2374,2704,1514

test suite2
bestAPFD:0.930449
bestSuite:2463,2479,2460,1818,2688,2524,1720,869,446,1722,1563

test suite3
bestAPFD:0.911829
bestSuite:1566,245,2237,2051,2538,1732,2531,2694,1404,1517,1546

test suite4
bestAPFD:0.922189
bestSuite:1576,2498,1257,11,1830,1595,1728,2528,2406,2703,1175,2385

test suite5
bestAPFD:0.899398
bestSuite:1576,1292,2514,1976,2535,3,2397,2697,2524,1716

test suite6
bestAPFD:0.909137
bestSuite:2448,933,795,262,1732,2494,2704,2521,2438,1580,2406,161

test suite7
bestAPFD:0.876506
bestSuite:1387,2476,2605,2412,1737,1683,1822,2392,2708,2553

test suite8
bestAPFD:0.904217
bestSuite:179,1585,2540,2478,2537,1720,2159,2701,2527,563

test suite9
bestAPFD:0.921687
bestSuite:1570,2568,701,2538,1247,2377,2435,2683,2547,458,181

test suite10
bestAPFD:0.908300
bestSuite:1557,2587,218,1595,2536,2523,1716,2710,1622

test suite11
bestAPFD:0.910141
bestSuite:1401,1732,2262,1279,2638,2540,673,1830,2375,2547,1631,2710

test suite12
bestAPFD:0.900876
bestSuite:2191,2513,2515,2407,1683,1728,82,2383,2556,2704,2458

test suite13
bestAPFD:0.913153
bestSuite:239,1565,2395,2489,1726,2501,2490,1160,2710,1781,2549,1897

test suite14
bestAPFD:0.914272
bestSuite:2221,2509,2489,2377,2492,111,1847,1716,1487,2548,2406,2683,2182

test suite15
bestAPFD:0.923540
bestSuite:154,2462,2479,1536,2415,2492,1732,2553,2702,1769,1200,1354,1766

test suite16
bestAPFD:0.901807
bestSuite:2073,1560,2536,1616,2481,71,2568,2682,1403,849

test suite17
bestAPFD:0.906627
bestSuite:218,1578,2494,2395,2485,1730,2459,2066,2706,1168

test suite18
bestAPFD:0.916165
bestSuite:1579,2489,184,863,1737,1780,2462,2034,1663,2551,2703,2380

test suite19
bestAPFD:0.916210
bestSuite:1579,2502,2022,1585,2604,1830,1737,2063,2453,2699,499

test suite20
bestAPFD:0.891019
bestSuite:933,2412,2533,1564,1683,2427,1730,464,2708,2544,1377

test suite21
bestAPFD:0.923193
bestSuite:2448,2502,1329,2415,2460,1728,111,2436,1644,1406,2684,1833

test suite22
bestAPFD:0.907448
bestSuite:2159,2530,1531,1728,269,2492,2537,2694,2521,787,2045

test suite23
bestAPFD:0.893825
bestSuite:2617,1569,2502,2416,1716,2699,2459,1450

test suite24
bestAPFD:0.915161
bestSuite:1561,379,869,2513,1726,700,103,2430,2462,2458,2704,2467

test suite25
bestAPFD:0.902108
bestSuite:140,2412,1522,2568,2501,939,2529,2527,2696,1810,1467,1524

test suite26
bestAPFD:0.932444
bestSuite:610,2496,2516,2502,1726,223,2447,2687,2549,445,2369,1486,929,449

test suite27
bestAPFD:0.904162
bestSuite:2301,2462,2535,2495,2403,1737,65,2519,1864,2545,2686

test suite28
bestAPFD:0.907785
bestSuite:84,2378,1661,2476,2584,2464,1730,1141,2148,2392,2695,2458,354

test suite29
bestAPFD:0.946285
bestSuite:1572,2502,2700,2528,1730,1637,831,1278,2403,2482,28,13

test suite30
bestAPFD:0.900602
bestSuite:2448,2514,1751,970,1849,1737,2400,2406,2698,2553

test suite31
bestAPFD:0.917169
bestSuite:620,2535,2477,1611,1726,1771,143,2456,2685,350,942,2225

test suite32
bestAPFD:0.916165
bestSuite:1563,2476,1132,11,2428,2704,2458,2392,1729,2412,1196,2490

test suite33
bestAPFD:0.899781
bestSuite:1575,2445,107,1720,222,2578,604,2529,2400,2458,2687

test suite34
bestAPFD:0.893574
bestSuite:1242,2483,2502,1583,1726,151,2436,2549,2692

test suite35
bestAPFD:0.903067
bestSuite:1581,1062,1732,2540,1871,127,202,1807,2693,2552,2499

test suite36
bestAPFD:0.898686
bestSuite:232,2377,2515,1611,2568,2501,904,1032,2576,2544,2699

test suite37
bestAPFD:0.943930
bestSuite:2461,2517,2455,2431,2693,2507,1729,1297,1485,842,2639,1567,1670

test suite38
bestAPFD:0.916165
bestSuite:2073,2412,2514,1661,2485,1730,216,534,2699,2546,776,1748

test suite39
bestAPFD:0.904162
bestSuite:2449,2568,2486,614,2340,113,1811,2368,2521,2685,2407

test suite40
bestAPFD:0.910565
bestSuite:2221,2538,2373,2397,2504,72,1817,1716,346,2524,2706,1882,535

test suite41
bestAPFD:0.918173
bestSuite:2620,2460,1522,2415,2477,2506,1730,2694,1798,2457,1671,2194

test suite42
bestAPFD:0.938253
bestSuite:1568,2539,2708,2473,1809,2550,1716,1556,1477,2420,1221,2218

test suite43
bestAPFD:0.904217
bestSuite:52,2509,2517,1726,2582,2605,2458,2694,2406,1538

test suite44
bestAPFD:0.909137
bestSuite:2460,2208,2395,2505,2260,1866,1336,1729,398,1724,1404,2684

test suite45
bestAPFD:0.900876
bestSuite:2227,2507,1602,2489,2478,1803,208,1716,1027,2524,2708

test suite46
bestAPFD:0.889558
bestSuite:1582,1359,1720,1810,2529,256,2702,2458,2380

test suite47
bestAPFD:0.940189
bestSuite:1558,2584,2385,2375,2458,2690,1720,2460,2133,1313,902,241,91,2481

test suite48
bestAPFD:0.900876
bestSuite:1402,1726,2130,2428,199,2472,1569,2416,211,2706,2456

test suite49
bestAPFD:0.932229
bestSuite:1568,2514,2394,2425,2700,2545,1570,1729,2087,615,2451,286

test suite50
bestAPFD:0.903112
bestSuite:1576,1902,1778,210,2486,1170,2659,1616,2539,2690,2456,1730

test suite51
bestAPFD:0.895783
bestSuite:2568,2496,2462,1800,2626,1981,2375,2523,2695,1272

test suite52
bestAPFD:0.886881
bestSuite:928,2538,2477,2412,1680,1726,19,2546,2681

test suite53
bestAPFD:0.893209
bestSuite:825,2509,1683,2504,2501,2534,54,2568,2537,2453,2692

test suite54
bestAPFD:0.906124
bestSuite:2568,2539,1666,1484,1771,2101,2510,1086,25,2710,1405,1698

test suite55
bestAPFD:0.925904
bestSuite:2461,2489,1985,2547,2695,1580,1728,835,154,2476

test suite56
bestAPFD:0.930723
bestSuite:2461,2498,2407,2703,1732,2526,1308,2335,250,2467

test suite57
bestAPFD:0.918906
bestSuite:2449,971,1310,2494,1732,216,1406,1861,2412,2485,2683,1407,2493

test suite58
bestAPFD:0.916332
bestSuite:1557,2516,2568,2309,2458,1566,2681,505,2633

test suite59
bestAPFD:0.919177
bestSuite:1573,2469,2536,870,800,2368,1771,2501,2520,1720,2683,202

test suite60
bestAPFD:0.909639
bestSuite:178,1560,1631,2478,2537,1729,1404,2698,1887,1269,1489

test suite61
bestAPFD:0.943273
bestSuite:1572,2502,2446,1403,1732,2700,500,1885,998,404,294,2463

test suite62
bestAPFD:0.922289
bestSuite:1570,2535,677,1730,258,1823,2699,2412,2522,1663

test suite63
bestAPFD:0.932640
bestSuite:1558,2540,1771,2407,2454,2708,1730,1217,929,1070,123

test suite64
bestAPFD:0.884203
bestSuite:1147,2536,2451,2488,1730,123,2690,2583,2550

test suite65
bestAPFD:0.917053
bestSuite:2339,2516,1663,2495,1737,2501,2668,2506,1615,1857,2545,2693,2277

test suite66
bestAPFD:0.892319
bestSuite:2448,1393,2536,1726,2647,2438,2528,2695

test suite67
bestAPFD:0.904284
bestSuite:91,1569,2535,1580,1716,2591,2698,2551,1762

test suite68
bestAPFD:0.931583
bestSuite:1561,2568,2066,1666,2368,1032,441,1053,934,2476,283,2546,2685,2481

test suite69
bestAPFD:0.911446
bestSuite:178,1585,2538,2502,1737,1781,2699,1405,624,534

test suite70
bestAPFD:0.910141
bestSuite:2424,1585,2394,2501,1737,159,1567,592,2392,2527,2690,883

test suite71
bestAPFD:0.894304
bestSuite:258,2498,2476,2408,1670,1737,698,832,1780,2701,2553

test suite72
bestAPFD:0.899781
bestSuite:184,2539,2410,1729,921,2482,2078,1847,2681,2523,2391

test suite73
bestAPFD:0.904116
bestSuite:1015,1585,2516,2404,80,2519,2581,2532,1732,714,2700,1404

test suite74
bestAPFD:0.922614
bestSuite:245,2505,2486,2517,1514,1732,995,1818,1101,2682,2553,1001,1479

test suite75
bestAPFD:0.928313
bestSuite:2461,2514,1580,2706,1794,1737,2457,134,1297,1651

test suite76
bestAPFD:0.892236
bestSuite:107,2404,1546,2477,2478,1729,2544,2691,1888

test suite77
bestAPFD:0.882865
bestSuite:1571,1737,2161,159,2368,2299,2530,2683,2545

test suite78
bestAPFD:0.932640
bestSuite:1572,2516,1774,2476,2704,1730,2523,2563,863,107,2395

test suite79
bestAPFD:0.908300
bestSuite:1570,1728,168,2495,1809,2545,2700,2415,1663

test suite80
bestAPFD:0.925904
bestSuite:1558,2513,2465,2590,2547,2693,1730,290,752,948

test suite81
bestAPFD:0.923494
bestSuite:1558,1557,2529,2706,1730,2434,1406,1898,2273,157

test suite82
bestAPFD:0.918675
bestSuite:1912,1583,2415,2491,2482,2501,149,1732,2625,2454,2707,847,475,666

test suite83
bestAPFD:0.886295
bestSuite:2448,1192,730,2505,2476,1726,2697,2523

test suite84
bestAPFD:0.895400
bestSuite:1574,2301,2652,838,1732,189,2529,1793,2378,2521,2694

test suite85
bestAPFD:0.881526
bestSuite:228,2533,1595,2477,753,1729,532,2546,2705

test suite86
bestAPFD:0.896252
bestSuite:2620,2539,1680,2508,2568,1853,2528,2700,479

test suite87
bestAPFD:0.932640
bestSuite:2461,2515,1912,2496,2690,2549,1726,282,265,957,2493

test suite88
bestAPFD:0.940261
bestSuite:2461,2533,2432,2522,1576,2683,1729,2668,1475,1757,2490,2448

test suite89
bestAPFD:0.909036
bestSuite:1575,100,2533,2577,1729,760,1874,1230,2707,2553

test suite90
bestAPFD:0.907831
bestSuite:2465,2513,1905,1832,1729,2497,1740,2450,2520,2696

test suite91
bestAPFD:0.898686
bestSuite:253,2412,1663,1728,2537,2506,2434,2007,2704,2459,231

test suite92
bestAPFD:0.923838
bestSuite:1575,2540,1728,1383,2056,1661,2532,888,1818,1082,195,2550,2695,2398

test suite93
bestAPFD:0.937021
bestSuite:1572,2491,1730,2501,2690,2520,1656,800,710,1580,286

test suite94
bestAPFD:0.911145
bestSuite:1574,1369,2469,2517,1720,1534,228,2549,1560,2702,2485,1670

test suite95
bestAPFD:0.935589
bestSuite:1568,2435,2689,2374,2368,2522,1720,2532,583,848,813,281,2450

test suite96
bestAPFD:0.884203
bestSuite:16,1546,2400,2473,2531,1726,2689,1822,2457

test suite97
bestAPFD:0.934337
bestSuite:1572,2513,2689,2523,1798,1726,1504,387,773,103

test suite98
bestAPFD:0.901807
bestSuite:126,2538,2410,2506,2537,1732,2440,2551,2684,2077

test suite99
bestAPFD:0.904078
bestSuite:1571,1376,609,212,2574,1720,2053,2531,2374,1482,1423,2709,2523

test suite100
bestAPFD:0.883283
bestSuite:2468,1560,2533,1595,1730,24,2702,2552

test suite101
bestAPFD:0.889558
bestSuite:1402,1922,1726,1864,2478,2538,582,2709,2457

test suite102
bestAPFD:0.935542
bestSuite:2461,2516,2685,2522,1729,1537,397,1359,208,1574

test suite103
bestAPFD:0.908133
bestSuite:1579,835,1561,1958,1595,1862,181,2368,1403,2693,1728,1523

test suite104
bestAPFD:0.915161
bestSuite:2588,2462,2378,1683,117,1716,2375,1450,2521,2689,2202,1174

test suite105
bestAPFD:0.915161
bestSuite:58,2462,2496,2479,1729,1564,2237,972,2698,2548,1517,2598

test suite106
bestAPFD:0.913153
bestSuite:1566,2441,1726,1586,299,2530,2505,2400,2330,1345,2691,2457

test suite107
bestAPFD:0.933735
bestSuite:1572,2540,2477,2145,2686,2457,2568,783,669,411,260

test suite108
bestAPFD:0.930221
bestSuite:1570,2577,2568,1282,2538,1187,1401,2709,2547,72,2052,2490

test suite109
bestAPFD:0.877259
bestSuite:1169,2535,1726,1682,2597,2488,2453,2692

test suite110
bestAPFD:0.940189
bestSuite:1568,1769,2696,2485,2553,2400,2368,1720,2484,1708,2047,2038,252,2488

test suite111
bestAPFD:0.909208
bestSuite:1366,2505,2533,1531,2374,223,2582,2481,938,1716,1338,2550,2682,367

test suite112
bestAPFD:0.931928
bestSuite:1572,2502,2477,2694,2522,1720,2095,1772,1288,2451

test suite113
bestAPFD:0.884789
bestSuite:2066,2516,2498,1670,1726,212,2709,2524

test suite114
bestAPFD:0.920080
bestSuite:240,2478,2404,1522,2464,1737,1922,277,1863,2525,2695,2375,565,442,777

test suite115
bestAPFD:0.910734
bestSuite:1579,13,2460,909,2568,2529,2438,1670,2699,2453,2373

test suite116
bestAPFD:0.925904
bestSuite:1568,1557,2472,2523,2586,2685,1720,2048,254,205

test suite117
bestAPFD:0.906627
bestSuite:1574,121,2505,1830,1561,1716,580,2070,2688,2525

test suite118
bestAPFD:0.903067
bestSuite:1203,2538,1554,2518,1720,2609,1794,573,2701,2545,1512

test suite119
bestAPFD:0.903067
bestSuite:1579,154,2432,1561,1726,2016,1231,1644,2515,2553,2684

test suite120
bestAPFD:0.931881
bestSuite:1562,1737,2487,2594,1830,2395,2478,2687,2525,2,2323,1962,44

test suite121
bestAPFD:0.924197
bestSuite:1557,2582,2515,1971,1316,2541,1573,2693,2522,1716,1824,2377

test suite122
bestAPFD:0.914372
bestSuite:265,2483,1569,2540,2412,1567,1729,1182,1500,1807,2545,2694,1516,1783

test suite123
bestAPFD:0.943632
bestSuite:1557,2590,2368,1726,2466,862,2682,2453,2302,1502,710,717,236,2506

test suite124
bestAPFD:0.910241
bestSuite:1579,2498,2460,1810,12,263,1720,2654,1405,2696

test suite125
bestAPFD:0.906353
bestSuite:1574,1329,1726,2368,2538,245,2378,1519,1781,2544,2694

test suite126
bestAPFD:0.923025
bestSuite:2461,2491,2455,1728,2394,2688,385,807,1275

test suite127
bestAPFD:0.900602
bestSuite:1575,256,1864,1737,1710,2539,1660,567,2689,2526

test suite128
bestAPFD:0.903067
bestSuite:1566,2066,180,2076,2062,2516,1716,2537,2696,2525,1473

test suite129
bestAPFD:0.916165
bestSuite:1402,2445,2309,2392,2533,1729,2385,2266,2697,1826,143,2547

test suite130
bestAPFD:0.898686
bestSuite:129,2479,1631,2501,2363,734,2001,1737,2701,2576,2526

test suite131
bestAPFD:0.932229
bestSuite:1557,2582,1729,1356,2702,2458,2392,1536,1596,2638,2394,2511

test suite132
bestAPFD:0.896988
bestSuite:2448,712,1157,2476,2536,2675,1804,1720,2694,2522

test suite133
bestAPFD:0.906353
bestSuite:237,2483,1680,2486,2510,1720,232,2544,2435,2681,1362

test suite134
bestAPFD:0.906353
bestSuite:2573,1569,1586,1661,2515,1726,2512,27,2561,2708,2453

test suite135
bestAPFD:0.924699
bestSuite:1568,2502,2299,2695,2528,2408,1730,499,378,2655

test suite136
bestAPFD:0.915199
bestSuite:8,1602,2374,1729,2488,2537,2703,2288,2548,1863,9,722,1050

test suite137
bestAPFD:0.924973
bestSuite:1557,2517,1288,1403,1929,2449,2404,2685,1716,2655,2490

test suite138
bestAPFD:0.903067
bestSuite:2449,2580,2486,1722,66,1780,2375,2682,2526,1580,1730

test suite139
bestAPFD:0.911446
bestSuite:1559,2513,62,1866,1716,1560,1203,2406,2457,2701

test suite140
bestAPFD:0.881777
bestSuite:2137,2509,2514,2502,133,1716,2692,2455

test suite141
bestAPFD:0.933735
bestSuite:2463,2535,2408,2427,2691,2452,2568,474,193,1020,2397

test suite142
bestAPFD:0.909639
bestSuite:34,1581,2404,2485,1737,2686,2457,2590,2375,2497,1869

test suite143
bestAPFD:0.914157
bestSuite:1574,1233,1137,2539,1732,2609,2407,408,2686,2434,2523,300

test suite144
bestAPFD:0.912419
bestSuite:1571,13,2568,469,2594,1850,2540,23,2517,2485,2688,2525,1588

test suite145
bestAPFD:0.906353
bestSuite:2073,2483,2384,1531,1728,2501,294,2550,2704,319,2329

test suite146
bestAPFD:0.900100
bestSuite:203,1602,2378,2501,1720,1000,1819,2531,1711,440,2686,2548

test suite147
bestAPFD:0.906353
bestSuite:1575,288,2117,2368,1254,2478,1726,2453,1580,2698,463

test suite148
bestAPFD:0.917306
bestSuite:2617,2516,2415,1643,2537,1730,2682,2066,1405,1058,2292

test suite149
bestAPFD:0.927209
bestSuite:1557,2585,2515,2568,360,1745,2662,1403,1536,2687,202,2473

test suite150
bestAPFD:0.918401
bestSuite:1563,2476,2540,1284,2554,2580,1726,2709,2456,2404,1538

test suite151
bestAPFD:0.918906
bestSuite:1561,804,614,1737,2513,277,2486,1804,1583,1630,2459,2698,2481

test suite152
bestAPFD:0.904116
bestSuite:2236,2513,1631,2395,2476,2490,2568,290,529,2643,2457,2681

test suite153
bestAPFD:0.920181
bestSuite:1573,1920,2539,1360,1455,1780,2394,2452,2706,1720,1509,1512

test suite154
bestAPFD:0.894913
bestSuite:1401,2442,1732,2642,2531,1618,2404,2454,2706

test suite155
bestAPFD:0.909639
bestSuite:58,2509,2498,1583,2510,2237,1732,903,2685,2525,1882

test suite156
bestAPFD:0.932640
bestSuite:2461,2538,2375,2547,2709,2236,1732,2090,1607,2355,1563

test suite157
bestAPFD:0.917980
bestSuite:1220,2479,2450,2486,2667,1716,1835,2375,1405,2698,2093,2087,1825

test suite158
bestAPFD:0.924699
bestSuite:1577,2291,2538,1169,2534,2368,413,1661,2528,2374,1730,2708,1175,1992

test suite159
bestAPFD:0.909639
bestSuite:1559,2517,2620,1804,2478,1737,691,2128,2373,2547,2683

test suite160
bestAPFD:0.916210
bestSuite:1575,2495,2538,1737,1961,2317,2611,2550,2704,2342,411

test suite161
bestAPFD:0.918173
bestSuite:1571,2498,1039,1729,851,2395,1236,2392,1799,2695,2547,419

test suite162
bestAPFD:0.911446
bestSuite:18,2535,1670,2504,2568,1853,2520,2686,2023,2251

test suite163
bestAPFD:0.942771
bestSuite:1568,2502,2436,2406,2710,2394,1726,2452,382,1784,1268,1515,228,2647

test suite164
bestAPFD:0.928112
bestSuite:1570,2591,1263,1563,2515,1730,654,366,2349,138,2467,2415,2696,1405,732

test suite165
bestAPFD:0.916210
bestSuite:1557,1559,401,1905,1811,2708,154,2392,2527,1716,2475

test suite166
bestAPFD:0.924973
bestSuite:1558,2487,2343,2681,2478,2452,2507,1729,495,2332,2418

test suite167
bestAPFD:0.899781
bestSuite:1188,2540,2494,1530,1728,2532,1099,837,2663,2552,2682

test suite168
bestAPFD:0.906627
bestSuite:284,2513,2539,1631,1341,1720,2701,2548,1738,422

test suite169
bestAPFD:0.903012
bestSuite:1582,1737,2668,2538,2560,1793,2531,2502,2456,2683

test suite170
bestAPFD:0.930449
bestSuite:1568,2537,2384,2441,2710,2522,1729,683,1422,163,2464

test suite171
bestAPFD:0.938253
bestSuite:2461,2514,2576,2693,1716,2455,1576,1693,1974,2622,2480,1583

test suite172
bestAPFD:0.910241
bestSuite:2568,2460,2516,19,1832,1001,715,1289,2526,2701

test suite173
bestAPFD:0.905422
bestSuite:2074,2496,1729,87,2532,2537,191,2701,2521,1965

test suite174
bestAPFD:0.938253
bestSuite:1584,2498,2505,2583,2548,2686,1737,599,564,1094,1309,86

test suite175
bestAPFD:0.898686
bestSuite:265,2496,2384,2515,2486,1732,1710,1112,2428,2526,2707

test suite176
bestAPFD:0.921687
bestSuite:2465,1071,2256,2620,2535,2682,1798,1574,1729,1628,1606,2458,2395

test suite177
bestAPFD:0.917169
bestSuite:2441,2536,2451,2500,2607,2568,1493,2392,2690,2525,980,1160

test suite178
bestAPFD:0.924699
bestSuite:2590,2540,1530,2394,2490,1720,2485,200,2524,2706,1636,1486,2011,1108

test suite179
bestAPFD:0.894578
bestSuite:1402,1891,106,2392,2536,1728,2395,2436,2689,2544

test suite180
bestAPFD:0.898092
bestSuite:203,2539,2400,2451,1720,2429,2511,1108,1983,317,2708,2545

test suite181
bestAPFD:0.944277
bestSuite:1572,2502,2524,1863,2690,1716,1665,1599,898,283,966,1571

test suite182
bestAPFD:0.911829
bestSuite:1402,2440,2328,1737,2540,236,2531,2532,2694,2547,375

test suite183
bestAPFD:0.934237
bestSuite:1557,2568,2466,2472,1022,1822,2708,1542,2525,1537,265,2406

test suite184
bestAPFD:0.930449
bestSuite:1570,1737,2516,570,216,1830,2528,2693,2407,271,1582

test suite185
bestAPFD:0.910141
bestSuite:1576,1830,786,1728,2368,2090,102,1611,2539,2702,2456,2384

test suite186
bestAPFD:0.921185
bestSuite:866,2509,2531,134,1716,2682,1405,1823,2406,99,912,371

test suite187
bestAPFD:0.919496
bestSuite:179,2502,1643,2373,1728,2699,2446,2523,847,663,2207

test suite188
bestAPFD:0.889759
bestSuite:1582,2670,2568,2618,2119,2576,2531,2479,2699,2552

test suite189
bestAPFD:0.917306
bestSuite:2448,1309,2505,84,1716,2462,1595,2709,2434,2522,439

test suite190
bestAPFD:0.936515
bestSuite:1558,2514,1774,2407,1406,2708,2476,1732,1110,1336,1023,308,121

test suite191
bestAPFD:0.894578
bestSuite:2662,2374,1644,2508,2537,1729,2709,1857,2457,2274

test suite192
bestAPFD:0.888554
bestSuite:2631,2476,1631,2394,2517,1732,1375,1804,2546,2708

test suite193
bestAPFD:0.916210
bestSuite:1562,2498,2117,1795,684,2678,2708,1716,2377,2454,516

test suite194
bestAPFD:0.919496
bestSuite:2585,2509,2513,2486,1737,197,2701,1446,2452,2103,1132

test suite195
bestAPFD:0.909137
bestSuite:2568,1595,205,2472,2384,2518,960,1876,2702,2528,2406,444

test suite196
bestAPFD:0.938253
bestSuite:2463,2535,1832,2710,2462,1579,1403,1726,548,2605,102,2504

test suite197
bestAPFD:0.920591
bestSuite:215,2479,2496,2498,1726,2686,2576,2521,675,793,153

test suite198
bestAPFD:0.924197
bestSuite:2226,2460,2496,2513,246,2568,378,2686,2527,704,818,2305

test suite199
bestAPFD:0.893574
bestSuite:788,2513,2378,1531,1728,51,2435,2704,2525

test suite200
bestAPFD:0.898929
bestSuite:1563,2078,2491,2537,1726,1771,2407,2457,2709

test suite201
bestAPFD:0.910734
bestSuite:2541,1569,2380,2515,1732,2419,924,2438,2693,2547,2338

test suite202
bestAPFD:0.927209
bestSuite:1570,2446,1730,871,1666,2392,2454,2394,2700,1760,45,2510

test suite203
bestAPFD:0.920760
bestSuite:260,2479,1560,1661,2485,2467,1729,1818,2697,2524,1430,305,1733

test suite204
bestAPFD:0.919496
bestSuite:126,1569,2472,2412,1522,1720,2522,2698,722,1625,1365

test suite205
bestAPFD:0.906353
bestSuite:1559,2446,2638,2368,1730,1104,2702,189,2400,2406,2521

test suite206
bestAPFD:0.908543
bestSuite:603,2460,2412,1730,85,1817,2537,2660,1406,2701,670

test suite207
bestAPFD:0.906124
bestSuite:1571,706,2582,232,1728,1756,2516,2698,2377,2485,2520,1627

test suite208
bestAPFD:0.912924
bestSuite:2446,1660,2513,2408,2464,1728,181,2691,2458,369,2004

test suite209
bestAPFD:0.932808
bestSuite:1562,2536,723,1929,2392,1720,2692,2546,1830,1649,1630,30,2518

test suite210
bestAPFD:0.930449
bestSuite:1557,2495,773,2703,1530,2549,1720,1162,1738,2654,277

test suite211
bestAPFD:0.894304
bestSuite:2077,2535,1644,1729,150,1697,2428,2492,2406,2553,2688

test suite212
bestAPFD:0.908133
bestSuite:2541,1569,1586,2533,1522,1720,1199,192,2438,2691,1404,2131

test suite213
bestAPFD:0.910241
bestSuite:2159,2540,2514,1631,1728,1609,2704,2553,2406,1310

test suite214
bestAPFD:0.911829
bestSuite:1566,2117,2513,2278,142,1728,2479,1643,2547,2686,1814

test suite215
bestAPFD:0.916210
bestSuite:1573,2533,1092,2628,1139,2701,2548,2429,1720,1833,244

test suite216
bestAPFD:0.920760
bestSuite:207,2498,1531,2374,2473,348,1830,1716,865,2545,2706,583,1110

test suite217
bestAPFD:0.909036
bestSuite:2448,2138,2536,845,2430,2395,2525,1730,2699,225

test suite218
bestAPFD:0.917306
bestSuite:2577,1585,2539,2451,1716,2689,71,2551,2368,2330,1873

test suite219
bestAPFD:0.889759
bestSuite:1726,1666,2404,2517,2532,937,348,30,2691,2526

test suite220
bestAPFD:0.906124
bestSuite:250,2535,2378,1536,2485,1726,1070,1785,2511,965,2454,2701

test suite221
bestAPFD:0.897590
bestSuite:2603,2462,2502,2530,1730,1269,2447,2708,2527

test suite222
bestAPFD:0.931225
bestSuite:1558,2494,1832,2693,1560,1729,2548,2501,223,1870,1419,226

test suite223
bestAPFD:0.889558
bestSuite:73,2535,1578,1670,2293,1730,2149,2709,2459

test suite224
bestAPFD:0.903012
bestSuite:1128,2502,2404,2395,1729,265,1804,2523,2686,1968

test suite225
bestAPFD:0.902108
bestSuite:177,2539,1644,2394,2568,852,2467,1811,2288,2687,2550,535

test suite226
bestAPFD:0.936515
bestSuite:1557,2491,1602,2299,451,190,1720,2688,1404,90,1456,770,655

test suite227
bestAPFD:0.922978
bestSuite:2073,1583,2384,2517,2473,62,2568,1432,2684,2392,2526,1937,2046,713

test suite228
bestAPFD:0.920396
bestSuite:2465,1726,957,847,941,96,2483,1847,1522,2385,1412,2703,2519,2526

test suite229
bestAPFD:0.887349
bestSuite:818,2539,1660,1737,2503,156,383,1887,2701,2545

test suite230
bestAPFD:0.906627
bestSuite:1401,2502,743,57,812,2516,1729,2552,2685,2492

test suite231
bestAPFD:0.917980
bestSuite:2440,2498,2494,2410,2416,2500,20,1732,1405,2688,675,1336,1970

test suite232
bestAPFD:0.925904
bestSuite:1572,2516,2542,2525,2708,2476,1732,2238,15,2373

test suite233
bestAPFD:0.885542
bestSuite:2339,2483,2538,2477,1522,1720,2667,2686,2459

test suite234
bestAPFD:0.910241
bestSuite:2465,2514,52,1737,2359,1794,1581,2690,2485,1405

test suite235
bestAPFD:0.903067
bestSuite:1146,2507,2516,2462,137,1817,2500,1730,2697,2457,1291

test suite236
bestAPFD:0.937021
bestSuite:2461,2489,2408,2545,2692,1728,1877,1205,1160,1535,1661

test suite237
bestAPFD:0.939257
bestSuite:2461,2513,2524,1811,2683,2407,2568,2332,152,2631,2403,1575

test suite238
bestAPFD:0.890897
bestSuite:1909,2507,2516,2540,1729,2437,2675,2691,2454

test suite239
bestAPFD:0.931544
bestSuite:1568,2540,2529,1405,1728,2585,2694,1967,2239,1643,212

test suite240
bestAPFD:0.922189
bestSuite:17,2483,1530,2487,2529,1737,2433,2704,2521,1755,1843,2310

test suite241
bestAPFD:0.889307
bestSuite:1561,2218,1661,2576,1720,2544,2703,2538

test suite242
bestAPFD:0.898193
bestSuite:1316,1585,2483,2473,289,1819,1716,2521,2687,1094

test suite243
bestAPFD:0.901807
bestSuite:947,2538,2495,1651,1728,151,1793,2701,2455,524

test suite244
bestAPFD:0.894578
bestSuite:967,1602,2489,2464,2415,1716,2455,2687,2299,2406

test suite245
bestAPFD:0.912924
bestSuite:1561,2446,1319,156,1531,1730,2705,2412,2458,2529,2482

test suite246
bestAPFD:0.897590
bestSuite:260,1586,2536,1546,1726,1832,2528,2702,226

test suite247
bestAPFD:0.918401
bestSuite:1570,2577,2513,154,1720,2448,1266,2708,2520,2374,2490

test suite248
bestAPFD:0.916165
bestSuite:1577,2502,246,2568,2211,2581,2517,490,1416,2702,2547,2384

test suite249
bestAPFD:0.919177
bestSuite:1566,249,2441,1009,2539,1728,2671,2459,2695,2403,2375,2186

test suite250
bestAPFD:0.906627
bestSuite:833,2496,1578,2513,1729,2527,582,2703,1111,543

test suite251
bestAPFD:0.936515
bestSuite:1568,2515,2429,2380,2523,2485,2687,1729,1465,2413,1217,2611,1666

test suite252
bestAPFD:0.897088
bestSuite:1580,1757,1732,1170,2148,1631,2517,2537,71,1829,1403,2695

test suite253
bestAPFD:0.909036
bestSuite:2678,2513,2400,1514,2519,1732,2458,2693,2673,1315

test suite254
bestAPFD:0.918906
bestSuite:1912,2462,1583,2415,2517,1728,138,2506,563,2694,2520,2003,1114

test suite255
bestAPFD:0.921084
bestSuite:2466,2535,1969,238,1798,2457,2684,1720,1743,2518

test suite256
bestAPFD:0.933735
bestSuite:1572,2477,2538,2438,2692,1406,1737,391,1908,2611,1586

test suite257
bestAPFD:0.909036
bestSuite:2448,107,1726,2533,1576,2487,2299,2700,2553,1616

test suite258
bestAPFD:0.924699
bestSuite:1572,2705,1850,2460,2483,1730,2456,1485,780,2649

test suite259
bestAPFD:0.912924
bestSuite:2444,2513,1546,2412,2514,1737,200,2552,2693,904,2288

test suite260
bestAPFD:0.934830
bestSuite:2461,2514,2686,2374,2435,2521,1728,1795,35,77,1563

test suite261
bestAPFD:0.904217
bestSuite:1571,2091,2513,1726,261,2539,1420,1665,2705,2522

test suite262
bestAPFD:0.915161
bestSuite:102,2502,2404,1514,2568,795,2518,1396,2706,1774,2375,2456

test suite263
bestAPFD:0.928174
bestSuite:1570,2483,1010,687,683,1559,1720,2550,1799,15,2690,2384,1

test suite264
bestAPFD:0.915161
bestSuite:1561,1051,1726,2641,1651,2100,1866,2479,551,2522,2681,2492

test suite265
bestAPFD:0.913855
bestSuite:252,2516,2538,1644,2568,2073,2690,2545,393,1782

test suite266
bestAPFD:0.913153
bestSuite:24,2460,2489,1522,2395,990,2490,1716,813,2528,2706,2576

test suite267
bestAPFD:0.924699
bestSuite:1577,2424,2476,918,26,2539,1140,2455,1701,2377,2697,1716,241,2488

test suite268
bestAPFD:0.902945
bestSuite:230,2535,2509,1729,832,2681,2526,1952,2013

test suite269
bestAPFD:0.923193
bestSuite:1570,971,2494,1716,1702,837,2438,2507,246,2458,2683,1412

test suite270
bestAPFD:0.923494
bestSuite:2466,2536,2568,903,1864,2683,1406,393,1931,84

test suite271
bestAPFD:0.905931
bestSuite:2031,2507,2374,1536,151,1716,2438,2529,581,800,2703,2458,1298

test suite272
bestAPFD:0.909639
bestSuite:1557,2446,2568,193,2533,1660,2459,2705,2384

test suite273
bestAPFD:0.915161
bestSuite:2447,2483,1578,2501,258,1716,2368,836,41,1405,2710,2008

test suite274
bestAPFD:0.924973
bestSuite:2463,2489,2425,1405,2683,1570,1586,1720,1609,1929,122

test suite275
bestAPFD:0.900876
bestSuite:1574,1759,1348,154,1974,2538,1771,1716,2548,2700,1680

test suite276
bestAPFD:0.922614
bestSuite:1566,2586,2535,1960,210,1728,2594,905,2514,2450,2552,2415,2710

test suite277
bestAPFD:0.931544
bestSuite:2466,2535,2355,2415,2546,2697,1728,1819,324,1530,2655

test suite278
bestAPFD:0.928213
bestSuite:1557,2491,1729,646,971,2605,1800,1643,2705,2458,270,1947

test suite279
bestAPFD:0.909036
bestSuite:2442,2509,2486,2489,1737,278,414,2550,2703,701

test suite280
bestAPFD:0.929217
bestSuite:2466,2535,2491,1726,268,1319,1780,2378,159,2691,2526,2578

test suite281
bestAPFD:0.924197
bestSuite:224,2505,1680,2494,2501,1737,2573,2709,2546,2111,316,1355

test suite282
bestAPFD:0.889759
bestSuite:1747,1644,2494,2404,44,1732,1816,2537,2522,2710

test suite283
bestAPFD:0.916210
bestSuite:1559,2531,2607,2656,1729,2384,1934,2688,2458,40,1680

test suite284
bestAPFD:0.909208
bestSuite:35,2407,1611,1564,1709,1716,2529,1069,1864,2548,2695,690,431,276

test suite285
bestAPFD:0.919428
bestSuite:1572,2535,2686,1729,2453,791,1944,2602

test suite286
bestAPFD:0.912149
bestSuite:2468,2505,2374,2397,2473,66,1716,1853,2698,2544,648,1309

test suite287
bestAPFD:0.918173
bestSuite:126,1560,1571,2472,2478,1729,2504,1816,2457,2703,1011,2598

test suite288
bestAPFD:0.924197
bestSuite:105,2507,2536,2514,2519,1720,1832,2520,2695,1337,2106,1117

test suite289
bestAPFD:0.912149
bestSuite:2616,1663,2495,2486,2380,1726,2283,2334,1819,2520,2686,1552

test suite290
bestAPFD:0.882100
bestSuite:2449,218,2533,1728,2438,2551,2709

test suite291
bestAPFD:0.905120
bestSuite:1574,635,146,2537,1741,1440,1799,2415,1450,2700,2459,1730

test suite292
bestAPFD:0.919880
bestSuite:2466,2516,2486,909,2567,1720,1403,2702,1156,2655

test suite293
bestAPFD:0.903012
bestSuite:2631,2509,2502,1661,1737,1258,1866,490,2551,2696

test suite294
bestAPFD:0.899781
bestSuite:2587,1666,2394,2476,10,1732,2537,2619,2704,2456,2217

test suite295
bestAPFD:0.919833
bestSuite:2449,766,2531,1246,2534,1070,2686,2394,1404,1720,2086,1161,1637

test suite296
bestAPFD:0.917169
bestSuite:2573,2460,2378,1567,1729,1332,62,2523,2392,2695,2396,347

test suite297
bestAPFD:0.910734
bestSuite:1561,2116,165,1778,2472,1577,1720,1479,2681,2549,2493

test suite298
bestAPFD:0.916165
bestSuite:2588,2462,1611,2513,2400,162,2568,2406,2682,2459,1556,2297

test suite299
bestAPFD:0.888052
bestSuite:2562,2539,2380,1651,1728,2429,2510,1949,213,2452,2543,2692

test suite300
bestAPFD:0.931225
bestSuite:1557,2494,2568,811,97,1857,2457,1530,2689,2621,2511,2394

test suite301
bestAPFD:0.903067
bestSuite:1561,2640,215,2469,1019,1737,2486,2404,2537,2687,2457

test suite302
bestAPFD:0.899096
bestSuite:1566,1339,1729,2436,1013,869,2516,2640,120,2546,2485,2689

test suite303
bestAPFD:0.910241
bestSuite:180,2516,1560,2536,2404,1737,1404,2700,2366,1671

test suite304
bestAPFD:0.909036
bestSuite:1561,2590,2178,1737,2392,2478,1578,2453,2697,173

test suite305
bestAPFD:0.917169
bestSuite:2465,618,2573,1401,1567,1732,2515,177,1083,25,2689,1404

test suite306
bestAPFD:0.911829
bestSuite:1570,1579,1737,1141,69,2319,1378,1804,2531,2527,2692

test suite307
bestAPFD:0.914272
bestSuite:2568,2507,2462,1663,1780,2477,148,666,566,2691,2548,400,675

test suite308
bestAPFD:0.905257
bestSuite:2656,2385,1680,2486,2529,1716,2459,2706,2429,760,2354

test suite309
bestAPFD:0.926506
bestSuite:1579,2498,2073,1020,86,863,1519,532,2112,1616,2685,1729,2455,1684,2508

test suite310
bestAPFD:0.926205
bestSuite:2577,2462,2533,2478,2412,1737,2696,2455,2035,980,1023,328

test suite311
bestAPFD:0.893373
bestSuite:2541,1586,2533,1554,1729,2375,1876,2469,2683,2550

test suite312
bestAPFD:0.889307
bestSuite:1563,1361,1732,2530,2368,2697,2547,2438

test suite313
bestAPFD:0.901807
bestSuite:1561,1061,1825,2502,1720,1861,745,2545,2702,1554

test suite314
bestAPFD:0.916954
bestSuite:1579,79,2263,1732,288,2477,2532,1581,81,1764,1861,2368,2454,2693

test suite315
bestAPFD:0.902224
bestSuite:2246,1565,2407,72,2480,1728,2430,1756,2375,2710,2406,2547,2305

test suite316
bestAPFD:0.948795
bestSuite:1572,2537,2515,2523,2460,2697,1737,951,513,327,2511,70,2643,1522

test suite317
bestAPFD:0.930221
bestSuite:1558,2550,1849,2392,2374,2697,2473,1726,1920,2630,24,1546

test suite318
bestAPFD:0.903012
bestSuite:1020,2505,2540,1569,1729,159,2534,2522,2702,765

test suite319
bestAPFD:0.917053
bestSuite:2117,2462,1660,2416,2472,2475,1737,250,1431,2526,2686,2340,2214

test suite320
bestAPFD:0.913346
bestSuite:2442,2407,2450,2480,1728,24,2529,2525,298,2689,1442,1104,2238

test suite321
bestAPFD:0.906124
bestSuite:2465,251,999,1178,2164,1835,1631,2536,1485,1730,2681,2458

test suite322
bestAPFD:0.911829
bestSuite:1574,2441,794,78,2533,1720,1432,2532,2548,2706,2493

test suite323
bestAPFD:0.886881
bestSuite:840,2509,1569,2540,1726,97,1820,2689,2522

test suite324
bestAPFD:0.934830
bestSuite:1572,2540,1851,2691,2486,1726,1403,1536,2270,82,1574

test suite325
bestAPFD:0.910141
bestSuite:1577,2424,2355,1895,2668,2529,1732,2455,2681,2496,599,2475

test suite326
bestAPFD:0.906353
bestSuite:1579,2489,1918,45,2431,2568,1595,2406,2485,2700,2459

test suite327
bestAPFD:0.910141
bestSuite:2440,2407,2478,1531,2488,1737,20,2537,2521,2687,2111,2557

test suite328
bestAPFD:0.901972
bestSuite:183,2535,1530,2494,2415,2080,1817,1737,2177,2708,2549

test suite329
bestAPFD:0.904217
bestSuite:77,1565,2533,1660,2415,1726,1781,1403,2688,169

test suite330
bestAPFD:0.920181
bestSuite:2465,1250,2426,1726,2483,2397,190,229,2480,2549,2373,2694

test suite331
bestAPFD:0.907448
bestSuite:2666,1585,1663,2373,2529,1729,2687,2237,2520,592,2672

test suite332
bestAPFD:0.894578
bestSuite:1571,2580,1726,939,2597,736,2540,2394,2455,2698

test suite333
bestAPFD:0.923877
bestSuite:1557,2580,2505,1737,2201,200,1644,1404,2706,492,187

test suite334
bestAPFD:0.928174
bestSuite:218,2516,1578,2502,2486,2490,1737,2534,2710,2453,1143,441,81

test suite335
bestAPFD:0.895080
bestSuite:2613,1542,2407,1726,1153,2475,1819,2531,379,2709,1404,582

test suite336
bestAPFD:0.906961
bestSuite:1557,2590,1726,2507,249,2652,2684,2392,2452

test suite337
bestAPFD:0.896252
bestSuite:2620,2539,1666,2480,2568,2691,2440,2459,1186

test suite338
bestAPFD:0.893373
bestSuite:2637,2502,150,1660,2385,1737,1156,2709,2553,974

test suite339
bestAPFD:0.909639
bestSuite:1130,1578,2533,2472,2478,1729,129,2710,1820,2453,2163

test suite340
bestAPFD:0.887733
bestSuite:1057,2374,2450,1720,2485,2675,2429,491,2689,2392,2550

test suite341
bestAPFD:0.916165
bestSuite:1087,2507,2513,2400,1720,1803,2639,2501,1924,418,2698,2528

test suite342
bestAPFD:0.920181
bestSuite:219,2533,1571,2489,1728,1904,2320,2708,2437,2549,2087,1826

test suite343
bestAPFD:0.911829
bestSuite:1573,2535,2483,870,106,1851,935,2456,2704,1720,1518

test suite344
bestAPFD:0.906627
bestSuite:77,1578,2407,2531,1737,2439,2693,1406,711,1278

test suite345
bestAPFD:0.902108
bestSuite:870,2533,2464,1631,71,1716,2422,1036,2584,2685,2523,1848

test suite346
bestAPFD:0.885542
bestSuite:1250,1565,2479,2515,2501,2628,2568,2547,2704

test suite347
bestAPFD:0.924973
bestSuite:1558,2494,1774,1560,1729,2547,2406,2703,1320,2346,80

test suite348
bestAPFD:0.917169
bestSuite:1570,1729,695,1575,2489,320,1793,1337,173,2525,2710,2380

test suite349
bestAPFD:0.893574
bestSuite:1402,1135,2537,1811,1729,1286,2378,2548,2702

test suite350
bestAPFD:0.905257
bestSuite:1577,2568,624,1576,172,1819,2477,2550,1569,2706,1717

test suite351
bestAPFD:0.889923
bestSuite:1256,2404,1680,1737,45,2492,2537,2686,1851,2526,962

test suite352
bestAPFD:0.936515
bestSuite:1558,2472,2580,2523,2407,2462,2690,1720,205,1165,2508,2040,50

test suite353
bestAPFD:0.916332
bestSuite:1572,2534,2689,2452,2568,2473,2368,2075,29

test suite354
bestAPFD:0.900602
bestSuite:873,1578,2498,2473,2380,1720,1774,166,2526,2688

test suite355
bestAPFD:0.899096
bestSuite:225,2509,1907,1732,1670,2428,2375,426,365,2681,2454,2406

test suite356
bestAPFD:0.889759
bestSuite:8,1571,1683,2412,1737,2529,2343,1999,2685,2550

test suite357
bestAPFD:0.930221
bestSuite:1557,2577,1729,2487,1252,2060,1682,2688,1406,236,2412,2511

test suite358
bestAPFD:0.928258
bestSuite:1568,2477,2530,1857,2496,2551,2705,1730,2107,1475,2624

test suite359
bestAPFD:0.930028
bestSuite:1557,20,2190,2427,2523,2697,1730,1546,2538,1393,1438,2464,2394

test suite360
bestAPFD:0.925904
bestSuite:1558,2513,2538,2477,1404,2701,1729,930,895,119

test suite361
bestAPFD:0.905120
bestSuite:2041,2479,1616,2503,256,2439,2532,1716,1826,1406,2684,1070

test suite362
bestAPFD:0.916165
bestSuite:2343,1581,2483,2535,2394,1737,2651,1671,2681,2551,1714,2124

test suite363
bestAPFD:0.912651
bestSuite:1562,1561,1371,2710,1887,1732,2478,2452,2375,76

test suite364
bestAPFD:0.910734
bestSuite:1579,2641,31,2536,2457,1816,2410,2685,1729,1667,204

test suite365
bestAPFD:0.895783
bestSuite:1579,122,2431,2638,1571,2516,2536,2521,1729,2709

test suite366
bestAPFD:0.923494
bestSuite:1558,2537,1561,2546,2696,2582,2568,1833,1920,2480

test suite367
bestAPFD:0.904217
bestSuite:2589,1585,2538,2530,1644,2568,2613,2355,2525,2708

test suite368
bestAPFD:0.897088
bestSuite:171,2477,2400,1514,2485,768,800,1730,1035,1405,2707,196

test suite369
bestAPFD:0.930955
bestSuite:1563,2533,2107,916,2385,1829,2684,2525,1729,2674,1416,103,2464

test suite370
bestAPFD:0.905257
bestSuite:2568,2507,2491,156,1816,2334,2501,438,2703,2523,472

test suite371
bestAPFD:0.917169
bestSuite:1576,2577,2513,2494,1283,2643,1643,1729,72,2704,2525,1438

test suite372
bestAPFD:0.914157
bestSuite:2449,2538,2205,2016,2616,2530,1729,2357,1800,2452,2694,1625

test suite373
bestAPFD:0.912924
bestSuite:2642,2479,1660,1728,2518,2690,2437,2406,2525,2248,1309

test suite374
bestAPFD:0.891019
bestSuite:1580,82,441,1720,738,1780,2538,409,2520,2403,2700

test suite375
bestAPFD:0.931928
bestSuite:2461,2516,1832,2547,2705,1726,1525,1260,1565,201

test suite376
bestAPFD:0.921687
bestSuite:2449,2568,2536,977,1100,1778,2522,2375,162,2681,1647

test suite377
bestAPFD:0.919496
bestSuite:1570,2568,861,711,2539,2583,2630,2521,112,2689,1660

test suite378
bestAPFD:0.912316
bestSuite:1563,2498,2538,1971,1732,1889,2526,2693,75

test suite379
bestAPFD:0.907129
bestSuite:1566,2591,947,2623,1737,2395,2254,2491,2486,2686,2456,2506

test suite380
bestAPFD:0.901972
bestSuite:1046,2533,1554,2511,1726,1853,25,2654,2703,1405,1221

test suite381
bestAPFD:0.892319
bestSuite:107,2507,2537,2568,2581,1404,2532,2709

test suite382
bestAPFD:0.914157
bestSuite:603,2498,2403,2407,2504,1729,1805,133,2459,1625,2682,2090

test suite383
bestAPFD:0.936245
bestSuite:1584,2537,2686,2575,2523,2377,1729,1754,358,1000,1583,2353

test suite384
bestAPFD:0.902108
bestSuite:113,2416,2477,1631,2485,1737,2492,1971,80,2459,2707,2323

test suite385
bestAPFD:0.917980
bestSuite:46,2496,2530,2495,1809,1728,2366,2085,2550,2699,1972,2121,592

test suite386
bestAPFD:0.908133
bestSuite:1934,2539,1729,2378,1680,147,2500,2375,192,803,2697,2459

test suite387
bestAPFD:0.910241
bestSuite:108,2539,2517,1542,2482,1729,2692,2454,759,1868

test suite388
bestAPFD:0.910141
bestSuite:174,2505,2509,2540,1660,1254,1728,399,1820,1405,2700,1191

test suite389
bestAPFD:0.890964
bestSuite:1586,1036,2514,2575,33,1578,1716,2528,2705,2406

test suite390
bestAPFD:0.918173
bestSuite:2620,2462,1631,2400,2537,1728,1810,2705,2521,364,1759,1440

test suite391
bestAPFD:0.923193
bestSuite:2662,2509,1569,1546,2491,1729,2523,2702,1236,1131,1963,2138

test suite392
bestAPFD:0.915161
bestSuite:1576,2445,2502,336,968,1606,2676,1663,2544,2693,1730,2492

test suite393
bestAPFD:0.901807
bestSuite:2442,2539,1595,2504,1726,2651,2392,2688,2520,2335

test suite394
bestAPFD:0.911145
bestSuite:1577,119,2138,2530,1726,2315,2546,1530,2392,2692,1793,299

test suite395
bestAPFD:0.932808
bestSuite:1559,2535,2439,275,1730,633,1396,1443,2384,2523,2707,1971,1522

test suite396
bestAPFD:0.920760
bestSuite:2636,2496,2502,2404,1680,1128,1716,348,2696,1832,2551,1859,377

test suite397
bestAPFD:0.902945
bestSuite:1573,2568,630,2536,189,1794,2547,2681,2231

test suite398
bestAPFD:0.899781
bestSuite:1307,2530,1643,2475,1728,2431,2529,289,599,2699,1403

test suite399
bestAPFD:0.916210
bestSuite:8,2516,2538,1660,2568,2556,2459,2430,2693,2220,303

test suite400
bestAPFD:0.889307
bestSuite:1575,114,2533,662,2534,2458,1730,2704

test suite401
bestAPFD:0.901807
bestSuite:1579,1582,2424,2486,737,1732,177,2487,2692,2454

test suite402
bestAPFD:0.904116
bestSuite:1401,2060,2662,1720,2122,2427,2407,2392,1404,2696,1631,2485

test suite403
bestAPFD:0.920591
bestSuite:1570,1934,1726,1384,283,2491,2395,2694,2525,1503,1522

test suite404
bestAPFD:0.937442
bestSuite:1570,1728,827,2539,2434,2551,2395,1574,2682,2500,2601,1825,710

test suite405
bestAPFD:0.904162
bestSuite:1582,2557,2568,1805,2460,1447,2515,2394,2702,2455,1608

test suite406
bestAPFD:0.893574
bestSuite:2449,2560,119,1726,2530,2517,2544,2437,2694

test suite407
bestAPFD:0.910565
bestSuite:2311,2540,1611,2486,2385,223,2480,1728,1771,2684,2547,332,2627

test suite408
bestAPFD:0.928258
bestSuite:1568,2516,2489,2695,2587,2473,1404,1729,902,2636,1643

test suite409
bestAPFD:0.928313
bestSuite:1568,2533,2708,1832,1728,2415,2455,1516,2619,277

test suite410
bestAPFD:0.896988
bestSuite:920,2513,2491,1670,2395,1716,2679,2691,1404,772

test suite411
bestAPFD:0.912316
bestSuite:1557,2472,1728,2429,828,1565,2702,2550,140

test suite412
bestAPFD:0.909137
bestSuite:1579,2446,717,2274,21,1542,2538,2525,2708,1728,2367,1110

test suite413
bestAPFD:0.923193
bestSuite:1563,2535,1329,26,589,579,2378,1853,1737,2454,2689,2508

test suite414
bestAPFD:0.927163
bestSuite:1584,2513,2494,1863,2544,2408,2683,1729,1609,102,2560

test suite415
bestAPFD:0.909639
bestSuite:2466,2502,1880,885,2384,2689,2521,1729,2500

test suite416
bestAPFD:0.907831
bestSuite:1570,2502,2494,660,13,1716,2218,2526,2373,2689

test suite417
bestAPFD:0.928258
bestSuite:1557,2582,1563,2477,1729,824,2707,2459,1505,900,227

test suite418
bestAPFD:0.886145
bestSuite:963,1564,2450,2407,2531,2532,1716,2456,2694,2584

test suite419
bestAPFD:0.901104
bestSuite:1968,2533,2397,2518,1728,181,2583,270,1997,2704,1403,521

test suite420
bestAPFD:0.925904
bestSuite:1572,2531,1557,2427,2526,2694,1737,2046,10,1870

test suite421
bestAPFD:0.921185
bestSuite:2465,2201,2516,1569,1799,1720,2482,132,1721,288,2553,2701

test suite422
bestAPFD:0.922614
bestSuite:2591,2496,2516,1531,2486,2482,1730,283,2688,254,1406,1324,2355

test suite423
bestAPFD:0.889558
bestSuite:2092,2533,2495,2404,289,1732,534,2455,2681

test suite424
bestAPFD:0.904284
bestSuite:1563,1363,2530,2477,2377,2455,1730,2684,2383

test suite425
bestAPFD:0.937249
bestSuite:1558,2513,1912,1716,2681,2458,2509,621,2028,903,130,1643

test suite426
bestAPFD:0.908543
bestSuite:2448,2445,2489,2637,2529,1720,612,243,2456,1560,2698

test suite427
bestAPFD:0.898686
bestSuite:282,2538,2397,643,2510,1729,1190,2438,2522,2705,375

test suite428
bestAPFD:0.895080
bestSuite:274,2412,1666,882,2531,2490,1720,1007,2452,1849,2695,395

test suite429
bestAPFD:0.897590
bestSuite:2237,1565,2483,2475,2501,143,1732,1208,2437,2706,2549

test suite430
bestAPFD:0.894076
bestSuite:2078,1644,2408,1728,2485,2624,1805,1567,2368,1313,2544,2693

test suite431
bestAPFD:0.927108
bestSuite:1572,2514,2462,1857,1737,2457,2681,1051,1744,84

test suite432
bestAPFD:0.913153
bestSuite:2568,2509,2540,2583,2478,1518,10,1322,152,2265,2693,2547

test suite433
bestAPFD:0.905422
bestSuite:2465,2066,2514,1315,1007,167,1569,1728,2695,2520

test suite434
bestAPFD:0.903067
bestSuite:7,2479,1583,2395,2485,2575,1730,698,2685,2452,1879

test suite435
bestAPFD:0.898193
bestSuite:1561,2649,219,1850,864,2505,1716,1402,2692,2552

test suite436
bestAPFD:0.908543
bestSuite:1576,823,2514,1007,2476,1729,169,1585,2687,1823,2456

test suite437
bestAPFD:0.906124
bestSuite:1888,2538,1670,2531,2510,1720,156,1847,2552,2696,1786,638

test suite438
bestAPFD:0.905422
bestSuite:2647,2483,2533,1542,2588,1720,1295,2695,2453,1743

test suite439
bestAPFD:0.928258
bestSuite:1557,2494,967,1611,2525,1849,2690,1732,2660,2385,2655

test suite440
bestAPFD:0.916165
bestSuite:2587,1560,2536,1683,2515,1726,51,1494,2545,2682,1762,999

test suite441
bestAPFD:0.905257
bestSuite:239,1531,2472,2400,2485,1729,794,2696,1851,2546,454

test suite442
bestAPFD:0.901807
bestSuite:1894,2460,2477,2395,1730,691,1808,2697,1404,512

test suite443
bestAPFD:0.916165
bestSuite:2465,708,2368,1778,134,2697,1579,1616,2481,1145,2552,1730

test suite444
bestAPFD:0.911145
bestSuite:1402,1156,1850,1726,1291,2540,340,2408,400,2544,2703,1683

test suite445
bestAPFD:0.896252
bestSuite:2591,2538,2483,2403,1720,172,2456,2688,976

test suite446
bestAPFD:0.912924
bestSuite:253,2505,2498,1680,1728,1567,1216,1798,2703,2452,1439

test suite447
bestAPFD:0.901972
bestSuite:1030,2487,1583,2394,2485,190,1732,1863,2708,2549,972

test suite448
bestAPFD:0.935926
bestSuite:1558,2502,2400,2694,1730,2547,1478,278,871,1416,2488

test suite449
bestAPFD:0.924197
bestSuite:215,2539,2514,1644,2493,1729,2528,2406,2690,192,1232,1062

test suite450
bestAPFD:0.909137
bestSuite:750,2509,2536,2394,2478,1729,1803,197,758,2595,2687,2525

test suite451
bestAPFD:0.907831
bestSuite:1563,2442,2476,924,1732,2494,2456,2395,2681,1499

test suite452
bestAPFD:0.901972
bestSuite:24,2462,2533,2384,2517,966,1737,1862,2703,2525,54

test suite453
bestAPFD:0.900602
bestSuite:1573,2577,2476,88,1078,2545,1586,2392,2705,1730

test suite454
bestAPFD:0.901807
bestSuite:1386,2505,2513,1602,1720,1416,1808,2681,2455,1

test suite455
bestAPFD:0.918401
bestSuite:1570,1728,775,31,2368,1807,2385,2520,2683,1581,2482

test suite456
bestAPFD:0.893373
bestSuite:265,1560,2478,1616,2477,1728,1960,2681,1853,2454

test suite457
bestAPFD:0.898686
bestSuite:1577,2473,2632,1283,166,2517,2521,2438,2688,2407,1720

test suite458
bestAPFD:0.905257
bestSuite:230,2403,2515,2373,2486,1732,1301,744,2553,2706,1487

test suite459
bestAPFD:0.897590
bestSuite:1586,2329,44,2486,1830,1682,1716,1585,2515,2522,2709

test suite460
bestAPFD:0.919177
bestSuite:1401,1726,2250,1847,2487,2507,2685,2532,2546,464,10,2512

test suite461
bestAPFD:0.897590
bestSuite:130,1569,1578,2515,2385,1269,2518,1729,1406,1807,2707

test suite462
bestAPFD:0.906627
bestSuite:1577,2498,2539,2250,751,1500,2485,2523,2695,1720

test suite463
bestAPFD:0.908543
bestSuite:253,1560,2540,2494,1522,1737,825,2682,2522,1937,342

test suite464
bestAPFD:0.903067
bestSuite:1579,620,134,1554,2462,2540,1864,2459,2695,1729,505

test suite465
bestAPFD:0.895783
bestSuite:1402,2568,1276,240,2478,2483,2408,2436,2703,2528

test suite466
bestAPFD:0.915115
bestSuite:168,1560,1682,2531,1737,1771,1406,2698,682,746,1411

test suite467
bestAPFD:0.912924
bestSuite:1401,928,2514,2483,1720,1200,2486,2692,204,2551,568

test suite468
bestAPFD:0.914020
bestSuite:1562,2577,2495,1729,803,2080,2378,2459,2703,2460,290

test suite469
bestAPFD:0.886881
bestSuite:808,2502,2374,1729,1680,2438,2143,2689,2544

test suite470
bestAPFD:0.904367
bestSuite:1584,2514,2709,2377,1403,2460,1716,262

test suite471
bestAPFD:0.917169
bestSuite:52,2538,2514,2400,1583,2568,1966,2708,2528,2679,1600,1690

test suite472
bestAPFD:0.900371
bestSuite:935,2539,80,1522,2400,1832,2512,2003,1255,1716,372,2700,2552

test suite473
bestAPFD:0.927281
bestSuite:2226,1571,2483,1683,2374,1730,14,2699,1545,2406,2545,874,2189,1213

test suite474
bestAPFD:0.906627
bestSuite:2585,2479,1546,2478,2568,156,2392,1403,2693,1061

test suite475
bestAPFD:0.897590
bestSuite:2145,2496,2478,2494,2633,2568,299,2685,2528

test suite476
bestAPFD:0.894913
bestSuite:2587,2538,1595,2503,2624,1716,1403,2684,482

test suite477
bestAPFD:0.893574
bestSuite:2285,2479,1569,2498,1720,9,2697,1403,937

test suite478
bestAPFD:0.887801
bestSuite:179,2462,2538,2518,1729,1822,2523,2681

test suite479
bestAPFD:0.913346
bestSuite:1576,809,210,2489,2537,167,1731,2437,2410,1403,2682,1716,1592

test suite480
bestAPFD:0.924699
bestSuite:1557,2477,1737,1995,2452,2702,1542,104,2408,728

test suite481
bestAPFD:0.909036
bestSuite:2448,2590,1974,2505,2478,1720,243,2546,2695,575

test suite482
bestAPFD:0.906124
bestSuite:1577,2441,1197,2616,530,2477,1729,1404,2702,2374,2485,235

test suite483
bestAPFD:0.898929
bestSuite:1566,2066,151,2539,2677,2568,2527,2702,1628

test suite484
bestAPFD:0.910734
bestSuite:1559,2477,1769,2476,1716,1664,1052,123,2683,2544,2378

test suite485
bestAPFD:0.944856
bestSuite:2461,2535,1866,2380,2687,2524,1729,547,1106,369,1122,1627,2511

test suite486
bestAPFD:0.915161
bestSuite:1576,2498,1364,2517,741,1283,1794,1729,1578,2683,2527,71

test suite487
bestAPFD:0.895400
bestSuite:149,1585,2478,2494,2412,655,1716,2131,1798,2704,1405

test suite488
bestAPFD:0.942771
bestSuite:1557,1661,1728,2477,111,763,1835,2707,2523,61,600,2511,2025,2378

test suite489
bestAPFD:0.904284
bestSuite:1557,2513,441,2312,440,1542,2708,2455,1730

test suite490
bestAPFD:0.924197
bestSuite:84,2535,2514,1595,1720,841,2553,1861,2700,495,385,320

test suite491
bestAPFD:0.907785
bestSuite:1566,111,2446,782,988,1730,2494,2537,1646,2493,2703,2548,2394

test suite492
bestAPFD:0.930449
bestSuite:1568,2513,2516,2489,2705,1794,2523,1726,805,958,1644

test suite493
bestAPFD:0.911829
bestSuite:1401,2498,1726,1873,2653,2615,2491,2429,2689,2548,2380

test suite494
bestAPFD:0.912651
bestSuite:1123,2502,1651,2490,2380,281,336,301,1732,2581,2368,2685,1116,1405

test suite495
bestAPFD:0.901972
bestSuite:1575,2575,2568,990,2532,718,1806,2487,2496,2455,2707

test suite496
bestAPFD:0.909036
bestSuite:2590,2507,1729,183,2529,115,2697,2551,780,947

test suite497
bestAPFD:0.906124
bestSuite:230,2530,1670,2481,1729,2529,995,2528,1862,2690,1264,1495

test suite498
bestAPFD:0.909639
bestSuite:2591,2408,2502,2495,2397,1730,246,2614,2453,2695,2344

test suite499
bestAPFD:0.918173
bestSuite:1401,2535,884,1580,2233,1039,2598,173,1729,1043,2691,2522

test suite500
bestAPFD:0.930723
bestSuite:2461,2494,1728,1403,2415,2685,611,1644,1666,156

