test suite1
bestAPFD:0.953835
bestSuite:992,1514,201,2208,2552,38,1720,2374,2514,1570,2704

test suite2
bestAPFD:0.954545
bestSuite:2524,446,2688,869,1818,1720,2463,1722,1563,2479,2460

test suite3
bestAPFD:0.953125
bestSuite:2694,2538,1517,1566,2237,1404,245,1732,2531,2051,1546

test suite4
bestAPFD:0.957031
bestSuite:2385,1257,1728,1576,2528,2703,1595,1830,1175,11,2498,2406

test suite5
bestAPFD:0.948438
bestSuite:2535,1976,2397,1716,2514,1292,2524,1576,3,2697

test suite6
bestAPFD:0.957031
bestSuite:161,2448,1732,933,795,1580,2438,262,2494,2704,2521,2406

test suite7
bestAPFD:0.941406
bestSuite:1822,2392,1387,2605,1683,2412,2553,1737,2708,2476

test suite8
bestAPFD:0.948438
bestSuite:2540,2159,2701,2478,563,2537,1720,179,2527,1585

test suite9
bestAPFD:0.953125
bestSuite:1570,701,1247,181,2377,2568,2547,458,2538,2435,2683

test suite10
bestAPFD:0.943576
bestSuite:218,2536,2523,2710,1595,1716,1622,1557,2587

test suite11
bestAPFD:0.954427
bestSuite:673,2638,2375,1732,1631,1830,1401,2547,2262,2540,1279,2710

test suite12
bestAPFD:0.950284
bestSuite:1728,2704,2191,2515,82,2407,2383,1683,2513,2556,2458

test suite13
bestAPFD:0.955729
bestSuite:1726,2501,2395,2489,239,2549,1160,2490,1781,1897,1565,2710

test suite14
bestAPFD:0.959736
bestSuite:2489,2683,2509,111,2221,2492,2406,1847,2182,2377,1716,2548,1487

test suite15
bestAPFD:0.960337
bestSuite:1769,1354,2702,2415,2553,1536,154,1732,2462,1200,1766,2479,2492

test suite16
bestAPFD:0.946094
bestSuite:2568,2536,71,849,2682,1403,1616,2073,2481,1560

test suite17
bestAPFD:0.949219
bestSuite:2066,2395,2485,2459,1168,1578,1730,2706,2494,218

test suite18
bestAPFD:0.952474
bestSuite:2034,2462,1780,1663,2703,1737,2551,184,2380,863,2489,1579

test suite19
bestAPFD:0.953125
bestSuite:1585,2604,2453,2502,2022,1579,1830,1737,2699,499,2063

test suite20
bestAPFD:0.946023
bestSuite:933,464,1377,2533,2412,2427,2708,1730,1683,2544,1564

test suite21
bestAPFD:0.957031
bestSuite:2684,111,2436,1406,2502,1833,1644,2415,1329,2460,2448,1728

test suite22
bestAPFD:0.949574
bestSuite:2530,2537,269,2045,1728,2694,787,2521,1531,2492,2159

test suite23
bestAPFD:0.935547
bestSuite:1450,2699,1569,2502,2459,1716,2416,2617

test suite24
bestAPFD:0.954427
bestSuite:2467,2462,1726,2513,379,1561,2704,700,2430,103,2458,869

test suite25
bestAPFD:0.954427
bestSuite:140,2529,1810,1522,2527,2568,2501,2696,1467,2412,1524,939

test suite26
bestAPFD:0.962612
bestSuite:610,929,2496,1486,2447,1726,449,2369,223,2502,2687,2549,2516,445

test suite27
bestAPFD:0.952415
bestSuite:65,2462,2519,2403,2301,2495,2545,1737,1864,2686,2535

test suite28
bestAPFD:0.959135
bestSuite:2695,84,2464,1661,1730,2378,354,2458,2476,2148,2584,1141,2392

test suite29
bestAPFD:0.958333
bestSuite:2502,2700,1572,13,1278,831,2482,2403,1730,2528,28,1637

test suite30
bestAPFD:0.946875
bestSuite:1751,2400,2698,1737,2448,970,1849,2514,2553,2406

test suite31
bestAPFD:0.955729
bestSuite:620,1771,350,1611,2225,2456,1726,942,143,2477,2535,2685

test suite32
bestAPFD:0.957031
bestSuite:2490,2392,2428,2704,1729,1196,11,1563,2476,1132,2458,2412

test suite33
bestAPFD:0.953835
bestSuite:222,604,2445,2529,1720,2687,2400,2578,107,2458,1575

test suite34
bestAPFD:0.941840
bestSuite:2502,1583,1726,2436,151,2483,2549,1242,2692

test suite35
bestAPFD:0.948864
bestSuite:202,2693,127,1062,1732,1807,2540,2499,2552,1581,1871

test suite36
bestAPFD:0.951705
bestSuite:904,2576,1032,2501,2515,232,2568,1611,2544,2699,2377

test suite37
bestAPFD:0.958534
bestSuite:2455,2507,2639,1485,842,1297,2461,2517,1670,1729,2431,1567,2693

test suite38
bestAPFD:0.953776
bestSuite:2412,216,2073,1730,1661,776,1748,2514,2546,2485,2699,534

test suite39
bestAPFD:0.951705
bestSuite:2340,1811,2568,2449,2521,2407,614,2368,2486,113,2685

test suite40
bestAPFD:0.958534
bestSuite:2538,2504,2373,2221,1882,2397,72,1817,2706,346,535,1716,2524

test suite41
bestAPFD:0.956380
bestSuite:2694,2194,2457,2620,1522,2460,1798,1730,2477,1671,2506,2415

test suite42
bestAPFD:0.958333
bestSuite:1716,1221,2473,2420,1477,1568,1809,2708,2218,2539,2550,1556

test suite43
bestAPFD:0.940625
bestSuite:2406,2517,2605,1726,1538,52,2582,2509,2458,2694

test suite44
bestAPFD:0.954427
bestSuite:1729,1724,2505,1336,2684,2395,1866,2208,1404,2260,2460,398

test suite45
bestAPFD:0.948864
bestSuite:1803,1027,1716,2507,2489,2708,2524,2478,2227,1602,208

test suite46
bestAPFD:0.941840
bestSuite:2380,1359,256,1810,1720,2529,2702,1582,2458

test suite47
bestAPFD:0.963170
bestSuite:1313,2584,2481,1558,2133,1720,2460,2690,2458,241,902,2385,2375,91

test suite48
bestAPFD:0.950994
bestSuite:2706,1569,1726,199,2472,1402,2416,2130,211,2428,2456

test suite49
bestAPFD:0.957031
bestSuite:2514,286,2451,2545,2087,1729,2700,1568,1570,2394,615,2425

test suite50
bestAPFD:0.955078
bestSuite:1576,1616,210,1170,1902,2690,1778,2456,2539,2486,1730,2659

test suite51
bestAPFD:0.945313
bestSuite:1800,2496,2523,2462,2568,2626,2375,1981,2695,1272

test suite52
bestAPFD:0.942708
bestSuite:2538,2412,19,928,2546,1726,2477,1680,2681

test suite53
bestAPFD:0.952415
bestSuite:2537,2568,2453,54,2534,1683,2501,2692,2504,2509,825

test suite54
bestAPFD:0.953125
bestSuite:2568,2539,2101,1086,1484,1771,1666,1698,25,1405,2510,2710

test suite55
bestAPFD:0.950000
bestSuite:154,1985,1580,2476,2547,835,2695,2461,2489,1728

test suite56
bestAPFD:0.950000
bestSuite:250,2407,2498,2703,2335,2461,1732,2467,1308,2526

test suite57
bestAPFD:0.958534
bestSuite:1861,2683,1732,1310,2493,1407,2412,2494,2485,216,1406,971,2449

test suite58
bestAPFD:0.942708
bestSuite:2681,2568,1566,1557,2309,2516,505,2458,2633

test suite59
bestAPFD:0.955729
bestSuite:2501,2536,800,2469,1771,870,202,2683,1720,2368,2520,1573

test suite60
bestAPFD:0.953835
bestSuite:1489,1560,1887,178,2537,1269,2698,1631,1404,2478,1729

test suite61
bestAPFD:0.958333
bestSuite:500,998,2502,1572,2446,1885,1403,1732,404,2463,2700,294

test suite62
bestAPFD:0.948438
bestSuite:258,2522,2535,1730,1823,1570,2412,1663,677,2699

test suite63
bestAPFD:0.954545
bestSuite:2407,2540,1730,1771,1070,2708,123,1558,929,2454,1217

test suite64
bestAPFD:0.942708
bestSuite:2451,2536,2583,123,2488,2690,2550,1730,1147

test suite65
bestAPFD:0.957933
bestSuite:2501,2668,2506,1615,2516,2545,1857,2339,2277,1737,2495,1663,2693

test suite66
bestAPFD:0.934570
bestSuite:2438,2448,2536,2647,2695,1726,2528,1393

test suite67
bestAPFD:0.943576
bestSuite:1716,2591,2535,91,1580,1569,2698,1762,2551

test suite68
bestAPFD:0.963170
bestSuite:2481,441,934,2368,1053,283,2568,2066,2546,2476,1561,2685,1666,1032

test suite69
bestAPFD:0.948438
bestSuite:624,2502,1585,534,1781,178,1405,2538,2699,1737

test suite70
bestAPFD:0.957031
bestSuite:2501,2394,2392,592,2424,1737,2690,2527,883,1585,1567,159

test suite71
bestAPFD:0.949574
bestSuite:1737,698,2498,2476,1780,2408,1670,258,2553,2701,832

test suite72
bestAPFD:0.950994
bestSuite:1729,2681,184,2539,921,2078,2410,1847,2523,2391,2482

test suite73
bestAPFD:0.956380
bestSuite:1732,1585,80,714,2516,2519,2581,2404,1015,1404,2532,2700

test suite74
bestAPFD:0.958534
bestSuite:2505,2517,1101,2486,1818,2682,245,995,1001,2553,1514,1479,1732

test suite75
bestAPFD:0.947656
bestSuite:2514,134,2706,1794,1651,2461,1580,1737,2457,1297

test suite76
bestAPFD:0.943576
bestSuite:1546,2478,107,2544,1729,2404,2477,2691,1888

test suite77
bestAPFD:0.938368
bestSuite:159,2545,1571,2368,2683,1737,2530,2299,2161

test suite78
bestAPFD:0.954545
bestSuite:107,2563,2523,1572,2516,863,2476,1730,2704,2395,1774

test suite79
bestAPFD:0.942708
bestSuite:168,2700,2495,1570,2415,1663,1728,2545,1809

test suite80
bestAPFD:0.950000
bestSuite:752,1730,948,290,2513,2547,2693,2465,1558,2590

test suite81
bestAPFD:0.950000
bestSuite:1557,2434,1406,1558,2273,1730,157,2706,2529,1898

test suite82
bestAPFD:0.963170
bestSuite:2454,847,149,2491,2415,475,1732,2482,2625,666,2501,1912,2707,1583

test suite83
bestAPFD:0.932617
bestSuite:1192,1726,730,2448,2697,2476,2505,2523

test suite84
bestAPFD:0.953125
bestSuite:2378,1732,2652,189,838,2694,1793,2529,2301,2521,1574

test suite85
bestAPFD:0.939236
bestSuite:2477,1729,2533,2705,753,532,228,2546,1595

test suite86
bestAPFD:0.940104
bestSuite:2700,2508,479,2620,1853,2568,2528,1680,2539

test suite87
bestAPFD:0.954545
bestSuite:1726,2515,2549,282,957,2496,2690,265,1912,2461,2493

test suite88
bestAPFD:0.958333
bestSuite:1576,2668,2522,2448,2490,2432,2461,2533,2683,1475,1729,1757

test suite89
bestAPFD:0.948438
bestSuite:1729,2577,2707,1575,2553,100,760,1230,2533,1874

test suite90
bestAPFD:0.948438
bestSuite:2513,1832,1729,1740,2520,2696,1905,2497,2450,2465

test suite91
bestAPFD:0.950994
bestSuite:2459,2704,2007,2434,2506,231,1728,2412,1663,253,2537

test suite92
bestAPFD:0.959821
bestSuite:2398,1818,2056,2550,1661,1728,888,1575,195,2540,2532,1383,1082,2695

test suite93
bestAPFD:0.954545
bestSuite:1572,1656,2501,1580,2520,286,1730,800,710,2491,2690

test suite94
bestAPFD:0.955078
bestSuite:1574,1670,228,2702,2469,1720,2485,1560,1534,2549,1369,2517

test suite95
bestAPFD:0.961538
bestSuite:2368,583,2435,2689,2374,2450,848,2522,1568,1720,281,813,2532

test suite96
bestAPFD:0.942708
bestSuite:1726,1822,2531,2473,1546,2689,2457,16,2400

test suite97
bestAPFD:0.950000
bestSuite:387,1504,1572,103,2513,2689,773,1726,1798,2523

test suite98
bestAPFD:0.949219
bestSuite:2538,2410,2440,2506,126,2684,1732,2077,2537,2551

test suite99
bestAPFD:0.958534
bestSuite:1482,609,1571,1376,2523,1423,1720,2053,2531,2374,2709,2574,212

test suite100
bestAPFD:0.935547
bestSuite:2468,2702,1730,24,2533,1595,2552,1560

test suite101
bestAPFD:0.935764
bestSuite:2709,1726,1864,582,2457,2538,1922,2478,1402

test suite102
bestAPFD:0.950000
bestSuite:2461,397,2522,208,1574,1537,2516,2685,1359,1729

test suite103
bestAPFD:0.957031
bestSuite:1523,1403,1728,1595,2368,1561,835,1862,181,2693,1958,1579

test suite104
bestAPFD:0.956380
bestSuite:2462,2375,1683,1716,2521,2378,117,2588,1450,2202,2689,1174

test suite105
bestAPFD:0.952474
bestSuite:1517,2548,58,2237,2598,2698,2496,1729,2462,2479,972,1564

test suite106
bestAPFD:0.955729
bestSuite:1566,2457,299,2691,2441,1586,1345,1726,2330,2400,2505,2530

test suite107
bestAPFD:0.954545
bestSuite:2145,2686,2540,783,411,2457,1572,669,2477,2568,260

test suite108
bestAPFD:0.955729
bestSuite:2490,1282,2709,2568,2538,2052,2577,1401,1570,1187,2547,72

test suite109
bestAPFD:0.931641
bestSuite:1169,2453,2535,2597,1682,2488,2692,1726

test suite110
bestAPFD:0.964286
bestSuite:2488,2038,2696,2368,252,2047,2553,1568,2484,2400,1769,2485,1708,1720

test suite111
bestAPFD:0.957589
bestSuite:2550,1531,2505,938,367,2533,2374,1338,2481,223,1366,2682,2582,1716

test suite112
bestAPFD:0.950000
bestSuite:2451,2477,2095,2694,1720,2502,1288,2522,1772,1572

test suite113
bestAPFD:0.934570
bestSuite:1670,1726,212,2524,2498,2066,2516,2709

test suite114
bestAPFD:0.960938
bestSuite:1522,240,2404,777,2695,565,442,277,2525,2464,2478,1922,1737,2375,1863

test suite115
bestAPFD:0.950994
bestSuite:2699,1670,2453,2568,2460,2438,1579,2529,2373,909,13

test suite116
bestAPFD:0.950000
bestSuite:2586,254,2472,1720,2523,2685,2048,1568,1557,205

test suite117
bestAPFD:0.949219
bestSuite:1716,1574,2525,2505,121,580,1830,2688,2070,1561

test suite118
bestAPFD:0.953125
bestSuite:1203,1794,1720,2701,2545,1554,2538,2609,1512,573,2518

test suite119
bestAPFD:0.953835
bestSuite:1726,2016,1579,1644,2553,154,1561,2515,1231,2684,2432

test suite120
bestAPFD:0.959135
bestSuite:1737,2687,44,1962,2594,2525,1562,1830,2395,2478,2,2487,2323

test suite121
bestAPFD:0.957031
bestSuite:2693,2515,1716,2582,2541,1557,1316,1971,2377,2522,1824,1573

test suite122
bestAPFD:0.962054
bestSuite:1182,265,1567,2694,1729,2540,1783,1569,2412,1807,1500,2483,1516,2545

test suite123
bestAPFD:0.963728
bestSuite:717,2466,2590,2453,1726,710,2506,236,1502,1557,2302,862,2682,2368

test suite124
bestAPFD:0.946875
bestSuite:12,2460,1579,2696,2498,1810,1720,263,1405,2654

test suite125
bestAPFD:0.953125
bestSuite:2368,2378,2544,1329,1726,2538,2694,1519,1781,1574,245

test suite126
bestAPFD:0.935764
bestSuite:2688,2491,807,1728,2455,2461,1275,385,2394

test suite127
bestAPFD:0.946875
bestSuite:567,1575,1864,1710,1660,2526,2689,2539,1737,256

test suite128
bestAPFD:0.951705
bestSuite:1716,2076,2066,1566,2537,2516,180,2696,2062,2525,1473

test suite129
bestAPFD:0.957031
bestSuite:1826,1402,2445,2309,2547,2533,2697,2392,2266,2385,143,1729

test suite130
bestAPFD:0.951705
bestSuite:2576,2363,2526,2501,734,1631,2701,2479,1737,2001,129

test suite131
bestAPFD:0.956380
bestSuite:1356,1536,2458,2702,1729,1596,2638,2582,2511,2392,1557,2394

test suite132
bestAPFD:0.948438
bestSuite:2448,2522,2694,712,1157,1804,2675,1720,2476,2536

test suite133
bestAPFD:0.953835
bestSuite:2510,2681,1680,232,237,2544,1362,1720,2486,2435,2483

test suite134
bestAPFD:0.950994
bestSuite:27,1586,1569,2453,2515,1661,2561,2708,1726,2573,2512

test suite135
bestAPFD:0.950000
bestSuite:2655,2528,2408,499,2502,2299,1730,2695,1568,378

test suite136
bestAPFD:0.957933
bestSuite:2537,722,1050,1863,2488,8,2374,1729,2288,2703,1602,9,2548

test suite137
bestAPFD:0.952415
bestSuite:1716,2404,1288,2490,1929,2517,2685,2655,1557,2449,1403

test suite138
bestAPFD:0.950994
bestSuite:2486,2682,1730,2375,1580,66,1722,1780,2449,2580,2526

test suite139
bestAPFD:0.950000
bestSuite:1716,1203,62,1559,2513,2406,1866,2457,2701,1560

test suite140
bestAPFD:0.932617
bestSuite:2137,1716,2502,2455,133,2509,2514,2692

test suite141
bestAPFD:0.954545
bestSuite:193,2427,2568,2452,2408,474,2397,1020,2535,2691,2463

test suite142
bestAPFD:0.953835
bestSuite:2590,1581,2485,2404,2375,1737,1869,34,2497,2686,2457

test suite143
bestAPFD:0.955078
bestSuite:2609,2523,2407,1574,1233,1732,300,408,2434,1137,2539,2686

test suite144
bestAPFD:0.959736
bestSuite:1850,1588,13,2525,2485,23,2540,1571,2594,2517,2568,469,2688

test suite145
bestAPFD:0.952415
bestSuite:2329,2704,1531,294,2501,1728,2550,2073,319,2483,2384

test suite146
bestAPFD:0.952474
bestSuite:2531,2686,2548,2378,440,1000,1711,2501,1819,203,1720,1602

test suite147
bestAPFD:0.953125
bestSuite:288,1254,2698,1575,1726,2368,2478,463,1580,2453,2117

test suite148
bestAPFD:0.953125
bestSuite:2292,2537,1643,2617,2066,1730,1058,2516,2682,1405,2415

test suite149
bestAPFD:0.955729
bestSuite:2687,202,1557,2473,1536,2568,2585,2515,1403,360,2662,1745

test suite150
bestAPFD:0.952415
bestSuite:2476,2580,1538,1563,2404,2456,1726,1284,2709,2540,2554

test suite151
bestAPFD:0.956130
bestSuite:1737,2486,1583,1630,614,2698,2513,277,804,1804,1561,2459,2481

test suite152
bestAPFD:0.953125
bestSuite:2643,290,2236,2457,2681,2513,2395,2568,2490,1631,2476,529

test suite153
bestAPFD:0.957031
bestSuite:1573,2394,2706,1509,2539,1455,1780,1360,1720,1920,1512,2452

test suite154
bestAPFD:0.942708
bestSuite:2706,2531,1732,2642,2404,1618,2442,2454,1401

test suite155
bestAPFD:0.950994
bestSuite:58,2525,2510,2509,903,2685,1732,2237,1583,1882,2498

test suite156
bestAPFD:0.954545
bestSuite:2236,2461,1607,2375,2090,1563,1732,2538,2355,2709,2547

test suite157
bestAPFD:0.956731
bestSuite:2087,2093,1405,1716,2479,1825,1220,2667,2486,2450,2375,1835,2698

test suite158
bestAPFD:0.963170
bestSuite:2291,1992,2368,1577,1169,1730,1175,2538,1661,413,2708,2374,2534,2528

test suite159
bestAPFD:0.954545
bestSuite:2373,2128,2683,2517,2620,691,2478,1804,1559,1737,2547

test suite160
bestAPFD:0.953125
bestSuite:1575,411,2704,1737,2538,2611,2495,2317,1961,2550,2342

test suite161
bestAPFD:0.952474
bestSuite:1571,2392,1799,1039,1729,419,2547,1236,851,2695,2498,2395

test suite162
bestAPFD:0.948438
bestSuite:2023,2568,2686,2504,2535,2520,1853,1670,2251,18

test suite163
bestAPFD:0.964286
bestSuite:2502,1268,228,2647,1568,2406,1784,382,2436,2452,2710,1726,2394,1515

test suite164
bestAPFD:0.965625
bestSuite:2591,1563,1263,654,366,2696,2415,732,1730,1405,2515,1570,2467,138,2349

test suite165
bestAPFD:0.954545
bestSuite:2527,1716,2475,1905,154,1811,1559,401,2708,1557,2392

test suite166
bestAPFD:0.954545
bestSuite:2487,1729,2681,2507,2332,495,2418,2343,2452,2478,1558

test suite167
bestAPFD:0.951705
bestSuite:2540,1188,1728,1099,1530,2663,2494,837,2552,2532,2682

test suite168
bestAPFD:0.941406
bestSuite:1738,2548,422,2539,1631,284,2513,1341,2701,1720

test suite169
bestAPFD:0.942188
bestSuite:1793,1582,2502,1737,2456,2683,2560,2668,2531,2538

test suite170
bestAPFD:0.954545
bestSuite:163,1568,2522,1729,2537,2384,2464,683,2441,1422,2710

test suite171
bestAPFD:0.958333
bestSuite:1974,2622,1583,2576,2461,2455,1576,1716,2693,1693,2480,2514

test suite172
bestAPFD:0.946094
bestSuite:2460,1001,1832,2516,19,2568,715,1289,2526,2701

test suite173
bestAPFD:0.945313
bestSuite:2074,1965,2521,2532,2537,191,2701,87,2496,1729

test suite174
bestAPFD:0.958333
bestSuite:1584,1737,1309,2505,1094,86,599,564,2498,2583,2548,2686

test suite175
bestAPFD:0.949574
bestSuite:1710,2515,1112,2428,2496,1732,2707,2486,265,2384,2526

test suite176
bestAPFD:0.959135
bestSuite:1071,2256,1606,1628,1729,2535,2395,2465,2458,2620,2682,1574,1798

test suite177
bestAPFD:0.957031
bestSuite:2441,2568,2500,1160,2690,2392,2451,1493,980,2525,2536,2607

test suite178
bestAPFD:0.961496
bestSuite:2011,2490,1108,1486,1636,2590,2540,2706,200,2394,2524,1530,1720,2485

test suite179
bestAPFD:0.945313
bestSuite:2544,106,1891,2395,2536,1728,1402,2392,2436,2689

test suite180
bestAPFD:0.953776
bestSuite:1983,317,2451,1108,2539,203,2400,2708,2511,2545,1720,2429

test suite181
bestAPFD:0.958333
bestSuite:1572,966,898,1571,1716,1863,2524,1665,2502,1599,283,2690

test suite182
bestAPFD:0.953125
bestSuite:2440,2328,2694,1402,2547,375,1737,236,2531,2532,2540

test suite183
bestAPFD:0.957682
bestSuite:1557,1022,2708,2472,1822,2466,1537,2568,2406,1542,2525,265

test suite184
bestAPFD:0.953125
bestSuite:2516,1570,1737,1830,570,2693,271,2528,2407,216,1582

test suite185
bestAPFD:0.953776
bestSuite:1576,2539,2368,2456,1830,102,786,1611,2384,1728,2090,2702

test suite186
bestAPFD:0.955078
bestSuite:912,1823,2406,866,371,99,2531,1405,2509,1716,134,2682

test suite187
bestAPFD:0.950994
bestSuite:179,2446,2699,1728,2373,663,2207,2523,1643,847,2502

test suite188
bestAPFD:0.949219
bestSuite:2670,2479,2618,2568,2699,2576,1582,2552,2119,2531

test suite189
bestAPFD:0.950994
bestSuite:1716,2709,2462,2434,1595,2448,84,1309,2505,439,2522

test suite190
bestAPFD:0.961538
bestSuite:1774,1406,1110,2407,2514,121,1336,1023,308,1732,1558,2476,2708

test suite191
bestAPFD:0.949219
bestSuite:1729,2709,1644,2508,1857,2374,2537,2274,2662,2457

test suite192
bestAPFD:0.945313
bestSuite:1375,2631,1804,2546,2476,1732,2394,1631,2517,2708

test suite193
bestAPFD:0.953835
bestSuite:2678,2498,1795,2377,1716,1562,516,684,2117,2708,2454

test suite194
bestAPFD:0.946733
bestSuite:2486,2103,2585,1446,2701,2452,1737,2509,2513,1132,197

test suite195
bestAPFD:0.953776
bestSuite:1595,1876,960,2518,2406,2568,2702,444,2528,2472,2384,205

test suite196
bestAPFD:0.956380
bestSuite:2504,2463,1832,102,2710,1403,1726,548,2535,2462,1579,2605

test suite197
bestAPFD:0.953835
bestSuite:1726,215,2576,675,2686,153,2479,793,2498,2521,2496

test suite198
bestAPFD:0.955729
bestSuite:2460,2686,378,2305,704,818,246,2527,2496,2513,2568,2226

test suite199
bestAPFD:0.942708
bestSuite:1728,51,2378,1531,2513,2704,2525,788,2435

test suite200
bestAPFD:0.940972
bestSuite:2491,2407,1726,2709,2078,1771,2537,1563,2457

test suite201
bestAPFD:0.951705
bestSuite:2419,924,1732,2541,2380,1569,2438,2515,2547,2693,2338

test suite202
bestAPFD:0.957031
bestSuite:871,1570,1730,2454,2446,45,2700,2510,1666,1760,2392,2394

test suite203
bestAPFD:0.955529
bestSuite:1818,305,2524,2697,1729,1560,2479,1430,2485,1733,2467,1661,260

test suite204
bestAPFD:0.952415
bestSuite:2412,1522,126,2522,1569,722,1625,1365,2472,1720,2698

test suite205
bestAPFD:0.954545
bestSuite:2446,2368,1559,2702,2521,1730,2638,2400,1104,189,2406

test suite206
bestAPFD:0.953125
bestSuite:85,670,2460,1817,1730,2660,1406,2537,2701,2412,603

test suite207
bestAPFD:0.955729
bestSuite:706,1571,1627,1728,2377,2520,2582,2698,2485,2516,232,1756

test suite208
bestAPFD:0.952415
bestSuite:2446,2464,2458,2513,2004,2408,1728,2691,181,369,1660

test suite209
bestAPFD:0.960337
bestSuite:723,1929,2518,1720,2392,2536,1649,1562,30,1630,1830,2692,2546

test suite210
bestAPFD:0.953125
bestSuite:2654,1162,1720,773,1738,1557,2549,2495,2703,1530,277

test suite211
bestAPFD:0.949574
bestSuite:150,2535,1697,2077,2553,2492,2406,1729,1644,2428,2688

test suite212
bestAPFD:0.956380
bestSuite:1586,2533,1720,1522,1404,2438,2131,2691,192,1199,1569,2541

test suite213
bestAPFD:0.948438
bestSuite:2553,1609,2514,1310,1631,2540,2704,2406,1728,2159

test suite214
bestAPFD:0.953125
bestSuite:1814,142,2513,2117,2479,2278,1643,1566,2686,2547,1728

test suite215
bestAPFD:0.952415
bestSuite:1573,2533,1139,2628,2548,1833,244,2701,1720,1092,2429

test suite216
bestAPFD:0.959135
bestSuite:583,348,207,865,1830,2498,1110,1531,2374,2473,2545,1716,2706

test suite217
bestAPFD:0.948438
bestSuite:2395,2525,225,845,2448,2699,2536,2430,1730,2138

test suite218
bestAPFD:0.953125
bestSuite:2577,2330,1873,1716,1585,2539,71,2689,2451,2368,2551

test suite219
bestAPFD:0.945313
bestSuite:2517,1666,1726,30,937,2404,2532,2526,348,2691

test suite220
bestAPFD:0.955729
bestSuite:2378,2511,250,1070,2454,2701,1726,2535,965,1785,2485,1536

test suite221
bestAPFD:0.941840
bestSuite:2603,1269,2502,1730,2447,2708,2527,2462,2530

test suite222
bestAPFD:0.952474
bestSuite:2501,1419,1729,1832,1870,1560,223,2548,2494,1558,2693,226

test suite223
bestAPFD:0.941840
bestSuite:73,1670,2293,2149,1578,2709,2459,1730,2535

test suite224
bestAPFD:0.946875
bestSuite:1128,1968,1729,265,1804,2395,2686,2404,2502,2523

test suite225
bestAPFD:0.955078
bestSuite:852,535,2394,2568,2467,2288,2550,1811,1644,2687,177,2539

test suite226
bestAPFD:0.957933
bestSuite:1602,1404,770,190,2491,1720,1557,451,2688,655,2299,90,1456

test suite227
bestAPFD:0.962054
bestSuite:62,1937,1583,2473,1432,2073,2517,2392,2526,2384,2684,713,2046,2568

test suite228
bestAPFD:0.961496
bestSuite:2703,1726,957,96,941,2526,1847,2385,2519,847,2483,1522,1412,2465

test suite229
bestAPFD:0.945313
bestSuite:2503,1887,1737,818,2701,156,2539,383,1660,2545

test suite230
bestAPFD:0.947656
bestSuite:2516,2492,2685,57,743,812,2552,2502,1729,1401

test suite231
bestAPFD:0.957933
bestSuite:2500,1336,2416,2410,20,1732,675,2494,2688,2440,2498,1970,1405

test suite232
bestAPFD:0.950000
bestSuite:2476,1572,2516,1732,2238,2373,2525,15,2708,2542

test suite233
bestAPFD:0.940972
bestSuite:2477,1720,1522,2538,2339,2667,2483,2686,2459

test suite234
bestAPFD:0.946875
bestSuite:2359,2514,52,2465,1737,2690,1581,1794,2485,1405

test suite235
bestAPFD:0.948864
bestSuite:1817,1146,2462,137,2500,1730,2697,2507,1291,2457,2516

test suite236
bestAPFD:0.954545
bestSuite:2489,2545,1160,1728,2692,2461,2408,1205,1877,1535,1661

test suite237
bestAPFD:0.958333
bestSuite:2513,2524,152,1575,2683,2461,2407,2403,2332,1811,2568,2631

test suite238
bestAPFD:0.940972
bestSuite:2437,2691,2454,2507,1729,1909,2516,2540,2675

test suite239
bestAPFD:0.954545
bestSuite:2694,1405,2529,212,2540,1728,1967,2585,1643,1568,2239

test suite240
bestAPFD:0.955729
bestSuite:2521,2310,1755,2483,1737,2433,2487,1843,2529,17,2704,1530

test suite241
bestAPFD:0.935547
bestSuite:2538,2218,1661,1720,2544,2703,2576,1561

test suite242
bestAPFD:0.947656
bestSuite:1094,1585,1316,2483,289,1716,2473,2521,1819,2687

test suite243
bestAPFD:0.947656
bestSuite:151,2455,2495,1793,1728,524,1651,947,2701,2538

test suite244
bestAPFD:0.948438
bestSuite:1602,2489,2299,2464,2455,967,2406,1716,2687,2415

test suite245
bestAPFD:0.953125
bestSuite:2446,1561,2458,1730,1531,2412,2482,2529,156,2705,1319

test suite246
bestAPFD:0.943576
bestSuite:1832,1726,2702,2536,1546,260,2528,1586,226

test suite247
bestAPFD:0.953125
bestSuite:1570,1266,2490,154,2577,2708,2448,2513,1720,2374,2520

test suite248
bestAPFD:0.955729
bestSuite:1577,2568,2384,2702,2547,2581,246,2502,2517,490,2211,1416

test suite249
bestAPFD:0.955729
bestSuite:2403,2695,2671,2539,1728,249,2459,1566,2186,2441,2375,1009

test suite250
bestAPFD:0.946875
bestSuite:833,2513,2496,1111,2527,543,1578,582,1729,2703

test suite251
bestAPFD:0.961538
bestSuite:1465,2687,1729,1666,1217,2429,1568,2380,2485,2515,2413,2523,2611

test suite252
bestAPFD:0.956380
bestSuite:1170,1757,71,2517,2695,1580,2148,2537,1829,1403,1631,1732

test suite253
bestAPFD:0.948438
bestSuite:1732,2400,2513,2693,2519,2678,1315,2673,2458,1514

test suite254
bestAPFD:0.960337
bestSuite:2415,1114,2506,2003,1912,1728,138,2694,1583,2517,563,2520,2462

test suite255
bestAPFD:0.949219
bestSuite:2466,238,2518,2457,1969,1743,1798,2684,1720,2535

test suite256
bestAPFD:0.954545
bestSuite:2692,2438,391,2611,1908,1586,1572,1737,1406,2477,2538

test suite257
bestAPFD:0.949219
bestSuite:1616,2533,2553,2700,1576,2448,2299,1726,107,2487

test suite258
bestAPFD:0.950000
bestSuite:1485,2456,1572,2483,780,1850,2460,2705,2649,1730

test suite259
bestAPFD:0.950284
bestSuite:200,2444,904,2514,2288,1737,2513,1546,2552,2693,2412

test suite260
bestAPFD:0.954545
bestSuite:2686,35,2374,2521,2514,2435,2461,77,1795,1563,1728

test suite261
bestAPFD:0.946875
bestSuite:2091,1420,2705,2539,2513,1665,261,2522,1571,1726

test suite262
bestAPFD:0.955078
bestSuite:2404,1774,795,102,1514,2456,2502,2706,2568,1396,2518,2375

test suite263
bestAPFD:0.960337
bestSuite:687,15,2550,1720,1,2384,1559,1010,1799,2483,1570,683,2690

test suite264
bestAPFD:0.955729
bestSuite:2522,2641,2100,2681,1561,1726,2492,551,1651,1866,2479,1051

test suite265
bestAPFD:0.949219
bestSuite:2568,2538,252,1782,2545,1644,2073,2516,393,2690

test suite266
bestAPFD:0.955078
bestSuite:2706,2576,24,1522,2395,813,2460,2490,990,1716,2489,2528

test suite267
bestAPFD:0.963170
bestSuite:2424,26,1577,2697,1716,2455,2539,918,241,2377,2476,1701,1140,2488

test suite268
bestAPFD:0.937500
bestSuite:1952,2013,1729,230,2681,832,2535,2509,2526

test suite269
bestAPFD:0.955078
bestSuite:1702,246,2507,2683,837,2494,1412,971,1716,2458,2438,1570

test suite270
bestAPFD:0.947656
bestSuite:393,1406,1864,2683,84,2568,2536,1931,903,2466

test suite271
bestAPFD:0.957933
bestSuite:581,1298,2374,800,1536,2438,2507,151,2529,2031,1716,2458,2703

test suite272
bestAPFD:0.942708
bestSuite:2568,2459,2533,1557,2384,1660,193,2446,2705

test suite273
bestAPFD:0.955078
bestSuite:2710,41,1578,258,2447,2483,1716,2501,2008,836,2368,1405

test suite274
bestAPFD:0.953835
bestSuite:1720,122,2425,1609,1586,1405,1929,1570,2683,2463,2489

test suite275
bestAPFD:0.950284
bestSuite:1759,1771,2548,2700,1680,1574,1348,1716,2538,1974,154

test suite276
bestAPFD:0.959736
bestSuite:905,1960,2535,2514,1566,210,2586,2594,1728,2450,2415,2552,2710

test suite277
bestAPFD:0.952415
bestSuite:2535,2466,324,1530,2697,2355,1728,2415,2655,1819,2546

test suite278
bestAPFD:0.956380
bestSuite:1947,270,646,1729,1557,2705,1643,2491,2605,1800,2458,971

test suite279
bestAPFD:0.948438
bestSuite:2550,2509,701,2442,2703,414,278,2486,2489,1737

test suite280
bestAPFD:0.954427
bestSuite:2378,1319,2526,2535,2466,2691,2491,2578,1780,268,159,1726

test suite281
bestAPFD:0.957031
bestSuite:2546,1355,2709,2501,2573,2494,224,1680,316,2111,1737,2505

test suite282
bestAPFD:0.945313
bestSuite:2404,2522,1644,44,2710,2494,2537,1747,1816,1732

test suite283
bestAPFD:0.954545
bestSuite:1559,1729,40,2607,2384,2688,1680,2458,2531,2656,1934

test suite284
bestAPFD:0.958147
bestSuite:276,35,2695,1716,431,2529,1864,2548,1611,2407,690,1709,1069,1564

test suite285
bestAPFD:0.937500
bestSuite:1572,1729,791,2535,2686,1944,2602,2453

test suite286
bestAPFD:0.956380
bestSuite:2473,2544,648,2468,1309,2505,2698,1716,66,1853,2397,2374

test suite287
bestAPFD:0.957682
bestSuite:2472,1816,2504,2478,2457,2598,2703,1011,1729,126,1560,1571

test suite288
bestAPFD:0.957682
bestSuite:2519,1337,1832,2536,2520,2514,2695,105,1117,2106,2507,1720

test suite289
bestAPFD:0.955078
bestSuite:2616,2686,1663,2495,2486,1552,2380,2283,1726,1819,2334,2520

test suite290
bestAPFD:0.927455
bestSuite:2449,1728,2533,2438,218,2551,2709

test suite291
bestAPFD:0.955729
bestSuite:1450,635,2537,1440,2415,146,2700,1730,1574,1799,2459,1741

test suite292
bestAPFD:0.949219
bestSuite:2486,2516,1156,2567,2466,1720,1403,2702,909,2655

test suite293
bestAPFD:0.948438
bestSuite:2502,1661,2551,1258,1866,2509,490,1737,2696,2631

test suite294
bestAPFD:0.950284
bestSuite:2587,2217,2704,10,2619,2537,2456,2476,1666,1732,2394

test suite295
bestAPFD:0.951923
bestSuite:2086,1246,2531,1070,2394,766,1720,2686,2449,2534,1404,1637,1161

test suite296
bestAPFD:0.957031
bestSuite:62,2573,2378,347,2392,2460,1332,2396,1567,2523,1729,2695

test suite297
bestAPFD:0.950994
bestSuite:165,2681,1561,1577,1720,1479,2493,2116,1778,2472,2549

test suite298
bestAPFD:0.955729
bestSuite:2462,2406,1611,1556,2297,2588,2459,2513,2568,2400,2682,162

test suite299
bestAPFD:0.949219
bestSuite:213,2452,2380,2692,2429,2562,1651,2510,2543,1949,2539,1728

test suite300
bestAPFD:0.956380
bestSuite:1857,1557,2394,2511,811,1530,2689,2494,2457,2621,2568,97

test suite301
bestAPFD:0.952415
bestSuite:2537,1019,2404,2486,2640,1737,2469,2457,1561,215,2687

test suite302
bestAPFD:0.956380
bestSuite:2640,1566,1729,2689,2516,1013,2546,2436,2485,869,1339,120

test suite303
bestAPFD:0.948438
bestSuite:1560,180,1404,1737,2404,2516,1671,2366,2700,2536

test suite304
bestAPFD:0.948438
bestSuite:1578,2478,1737,2453,1561,2590,2178,173,2392,2697

test suite305
bestAPFD:0.955729
bestSuite:1732,618,1083,177,2515,2465,2689,1404,25,1401,1567,2573

test suite306
bestAPFD:0.953125
bestSuite:1570,1804,1737,1579,2319,1141,2692,69,2531,2527,1378

test suite307
bestAPFD:0.952524
bestSuite:675,2568,400,148,1780,2462,2548,1663,2507,2691,666,2477,566

test suite308
bestAPFD:0.953835
bestSuite:760,2706,2486,2459,2354,2429,2385,1680,1716,2656,2529

test suite309
bestAPFD:0.965104
bestSuite:2073,2498,863,1579,1519,2112,532,2685,86,1729,1684,1020,2508,1616,2455

test suite310
bestAPFD:0.955729
bestSuite:1737,2412,2462,2035,980,2533,1023,2696,2577,2455,2478,328

test suite311
bestAPFD:0.946094
bestSuite:2469,2683,1876,2533,1729,2550,2541,1586,1554,2375

test suite312
bestAPFD:0.930664
bestSuite:2368,2547,1361,2438,1732,2697,1563,2530

test suite313
bestAPFD:0.942969
bestSuite:1720,745,2702,1061,2502,2545,1561,1825,1554,1861

test suite314
bestAPFD:0.963170
bestSuite:1732,79,1579,1764,2368,288,2532,81,2263,1581,2477,2693,2454,1861

test suite315
bestAPFD:0.957933
bestSuite:2246,72,2480,2406,1728,2305,2407,2547,2430,1756,1565,2710,2375

test suite316
bestAPFD:0.964286
bestSuite:2697,513,2537,2460,951,1737,2511,70,327,2643,1522,2523,2515,1572

test suite317
bestAPFD:0.958333
bestSuite:2473,2550,1546,2392,1558,2697,2630,24,1849,1920,2374,1726

test suite318
bestAPFD:0.945313
bestSuite:2540,159,1729,1020,2505,1569,2534,2702,2522,765

test suite319
bestAPFD:0.959135
bestSuite:2340,2526,1660,2462,2416,2472,2214,250,2475,1431,1737,2117,2686

test suite320
bestAPFD:0.959736
bestSuite:2407,2525,2442,24,1442,1104,2238,298,2529,2450,2480,1728,2689

test suite321
bestAPFD:0.957682
bestSuite:999,1730,2465,251,1485,1631,1835,2681,2536,2458,2164,1178

test suite322
bestAPFD:0.953125
bestSuite:2533,1574,2441,2706,2548,794,1720,2493,1432,78,2532

test suite323
bestAPFD:0.942708
bestSuite:2509,97,840,1569,2522,1726,2689,2540,1820

test suite324
bestAPFD:0.954545
bestSuite:1851,2691,82,1403,1726,2270,1536,2540,2486,1572,1574

test suite325
bestAPFD:0.957031
bestSuite:1732,1895,2681,2668,599,2455,1577,2424,2355,2475,2529,2496

test suite326
bestAPFD:0.952415
bestSuite:2568,2489,1579,2406,2700,1918,2459,2431,1595,45,2485

test suite327
bestAPFD:0.956380
bestSuite:20,1737,2521,2440,2537,2557,2111,2407,2687,1531,2478,2488

test suite328
bestAPFD:0.950994
bestSuite:1737,1817,2177,2535,1530,2494,2415,183,2080,2549,2708

test suite329
bestAPFD:0.942969
bestSuite:2533,2688,2415,1660,1726,1781,77,1565,1403,169

test suite330
bestAPFD:0.956380
bestSuite:2480,2397,2694,229,2549,190,1726,2426,1250,2373,2483,2465

test suite331
bestAPFD:0.953835
bestSuite:2237,2520,1729,2687,1663,2666,1585,2529,592,2373,2672

test suite332
bestAPFD:0.946094
bestSuite:2580,2698,1571,2540,2394,1726,2597,2455,736,939

test suite333
bestAPFD:0.953125
bestSuite:492,2505,2201,1557,187,1737,2580,1644,200,1404,2706

test suite334
bestAPFD:0.956731
bestSuite:1143,2502,2453,2486,441,2516,2490,81,1578,2710,2534,1737,218

test suite335
bestAPFD:0.954427
bestSuite:379,1819,1542,1726,582,2475,2407,2613,2531,1153,1404,2709

test suite336
bestAPFD:0.943576
bestSuite:2507,2590,2392,2652,1557,249,2452,2684,1726

test suite337
bestAPFD:0.942708
bestSuite:1186,2691,2568,1666,2459,2480,2440,2539,2620

test suite338
bestAPFD:0.942969
bestSuite:2502,2385,2637,974,1660,150,2709,1737,2553,1156

test suite339
bestAPFD:0.953125
bestSuite:2163,129,1820,2478,1130,2453,2710,1729,1578,2472,2533

test suite340
bestAPFD:0.951705
bestSuite:1057,2689,2675,2392,2485,1720,2374,491,2429,2450,2550

test suite341
bestAPFD:0.955729
bestSuite:1720,1803,2639,2507,2698,2400,1087,2501,2513,2528,418,1924

test suite342
bestAPFD:0.956380
bestSuite:2437,2549,2533,1826,219,1571,2320,2489,2087,2708,1728,1904

test suite343
bestAPFD:0.948864
bestSuite:106,2456,2704,1518,1573,1720,870,1851,935,2483,2535

test suite344
bestAPFD:0.949219
bestSuite:77,1278,1578,2439,1406,2407,1737,711,2693,2531

test suite345
bestAPFD:0.952474
bestSuite:2685,1631,1848,870,1716,2584,2464,1036,71,2533,2422,2523

test suite346
bestAPFD:0.942708
bestSuite:1250,2628,2547,2501,2515,2479,2704,2568,1565

test suite347
bestAPFD:0.954545
bestSuite:2346,80,2406,1560,1729,1774,1558,1320,2494,2547,2703

test suite348
bestAPFD:0.955729
bestSuite:2710,320,1575,1729,2380,1570,1337,173,2525,695,1793,2489

test suite349
bestAPFD:0.940104
bestSuite:2378,1729,2537,1811,1402,1135,1286,2702,2548

test suite350
bestAPFD:0.951705
bestSuite:172,2550,2477,1577,1819,1717,2568,1576,1569,2706,624

test suite351
bestAPFD:0.952415
bestSuite:2404,2686,1256,2537,1680,2492,1851,45,962,2526,1737

test suite352
bestAPFD:0.961538
bestSuite:205,1720,1165,2580,2407,2523,2462,2040,50,1558,2508,2690,2472

test suite353
bestAPFD:0.944444
bestSuite:2452,2568,2689,2534,2075,29,1572,2368,2473

test suite354
bestAPFD:0.947656
bestSuite:1774,873,2473,2498,166,1720,1578,2380,2688,2526

test suite355
bestAPFD:0.953776
bestSuite:2428,2375,1907,2509,365,2454,2406,225,2681,1670,1732,426

test suite356
bestAPFD:0.948438
bestSuite:8,1683,1737,2529,2343,2550,1571,2412,1999,2685

test suite357
bestAPFD:0.957682
bestSuite:236,2577,1682,2511,1729,1557,2060,2412,1406,1252,2487,2688

test suite358
bestAPFD:0.954545
bestSuite:1730,1475,1857,1568,2107,2551,2496,2705,2530,2477,2624

test suite359
bestAPFD:0.957933
bestSuite:2523,2538,20,2427,1438,1730,1557,2394,2190,2697,1393,2464,1546

test suite360
bestAPFD:0.950000
bestSuite:895,1404,1558,930,2513,1729,2701,2477,2538,119

test suite361
bestAPFD:0.956380
bestSuite:1826,2041,2439,1070,2503,2532,1406,2684,1616,2479,256,1716

test suite362
bestAPFD:0.957031
bestSuite:2343,2535,2124,1581,1737,2394,2681,1714,2551,2483,2651,1671

test suite363
bestAPFD:0.948438
bestSuite:1732,1561,1371,2710,2375,76,1562,2452,2478,1887

test suite364
bestAPFD:0.953835
bestSuite:1729,1579,204,2410,31,2536,2457,1667,1816,2685,2641

test suite365
bestAPFD:0.943750
bestSuite:2516,1579,2638,2536,1571,2709,1729,122,2521,2431

test suite366
bestAPFD:0.950000
bestSuite:1558,2537,2568,2696,2546,1920,1561,2582,2480,1833

test suite367
bestAPFD:0.949219
bestSuite:2589,2708,2355,2530,2538,2613,2525,2568,1644,1585

test suite368
bestAPFD:0.947266
bestSuite:196,1514,1405,1035,800,2477,1730,768,171,2485,2707,2400

test suite369
bestAPFD:0.960337
bestSuite:1563,916,2107,2674,2385,2525,2464,103,1729,1829,2533,2684,1416

test suite370
bestAPFD:0.950284
bestSuite:2523,2501,2491,156,2334,2507,2568,1816,438,472,2703

test suite371
bestAPFD:0.956380
bestSuite:1643,2577,2704,1438,1576,2643,1283,1729,2494,2513,2525,72

test suite372
bestAPFD:0.956380
bestSuite:2530,1729,2694,2452,2357,2616,2205,1625,1800,2449,2016,2538

test suite373
bestAPFD:0.951705
bestSuite:2248,2690,2518,1660,1309,2642,2479,2525,2406,2437,1728

test suite374
bestAPFD:0.950284
bestSuite:82,738,2520,1780,441,2538,1580,409,1720,2403,2700

test suite375
bestAPFD:0.950000
bestSuite:1525,201,1832,1260,2461,1565,2705,2516,1726,2547

test suite376
bestAPFD:0.948864
bestSuite:1100,2568,162,2375,1647,1778,2681,977,2449,2536,2522

test suite377
bestAPFD:0.953125
bestSuite:2630,861,1660,2689,711,2521,2583,1570,112,2539,2568

test suite378
bestAPFD:0.942708
bestSuite:1563,1971,1732,2693,2526,1889,2538,75,2498

test suite379
bestAPFD:0.955729
bestSuite:2686,2456,2623,2591,2491,2395,2486,1737,947,1566,2506,2254

test suite380
bestAPFD:0.952415
bestSuite:1221,1046,1554,2703,1726,2511,2654,25,1853,2533,1405

test suite381
bestAPFD:0.936523
bestSuite:107,2532,2507,2709,2537,1404,2581,2568

test suite382
bestAPFD:0.949870
bestSuite:2682,1625,133,2407,2498,2504,1805,2090,603,2459,1729,2403

test suite383
bestAPFD:0.958333
bestSuite:358,2353,1754,1729,1584,1583,2377,2537,2575,2523,2686,1000

test suite384
bestAPFD:0.954427
bestSuite:2477,2485,1631,2416,2492,1737,80,2707,2323,1971,113,2459

test suite385
bestAPFD:0.956731
bestSuite:1809,2366,2121,2085,592,2496,2550,46,2530,1728,1972,2699,2495

test suite386
bestAPFD:0.954427
bestSuite:192,2539,2375,2697,2500,2459,1729,147,803,2378,1934,1680

test suite387
bestAPFD:0.949219
bestSuite:1868,2517,2692,2539,1542,759,108,2482,1729,2454

test suite388
bestAPFD:0.954427
bestSuite:1820,2700,2540,2509,1191,2505,1660,1254,1728,174,1405,399

test suite389
bestAPFD:0.944531
bestSuite:1578,33,1036,2705,1716,2575,1586,2514,2528,2406

test suite390
bestAPFD:0.954427
bestSuite:1631,2462,1440,2521,1759,364,2705,2400,2620,1810,2537,1728

test suite391
bestAPFD:0.957031
bestSuite:1236,1729,1963,2523,2138,2491,2662,1546,1131,1569,2509,2702

test suite392
bestAPFD:0.955729
bestSuite:2492,2502,2693,968,1730,1576,2544,1663,1606,2676,2445,336

test suite393
bestAPFD:0.948438
bestSuite:2504,1726,2539,1595,2442,2335,2651,2520,2392,2688

test suite394
bestAPFD:0.956380
bestSuite:2315,1793,119,1530,1577,2392,2138,1726,2530,299,2546,2692

test suite395
bestAPFD:0.961538
bestSuite:1730,1443,1396,2707,275,2384,1522,1971,2439,1559,2535,633,2523

test suite396
bestAPFD:0.959135
bestSuite:1716,2502,1832,377,1680,1859,2636,2551,2696,348,1128,2496,2404

test suite397
bestAPFD:0.942708
bestSuite:2547,189,630,1794,2681,1573,2231,2568,2536

test suite398
bestAPFD:0.951705
bestSuite:2431,599,1728,289,1643,2475,1307,2529,1403,2699,2530

test suite399
bestAPFD:0.950994
bestSuite:2459,303,2430,2556,2568,1660,2516,2220,2538,2693,8

test suite400
bestAPFD:0.934570
bestSuite:2533,2534,2704,114,2458,1730,1575,662

test suite401
bestAPFD:0.948438
bestSuite:737,2487,1579,1732,2692,177,1582,2486,2454,2424

test suite402
bestAPFD:0.952474
bestSuite:2427,2060,2392,2122,1404,2407,2485,1401,2662,2696,1631,1720

test suite403
bestAPFD:0.951705
bestSuite:2491,283,1522,1934,1726,2694,1570,2525,1384,1503,2395

test suite404
bestAPFD:0.958534
bestSuite:2551,1574,1570,2500,827,2434,1728,1825,710,2395,2539,2682,2601

test suite405
bestAPFD:0.950994
bestSuite:2557,2702,2568,1447,1582,2455,2515,2394,2460,1805,1608

test suite406
bestAPFD:0.942708
bestSuite:2530,119,2560,1726,2694,2544,2449,2437,2517

test suite407
bestAPFD:0.959135
bestSuite:2540,2627,2311,332,2547,1611,2480,2385,2684,1728,2486,223,1771

test suite408
bestAPFD:0.954545
bestSuite:2587,2695,1643,2636,1404,1568,2489,2473,2516,1729,902

test suite409
bestAPFD:0.950000
bestSuite:1568,1728,1832,2533,2415,2455,2708,277,2619,1516

test suite410
bestAPFD:0.946094
bestSuite:2513,920,2679,2691,772,1670,1716,2395,1404,2491

test suite411
bestAPFD:0.942708
bestSuite:2550,1557,2429,1728,2702,1565,828,2472,140

test suite412
bestAPFD:0.956380
bestSuite:1579,21,1542,2367,1728,2525,717,2274,2708,2538,1110,2446

test suite413
bestAPFD:0.957031
bestSuite:2689,26,1853,1737,1563,589,1329,2508,2535,2454,2378,579

test suite414
bestAPFD:0.954545
bestSuite:2513,102,1863,2560,2544,2683,1729,2494,1584,1609,2408

test suite415
bestAPFD:0.940104
bestSuite:1729,1880,2689,2521,2502,2500,2384,885,2466

test suite416
bestAPFD:0.948438
bestSuite:2526,1570,660,2218,1716,2373,2494,2689,2502,13

test suite417
bestAPFD:0.950994
bestSuite:2582,227,1563,824,2477,900,1729,1505,1557,2459,2707

test suite418
bestAPFD:0.943750
bestSuite:2450,2531,1716,2456,1564,963,2694,2407,2584,2532

test suite419
bestAPFD:0.950521
bestSuite:181,2397,1403,270,1997,2704,2533,1728,2518,2583,521,1968

test suite420
bestAPFD:0.950000
bestSuite:1572,1557,2526,1737,1870,2531,2427,2046,10,2694

test suite421
bestAPFD:0.957031
bestSuite:2516,132,1721,1569,2482,1720,1799,2553,2201,2465,2701,288

test suite422
bestAPFD:0.959135
bestSuite:254,2516,2482,2496,1730,2486,1406,1324,1531,2355,2688,283,2591

test suite423
bestAPFD:0.941840
bestSuite:289,2495,2455,2092,2681,1732,2533,534,2404

test suite424
bestAPFD:0.942708
bestSuite:1363,2477,1563,2455,2684,1730,2383,2377,2530

test suite425
bestAPFD:0.958333
bestSuite:2028,2513,130,2458,621,1558,1912,2509,903,1643,1716,2681

test suite426
bestAPFD:0.950284
bestSuite:2445,243,2637,1560,2698,1720,612,2448,2456,2489,2529

test suite427
bestAPFD:0.950994
bestSuite:2438,282,2510,2397,2522,1729,2538,375,643,2705,1190

test suite428
bestAPFD:0.953125
bestSuite:2412,395,1849,882,1666,2490,2531,2452,274,1720,2695,1007

test suite429
bestAPFD:0.950284
bestSuite:2437,1732,2483,2706,1208,2475,143,2237,1565,2549,2501

test suite430
bestAPFD:0.953776
bestSuite:1567,1644,1728,2624,1805,2693,2485,2078,2408,2368,2544,1313

test suite431
bestAPFD:0.950000
bestSuite:2514,1051,1737,2462,84,1572,2457,2681,1744,1857

test suite432
bestAPFD:0.955729
bestSuite:2478,2568,10,152,2583,2540,2547,2693,1518,2265,2509,1322

test suite433
bestAPFD:0.948438
bestSuite:2695,2465,1007,1728,2066,1569,2514,2520,167,1315

test suite434
bestAPFD:0.948153
bestSuite:2485,698,2452,2685,7,1730,1879,2575,1583,2479,2395

test suite435
bestAPFD:0.947656
bestSuite:1402,2692,864,1561,2505,2649,1716,1850,219,2552

test suite436
bestAPFD:0.951705
bestSuite:1007,2476,169,2687,2456,1729,823,2514,1585,1823,1576

test suite437
bestAPFD:0.956380
bestSuite:638,1847,2531,1720,1888,2538,1670,1786,2552,2510,156,2696

test suite438
bestAPFD:0.948438
bestSuite:1295,2588,2533,1542,2453,2647,2483,1743,1720,2695

test suite439
bestAPFD:0.953125
bestSuite:1611,1849,2385,967,2655,1732,2494,2660,1557,2690,2525

test suite440
bestAPFD:0.956380
bestSuite:2515,1726,51,1560,999,2536,2545,2682,1683,1762,2587,1494

test suite441
bestAPFD:0.952415
bestSuite:794,239,2472,2546,1851,1531,454,2400,2696,2485,1729

test suite442
bestAPFD:0.942188
bestSuite:512,2477,2460,1894,2697,1808,1730,2395,1404,691

test suite443
bestAPFD:0.955729
bestSuite:1145,1778,2697,1579,708,2481,1730,2368,1616,2552,2465,134

test suite444
bestAPFD:0.953776
bestSuite:1156,340,1402,1683,2540,1291,2703,400,1726,2408,1850,2544

test suite445
bestAPFD:0.941840
bestSuite:1720,2591,2688,2538,2403,172,976,2483,2456

test suite446
bestAPFD:0.951705
bestSuite:1439,1728,1798,1567,2505,2703,1680,2452,2498,1216,253

test suite447
bestAPFD:0.950284
bestSuite:2487,2485,2549,1583,2708,972,1732,2394,190,1863,1030

test suite448
bestAPFD:0.954545
bestSuite:871,2502,2400,1478,1730,278,1558,1416,2694,2488,2547

test suite449
bestAPFD:0.957031
bestSuite:1062,1644,2528,215,2493,2690,2406,1232,2514,1729,2539,192

test suite450
bestAPFD:0.957031
bestSuite:1803,1729,2525,2595,758,2687,2394,2536,2509,750,197,2478

test suite451
bestAPFD:0.948438
bestSuite:1732,2395,2442,2681,2476,2494,1499,1563,2456,924

test suite452
bestAPFD:0.950994
bestSuite:54,2525,2462,2517,2703,2533,1862,1737,2384,966,24

test suite453
bestAPFD:0.949219
bestSuite:2577,2392,1078,2476,1573,1586,1730,88,2545,2705

test suite454
bestAPFD:0.935156
bestSuite:1602,1,2455,2681,2513,2505,1808,1720,1416,1386

test suite455
bestAPFD:0.953125
bestSuite:2520,775,2683,1570,1581,31,1728,1807,2368,2482,2385

test suite456
bestAPFD:0.948438
bestSuite:1960,2478,1560,265,2681,1616,1728,1853,2477,2454

test suite457
bestAPFD:0.950994
bestSuite:1283,2517,2521,2407,2688,2473,1577,2632,166,2438,1720

test suite458
bestAPFD:0.950994
bestSuite:1301,2515,2373,2706,230,2486,2403,1487,744,2553,1732

test suite459
bestAPFD:0.953125
bestSuite:2515,1682,2329,2486,2522,1830,44,1585,2709,1716,1586

test suite460
bestAPFD:0.956380
bestSuite:1401,2507,2487,2512,1847,1726,2546,2685,464,10,2250,2532

test suite461
bestAPFD:0.949574
bestSuite:1729,2515,130,1569,2518,1807,1578,1269,2707,1406,2385

test suite462
bestAPFD:0.944531
bestSuite:1720,1500,2485,2523,2539,2695,751,2498,2250,1577

test suite463
bestAPFD:0.953125
bestSuite:2682,2540,2494,253,342,1937,825,1560,1522,1737,2522

test suite464
bestAPFD:0.953125
bestSuite:620,1579,1864,505,134,2540,1729,1554,2695,2459,2462

test suite465
bestAPFD:0.946094
bestSuite:2408,240,2703,1276,2436,1402,2483,2568,2528,2478

test suite466
bestAPFD:0.953125
bestSuite:1771,168,1737,1560,682,2698,1411,746,2531,1682,1406

test suite467
bestAPFD:0.953125
bestSuite:568,2486,1200,1720,204,2483,2551,2514,2692,1401,928

test suite468
bestAPFD:0.953835
bestSuite:2703,2460,803,290,1729,2080,2495,2577,2459,2378,1562

test suite469
bestAPFD:0.940104
bestSuite:1729,1680,2689,2374,2544,2502,808,2143,2438

test suite470
bestAPFD:0.936523
bestSuite:2460,1584,262,1716,1403,2514,2709,2377

test suite471
bestAPFD:0.955729
bestSuite:2400,2528,2514,1600,1690,2538,2568,1966,2708,52,2679,1583

test suite472
bestAPFD:0.958534
bestSuite:2400,1255,1716,80,935,1522,2539,2700,2552,2003,372,1832,2512

test suite473
bestAPFD:0.962612
bestSuite:2189,2226,1683,874,2374,1545,14,2406,2483,2545,1213,1571,2699,1730

test suite474
bestAPFD:0.948438
bestSuite:1403,2392,1061,2585,2479,2478,156,1546,2693,2568

test suite475
bestAPFD:0.942708
bestSuite:299,2528,2685,2145,2633,2478,2568,2496,2494

test suite476
bestAPFD:0.942708
bestSuite:1403,2503,1595,2684,2624,482,1716,2538,2587

test suite477
bestAPFD:0.937500
bestSuite:2498,2697,9,937,1720,1569,1403,2285,2479

test suite478
bestAPFD:0.935547
bestSuite:179,1822,2538,1729,2462,2681,2518,2523

test suite479
bestAPFD:0.959135
bestSuite:1576,1716,1592,809,210,2489,2437,1403,167,2537,2682,2410,1731

test suite480
bestAPFD:0.948438
bestSuite:1995,1557,104,2702,2452,728,2477,2408,1737,1542

test suite481
bestAPFD:0.948438
bestSuite:1720,575,2448,2546,1974,2505,2590,2695,243,2478

test suite482
bestAPFD:0.957031
bestSuite:530,2374,1404,2616,1577,235,1729,2702,2485,1197,2441,2477

test suite483
bestAPFD:0.940972
bestSuite:151,1566,2066,1628,2527,2702,2539,2568,2677

test suite484
bestAPFD:0.954545
bestSuite:123,2544,1052,1559,2476,1664,2683,1716,2378,2477,1769

test suite485
bestAPFD:0.961538
bestSuite:2524,2511,1729,1866,2461,1122,1627,547,1106,2535,369,2687,2380

test suite486
bestAPFD:0.955729
bestSuite:741,1364,1794,2527,1283,2683,1729,2498,71,1578,2517,1576

test suite487
bestAPFD:0.948864
bestSuite:2131,655,2478,1585,2494,149,1405,1716,2704,2412,1798

test suite488
bestAPFD:0.962054
bestSuite:1835,600,61,2477,1661,2707,763,2025,111,2523,1728,1557,2511,2378

test suite489
bestAPFD:0.942708
bestSuite:2455,2513,2312,1542,440,441,1557,1730,2708

test suite490
bestAPFD:0.952474
bestSuite:385,1861,2553,2700,1595,84,2514,2535,320,1720,841,495

test suite491
bestAPFD:0.959135
bestSuite:1566,2446,988,2394,782,2703,1646,1730,111,2548,2494,2537,2493

test suite492
bestAPFD:0.954545
bestSuite:1644,805,2523,2705,2513,2516,2489,1726,958,1794,1568

test suite493
bestAPFD:0.953125
bestSuite:2689,1873,1726,2429,2491,2380,2498,2653,2615,2548,1401

test suite494
bestAPFD:0.954799
bestSuite:2502,1651,281,2490,1405,1732,2380,1116,2685,1123,301,2581,336,2368

test suite495
bestAPFD:0.951705
bestSuite:990,2532,2568,2707,2496,718,2487,1806,2455,1575,2575

test suite496
bestAPFD:0.946875
bestSuite:2551,183,1729,947,115,2697,2590,2529,2507,780

test suite497
bestAPFD:0.955078
bestSuite:2530,1264,2481,1495,995,230,2529,1729,1670,2690,2528,1862

test suite498
bestAPFD:0.952415
bestSuite:246,2344,2502,2408,1730,2397,2614,2695,2591,2453,2495

test suite499
bestAPFD:0.950521
bestSuite:2598,1039,2691,1580,1729,2522,884,1043,1401,2233,2535,173

test suite500
bestAPFD:0.950000
bestSuite:1728,611,1644,2685,2415,156,2461,1403,1666,2494

