test suite1
bestAPFD:0.953835
bestSuite:201,1514,2374,1570,2208,992,38,2514,2552,2704,1720

test suite2
bestAPFD:0.954545
bestSuite:2463,869,446,1722,1563,2460,1818,2688,2479,2524,1720

test suite3
bestAPFD:0.953125
bestSuite:2051,1546,1566,2538,1517,245,2531,2694,2237,1404,1732

test suite4
bestAPFD:0.957031
bestSuite:1257,1576,1595,1830,11,2385,1728,1175,2528,2406,2498,2703

test suite5
bestAPFD:0.948438
bestSuite:1292,1576,3,2397,2535,1976,2697,2514,2524,1716

test suite6
bestAPFD:0.957682
bestSuite:262,2448,1580,161,933,795,2704,2521,2438,2494,2406,1732

test suite7
bestAPFD:0.942969
bestSuite:1387,2605,1737,2476,2412,1822,1683,2392,2708,2553

test suite8
bestAPFD:0.949219
bestSuite:179,1585,2540,563,2159,2701,2478,2527,2537,1720

test suite9
bestAPFD:0.953125
bestSuite:1570,701,2568,1247,458,181,2377,2435,2683,2538,2547

test suite10
bestAPFD:0.943576
bestSuite:218,1557,1595,2536,1622,2587,2523,1716,2710

test suite11
bestAPFD:0.956380
bestSuite:1401,1732,2262,673,1279,2638,1830,2547,1631,2375,2540,2710

test suite12
bestAPFD:0.948864
bestSuite:2191,2383,82,2556,2407,2515,1683,2513,1728,2704,2458

test suite13
bestAPFD:0.955078
bestSuite:239,1160,1726,2395,1565,1897,2710,1781,2490,2549,2501,2489

test suite14
bestAPFD:0.960337
bestSuite:2221,2509,1487,111,1847,2377,2182,2492,2489,2548,2406,2683,1716

test suite15
bestAPFD:0.960938
bestSuite:154,1536,2415,2462,2479,1200,1354,1766,2553,2702,1769,2492,1732

test suite16
bestAPFD:0.948438
bestSuite:2073,1560,2536,71,2481,1616,849,2568,2682,1403

test suite17
bestAPFD:0.949219
bestSuite:218,1578,2395,1168,2459,2066,1730,2494,2485,2706

test suite18
bestAPFD:0.955729
bestSuite:1579,184,863,2489,2034,1737,1780,2380,1663,2551,2462,2703

test suite19
bestAPFD:0.953125
bestSuite:2022,1585,1579,2604,1830,1737,499,2063,2453,2699,2502

test suite20
bestAPFD:0.948153
bestSuite:933,464,2412,2427,1564,1683,2533,1730,1377,2708,2544

test suite21
bestAPFD:0.957031
bestSuite:1329,1644,2448,2460,2415,111,2436,1728,1833,1406,2684,2502

test suite22
bestAPFD:0.952415
bestSuite:2159,269,1531,2530,1728,787,2045,2492,2694,2537,2521

test suite23
bestAPFD:0.936523
bestSuite:2617,1569,2416,1450,2502,2699,2459,1716

test suite24
bestAPFD:0.953125
bestSuite:700,379,2430,2513,1561,1726,869,103,2467,2462,2458,2704

test suite25
bestAPFD:0.954427
bestSuite:140,939,2568,2412,1522,1467,2527,1524,2501,2696,2529,1810

test suite26
bestAPFD:0.963170
bestSuite:610,2496,223,2516,1726,445,2369,1486,929,449,2447,2687,2502,2549

test suite27
bestAPFD:0.952415
bestSuite:2301,65,2403,2462,1864,2495,2535,1737,2519,2545,2686

test suite28
bestAPFD:0.958534
bestSuite:84,1141,2148,2584,2378,1661,2476,354,2392,2464,1730,2695,2458

test suite29
bestAPFD:0.958333
bestSuite:1572,1637,831,1278,2403,2700,2482,28,13,2502,2528,1730

test suite30
bestAPFD:0.946875
bestSuite:2448,1751,970,1849,1737,2400,2514,2406,2698,2553

test suite31
bestAPFD:0.957031
bestSuite:620,1611,1771,143,1726,2535,2477,350,942,2225,2456,2685

test suite32
bestAPFD:0.957031
bestSuite:1132,1563,2412,2428,11,2490,1729,1196,2704,2458,2392,2476

test suite33
bestAPFD:0.953835
bestSuite:107,1575,2400,222,2578,604,2458,2445,2687,2529,1720

test suite34
bestAPFD:0.942708
bestSuite:1242,1583,151,2436,2483,1726,2502,2549,2692

test suite35
bestAPFD:0.952415
bestSuite:1062,1581,127,202,2540,1871,1807,1732,2499,2693,2552

test suite36
bestAPFD:0.950994
bestSuite:904,232,2576,1611,2377,2515,1032,2501,2544,2699,2568

test suite37
bestAPFD:0.961538
bestSuite:2461,1297,1485,842,2639,2455,1567,1670,2431,2693,2507,2517,1729

test suite38
bestAPFD:0.957031
bestSuite:2073,2412,534,216,1661,1730,776,1748,2699,2546,2514,2485

test suite39
bestAPFD:0.951705
bestSuite:614,113,2449,2340,1811,2407,2568,2486,2521,2685,2368

test suite40
bestAPFD:0.960337
bestSuite:2221,2538,2373,346,72,1817,2504,2397,1882,535,2524,2706,1716

test suite41
bestAPFD:0.957682
bestSuite:2620,1522,2415,2460,1671,2194,2694,1798,2506,2457,1730,2477

test suite42
bestAPFD:0.958333
bestSuite:1568,1556,1477,2420,1221,2218,2539,2708,2473,1809,2550,1716

test suite43
bestAPFD:0.945313
bestSuite:52,2605,2582,1726,2509,1538,2458,2517,2694,2406

test suite44
bestAPFD:0.955729
bestSuite:2208,2460,2260,2395,2505,1729,1724,398,1866,1336,1404,2684

test suite45
bestAPFD:0.951705
bestSuite:2227,1602,1027,2507,1803,208,2478,2489,2524,2708,1716

test suite46
bestAPFD:0.942708
bestSuite:1359,1582,256,1810,2380,1720,2702,2458,2529

test suite47
bestAPFD:0.964286
bestSuite:1558,2133,1313,902,241,91,2481,2584,2385,2375,2458,2690,1720,2460

test suite48
bestAPFD:0.951705
bestSuite:199,2130,2416,1726,1402,1569,2706,2428,211,2472,2456

test suite49
bestAPFD:0.958333
bestSuite:1568,2087,615,2394,2425,2451,2700,286,2545,1570,2514,1729

test suite50
bestAPFD:0.956380
bestSuite:210,1576,1170,2659,1616,2539,1902,1778,2690,2486,2456,1730

test suite51
bestAPFD:0.945313
bestSuite:1981,2626,1800,2462,1272,2375,2568,2496,2523,2695

test suite52
bestAPFD:0.942708
bestSuite:928,2412,2538,2477,19,1680,1726,2546,2681

test suite53
bestAPFD:0.953125
bestSuite:825,2509,1683,54,2504,2534,2501,2453,2692,2568,2537

test suite54
bestAPFD:0.954427
bestSuite:2568,1484,2101,2539,1771,1086,2510,1666,1698,25,2710,1405

test suite55
bestAPFD:0.950000
bestSuite:2461,835,1985,154,2489,2476,2547,2695,1580,1728

test suite56
bestAPFD:0.950000
bestSuite:2461,1308,2335,2407,250,2467,2703,1732,2498,2526

test suite57
bestAPFD:0.960337
bestSuite:1310,2412,2449,216,1861,2494,1407,971,1406,2493,2485,1732,2683

test suite58
bestAPFD:0.942708
bestSuite:2309,1566,1557,505,2633,2516,2458,2681,2568

test suite59
bestAPFD:0.955078
bestSuite:800,2536,1573,870,1771,202,1720,2469,2501,2520,2368,2683

test suite60
bestAPFD:0.953835
bestSuite:178,1560,1631,1269,1489,1404,2698,2478,1887,2537,1729

test suite61
bestAPFD:0.958333
bestSuite:2463,500,1885,998,404,2446,294,1403,1732,2700,2502,1572

test suite62
bestAPFD:0.948438
bestSuite:677,1663,2412,1570,258,2535,1730,1823,2699,2522

test suite63
bestAPFD:0.954545
bestSuite:1558,1217,929,1070,123,1771,2407,2454,2708,2540,1730

test suite64
bestAPFD:0.942708
bestSuite:1147,2451,2536,123,2488,1730,2690,2583,2550

test suite65
bestAPFD:0.960337
bestSuite:2339,1663,1615,2668,2495,1737,2516,2277,2506,1857,2545,2501,2693

test suite66
bestAPFD:0.934570
bestSuite:2647,2448,1393,2536,1726,2438,2528,2695

test suite67
bestAPFD:0.943576
bestSuite:91,1569,1580,2535,1762,2591,2698,2551,1716

test suite68
bestAPFD:0.963170
bestSuite:2066,1561,283,1666,2481,1053,934,1032,441,2568,2368,2476,2546,2685

test suite69
bestAPFD:0.949219
bestSuite:178,1585,2538,624,534,1781,1737,2699,2502,1405

test suite70
bestAPFD:0.957031
bestSuite:2424,1585,592,159,2394,1737,883,1567,2392,2527,2690,2501

test suite71
bestAPFD:0.948153
bestSuite:698,2408,258,1780,2498,832,1670,2476,1737,2701,2553

test suite72
bestAPFD:0.950994
bestSuite:921,2391,184,1847,2410,2482,2539,1729,2078,2681,2523

test suite73
bestAPFD:0.956380
bestSuite:1015,1585,80,714,2581,2404,2516,2519,2532,2700,1404,1732

test suite74
bestAPFD:0.959135
bestSuite:1101,1818,1514,995,1479,245,2517,2486,2505,1001,2682,1732,2553

test suite75
bestAPFD:0.950000
bestSuite:2461,134,1297,1580,2706,1794,1737,1651,2514,2457

test suite76
bestAPFD:0.943576
bestSuite:107,1546,2404,1888,2478,2544,2477,2691,1729

test suite77
bestAPFD:0.937500
bestSuite:2161,1737,159,1571,2368,2530,2299,2683,2545

test suite78
bestAPFD:0.954545
bestSuite:1572,1774,2563,863,107,2476,2395,2516,2704,1730,2523

test suite79
bestAPFD:0.943576
bestSuite:168,1663,1570,2415,1809,2495,2545,2700,1728

test suite80
bestAPFD:0.950000
bestSuite:1558,290,2465,752,948,2590,2547,2693,2513,1730

test suite81
bestAPFD:0.950000
bestSuite:1558,1898,2273,157,2706,1730,2434,1557,1406,2529

test suite82
bestAPFD:0.963170
bestSuite:1912,1583,2625,2482,149,2415,2491,847,475,666,2454,2501,2707,1732

test suite83
bestAPFD:0.933594
bestSuite:2448,1192,730,1726,2476,2505,2697,2523

test suite84
bestAPFD:0.953835
bestSuite:2652,1574,2378,838,189,2301,2529,1793,2521,2694,1732

test suite85
bestAPFD:0.938368
bestSuite:753,228,1729,532,1595,2533,2477,2546,2705

test suite86
bestAPFD:0.943576
bestSuite:2620,2539,1680,479,1853,2508,2528,2700,2568

test suite87
bestAPFD:0.954545
bestSuite:2461,282,265,957,1912,2493,2496,2690,2549,1726,2515

test suite88
bestAPFD:0.958333
bestSuite:2461,2668,2432,1475,1757,2522,2490,2448,1576,2683,2533,1729

test suite89
bestAPFD:0.949219
bestSuite:100,2533,1575,1230,760,1874,2577,2707,2553,1729

test suite90
bestAPFD:0.948438
bestSuite:1905,2465,2497,1832,2450,1729,1740,2513,2520,2696

test suite91
bestAPFD:0.953125
bestSuite:2007,2412,1663,2434,253,1728,231,2537,2704,2506,2459

test suite92
bestAPFD:0.962054
bestSuite:1575,1383,2056,1661,1728,888,1082,2532,2540,2398,195,1818,2550,2695

test suite93
bestAPFD:0.954545
bestSuite:1572,1656,800,1730,710,2491,1580,2501,286,2690,2520

test suite94
bestAPFD:0.957031
bestSuite:1369,1574,1560,1534,228,1670,2517,1720,2469,2549,2702,2485

test suite95
bestAPFD:0.961538
bestSuite:1568,583,848,813,281,2435,2450,2689,2374,2368,2522,1720,2532

test suite96
bestAPFD:0.943576
bestSuite:16,1546,2400,2689,2473,2531,1822,2457,1726

test suite97
bestAPFD:0.950000
bestSuite:1572,1504,387,773,2689,2523,103,1798,2513,1726

test suite98
bestAPFD:0.949219
bestSuite:126,2410,2538,2077,2440,2551,2506,2537,2684,1732

test suite99
bestAPFD:0.958534
bestSuite:609,212,2574,1571,2374,1720,1482,1376,1423,2531,2053,2709,2523

test suite100
bestAPFD:0.935547
bestSuite:2468,1595,1560,24,2533,1730,2702,2552

test suite101
bestAPFD:0.940972
bestSuite:1922,2538,1726,1402,582,1864,2478,2709,2457

test suite102
bestAPFD:0.950000
bestSuite:2461,1537,2516,397,1359,208,2685,2522,1574,1729

test suite103
bestAPFD:0.957031
bestSuite:835,1595,1579,1561,1523,1862,181,1728,1958,2368,1403,2693

test suite104
bestAPFD:0.957031
bestSuite:1174,2378,1450,117,1683,2462,2375,2202,2588,1716,2521,2689

test suite105
bestAPFD:0.954427
bestSuite:58,972,1729,2237,2462,2496,2479,1517,2598,1564,2698,2548

test suite106
bestAPFD:0.957031
bestSuite:2441,1586,1566,2400,299,2530,2505,1726,2330,1345,2691,2457

test suite107
bestAPFD:0.954545
bestSuite:1572,783,669,411,260,2540,2145,2477,2686,2457,2568

test suite108
bestAPFD:0.957682
bestSuite:2577,1401,1570,2538,72,2052,1282,1187,2490,2709,2547,2568

test suite109
bestAPFD:0.931641
bestSuite:1169,2597,1726,2488,2535,1682,2453,2692

test suite110
bestAPFD:0.964286
bestSuite:1568,2484,1708,2047,2038,252,2488,1769,2696,2485,2553,2400,2368,1720

test suite111
bestAPFD:0.959821
bestSuite:938,1366,223,2374,1338,2582,1531,2481,2505,2533,367,2550,2682,1716

test suite112
bestAPFD:0.950000
bestSuite:1572,2095,1772,1288,2694,2477,2502,2522,2451,1720

test suite113
bestAPFD:0.933594
bestSuite:2066,212,1726,2516,1670,2498,2709,2524

test suite114
bestAPFD:0.963542
bestSuite:240,2478,1922,277,1522,2404,565,442,777,1863,2525,2464,2695,2375,1737

test suite115
bestAPFD:0.952415
bestSuite:909,1579,2460,2438,13,2373,1670,2699,2568,2453,2529

test suite116
bestAPFD:0.950000
bestSuite:1568,2048,254,205,2523,2586,1557,2685,2472,1720

test suite117
bestAPFD:0.949219
bestSuite:121,1574,2505,1561,580,2070,1830,2688,2525,1716

test suite118
bestAPFD:0.953125
bestSuite:1203,1554,2538,573,2609,1794,2518,1720,1512,2701,2545

test suite119
bestAPFD:0.953835
bestSuite:154,1579,1644,1561,2016,1231,2432,2553,2684,2515,1726

test suite120
bestAPFD:0.960337
bestSuite:1562,2594,1737,2,2323,1962,1830,2395,44,2478,2687,2525,2487

test suite121
bestAPFD:0.957031
bestSuite:1971,1573,1557,1824,2541,2377,2515,1316,2582,2693,2522,1716

test suite122
bestAPFD:0.962054
bestSuite:1182,265,2412,2540,1500,1783,1807,2483,1569,1729,1516,2545,1567,2694

test suite123
bestAPFD:0.963728
bestSuite:2466,710,717,2590,1726,1557,2302,1502,862,2682,236,2506,2368,2453

test suite124
bestAPFD:0.945313
bestSuite:263,2498,1810,12,2460,1579,2654,1405,2696,1720

test suite125
bestAPFD:0.953125
bestSuite:1329,1574,2378,2538,1519,245,1726,1781,2368,2544,2694

test suite126
bestAPFD:0.944444
bestSuite:2461,385,807,1275,2455,1728,2394,2491,2688

test suite127
bestAPFD:0.946875
bestSuite:1575,256,1710,1660,1864,1737,567,2689,2526,2539

test suite128
bestAPFD:0.953835
bestSuite:180,1566,2516,2537,2062,2076,1473,2066,2696,2525,1716

test suite129
bestAPFD:0.957031
bestSuite:2309,1402,1826,143,2385,2533,1729,2266,2392,2445,2547,2697

test suite130
bestAPFD:0.950284
bestSuite:129,2363,734,2001,2479,1631,2501,2701,2576,2526,1737

test suite131
bestAPFD:0.957031
bestSuite:1356,1557,1596,2638,2394,2511,1536,1729,2582,2702,2458,2392

test suite132
bestAPFD:0.948438
bestSuite:712,2536,2448,2675,1720,1157,1804,2476,2694,2522

test suite133
bestAPFD:0.953835
bestSuite:237,1680,2483,1362,232,2544,2510,2435,1720,2486,2681

test suite134
bestAPFD:0.952415
bestSuite:2573,2561,1661,1569,1586,1726,27,2512,2708,2515,2453

test suite135
bestAPFD:0.950000
bestSuite:1568,499,378,2655,2299,2695,2502,2528,2408,1730

test suite136
bestAPFD:0.959736
bestSuite:8,1602,2288,1729,2374,9,722,2703,1050,2548,2488,1863,2537

test suite137
bestAPFD:0.953125
bestSuite:1929,2449,1557,2655,2490,2517,2404,1288,1403,2685,1716

test suite138
bestAPFD:0.950994
bestSuite:66,2580,1722,2449,1580,1780,2375,2682,2526,2486,1730

test suite139
bestAPFD:0.950000
bestSuite:1559,62,1203,1866,2406,2457,2701,1716,1560,2513

test suite140
bestAPFD:0.933594
bestSuite:2137,2509,2514,133,2692,2455,2502,1716

test suite141
bestAPFD:0.954545
bestSuite:2463,474,193,1020,2397,2408,2427,2535,2691,2452,2568

test suite142
bestAPFD:0.953835
bestSuite:34,1581,2404,2497,2686,1869,2457,2590,2375,2485,1737

test suite143
bestAPFD:0.957031
bestSuite:1233,1574,300,408,2609,2434,2407,2539,1137,2686,2523,1732

test suite144
bestAPFD:0.959736
bestSuite:13,1571,469,2594,1850,2568,2540,1588,23,2485,2688,2517,2525

test suite145
bestAPFD:0.952415
bestSuite:2329,2384,294,1531,2483,1728,319,2550,2073,2704,2501

test suite146
bestAPFD:0.956380
bestSuite:203,1602,1000,440,2378,1711,1819,2501,2531,2686,1720,2548

test suite147
bestAPFD:0.953125
bestSuite:2117,1575,1580,288,1726,1254,463,2368,2478,2453,2698

test suite148
bestAPFD:0.953835
bestSuite:2617,2415,1643,2516,1058,2292,2682,2066,1405,2537,1730

test suite149
bestAPFD:0.957682
bestSuite:2662,1536,1557,202,360,1745,2585,2515,1403,2473,2687,2568

test suite150
bestAPFD:0.953125
bestSuite:2554,1563,2540,1538,2580,2404,1726,1284,2709,2456,2476

test suite151
bestAPFD:0.959135
bestSuite:614,277,1583,1561,804,1630,2481,2486,1737,2513,2459,1804,2698

test suite152
bestAPFD:0.951823
bestSuite:2236,529,2568,290,2643,1631,2395,2490,2457,2476,2681,2513

test suite153
bestAPFD:0.957031
bestSuite:1920,1573,1455,1780,2394,2539,1720,1509,1512,1360,2452,2706

test suite154
bestAPFD:0.943576
bestSuite:2642,1401,2404,1618,2531,2442,1732,2454,2706

test suite155
bestAPFD:0.953125
bestSuite:903,1583,2509,58,2510,1882,2237,2685,2525,2498,1732

test suite156
bestAPFD:0.954545
bestSuite:2461,2090,1607,2355,2375,1563,2547,2709,2538,2236,1732

test suite157
bestAPFD:0.959736
bestSuite:1220,2667,2479,2450,2093,1835,2087,1825,2375,1405,2486,2698,1716

test suite158
bestAPFD:0.963170
bestSuite:2291,1577,2538,413,1661,2374,1730,1175,1992,1169,2534,2368,2528,2708

test suite159
bestAPFD:0.954545
bestSuite:1559,691,2128,2620,1804,2373,2547,2517,2478,2683,1737

test suite160
bestAPFD:0.953125
bestSuite:2317,1575,2538,411,2495,2611,1737,2342,1961,2550,2704

test suite161
bestAPFD:0.955729
bestSuite:1039,1571,851,419,2395,1799,1729,2498,1236,2695,2392,2547

test suite162
bestAPFD:0.949219
bestSuite:18,1670,2535,2023,2251,1853,2504,2520,2686,2568

test suite163
bestAPFD:0.964286
bestSuite:1568,382,1784,1268,1515,228,2436,2647,2406,2710,2502,2394,1726,2452

test suite164
bestAPFD:0.965625
bestSuite:2591,1563,1570,138,2467,2415,2515,1730,654,732,366,2349,1263,2696,1405

test suite165
bestAPFD:0.954545
bestSuite:1559,401,1905,1811,2708,154,2475,1557,2392,2527,1716

test suite166
bestAPFD:0.954545
bestSuite:1558,495,2332,2343,2418,2681,2478,2452,2487,2507,1729

test suite167
bestAPFD:0.950994
bestSuite:1188,1530,2540,1099,837,2663,2494,1728,2532,2552,2682

test suite168
bestAPFD:0.946094
bestSuite:284,1341,2513,1631,2539,1738,422,2701,2548,1720

test suite169
bestAPFD:0.946094
bestSuite:2668,1582,2560,1793,1737,2538,2502,2531,2456,2683

test suite170
bestAPFD:0.954545
bestSuite:1568,683,1422,2384,2441,163,2464,2710,2522,2537,1729

test suite171
bestAPFD:0.958333
bestSuite:2461,1693,1974,2576,2622,2480,2693,1583,1716,2455,1576,2514

test suite172
bestAPFD:0.946875
bestSuite:715,2460,1832,19,1289,2516,2568,1001,2526,2701

test suite173
bestAPFD:0.948438
bestSuite:2074,2496,191,87,1729,1965,2701,2521,2532,2537

test suite174
bestAPFD:0.958333
bestSuite:1584,599,564,1094,1309,86,2583,2498,2548,2686,1737,2505

test suite175
bestAPFD:0.950284
bestSuite:1112,1710,2496,265,2428,2384,2515,2526,2707,2486,1732

test suite176
bestAPFD:0.960938
bestSuite:2620,2395,2465,1574,2535,1628,1071,2682,2256,1606,1798,2458,1729

test suite177
bestAPFD:0.957031
bestSuite:2441,2536,2451,1493,2607,2500,980,1160,2392,2690,2568,2525

test suite178
bestAPFD:0.963170
bestSuite:2590,1530,2540,200,2490,2394,1720,1636,1486,2011,1108,2524,2706,2485

test suite179
bestAPFD:0.948438
bestSuite:1891,1402,2536,2436,106,2395,1728,2689,2392,2544

test suite180
bestAPFD:0.955729
bestSuite:203,1108,2400,2451,2539,1983,317,2708,2429,1720,2545,2511

test suite181
bestAPFD:0.958333
bestSuite:1572,1665,1599,2524,898,283,966,1863,1571,2502,2690,1716

test suite182
bestAPFD:0.953125
bestSuite:2328,1402,2540,236,2531,1737,375,2694,2440,2532,2547

test suite183
bestAPFD:0.957682
bestSuite:2466,1022,265,2568,1557,1537,1822,2708,1542,2525,2406,2472

test suite184
bestAPFD:0.953125
bestSuite:1570,570,216,1737,271,1582,1830,2528,2693,2407,2516

test suite185
bestAPFD:0.954427
bestSuite:102,1830,786,2384,1576,1611,2539,2090,1728,2702,2368,2456

test suite186
bestAPFD:0.957031
bestSuite:866,2509,134,2531,2682,99,912,371,1405,1823,2406,1716

test suite187
bestAPFD:0.953835
bestSuite:179,1643,2373,847,663,2207,2699,2446,2502,2523,1728

test suite188
bestAPFD:0.949219
bestSuite:2618,2479,1582,2119,2670,2699,2576,2552,2531,2568

test suite189
bestAPFD:0.953125
bestSuite:1309,1595,2448,439,84,2434,2505,2462,1716,2709,2522

test suite190
bestAPFD:0.961538
bestSuite:1558,1110,1336,1023,308,121,1774,2407,1406,2514,2708,2476,1732

test suite191
bestAPFD:0.949219
bestSuite:2662,2374,1644,2508,2274,2709,2537,1857,2457,1729

test suite192
bestAPFD:0.946094
bestSuite:1375,2631,2476,1631,2394,2517,1804,2546,2708,1732

test suite193
bestAPFD:0.953835
bestSuite:2678,1562,2377,1795,684,516,2117,2708,1716,2454,2498

test suite194
bestAPFD:0.953125
bestSuite:1132,2509,1446,197,1737,2103,2701,2585,2486,2452,2513

test suite195
bestAPFD:0.955729
bestSuite:960,1595,1876,205,2568,2518,2472,2384,444,2702,2528,2406

test suite196
bestAPFD:0.958333
bestSuite:2463,548,2605,102,2504,1832,2710,2462,1579,2535,1403,1726

test suite197
bestAPFD:0.953835
bestSuite:215,2479,2496,675,793,153,2686,2576,2498,1726,2521

test suite198
bestAPFD:0.957031
bestSuite:2226,2496,2460,378,246,704,818,2305,2686,2568,2527,2513

test suite199
bestAPFD:0.942708
bestSuite:788,2378,51,2435,1531,1728,2704,2513,2525

test suite200
bestAPFD:0.942708
bestSuite:1563,2078,1726,1771,2491,2407,2457,2537,2709

test suite201
bestAPFD:0.951705
bestSuite:2541,2419,924,1569,2380,1732,2338,2438,2693,2515,2547

test suite202
bestAPFD:0.957031
bestSuite:2446,1570,45,2510,1666,2394,1730,1760,871,2392,2454,2700

test suite203
bestAPFD:0.960938
bestSuite:260,1661,1560,2479,1430,305,1733,1818,2697,2524,2467,1729,2485

test suite204
bestAPFD:0.953835
bestSuite:126,2412,1522,1569,722,1625,1365,2472,2522,1720,2698

test suite205
bestAPFD:0.954545
bestSuite:1559,1104,2446,2702,189,2400,2638,2406,2521,2368,1730

test suite206
bestAPFD:0.953125
bestSuite:603,2460,2412,2660,85,1817,1730,670,1406,2537,2701

test suite207
bestAPFD:0.955078
bestSuite:232,706,1756,1571,2377,2516,1627,2582,2698,2485,2520,1728

test suite208
bestAPFD:0.953125
bestSuite:2446,1660,2408,181,2464,1728,369,2004,2691,2513,2458

test suite209
bestAPFD:0.960337
bestSuite:1929,2536,1562,1630,30,2518,1720,1830,1649,723,2392,2692,2546

test suite210
bestAPFD:0.953125
bestSuite:773,1530,1557,2654,277,2495,1720,1162,1738,2703,2549

test suite211
bestAPFD:0.948153
bestSuite:2077,1697,150,1729,1644,2428,2535,2406,2492,2553,2688

test suite212
bestAPFD:0.956380
bestSuite:2541,1199,1522,192,1569,1586,2533,2131,2438,2691,1404,1720

test suite213
bestAPFD:0.948438
bestSuite:1310,2540,1609,1631,1728,2159,2514,2704,2553,2406

test suite214
bestAPFD:0.953125
bestSuite:2117,1643,1566,142,2479,1728,1814,2278,2547,2686,2513

test suite215
bestAPFD:0.953125
bestSuite:1092,1573,2533,244,2628,2429,1720,2701,1833,1139,2548

test suite216
bestAPFD:0.957933
bestSuite:865,1830,348,207,1531,2374,2498,583,1110,2473,1716,2545,2706

test suite217
bestAPFD:0.948438
bestSuite:2138,2448,2536,225,2395,2430,1730,845,2525,2699

test suite218
bestAPFD:0.953835
bestSuite:2577,2451,1585,2539,2330,2689,1873,71,2551,2368,1716

test suite219
bestAPFD:0.945313
bestSuite:1726,348,1666,2404,937,2517,30,2532,2691,2526

test suite220
bestAPFD:0.956380
bestSuite:250,2378,1070,1785,1726,1536,2535,965,2511,2454,2485,2701

test suite221
bestAPFD:0.941840
bestSuite:2603,1269,2462,2530,2502,2447,2708,2527,1730

test suite222
bestAPFD:0.958333
bestSuite:1558,223,1870,1419,226,1832,2693,1560,1729,2548,2494,2501

test suite223
bestAPFD:0.942708
bestSuite:2293,1578,1670,73,2535,1730,2149,2709,2459

test suite224
bestAPFD:0.947656
bestSuite:1128,265,2395,2404,1729,1968,1804,2502,2523,2686

test suite225
bestAPFD:0.957031
bestSuite:852,1644,177,2394,2467,1811,2539,535,2288,2687,2550,2568

test suite226
bestAPFD:0.960337
bestSuite:1557,451,190,1602,90,1456,2299,770,655,2491,1720,2688,1404

test suite227
bestAPFD:0.963170
bestSuite:2073,1583,1432,62,2384,2517,1937,2046,2684,713,2392,2568,2526,2473

test suite228
bestAPFD:0.961496
bestSuite:957,2465,1726,941,1847,96,2483,2385,847,1412,2519,1522,2703,2526

test suite229
bestAPFD:0.945313
bestSuite:818,1737,383,1660,156,2539,2503,1887,2701,2545

test suite230
bestAPFD:0.947656
bestSuite:743,1401,1729,812,57,2516,2492,2552,2502,2685

test suite231
bestAPFD:0.958534
bestSuite:2440,20,2500,2494,2410,2416,675,1336,1970,1405,2688,1732,2498

test suite232
bestAPFD:0.950000
bestSuite:1572,2238,2542,15,2525,2708,2373,2516,2476,1732

test suite233
bestAPFD:0.942708
bestSuite:2339,2538,2667,2483,2477,1522,1720,2686,2459

test suite234
bestAPFD:0.946094
bestSuite:52,2359,1737,1581,2465,2690,2485,1794,1405,2514

test suite235
bestAPFD:0.950994
bestSuite:1146,137,1817,2507,2500,2516,2462,1730,1291,2697,2457

test suite236
bestAPFD:0.954545
bestSuite:2461,1877,1205,1160,1535,1661,2489,2408,2545,2692,1728

test suite237
bestAPFD:0.958333
bestSuite:2461,2332,152,2524,2631,1811,2403,2683,2407,1575,2513,2568

test suite238
bestAPFD:0.942708
bestSuite:1909,2507,2540,2437,2675,2516,1729,2691,2454

test suite239
bestAPFD:0.954545
bestSuite:1568,1967,2239,1643,1405,1728,2585,212,2529,2694,2540

test suite240
bestAPFD:0.957682
bestSuite:17,1530,2483,1755,1843,2310,2433,2487,2529,2704,1737,2521

test suite241
bestAPFD:0.935547
bestSuite:2218,1561,2538,1661,2576,1720,2544,2703

test suite242
bestAPFD:0.948438
bestSuite:1316,1585,289,2483,1819,1094,2473,2521,2687,1716

test suite243
bestAPFD:0.948438
bestSuite:947,2538,151,1793,1651,2495,1728,524,2701,2455

test suite244
bestAPFD:0.948438
bestSuite:967,1602,2464,2415,2455,1716,2687,2299,2489,2406

test suite245
bestAPFD:0.953125
bestSuite:1319,2412,1561,156,1531,1730,2482,2446,2705,2458,2529

test suite246
bestAPFD:0.943576
bestSuite:260,1586,1546,2536,226,1832,2528,2702,1726

test suite247
bestAPFD:0.953835
bestSuite:154,2448,2374,1570,1266,2708,2490,1720,2520,2577,2513

test suite248
bestAPFD:0.957031
bestSuite:2211,1577,1416,246,2384,2517,490,2581,2702,2547,2568,2502

test suite249
bestAPFD:0.957031
bestSuite:1009,1566,2671,249,2403,2539,1728,2186,2459,2695,2441,2375

test suite250
bestAPFD:0.948438
bestSuite:833,1578,2496,582,1729,1111,543,2527,2703,2513

test suite251
bestAPFD:0.961538
bestSuite:1568,1465,2413,1217,2611,2429,2380,2523,1666,2485,2687,2515,1729

test suite252
bestAPFD:0.956380
bestSuite:1757,1580,71,1170,2148,1631,2517,1732,1829,1403,2695,2537

test suite253
bestAPFD:0.949219
bestSuite:2678,2400,1514,2673,1315,2458,2519,2513,2693,1732

test suite254
bestAPFD:0.960337
bestSuite:1912,1583,563,138,2415,2517,2462,1728,2003,1114,2694,2520,2506

test suite255
bestAPFD:0.949219
bestSuite:2466,1969,238,1743,1798,2457,2518,2535,2684,1720

test suite256
bestAPFD:0.954545
bestSuite:1572,391,1908,2611,1586,2438,2692,2477,1406,1737,2538

test suite257
bestAPFD:0.949219
bestSuite:107,1616,2448,1576,2533,2299,1726,2700,2487,2553

test suite258
bestAPFD:0.950000
bestSuite:1572,1485,780,2705,2649,1850,2460,2483,1730,2456

test suite259
bestAPFD:0.953125
bestSuite:2444,1546,2412,200,1737,904,2288,2514,2552,2693,2513

test suite260
bestAPFD:0.954545
bestSuite:2461,1795,35,77,2686,1563,2374,2435,2521,2514,1728

test suite261
bestAPFD:0.948438
bestSuite:2091,1571,1420,261,2539,1726,1665,2513,2705,2522

test suite262
bestAPFD:0.957031
bestSuite:795,1514,102,1774,2518,2404,1396,2706,2375,2456,2502,2568

test suite263
bestAPFD:0.961538
bestSuite:1559,1,1010,687,683,2550,1799,15,2690,1570,2384,2483,1720

test suite264
bestAPFD:0.956380
bestSuite:1051,1561,2641,1726,2100,551,1651,2479,1866,2522,2681,2492

test suite265
bestAPFD:0.949219
bestSuite:252,2516,2538,1644,393,1782,2073,2690,2545,2568

test suite266
bestAPFD:0.954427
bestSuite:24,990,2489,813,1522,2395,2460,2490,2528,2706,2576,1716

test suite267
bestAPFD:0.963170
bestSuite:2424,1577,26,241,2488,2377,2539,1140,918,2455,1701,2476,2697,1716

test suite268
bestAPFD:0.941840
bestSuite:230,2535,832,2509,1952,2013,2681,2526,1729

test suite269
bestAPFD:0.957031
bestSuite:1570,971,246,1702,837,1412,2438,2507,2458,2494,2683,1716

test suite270
bestAPFD:0.949219
bestSuite:2466,903,2568,393,1931,84,2536,1864,2683,1406

test suite271
bestAPFD:0.959135
bestSuite:2031,151,2374,2507,581,800,1536,2438,1298,1716,2703,2529,2458

test suite272
bestAPFD:0.942708
bestSuite:2446,1557,1660,193,2384,2533,2459,2705,2568

test suite273
bestAPFD:0.955729
bestSuite:836,1578,258,2008,41,2447,2483,2368,1405,2501,2710,1716

test suite274
bestAPFD:0.954545
bestSuite:2463,1609,1929,122,2425,1405,2683,1570,1586,2489,1720

test suite275
bestAPFD:0.953835
bestSuite:154,2538,1680,1574,1974,1759,1348,1771,2548,2700,1716

test suite276
bestAPFD:0.960337
bestSuite:1960,1566,2594,2450,210,2415,2535,1728,905,2552,2586,2514,2710

test suite277
bestAPFD:0.953835
bestSuite:2466,2355,324,1530,2655,2415,2546,2697,1728,1819,2535

test suite278
bestAPFD:0.957031
bestSuite:1557,646,971,2605,1729,270,1947,1800,2491,1643,2705,2458

test suite279
bestAPFD:0.948438
bestSuite:2442,2509,414,278,1737,2550,701,2703,2486,2489

test suite280
bestAPFD:0.957682
bestSuite:2466,268,1319,159,1726,2578,1780,2378,2491,2535,2691,2526

test suite281
bestAPFD:0.957682
bestSuite:224,1680,2505,2111,316,1355,2573,2709,2494,2501,2546,1737

test suite282
bestAPFD:0.947656
bestSuite:1747,1644,44,1816,2494,1732,2404,2522,2537,2710

test suite283
bestAPFD:0.954545
bestSuite:1559,2607,2384,40,2656,1934,2688,2531,1680,2458,1729

test suite284
bestAPFD:0.961496
bestSuite:35,1709,1069,2407,1611,690,431,276,1564,1716,1864,2548,2695,2529

test suite285
bestAPFD:0.937500
bestSuite:1572,791,1944,2602,2535,2686,1729,2453

test suite286
bestAPFD:0.956380
bestSuite:1309,2374,1853,66,2397,2505,648,2468,2698,2473,2544,1716

test suite287
bestAPFD:0.957682
bestSuite:126,1560,1571,1011,2598,1729,1816,2504,2457,2472,2478,2703

test suite288
bestAPFD:0.957682
bestSuite:105,2507,2536,1337,2106,1117,1832,2519,2520,2514,2695,1720

test suite289
bestAPFD:0.955729
bestSuite:2616,2283,2334,1663,1726,2486,2380,1552,1819,2495,2520,2686

test suite290
bestAPFD:0.927455
bestSuite:218,2533,2449,2438,2551,2709,1728

test suite291
bestAPFD:0.956380
bestSuite:635,1574,1450,1440,146,1799,1730,1741,2415,2700,2537,2459

test suite292
bestAPFD:0.949219
bestSuite:2466,909,2567,2486,1156,2655,2516,1720,1403,2702

test suite293
bestAPFD:0.948438
bestSuite:1258,2509,2631,1661,1737,1866,490,2551,2696,2502

test suite294
bestAPFD:0.953835
bestSuite:2619,1666,2394,2217,10,1732,2587,2704,2456,2476,2537

test suite295
bestAPFD:0.957933
bestSuite:1070,766,2449,1246,1637,2394,2531,1720,2086,1161,2534,2686,1404

test suite296
bestAPFD:0.957031
bestSuite:1332,2460,2378,347,62,2573,1729,2396,1567,2523,2392,2695

test suite297
bestAPFD:0.952415
bestSuite:165,2116,1561,1577,1479,2493,1778,2681,2549,2472,1720

test suite298
bestAPFD:0.957031
bestSuite:2588,1611,2400,162,2462,1556,2297,2406,2682,2459,2513,2568

test suite299
bestAPFD:0.953125
bestSuite:2562,1949,213,2429,2539,1728,2380,1651,2510,2452,2543,2692

test suite300
bestAPFD:0.957031
bestSuite:811,1557,1530,2621,2511,97,2394,2494,1857,2457,2689,2568

test suite301
bestAPFD:0.953835
bestSuite:215,1561,2404,2640,1019,2486,2469,2687,2457,2537,1737

test suite302
bestAPFD:0.955078
bestSuite:2640,2436,1013,1339,2516,1566,869,2546,120,2485,2689,1729

test suite303
bestAPFD:0.949219
bestSuite:180,1560,2516,2404,2536,2366,1671,1404,2700,1737

test suite304
bestAPFD:0.948438
bestSuite:2178,1578,1561,173,1737,2392,2590,2453,2697,2478

test suite305
bestAPFD:0.957031
bestSuite:618,1401,2465,177,2573,2515,25,1083,1567,2689,1404,1732

test suite306
bestAPFD:0.953125
bestSuite:1570,1141,69,1579,1737,2319,1378,1804,2531,2527,2692

test suite307
bestAPFD:0.958534
bestSuite:2568,1780,1663,2507,666,566,2477,148,2462,400,675,2691,2548

test suite308
bestAPFD:0.953835
bestSuite:2656,2385,1680,760,2459,2354,2529,2706,2429,2486,1716

test suite309
bestAPFD:0.965625
bestSuite:1020,1579,1519,86,2508,1616,1729,1684,863,532,2112,2073,2685,2455,2498

test suite310
bestAPFD:0.957682
bestSuite:2577,2462,2412,2533,2035,980,1023,328,2478,2696,2455,1737

test suite311
bestAPFD:0.947656
bestSuite:2541,1876,1586,1554,2533,2375,2469,2683,2550,1729

test suite312
bestAPFD:0.935547
bestSuite:1563,1361,1732,2368,2530,2697,2547,2438

test suite313
bestAPFD:0.945313
bestSuite:1061,1561,1554,1861,1825,1720,745,2545,2502,2702

test suite314
bestAPFD:0.963170
bestSuite:2263,1581,1579,81,288,79,1861,2477,1764,1732,2368,2532,2454,2693

test suite315
bestAPFD:0.959135
bestSuite:2246,72,1565,1756,2430,2407,2480,1728,2305,2375,2710,2406,2547

test suite316
bestAPFD:0.964286
bestSuite:1572,951,2523,513,327,2511,70,2643,1522,2460,2537,2697,2515,1737

test suite317
bestAPFD:0.958333
bestSuite:1558,1920,2630,24,1546,2550,1849,2392,2374,2697,2473,1726

test suite318
bestAPFD:0.948438
bestSuite:1020,2540,159,2505,1729,1569,765,2522,2534,2702

test suite319
bestAPFD:0.960337
bestSuite:2214,1660,1431,250,2416,2475,2472,2462,1737,2340,2526,2117,2686

test suite320
bestAPFD:0.958534
bestSuite:2238,298,2480,24,2407,2450,1728,1442,1104,2525,2442,2529,2689

test suite321
bestAPFD:0.957682
bestSuite:251,1631,2465,2536,1485,1178,999,2164,1835,1730,2681,2458

test suite322
bestAPFD:0.953125
bestSuite:794,1574,1432,78,2533,1720,2493,2441,2532,2548,2706

test suite323
bestAPFD:0.942708
bestSuite:840,2509,2540,97,1569,1726,1820,2689,2522

test suite324
bestAPFD:0.954545
bestSuite:1572,1536,2270,1851,82,2691,1574,2486,1726,1403,2540

test suite325
bestAPFD:0.957031
bestSuite:2355,1577,2496,599,2668,2475,2455,1895,2424,2681,2529,1732

test suite326
bestAPFD:0.953125
bestSuite:1918,1595,1579,45,2431,2406,2485,2489,2568,2700,2459

test suite327
bestAPFD:0.955729
bestSuite:2440,20,2488,2407,1531,1737,2111,2557,2478,2537,2521,2687

test suite328
bestAPFD:0.951705
bestSuite:183,2080,1530,2177,1817,2415,2535,2708,2494,2549,1737

test suite329
bestAPFD:0.949219
bestSuite:77,1660,2415,1565,2533,169,1781,1403,2688,1726

test suite330
bestAPFD:0.957031
bestSuite:1250,2465,229,2397,2480,190,2373,2426,1726,2483,2549,2694

test suite331
bestAPFD:0.953835
bestSuite:2666,1663,2373,1585,592,2672,2687,2237,2529,1729,2520

test suite332
bestAPFD:0.944531
bestSuite:2580,2597,736,939,2394,1571,1726,2540,2455,2698

test suite333
bestAPFD:0.953125
bestSuite:2201,1557,1644,187,2580,200,2505,1737,492,1404,2706

test suite334
bestAPFD:0.960938
bestSuite:218,1578,2516,1143,441,81,2490,2486,2534,2710,2453,2502,1737

test suite335
bestAPFD:0.954427
bestSuite:2613,1153,379,1726,1542,2407,582,2475,2709,1819,1404,2531

test suite336
bestAPFD:0.943576
bestSuite:2652,2507,1557,249,2684,2590,2392,2452,1726

test suite337
bestAPFD:0.943576
bestSuite:2620,1666,2539,1186,2691,2440,2459,2480,2568

test suite338
bestAPFD:0.946094
bestSuite:2637,1156,150,1660,2385,1737,974,2502,2709,2553

test suite339
bestAPFD:0.953125
bestSuite:1130,1578,129,2472,2533,1729,2163,2710,1820,2478,2453

test suite340
bestAPFD:0.950284
bestSuite:1057,491,2675,1720,2429,2374,2450,2689,2392,2485,2550

test suite341
bestAPFD:0.957031
bestSuite:1087,2507,418,1803,2400,2639,1720,1924,2698,2501,2513,2528

test suite342
bestAPFD:0.957031
bestSuite:2320,1571,1826,219,2437,2533,1728,2087,1904,2708,2489,2549

test suite343
bestAPFD:0.950284
bestSuite:935,106,870,2483,1573,1518,1851,2535,1720,2456,2704

test suite344
bestAPFD:0.949219
bestSuite:77,1578,2407,711,1278,2439,2693,1406,2531,1737

test suite345
bestAPFD:0.953776
bestSuite:870,1036,2422,2533,71,2464,1631,1848,2584,2685,2523,1716

test suite346
bestAPFD:0.942708
bestSuite:1250,1565,2628,2479,2515,2547,2501,2568,2704

test suite347
bestAPFD:0.954545
bestSuite:1558,1320,2346,80,1774,1560,2494,1729,2547,2406,2703

test suite348
bestAPFD:0.957031
bestSuite:1570,320,695,1575,1729,1793,1337,173,2525,2489,2710,2380

test suite349
bestAPFD:0.940104
bestSuite:1135,1402,2378,1811,1729,1286,2548,2537,2702

test suite350
bestAPFD:0.953125
bestSuite:624,1577,1576,172,1819,2477,1569,1717,2568,2550,2706

test suite351
bestAPFD:0.952415
bestSuite:1256,45,1680,2404,1737,962,2492,2537,2686,1851,2526

test suite352
bestAPFD:0.961538
bestSuite:1558,205,1165,2508,2040,50,2580,2523,2407,2472,2462,2690,1720

test suite353
bestAPFD:0.944444
bestSuite:1572,2075,29,2534,2689,2452,2568,2473,2368

test suite354
bestAPFD:0.948438
bestSuite:873,1578,1774,166,2380,1720,2526,2473,2688,2498

test suite355
bestAPFD:0.955729
bestSuite:1907,225,2509,365,2428,1732,1670,426,2681,2454,2375,2406

test suite356
bestAPFD:0.948438
bestSuite:1999,1571,2412,8,1683,1737,2529,2343,2685,2550

test suite357
bestAPFD:0.957682
bestSuite:2577,2412,1682,1557,1252,236,2060,2511,2688,1729,2487,1406

test suite358
bestAPFD:0.954545
bestSuite:1568,2107,1857,1475,2624,2496,2551,2705,1730,2477,2530

test suite359
bestAPFD:0.960337
bestSuite:2190,1557,1546,2538,1438,20,2427,2464,1730,2394,1393,2523,2697

test suite360
bestAPFD:0.950000
bestSuite:1558,930,895,2477,119,1404,2513,2701,2538,1729

test suite361
bestAPFD:0.954427
bestSuite:2041,1826,256,2439,2503,1616,2479,1070,1406,2684,2532,1716

test suite362
bestAPFD:0.957031
bestSuite:2124,1581,1671,2651,2394,2483,1737,2535,1714,2343,2681,2551

test suite363
bestAPFD:0.948438
bestSuite:1371,1562,1561,76,2710,1887,1732,2478,2452,2375

test suite364
bestAPFD:0.953835
bestSuite:31,1579,2536,2410,1667,2641,204,2457,1816,2685,1729

test suite365
bestAPFD:0.949219
bestSuite:122,1571,1579,2516,2536,2638,2521,2431,1729,2709

test suite366
bestAPFD:0.950000
bestSuite:1558,1833,1920,2480,2546,2696,2582,2537,1561,2568

test suite367
bestAPFD:0.949219
bestSuite:2589,1644,2530,1585,2538,2355,2613,2525,2708,2568

test suite368
bestAPFD:0.954427
bestSuite:800,1514,196,171,768,2477,2400,1730,1035,2485,1405,2707

test suite369
bestAPFD:0.960337
bestSuite:2107,1563,2674,1416,103,2385,2533,2464,1729,916,1829,2684,2525

test suite370
bestAPFD:0.950284
bestSuite:2334,472,2507,2568,438,156,1816,2491,2703,2501,2523

test suite371
bestAPFD:0.957682
bestSuite:2577,1643,1576,1283,1438,2643,72,2494,2704,2513,2525,1729

test suite372
bestAPFD:0.955729
bestSuite:2616,2205,2016,2449,2530,2538,1625,2357,1800,2452,1729,2694

test suite373
bestAPFD:0.953835
bestSuite:2642,1660,2479,2248,1309,2690,2437,1728,2518,2406,2525

test suite374
bestAPFD:0.950284
bestSuite:82,738,1580,1720,441,1780,2538,2403,409,2520,2700

test suite375
bestAPFD:0.950000
bestSuite:2461,1525,1260,1832,1565,2547,201,2516,2705,1726

test suite376
bestAPFD:0.951705
bestSuite:2449,2568,1100,977,162,1778,2522,2375,1647,2536,2681

test suite377
bestAPFD:0.953125
bestSuite:711,1660,1570,2630,2539,112,861,2521,2583,2689,2568

test suite378
bestAPFD:0.942708
bestSuite:1971,1563,2538,75,1889,2498,1732,2526,2693

test suite379
bestAPFD:0.957031
bestSuite:947,1566,2395,2623,2491,1737,2506,2254,2591,2486,2686,2456

test suite380
bestAPFD:0.953125
bestSuite:1046,1554,2654,2533,1853,2511,1726,25,1221,2703,1405

test suite381
bestAPFD:0.936523
bestSuite:107,2507,2581,1404,2532,2709,2537,2568

test suite382
bestAPFD:0.954427
bestSuite:603,1625,1805,133,2504,2403,2407,1729,2090,2459,2498,2682

test suite383
bestAPFD:0.958333
bestSuite:1584,1754,358,1000,1583,2353,2686,2575,2537,2523,2377,1729

test suite384
bestAPFD:0.956380
bestSuite:1971,113,2416,80,2477,1631,1737,2323,2492,2459,2707,2485

test suite385
bestAPFD:0.959135
bestSuite:2366,1809,2496,2085,592,46,1728,2495,2530,1972,2121,2550,2699

test suite386
bestAPFD:0.955729
bestSuite:803,192,2378,1729,1934,147,1680,2500,2539,2375,2697,2459

test suite387
bestAPFD:0.949219
bestSuite:108,2539,1542,759,1868,2482,2517,2692,2454,1729

test suite388
bestAPFD:0.955078
bestSuite:174,1254,399,1660,2509,2505,2540,1191,1820,1405,2700,1728

test suite389
bestAPFD:0.943750
bestSuite:33,1036,2514,2575,1586,1578,2528,2705,2406,1716

test suite390
bestAPFD:0.957682
bestSuite:2620,1631,2400,2462,364,1759,1440,1810,2705,2521,2537,1728

test suite391
bestAPFD:0.957682
bestSuite:2662,1546,2509,1569,1236,1131,1963,2138,2523,2491,1729,2702

test suite392
bestAPFD:0.957031
bestSuite:2445,1663,1576,1606,2676,1730,336,968,2492,2502,2544,2693

test suite393
bestAPFD:0.948438
bestSuite:2335,1595,2504,2651,2539,1726,2392,2442,2688,2520

test suite394
bestAPFD:0.957682
bestSuite:119,1530,2530,1577,2315,299,2138,2546,2392,2692,1793,1726

test suite395
bestAPFD:0.961538
bestSuite:1559,633,1396,1443,1971,1522,2439,2384,2535,275,2523,2707,1730

test suite396
bestAPFD:0.960337
bestSuite:1128,2496,2636,1680,2404,1832,1859,377,348,2696,2502,2551,1716

test suite397
bestAPFD:0.942708
bestSuite:630,1573,2536,189,1794,2231,2547,2568,2681

test suite398
bestAPFD:0.953125
bestSuite:1307,1643,599,2431,2475,289,2530,1728,2699,2529,1403

test suite399
bestAPFD:0.950994
bestSuite:8,2556,2568,1660,2538,2516,2220,303,2459,2430,2693

test suite400
bestAPFD:0.934570
bestSuite:114,1575,662,2533,2534,2458,1730,2704

test suite401
bestAPFD:0.948438
bestSuite:737,1582,1579,177,2487,2692,2424,2454,2486,1732

test suite402
bestAPFD:0.957682
bestSuite:2662,1631,2407,1401,2122,1404,2060,2427,2696,2392,2485,1720

test suite403
bestAPFD:0.953125
bestSuite:1570,1934,1384,283,1726,1503,1522,2395,2694,2491,2525

test suite404
bestAPFD:0.960337
bestSuite:1570,827,1728,2500,2601,1825,710,2434,2551,2395,1574,2539,2682

test suite405
bestAPFD:0.951705
bestSuite:2568,2460,1447,1582,1805,2557,2394,2515,1608,2702,2455

test suite406
bestAPFD:0.943576
bestSuite:119,2449,2530,2560,2544,2437,2517,2694,1726

test suite407
bestAPFD:0.959135
bestSuite:2311,223,1611,2540,1771,2385,2480,2486,1728,332,2627,2684,2547

test suite408
bestAPFD:0.954545
bestSuite:1568,902,2636,1643,2695,2587,2473,2489,2516,1404,1729

test suite409
bestAPFD:0.950000
bestSuite:1568,1516,2619,277,2708,1832,1728,2415,2533,2455

test suite410
bestAPFD:0.947656
bestSuite:920,1670,2679,2491,2395,772,2513,2691,1716,1404

test suite411
bestAPFD:0.942708
bestSuite:1557,828,1728,140,2429,2472,1565,2702,2550

test suite412
bestAPFD:0.957031
bestSuite:2274,1542,2538,1579,21,1728,2367,1110,717,2525,2446,2708

test suite413
bestAPFD:0.957031
bestSuite:1329,2378,1563,579,2508,1853,26,2535,1737,589,2454,2689

test suite414
bestAPFD:0.954545
bestSuite:1584,1609,102,2560,1863,2494,2544,2408,2683,2513,1729

test suite415
bestAPFD:0.943576
bestSuite:2466,2502,1880,885,2500,2384,2689,2521,1729

test suite416
bestAPFD:0.948438
bestSuite:2218,1570,2494,13,2373,660,2526,2689,2502,1716

test suite417
bestAPFD:0.953125
bestSuite:1557,824,2582,1563,1729,1505,900,227,2707,2477,2459

test suite418
bestAPFD:0.947656
bestSuite:963,1564,2450,2531,2407,2456,2694,2532,2584,1716

test suite419
bestAPFD:0.953776
bestSuite:1968,270,1997,181,2533,2397,2518,2583,1728,521,2704,1403

test suite420
bestAPFD:0.950000
bestSuite:1572,2046,10,1870,1557,2427,2531,2526,2694,1737

test suite421
bestAPFD:0.957031
bestSuite:2201,2465,2482,132,1569,288,1799,2516,1720,1721,2553,2701

test suite422
bestAPFD:0.960337
bestSuite:2355,2496,254,283,2482,1531,1730,2516,1324,2688,2591,2486,1406

test suite423
bestAPFD:0.940104
bestSuite:2092,534,2495,289,2533,2404,2455,2681,1732

test suite424
bestAPFD:0.942708
bestSuite:1363,1563,2377,2530,2383,2477,1730,2455,2684

test suite425
bestAPFD:0.958333
bestSuite:1558,621,2028,903,130,1912,1643,1716,2513,2681,2458,2509

test suite426
bestAPFD:0.953125
bestSuite:2445,1560,2448,2637,243,1720,612,2489,2456,2698,2529

test suite427
bestAPFD:0.950994
bestSuite:282,643,1190,2538,2397,375,2438,2522,2510,1729,2705

test suite428
bestAPFD:0.955729
bestSuite:1007,2412,882,395,274,2531,1849,1666,2490,1720,2452,2695

test suite429
bestAPFD:0.951705
bestSuite:2237,1565,1208,2437,143,2475,2483,2706,2501,2549,1732

test suite430
bestAPFD:0.954427
bestSuite:2078,1728,1313,1644,2368,2408,2624,1805,1567,2544,2693,2485

test suite431
bestAPFD:0.950000
bestSuite:1572,1051,1744,2462,84,1857,2514,1737,2457,2681

test suite432
bestAPFD:0.953125
bestSuite:1322,2509,2540,1518,152,10,2583,2568,2478,2265,2693,2547

test suite433
bestAPFD:0.948438
bestSuite:1315,2465,167,1569,1728,1007,2066,2520,2695,2514

test suite434
bestAPFD:0.951705
bestSuite:7,2479,2575,698,1583,2395,1879,2485,2685,1730,2452

test suite435
bestAPFD:0.947656
bestSuite:219,2649,1402,1561,2505,864,1850,2692,2552,1716

test suite436
bestAPFD:0.950284
bestSuite:1007,1585,1576,169,823,2476,2514,1729,2687,1823,2456

test suite437
bestAPFD:0.957031
bestSuite:1888,2538,156,1670,2531,1847,2510,1720,1786,638,2552,2696

test suite438
bestAPFD:0.948438
bestSuite:1295,1542,2647,2483,1720,2533,1743,2588,2695,2453

test suite439
bestAPFD:0.953125
bestSuite:967,1611,1557,2660,2385,2655,1849,2494,2525,2690,1732

test suite440
bestAPFD:0.957031
bestSuite:2587,1560,2536,1494,51,1683,1726,2515,1762,999,2545,2682

test suite441
bestAPFD:0.951705
bestSuite:794,454,239,1531,2472,2400,1729,2696,1851,2485,2546

test suite442
bestAPFD:0.946875
bestSuite:1894,2460,691,1808,2395,2477,1730,512,2697,1404

test suite443
bestAPFD:0.955078
bestSuite:134,708,1778,1579,1616,2465,2481,1145,2368,2697,2552,1730

test suite444
bestAPFD:0.951823
bestSuite:1291,1156,1726,400,340,2408,2540,1402,1683,1850,2544,2703

test suite445
bestAPFD:0.942708
bestSuite:976,2538,172,2483,2403,1720,2591,2456,2688

test suite446
bestAPFD:0.950994
bestSuite:253,1216,1728,1680,2505,1439,1798,2703,1567,2452,2498

test suite447
bestAPFD:0.953125
bestSuite:1030,1583,190,2487,2394,972,1863,2708,2485,1732,2549

test suite448
bestAPFD:0.954545
bestSuite:1558,1478,278,871,1416,2488,2400,2502,2694,1730,2547

test suite449
bestAPFD:0.957682
bestSuite:215,1644,2539,192,1232,1062,2493,2528,2514,2406,2690,1729

test suite450
bestAPFD:0.957031
bestSuite:750,2509,2536,2595,2394,1803,197,1729,758,2687,2478,2525

test suite451
bestAPFD:0.948438
bestSuite:2442,1563,1499,2395,2494,924,2456,1732,2476,2681

test suite452
bestAPFD:0.951705
bestSuite:24,966,2384,2533,2462,54,1862,2703,2517,2525,1737

test suite453
bestAPFD:0.949219
bestSuite:2577,1573,1586,88,1078,2545,2476,2392,2705,1730

test suite454
bestAPFD:0.946875
bestSuite:1386,1602,1416,1808,2505,1720,1,2513,2681,2455

test suite455
bestAPFD:0.953835
bestSuite:31,2385,1581,1570,775,1807,2482,2520,2683,2368,1728

test suite456
bestAPFD:0.948438
bestSuite:1960,1560,265,1616,1853,2477,1728,2681,2478,2454

test suite457
bestAPFD:0.951705
bestSuite:1283,166,1577,2632,2438,2407,2517,1720,2521,2688,2473

test suite458
bestAPFD:0.951705
bestSuite:230,1301,744,2403,2373,2486,1732,1487,2553,2706,2515

test suite459
bestAPFD:0.953125
bestSuite:2329,1585,1586,44,1830,1682,2515,2522,2486,2709,1716

test suite460
bestAPFD:0.956380
bestSuite:1401,2250,1726,1847,464,10,2512,2685,2532,2487,2507,2546

test suite461
bestAPFD:0.953125
bestSuite:1269,1578,130,2518,2515,2385,1569,1729,1406,1807,2707

test suite462
bestAPFD:0.943750
bestSuite:751,2250,2498,1577,1500,2539,1720,2485,2523,2695

test suite463
bestAPFD:0.953125
bestSuite:825,1560,2540,253,2494,1522,1737,1937,342,2682,2522

test suite464
bestAPFD:0.953125
bestSuite:620,1579,1554,2540,505,1864,134,2462,1729,2459,2695

test suite465
bestAPFD:0.946094
bestSuite:240,1276,2478,2483,2568,1402,2408,2436,2703,2528

test suite466
bestAPFD:0.953835
bestSuite:168,1560,1682,682,746,1411,1771,2531,1406,2698,1737

test suite467
bestAPFD:0.953125
bestSuite:928,1401,204,2483,1720,568,2692,1200,2514,2486,2551

test suite468
bestAPFD:0.953835
bestSuite:2577,1562,2378,2460,803,2080,290,2495,2459,2703,1729

test suite469
bestAPFD:0.940104
bestSuite:808,2438,2374,1729,2143,1680,2502,2689,2544

test suite470
bestAPFD:0.937500
bestSuite:1584,262,2514,2709,2377,1403,2460,1716

test suite471
bestAPFD:0.955078
bestSuite:52,1966,2568,2400,1583,2538,2679,1600,1690,2514,2708,2528

test suite472
bestAPFD:0.956130
bestSuite:935,80,2003,1255,1832,372,1522,2512,2400,2539,2700,1716,2552

test suite473
bestAPFD:0.963170
bestSuite:2226,1571,1545,1683,2374,2483,1730,14,2699,874,2189,1213,2406,2545

test suite474
bestAPFD:0.948438
bestSuite:2585,1546,156,2479,1061,2568,2478,2392,1403,2693

test suite475
bestAPFD:0.942708
bestSuite:2145,2496,299,2633,2494,2478,2568,2685,2528

test suite476
bestAPFD:0.942708
bestSuite:2587,2538,1595,2503,2624,482,1403,2684,1716

test suite477
bestAPFD:0.941840
bestSuite:2285,9,2479,1569,1720,937,2498,2697,1403

test suite478
bestAPFD:0.936523
bestSuite:179,2538,2462,1822,2523,2681,2518,1729

test suite479
bestAPFD:0.959736
bestSuite:210,1576,167,1731,809,2410,1592,2437,2489,1403,2537,2682,1716

test suite480
bestAPFD:0.948438
bestSuite:1557,1995,1737,104,2408,728,2477,2452,2702,1542

test suite481
bestAPFD:0.948438
bestSuite:2590,2448,575,243,2505,1720,1974,2546,2695,2478

test suite482
bestAPFD:0.957031
bestSuite:1197,1577,235,2616,2477,2374,1729,530,2441,1404,2702,2485

test suite483
bestAPFD:0.942708
bestSuite:2066,1566,2677,151,2539,1628,2527,2702,2568

test suite484
bestAPFD:0.954545
bestSuite:1559,1664,1052,123,1769,2476,2477,2683,2544,2378,1716

test suite485
bestAPFD:0.961538
bestSuite:2461,547,1106,369,1122,1627,2511,1866,2380,2687,2535,2524,1729

test suite486
bestAPFD:0.956380
bestSuite:1364,1578,1576,71,1794,1729,1283,2517,741,2683,2527,2498

test suite487
bestAPFD:0.949574
bestSuite:655,2131,1585,149,2412,1798,2494,2704,1716,1405,2478

test suite488
bestAPFD:0.963170
bestSuite:1557,1661,111,763,1728,61,600,2511,2025,1835,2707,2378,2523,2477

test suite489
bestAPFD:0.942708
bestSuite:2312,1557,1542,440,1730,441,2513,2708,2455

test suite490
bestAPFD:0.956380
bestSuite:84,841,1595,2514,2535,495,385,320,2553,1861,2700,1720

test suite491
bestAPFD:0.960337
bestSuite:2446,1566,111,1730,2494,2394,988,1646,782,2493,2703,2548,2537

test suite492
bestAPFD:0.954545
bestSuite:1568,805,958,2705,1644,1794,2523,2489,2513,2516,1726

test suite493
bestAPFD:0.953835
bestSuite:2653,1401,2380,1873,2429,2491,2615,2689,2548,2498,1726

test suite494
bestAPFD:0.958705
bestSuite:1123,336,2490,281,1651,1116,2581,2368,2502,301,2380,2685,1732,1405

test suite495
bestAPFD:0.952415
bestSuite:718,1575,2496,2575,990,1806,2487,2568,2532,2455,2707

test suite496
bestAPFD:0.948438
bestSuite:947,2507,115,183,1729,780,2529,2590,2697,2551

test suite497
bestAPFD:0.956380
bestSuite:230,995,2530,1670,1264,1495,2528,2481,1729,1862,2529,2690

test suite498
bestAPFD:0.953125
bestSuite:2344,2408,2614,2495,1730,246,2397,2453,2591,2695,2502

test suite499
bestAPFD:0.955078
bestSuite:1039,1580,1401,884,2535,2598,173,1729,1043,2233,2691,2522

test suite500
bestAPFD:0.950000
bestSuite:2461,611,1644,1666,1728,156,1403,2415,2685,2494

