test suite1
bestAPFD:0.937829
bestSuite:201,1570,2208,1720,992,38,2374,1514,2514,2704,2552

test suite2
bestAPFD:0.937724
bestSuite:2463,2460,1563,1722,869,446,2479,1818,2688,2524,1720

test suite3
bestAPFD:0.937322
bestSuite:2051,1546,1732,245,2237,1566,2531,2538,1517,2694,1404

test suite4
bestAPFD:0.939395
bestSuite:1257,1595,1576,11,1728,1830,2385,1175,2498,2406,2703,2528

test suite5
bestAPFD:0.934940
bestSuite:1292,1576,1976,2535,3,1716,2397,2514,2697,2524

test suite6
bestAPFD:0.939373
bestSuite:795,1580,933,2448,262,1732,2494,2406,2438,2704,2521,161

test suite7
bestAPFD:0.932924
bestSuite:1387,2605,2412,2392,2476,1737,1822,1683,2553,2708

test suite8
bestAPFD:0.937775
bestSuite:179,1585,1720,2540,2159,2537,563,2478,2527,2701

test suite9
bestAPFD:0.937439
bestSuite:1570,701,181,2568,2435,1247,2377,2538,458,2547,2683

test suite10
bestAPFD:0.932296
bestSuite:218,2536,2587,1716,1557,1595,2710,1622,2523

test suite11
bestAPFD:0.937131
bestSuite:1401,1732,1279,673,2262,1631,2375,2540,1830,2710,2547,2638

test suite12
bestAPFD:0.934784
bestSuite:2556,2407,82,2191,1728,2383,2515,2513,2704,2458,1683

test suite13
bestAPFD:0.937878
bestSuite:1897,1726,2395,239,1781,1565,1160,2490,2489,2501,2710,2549

test suite14
bestAPFD:0.941001
bestSuite:2221,2509,1847,111,2182,1487,1716,2406,2377,2492,2489,2683,2548

test suite15
bestAPFD:0.943351
bestSuite:154,2462,1200,1354,1766,2479,1536,1769,1732,2492,2415,2553,2702

test suite16
bestAPFD:0.935030
bestSuite:2073,1560,71,849,2568,2536,1616,2481,2682,1403

test suite17
bestAPFD:0.935589
bestSuite:218,2395,2066,1578,1168,1730,2494,2706,2485,2459

test suite18
bestAPFD:0.938455
bestSuite:1579,184,863,2034,1737,1780,2462,1663,2489,2703,2380,2551

test suite19
bestAPFD:0.939544
bestSuite:2022,1585,1579,2604,2063,1737,2502,1830,499,2453,2699

test suite20
bestAPFD:0.934591
bestSuite:933,464,2412,2427,1564,1377,1730,2533,1683,2544,2708

test suite21
bestAPFD:0.940794
bestSuite:1329,2460,111,2448,1728,2436,1833,1644,2415,2502,2684,1406

test suite22
bestAPFD:0.936620
bestSuite:2159,269,1531,1728,2045,787,2537,2530,2492,2521,2694

test suite23
bestAPFD:0.928754
bestSuite:2617,1569,1716,2502,1450,2416,2699,2459

test suite24
bestAPFD:0.936312
bestSuite:1561,379,103,700,1726,2467,2430,2513,869,2462,2704,2458

test suite25
bestAPFD:0.939378
bestSuite:939,2412,140,1810,2568,1467,1524,1522,2529,2501,2527,2696

test suite26
bestAPFD:0.943518
bestSuite:610,223,2496,1726,449,2447,2516,445,929,2502,1486,2369,2687,2549

test suite27
bestAPFD:0.938803
bestSuite:2301,65,2403,1864,2519,1737,2535,2462,2495,2686,2545

test suite28
bestAPFD:0.939239
bestSuite:84,2378,2584,1141,2148,2464,1730,2392,2476,354,2695,2458,1661

test suite29
bestAPFD:0.941390
bestSuite:1572,13,831,28,1278,1730,2502,2482,2403,1637,2700,2528

test suite30
bestAPFD:0.932127
bestSuite:970,2448,1751,1737,1849,2406,2400,2514,2698,2553

test suite31
bestAPFD:0.938526
bestSuite:620,1611,2225,1726,143,942,2477,2535,1771,2685,2456,350

test suite32
bestAPFD:0.939029
bestSuite:1132,1563,2428,11,2412,2392,1729,2490,1196,2476,2704,2458

test suite33
bestAPFD:0.939263
bestSuite:107,1575,2578,604,2445,2529,1720,222,2400,2458,2687

test suite34
bestAPFD:0.930948
bestSuite:1242,1583,2436,151,1726,2502,2483,2549,2692

test suite35
bestAPFD:0.937666
bestSuite:1062,1581,127,1871,1807,202,2540,2499,2693,2552,1732

test suite36
bestAPFD:0.937982
bestSuite:904,232,1611,2568,2576,2377,2515,2501,1032,2699,2544

test suite37
bestAPFD:0.944182
bestSuite:2461,1729,2639,1297,842,2431,1485,2507,1670,1567,2517,2693,2455

test suite38
bestAPFD:0.940696
bestSuite:2073,2412,216,1661,1748,1730,776,534,2485,2546,2699,2514

test suite39
bestAPFD:0.935561
bestSuite:2568,2449,614,113,1811,2340,2368,2407,2486,2685,2521

test suite40
bestAPFD:0.940270
bestSuite:2221,2538,1817,1882,72,2397,2373,346,535,2504,2706,2524,1716

test suite41
bestAPFD:0.940239
bestSuite:2620,1522,2194,2460,1730,1798,2415,1671,2506,2477,2694,2457

test suite42
bestAPFD:0.943184
bestSuite:1568,2218,1221,1716,2420,1477,1556,1809,2473,2539,2550,2708

test suite43
bestAPFD:0.932706
bestSuite:52,2582,2509,1726,1538,2605,2517,2694,2458,2406

test suite44
bestAPFD:0.940073
bestSuite:2208,2460,2260,2395,1336,1724,1866,2505,398,1729,2684,1404

test suite45
bestAPFD:0.936596
bestSuite:2227,1602,2489,2507,1027,1716,1803,2478,2524,2708,208

test suite46
bestAPFD:0.932874
bestSuite:1359,1582,256,1720,1810,2380,2529,2458,2702

test suite47
bestAPFD:0.941368
bestSuite:902,2460,91,2584,1720,2133,2385,2375,1313,241,2481,2458,2690,1558

test suite48
bestAPFD:0.935778
bestSuite:199,2130,1402,2428,2472,211,2416,1726,1569,2706,2456

test suite49
bestAPFD:0.940939
bestSuite:1568,2087,615,2425,1570,286,1729,2451,2394,2514,2700,2545

test suite50
bestAPFD:0.939950
bestSuite:1170,210,1576,1778,1902,1730,2486,2659,2539,1616,2690,2456

test suite51
bestAPFD:0.931268
bestSuite:1981,2626,2496,2568,1272,1800,2375,2695,2523,2462

test suite52
bestAPFD:0.933083
bestSuite:928,2412,1726,19,1680,2538,2477,2546,2681

test suite53
bestAPFD:0.936941
bestSuite:825,2509,2568,54,2501,2504,2537,2692,1683,2453,2534

test suite54
bestAPFD:0.937315
bestSuite:2568,1484,1666,1771,2101,1698,1086,25,2539,1405,2510,2710

test suite55
bestAPFD:0.936243
bestSuite:2461,1985,1580,835,1728,154,2476,2489,2695,2547

test suite56
bestAPFD:0.936219
bestSuite:2461,1732,2335,2407,250,2467,1308,2498,2703,2526

test suite57
bestAPFD:0.941156
bestSuite:1310,2412,2449,971,216,1732,1861,2485,2494,1407,2683,1406,2493

test suite58
bestAPFD:0.932749
bestSuite:1557,2309,2633,505,2568,1566,2516,2681,2458

test suite59
bestAPFD:0.936989
bestSuite:2469,870,1573,1720,1771,202,2368,800,2536,2501,2520,2683

test suite60
bestAPFD:0.938217
bestSuite:178,1560,1729,1489,1887,1269,1631,2537,2698,2478,1404

test suite61
bestAPFD:0.940686
bestSuite:2463,2446,1572,294,998,1732,1885,404,500,2700,2502,1403

test suite62
bestAPFD:0.936817
bestSuite:677,1570,2412,1730,258,1823,1663,2535,2699,2522

test suite63
bestAPFD:0.940382
bestSuite:1558,1217,1771,123,2407,1070,1730,2540,929,2454,2708

test suite64
bestAPFD:0.933039
bestSuite:1147,2536,123,2583,1730,2488,2451,2690,2550

test suite65
bestAPFD:0.943175
bestSuite:2339,1663,1857,2277,2668,2495,1737,2501,2516,1615,2506,2545,2693

test suite66
bestAPFD:0.924282
bestSuite:2647,1393,2448,2438,2536,1726,2528,2695

test suite67
bestAPFD:0.931684
bestSuite:91,1580,2591,1762,1569,2535,1716,2698,2551

test suite68
bestAPFD:0.941171
bestSuite:2066,1561,283,934,2568,1053,2368,1666,1032,2476,441,2481,2685,2546

test suite69
bestAPFD:0.937585
bestSuite:178,1585,1781,624,1737,2538,2502,534,2699,1405

test suite70
bestAPFD:0.939832
bestSuite:883,159,1585,2424,2392,1737,1567,2501,2394,592,2527,2690

test suite71
bestAPFD:0.933990
bestSuite:258,698,2408,832,1780,2498,1737,2476,1670,2701,2553

test suite72
bestAPFD:0.937626
bestSuite:921,2539,1729,1847,184,2410,2391,2482,2523,2681,2078

test suite73
bestAPFD:0.937657
bestSuite:1015,80,2404,714,2581,1585,2532,1732,2516,2700,1404,2519

test suite74
bestAPFD:0.939299
bestSuite:245,995,1514,1001,1818,2486,1101,1732,1479,2505,2517,2553,2682

test suite75
bestAPFD:0.936220
bestSuite:2461,1297,1580,134,1794,1651,1737,2514,2706,2457

test suite76
bestAPFD:0.931717
bestSuite:107,1546,1888,2404,1729,2477,2691,2544,2478

test suite77
bestAPFD:0.926042
bestSuite:1571,159,2161,1737,2299,2368,2683,2545,2530

test suite78
bestAPFD:0.939176
bestSuite:1572,107,2395,2563,1730,1774,2476,2516,863,2704,2523

test suite79
bestAPFD:0.931817
bestSuite:168,1570,1728,2415,1809,1663,2495,2545,2700

test suite80
bestAPFD:0.937581
bestSuite:1558,290,2590,752,948,1730,2465,2513,2693,2547

test suite81
bestAPFD:0.935625
bestSuite:1558,2434,1557,2273,1898,157,2529,1730,1406,2706

test suite82
bestAPFD:0.941011
bestSuite:1912,1583,2491,1732,2501,149,2625,847,2415,666,2707,2482,2454,475

test suite83
bestAPFD:0.924055
bestSuite:2448,1192,2476,730,1726,2505,2697,2523

test suite84
bestAPFD:0.937039
bestSuite:2301,1574,2652,1793,838,1732,2378,189,2529,2694,2521

test suite85
bestAPFD:0.930264
bestSuite:753,228,1595,1729,532,2477,2533,2705,2546

test suite86
bestAPFD:0.932535
bestSuite:2620,1680,2568,2508,1853,479,2539,2700,2528

test suite87
bestAPFD:0.940722
bestSuite:2461,957,265,1912,2493,282,1726,2515,2496,2690,2549

test suite88
bestAPFD:0.939761
bestSuite:2461,2448,2668,1757,1729,1576,1475,2432,2490,2683,2522,2533

test suite89
bestAPFD:0.934556
bestSuite:2577,1575,760,100,1230,1874,2533,2707,1729,2553

test suite90
bestAPFD:0.935385
bestSuite:2465,1905,1832,1729,2513,1740,2450,2497,2696,2520

test suite91
bestAPFD:0.937784
bestSuite:2007,2412,2434,1728,1663,253,231,2537,2506,2704,2459

test suite92
bestAPFD:0.939238
bestSuite:1575,1728,195,888,1383,1082,1818,2540,1661,2532,2398,2550,2695,2056

test suite93
bestAPFD:0.941464
bestSuite:1572,1580,286,710,800,1730,1656,2501,2491,2520,2690

test suite94
bestAPFD:0.940010
bestSuite:1369,1574,2469,1560,1720,1670,2517,1534,2702,2485,2549,228

test suite95
bestAPFD:0.941919
bestSuite:1568,813,848,281,1720,2368,2435,2374,583,2450,2532,2689,2522

test suite96
bestAPFD:0.931984
bestSuite:16,2400,1822,1546,1726,2473,2689,2531,2457

test suite97
bestAPFD:0.935897
bestSuite:1572,1726,1504,773,103,1798,387,2513,2523,2689

test suite98
bestAPFD:0.937501
bestSuite:126,2538,1732,2440,2077,2537,2410,2506,2684,2551

test suite99
bestAPFD:0.938887
bestSuite:609,1571,1376,2574,212,1482,1720,2374,1423,2053,2531,2523,2709

test suite100
bestAPFD:0.927478
bestSuite:2468,1595,24,1730,1560,2533,2702,2552

test suite101
bestAPFD:0.929889
bestSuite:1922,1726,1402,1864,2538,582,2478,2709,2457

test suite102
bestAPFD:0.936715
bestSuite:2461,208,1729,1359,1574,1537,397,2516,2685,2522

test suite103
bestAPFD:0.939973
bestSuite:835,1561,1958,1728,1579,181,1862,1595,2368,2693,1403,1523

test suite104
bestAPFD:0.938182
bestSuite:1174,2378,2202,117,1716,1450,2588,2462,1683,2521,2689,2375

test suite105
bestAPFD:0.938269
bestSuite:58,2237,2462,972,1564,2598,1729,2479,2496,1517,2698,2548

test suite106
bestAPFD:0.939130
bestSuite:2441,1566,1345,1586,299,1726,2400,2330,2505,2691,2457,2530

test suite107
bestAPFD:0.940434
bestSuite:1572,260,2145,2568,783,411,2540,2477,669,2457,2686

test suite108
bestAPFD:0.939592
bestSuite:2577,1401,72,2568,1282,1187,2052,2538,1570,2490,2709,2547

test suite109
bestAPFD:0.924104
bestSuite:1169,1726,2535,2597,1682,2488,2692,2453

test suite110
bestAPFD:0.945122
bestSuite:1568,252,1720,2038,2047,2368,1708,2485,2400,1769,2484,2488,2696,2553

test suite111
bestAPFD:0.936898
bestSuite:1366,2374,938,223,1531,1716,1338,2481,2582,367,2505,2533,2682,2550

test suite112
bestAPFD:0.936182
bestSuite:1572,1288,1720,2095,1772,2451,2477,2694,2522,2502

test suite113
bestAPFD:0.923991
bestSuite:2066,1726,1670,2498,2709,212,2524,2516

test suite114
bestAPFD:0.940483
bestSuite:1922,277,1522,777,2375,240,2404,2464,2478,1737,442,565,2695,2525,1863

test suite115
bestAPFD:0.938983
bestSuite:1579,909,13,2460,2438,2529,2568,1670,2373,2699,2453

test suite116
bestAPFD:0.935931
bestSuite:1568,2048,2586,1557,254,205,1720,2472,2685,2523

test suite117
bestAPFD:0.935829
bestSuite:121,1561,1574,2070,1716,1830,2505,580,2688,2525

test suite118
bestAPFD:0.939536
bestSuite:1203,1554,1720,1512,2609,1794,2518,573,2538,2701,2545

test suite119
bestAPFD:0.938228
bestSuite:154,1579,1561,1726,1231,1644,2515,2016,2553,2684,2432

test suite120
bestAPFD:0.943646
bestSuite:1562,1737,2594,1830,44,2323,1962,2395,2487,2478,2,2687,2525

test suite121
bestAPFD:0.940932
bestSuite:1316,1557,1971,2541,2582,1573,1716,2377,1824,2515,2522,2693

test suite122
bestAPFD:0.939562
bestSuite:265,1182,1569,1729,2412,1500,1783,2540,1567,1807,2483,2694,2545,1516

test suite123
bestAPFD:0.941374
bestSuite:2466,1726,2590,862,717,236,710,2302,1557,2368,1502,2453,2506,2682

test suite124
bestAPFD:0.934219
bestSuite:263,2498,2460,12,1579,1810,1720,2654,1405,2696

test suite125
bestAPFD:0.937399
bestSuite:1329,1574,1726,245,1781,2368,1519,2538,2378,2694,2544

test suite126
bestAPFD:0.932185
bestSuite:2461,1728,807,1275,385,2394,2688,2455,2491

test suite127
bestAPFD:0.932650
bestSuite:1575,1710,256,1864,1660,567,2539,2689,2526,1737

test suite128
bestAPFD:0.939468
bestSuite:2076,1566,180,1716,2066,2062,2537,1473,2516,2525,2696

test suite129
bestAPFD:0.939123
bestSuite:2445,1402,143,1729,2309,2392,2266,2533,1826,2385,2697,2547

test suite130
bestAPFD:0.936746
bestSuite:129,734,1631,2363,2576,2001,2479,2501,2526,2701,1737

test suite131
bestAPFD:0.941345
bestSuite:1356,1557,1729,1596,2638,2511,2392,2582,1536,2394,2702,2458

test suite132
bestAPFD:0.934025
bestSuite:712,2448,1804,2675,2476,1157,2536,1720,2522,2694

test suite133
bestAPFD:0.940420
bestSuite:237,1680,1720,1362,232,2435,2483,2510,2486,2544,2681

test suite134
bestAPFD:0.937163
bestSuite:2573,1726,1586,1661,2561,1569,2512,2515,2708,2453,27

test suite135
bestAPFD:0.936806
bestSuite:1568,2299,2655,2502,2408,1730,378,499,2695,2528

test suite136
bestAPFD:0.940014
bestSuite:8,1602,722,1729,2374,2288,9,2537,1050,1863,2488,2703,2548

test suite137
bestAPFD:0.937455
bestSuite:1557,1929,1288,2655,1716,2449,2517,2490,2404,2685,1403

test suite138
bestAPFD:0.934668
bestSuite:2449,2580,66,1780,1722,2375,1730,1580,2486,2526,2682

test suite139
bestAPFD:0.938307
bestSuite:1559,1560,62,1716,1203,2406,1866,2513,2457,2701

test suite140
bestAPFD:0.922800
bestSuite:2137,2509,2514,133,2692,1716,2455,2502

test suite141
bestAPFD:0.938622
bestSuite:2463,2568,2427,193,2408,1020,2397,474,2691,2452,2535

test suite142
bestAPFD:0.939702
bestSuite:1869,1581,2590,1737,34,2375,2404,2497,2485,2686,2457

test suite143
bestAPFD:0.941341
bestSuite:1233,1574,1137,300,2609,2434,2407,1732,408,2539,2523,2686

test suite144
bestAPFD:0.939343
bestSuite:13,1571,2568,2540,2594,23,469,2517,2485,2688,1588,2525,1850

test suite145
bestAPFD:0.936981
bestSuite:2329,294,1531,2073,1728,2384,2483,319,2501,2550,2704

test suite146
bestAPFD:0.939256
bestSuite:203,1602,1000,2378,1720,1711,2501,440,2548,1819,2686,2531

test suite147
bestAPFD:0.936370
bestSuite:2117,1580,1726,2368,1254,1575,463,2698,2478,2453,288

test suite148
bestAPFD:0.938180
bestSuite:2617,1643,1058,2415,2292,1730,2066,2537,2516,2682,1405

test suite149
bestAPFD:0.942288
bestSuite:2662,1557,360,2568,202,1745,2585,1536,2515,2473,2687,1403

test suite150
bestAPFD:0.937436
bestSuite:1563,2554,2580,1726,1538,1284,2404,2540,2476,2709,2456

test suite151
bestAPFD:0.938771
bestSuite:614,1583,277,1630,1561,804,2513,1737,1804,2486,2698,2459,2481

test suite152
bestAPFD:0.939605
bestSuite:2568,290,1631,2236,2395,529,2476,2643,2513,2490,2681,2457

test suite153
bestAPFD:0.940141
bestSuite:1920,1573,1360,1720,1512,1780,1455,2394,1509,2539,2706,2452

test suite154
bestAPFD:0.931812
bestSuite:2642,2404,1732,2442,1401,1618,2531,2706,2454

test suite155
bestAPFD:0.937767
bestSuite:903,1583,1882,1732,2237,58,2509,2498,2510,2525,2685

test suite156
bestAPFD:0.938203
bestSuite:2461,2375,2355,2090,1607,1563,2236,1732,2538,2709,2547

test suite157
bestAPFD:0.939108
bestSuite:1220,2667,2479,1716,2093,2087,1825,1835,2450,2486,2698,1405,2375

test suite158
bestAPFD:0.943324
bestSuite:2291,1577,1992,1730,1661,2368,2374,2534,1175,1169,2538,413,2708,2528

test suite159
bestAPFD:0.939100
bestSuite:1559,1737,2128,2620,1804,691,2517,2478,2683,2547,2373

test suite160
bestAPFD:0.937637
bestSuite:2317,2538,2611,2342,1575,1961,1737,2495,411,2704,2550

test suite161
bestAPFD:0.937676
bestSuite:1039,1571,851,1236,1729,2395,2498,2392,1799,419,2547,2695

test suite162
bestAPFD:0.937170
bestSuite:18,1670,2023,2568,1853,2504,2251,2535,2520,2686

test suite163
bestAPFD:0.943008
bestSuite:1568,2647,1726,1515,382,228,2436,2502,2394,1268,1784,2406,2710,2452

test suite164
bestAPFD:0.943259
bestSuite:2591,1563,1263,1570,2349,2467,2415,732,138,366,654,2515,1730,1405,2696

test suite165
bestAPFD:0.940674
bestSuite:1559,1557,1905,154,1811,2392,1716,2475,401,2527,2708

test suite166
bestAPFD:0.941261
bestSuite:1558,2332,1729,2487,2343,2418,495,2478,2507,2681,2452

test suite167
bestAPFD:0.935271
bestSuite:1188,1099,2540,1530,1728,2663,837,2532,2494,2682,2552

test suite168
bestAPFD:0.934810
bestSuite:284,2513,1631,2539,422,1341,1720,1738,2548,2701

test suite169
bestAPFD:0.931556
bestSuite:2668,1582,1793,1737,2538,2531,2683,2502,2456,2560

test suite170
bestAPFD:0.938289
bestSuite:1568,2441,1422,2464,163,2537,1729,683,2710,2522,2384

test suite171
bestAPFD:0.942356
bestSuite:2461,2622,1576,1693,1583,1974,2576,1716,2480,2514,2693,2455

test suite172
bestAPFD:0.934873
bestSuite:2568,2460,19,715,1289,1832,1001,2516,2701,2526

test suite173
bestAPFD:0.935332
bestSuite:2074,2496,87,1965,1729,191,2532,2701,2521,2537

test suite174
bestAPFD:0.943143
bestSuite:1584,86,1309,1737,2583,1094,2498,564,2505,599,2548,2686

test suite175
bestAPFD:0.931418
bestSuite:1710,2515,2486,2496,1112,1732,2384,2428,2707,2526,265

test suite176
bestAPFD:0.940917
bestSuite:2620,2395,1729,1574,2465,1798,2256,1606,2682,1071,1628,2458,2535

test suite177
bestAPFD:0.941129
bestSuite:2441,2451,2607,1160,980,2568,2392,2536,2500,1493,2690,2525

test suite178
bestAPFD:0.941211
bestSuite:2590,1530,1108,2011,2540,200,1636,1720,1486,2485,2490,2524,2706,2394

test suite179
bestAPFD:0.934425
bestSuite:1891,1402,1728,2436,2395,106,2392,2536,2689,2544

test suite180
bestAPFD:0.937763
bestSuite:1108,1720,2451,2429,1983,2511,203,317,2539,2545,2708,2400

test suite181
bestAPFD:0.941523
bestSuite:1572,966,898,283,1571,1716,2502,1863,1665,2524,2690,1599

test suite182
bestAPFD:0.937111
bestSuite:2440,1402,1737,236,375,2328,2540,2531,2532,2547,2694

test suite183
bestAPFD:0.941457
bestSuite:1557,1022,265,2466,2568,1822,2472,1542,1537,2406,2525,2708

test suite184
bestAPFD:0.938601
bestSuite:1570,216,2407,271,1737,1830,1582,570,2693,2528,2516

test suite185
bestAPFD:0.937772
bestSuite:1576,1830,786,102,2090,1728,1611,2384,2539,2702,2368,2456

test suite186
bestAPFD:0.938805
bestSuite:866,2509,134,912,1716,371,2406,1823,2531,1405,2682,99

test suite187
bestAPFD:0.940160
bestSuite:179,1643,2207,663,1728,2446,847,2502,2373,2523,2699

test suite188
bestAPFD:0.937367
bestSuite:2618,1582,2670,2119,2576,2568,2479,2531,2699,2552

test suite189
bestAPFD:0.936736
bestSuite:1309,2448,84,1716,2462,2434,2505,439,2709,2522,1595

test suite190
bestAPFD:0.944306
bestSuite:1558,121,1732,1023,1110,2407,1336,1774,2476,2514,308,2708,1406

test suite191
bestAPFD:0.934985
bestSuite:2662,2374,2274,1857,1644,2537,1729,2508,2457,2709

test suite192
bestAPFD:0.934409
bestSuite:2631,1375,1631,2476,1804,2394,1732,2517,2708,2546

test suite193
bestAPFD:0.940528
bestSuite:2678,1562,684,1795,2117,1716,2498,2377,516,2708,2454

test suite194
bestAPFD:0.939159
bestSuite:2585,2509,2103,1132,197,1446,1737,2486,2513,2701,2452

test suite195
bestAPFD:0.938437
bestSuite:960,1595,2406,2568,2518,1876,444,2472,2384,2702,2528,205

test suite196
bestAPFD:0.940346
bestSuite:2463,1832,1579,2605,1726,102,2462,2535,548,2710,1403,2504

test suite197
bestAPFD:0.939809
bestSuite:215,2479,2576,793,153,675,2498,1726,2496,2521,2686

test suite198
bestAPFD:0.939669
bestSuite:2568,2460,2226,704,246,2305,378,818,2513,2686,2496,2527

test suite199
bestAPFD:0.931002
bestSuite:788,2378,51,1728,2435,1531,2513,2704,2525

test suite200
bestAPFD:0.930772
bestSuite:1563,2078,1771,2407,2537,2491,1726,2709,2457

test suite201
bestAPFD:0.938898
bestSuite:2541,1569,2419,924,2338,1732,2438,2515,2380,2547,2693

test suite202
bestAPFD:0.939119
bestSuite:1570,1666,871,1760,45,2446,1730,2392,2394,2454,2510,2700

test suite203
bestAPFD:0.941746
bestSuite:260,1560,1661,1729,1733,1430,1818,2467,2479,2485,305,2697,2524

test suite204
bestAPFD:0.937031
bestSuite:126,1569,722,1720,2412,2472,1522,1365,2698,2522,1625

test suite205
bestAPFD:0.940738
bestSuite:1559,1104,2368,2446,2638,189,1730,2400,2406,2521,2702

test suite206
bestAPFD:0.937748
bestSuite:670,2460,85,2412,1817,1730,603,2660,2537,1406,2701

test suite207
bestAPFD:0.936606
bestSuite:706,1728,2377,1756,232,2582,2516,1627,2485,2698,2520,1571

test suite208
bestAPFD:0.937246
bestSuite:2446,2408,181,2004,1728,1660,2464,2513,2691,369,2458

test suite209
bestAPFD:0.940051
bestSuite:1562,1929,1630,723,2392,30,1720,2536,2518,2692,2546,1649,1830

test suite210
bestAPFD:0.936563
bestSuite:1557,773,1162,277,1530,1720,1738,2654,2549,2703,2495

test suite211
bestAPFD:0.933522
bestSuite:1697,150,1644,2077,1729,2428,2535,2492,2688,2406,2553

test suite212
bestAPFD:0.937153
bestSuite:2541,1199,1522,1720,2131,1569,192,1586,2533,1404,2691,2438

test suite213
bestAPFD:0.935145
bestSuite:1310,2540,1728,2159,1631,1609,2406,2514,2704,2553

test suite214
bestAPFD:0.939927
bestSuite:2117,1643,142,1728,2278,2479,1566,1814,2513,2547,2686

test suite215
bestAPFD:0.937678
bestSuite:1092,244,1573,2429,1720,1833,2628,1139,2533,2548,2701

test suite216
bestAPFD:0.939071
bestSuite:865,1830,2374,348,207,1716,583,1110,2473,1531,2545,2706,2498

test suite217
bestAPFD:0.936038
bestSuite:2138,2448,845,2430,225,2395,1730,2536,2525,2699

test suite218
bestAPFD:0.937568
bestSuite:2577,1585,71,1716,1873,2330,2451,2539,2689,2551,2368

test suite219
bestAPFD:0.930866
bestSuite:1726,1666,348,30,937,2404,2532,2526,2691,2517

test suite220
bestAPFD:0.939439
bestSuite:250,2378,1070,1536,1726,2511,1785,2535,2485,2701,2454,965

test suite221
bestAPFD:0.932036
bestSuite:1269,2603,2462,2447,2530,1730,2502,2708,2527

test suite222
bestAPFD:0.942478
bestSuite:1558,1729,223,226,1870,1419,1832,1560,2494,2501,2548,2693

test suite223
bestAPFD:0.931115
bestSuite:2293,1578,73,1730,2535,2149,1670,2709,2459

test suite224
bestAPFD:0.935440
bestSuite:1128,2395,265,1968,2404,1729,1804,2502,2523,2686

test suite225
bestAPFD:0.941610
bestSuite:852,1644,2288,2568,177,2394,1811,535,2467,2539,2687,2550

test suite226
bestAPFD:0.939235
bestSuite:1557,190,655,1456,1602,90,1720,451,2299,2491,2688,1404,770

test suite227
bestAPFD:0.943729
bestSuite:2073,1583,62,2568,713,2517,2046,1432,2392,2384,2473,2526,2684,1937

test suite228
bestAPFD:0.939898
bestSuite:2465,957,1726,941,847,1522,2385,1412,1847,2519,96,2703,2483,2526

test suite229
bestAPFD:0.932995
bestSuite:818,1737,2539,1660,1887,2503,2701,383,2545,156

test suite230
bestAPFD:0.932820
bestSuite:743,1401,812,2492,2516,2502,57,2685,2552,1729

test suite231
bestAPFD:0.940320
bestSuite:2440,20,2410,675,1732,2500,1970,2498,2494,1336,2416,2688,1405

test suite232
bestAPFD:0.938704
bestSuite:1572,1732,2238,2542,15,2476,2373,2516,2708,2525

test suite233
bestAPFD:0.932955
bestSuite:2339,2538,1522,1720,2667,2477,2483,2686,2459

test suite234
bestAPFD:0.933359
bestSuite:52,1737,1581,2485,1794,2465,2514,2690,1405,2359

test suite235
bestAPFD:0.935957
bestSuite:1146,1817,2462,1730,137,2516,2507,2500,1291,2697,2457

test suite236
bestAPFD:0.938919
bestSuite:2461,1661,1728,1877,2408,1160,1205,1535,2489,2692,2545

test suite237
bestAPFD:0.940180
bestSuite:2461,2332,2568,1575,2631,1811,2407,2403,152,2513,2524,2683

test suite238
bestAPFD:0.930758
bestSuite:1909,2540,2675,1729,2507,2437,2516,2454,2691

test suite239
bestAPFD:0.938506
bestSuite:1568,2239,1728,2585,212,1643,2529,2540,1967,1405,2694

test suite240
bestAPFD:0.938896
bestSuite:17,1530,2433,1755,2487,1843,2529,1737,2483,2704,2521,2310

test suite241
bestAPFD:0.925754
bestSuite:2218,1561,1720,1661,2576,2538,2703,2544

test suite242
bestAPFD:0.936970
bestSuite:1316,1585,1094,1819,289,1716,2473,2483,2687,2521

test suite243
bestAPFD:0.934753
bestSuite:947,2538,524,1793,151,1651,2495,2455,2701,1728

test suite244
bestAPFD:0.936765
bestSuite:967,1602,2464,1716,2406,2299,2415,2489,2455,2687

test suite245
bestAPFD:0.939452
bestSuite:1319,1561,1730,156,2412,2529,2446,2482,1531,2458,2705

test suite246
bestAPFD:0.931636
bestSuite:260,1546,1586,1832,226,2536,2528,2702,1726

test suite247
bestAPFD:0.938384
bestSuite:154,2448,2577,2374,1570,1720,2490,2513,2520,2708,1266

test suite248
bestAPFD:0.940865
bestSuite:2211,1577,2568,490,246,2581,1416,2384,2502,2702,2547,2517

test suite249
bestAPFD:0.939176
bestSuite:1009,1566,2186,2671,2441,1728,249,2375,2539,2695,2403,2459

test suite250
bestAPFD:0.934059
bestSuite:833,2496,1578,1111,2513,1729,582,2703,2527,543

test suite251
bestAPFD:0.942596
bestSuite:1568,2429,2611,1465,1217,2413,2485,1666,2380,2515,2687,2523,1729

test suite252
bestAPFD:0.938126
bestSuite:1757,1580,1170,1732,71,2537,2148,1631,2517,2695,1403,1829

test suite253
bestAPFD:0.937397
bestSuite:2678,1514,2673,1732,2400,1315,2513,2519,2693,2458

test suite254
bestAPFD:0.940947
bestSuite:1912,1583,138,1114,2003,2462,1728,2506,2415,563,2517,2520,2694

test suite255
bestAPFD:0.937354
bestSuite:2466,1969,1720,1743,238,1798,2518,2535,2457,2684

test suite256
bestAPFD:0.938761
bestSuite:1572,1586,2611,1737,2438,1908,2538,391,2477,1406,2692

test suite257
bestAPFD:0.935667
bestSuite:107,1576,2299,1726,2448,2533,1616,2700,2487,2553

test suite258
bestAPFD:0.938097
bestSuite:1572,780,2649,1850,2460,1485,1730,2483,2705,2456

test suite259
bestAPFD:0.937871
bestSuite:904,2412,200,2444,2288,1737,1546,2514,2513,2552,2693

test suite260
bestAPFD:0.940087
bestSuite:2461,77,35,1563,1795,2435,1728,2374,2514,2686,2521

test suite261
bestAPFD:0.936965
bestSuite:2091,1571,261,1420,1665,1726,2539,2513,2705,2522

test suite262
bestAPFD:0.937886
bestSuite:102,795,1514,2568,1774,2375,1396,2404,2502,2518,2706,2456

test suite263
bestAPFD:0.944834
bestSuite:1559,1570,1799,683,1720,15,687,1010,2483,2384,1,2690,2550

test suite264
bestAPFD:0.941386
bestSuite:1051,1561,1726,2100,2641,1651,2492,551,1866,2479,2522,2681

test suite265
bestAPFD:0.936788
bestSuite:2073,2538,252,1644,2568,1782,393,2516,2690,2545

test suite266
bestAPFD:0.937491
bestSuite:24,2489,2460,1716,2576,2395,990,813,1522,2490,2528,2706

test suite267
bestAPFD:0.941002
bestSuite:2424,1577,1140,1701,2488,1716,241,26,2377,2476,2539,2697,2455,918

test suite268
bestAPFD:0.931704
bestSuite:230,2509,832,1729,2013,1952,2535,2526,2681

test suite269
bestAPFD:0.939210
bestSuite:1570,246,2438,1702,837,1716,1412,2507,971,2494,2683,2458

test suite270
bestAPFD:0.935535
bestSuite:2466,903,1931,84,2568,1864,393,2536,2683,1406

test suite271
bestAPFD:0.939226
bestSuite:2031,2374,2438,151,1298,1716,800,2507,1536,581,2703,2458,2529

test suite272
bestAPFD:0.933041
bestSuite:1557,2568,193,2446,1660,2384,2533,2459,2705

test suite273
bestAPFD:0.936965
bestSuite:2447,2483,41,1716,2008,258,836,1578,2501,2710,1405,2368

test suite274
bestAPFD:0.938004
bestSuite:122,2463,1929,2425,1586,1570,1720,1609,2683,2489,1405

test suite275
bestAPFD:0.937087
bestSuite:1348,1574,154,1974,1771,1759,1716,2538,1680,2548,2700

test suite276
bestAPFD:0.940234
bestSuite:2586,1566,210,2594,1728,1960,905,2450,2535,2514,2710,2552,2415

test suite277
bestAPFD:0.937802
bestSuite:2466,2355,1728,2655,1530,1819,2535,324,2697,2546,2415

test suite278
bestAPFD:0.940455
bestSuite:1557,1729,270,646,1643,971,1947,1800,2605,2491,2705,2458

test suite279
bestAPFD:0.934475
bestSuite:2442,2509,278,1737,2489,2486,414,2703,701,2550

test suite280
bestAPFD:0.939756
bestSuite:2466,1319,1726,268,2578,159,2378,1780,2535,2491,2526,2691

test suite281
bestAPFD:0.940478
bestSuite:224,2505,1355,2111,2573,1737,1680,2501,2494,316,2709,2546

test suite282
bestAPFD:0.933912
bestSuite:1747,1644,44,2404,1816,1732,2537,2494,2710,2522

test suite283
bestAPFD:0.939350
bestSuite:1559,1729,40,2656,1934,2607,2531,1680,2384,2688,2458

test suite284
bestAPFD:0.939992
bestSuite:35,1709,2407,1564,690,1069,1611,1716,1864,2529,276,431,2695,2548

test suite285
bestAPFD:0.929122
bestSuite:1572,1944,2602,1729,791,2535,2453,2686

test suite286
bestAPFD:0.938545
bestSuite:1309,66,2374,648,2468,1853,2397,2473,1716,2698,2544,2505

test suite287
bestAPFD:0.939645
bestSuite:126,1560,1571,1816,1011,1729,2504,2598,2478,2457,2472,2703

test suite288
bestAPFD:0.940217
bestSuite:105,2536,1117,1720,1337,1832,2106,2519,2514,2507,2695,2520

test suite289
bestAPFD:0.939764
bestSuite:2283,2616,1663,2334,1819,1726,2486,2495,2380,2686,2520,1552

test suite290
bestAPFD:0.919633
bestSuite:218,2449,1728,2533,2438,2709,2551

test suite291
bestAPFD:0.938373
bestSuite:635,1574,146,1741,1440,1450,1799,1730,2415,2537,2700,2459

test suite292
bestAPFD:0.937327
bestSuite:2466,909,1720,2567,2655,1156,2486,2516,1403,2702

test suite293
bestAPFD:0.935257
bestSuite:1258,2509,1737,2631,490,1661,2696,2502,2551,1866

test suite294
bestAPFD:0.938008
bestSuite:2619,1666,2217,2587,1732,2394,10,2476,2704,2537,2456

test suite295
bestAPFD:0.939432
bestSuite:1070,766,2449,1246,2531,2086,1720,1161,1637,2394,2686,1404,2534

test suite296
bestAPFD:0.938005
bestSuite:2573,1332,2460,2378,62,1729,347,1567,2396,2695,2523,2392

test suite297
bestAPFD:0.938317
bestSuite:2116,1577,165,1778,1720,1561,1479,2472,2493,2549,2681

test suite298
bestAPFD:0.939195
bestSuite:2588,1611,2297,162,2568,2400,2462,2513,2406,1556,2459,2682

test suite299
bestAPFD:0.936886
bestSuite:2562,1949,1728,1651,2429,213,2543,2380,2510,2692,2452,2539

test suite300
bestAPFD:0.938255
bestSuite:811,1557,97,1857,2621,2511,1530,2494,2394,2689,2457,2568

test suite301
bestAPFD:0.939704
bestSuite:215,1561,2469,2640,2404,1737,1019,2537,2486,2687,2457

test suite302
bestAPFD:0.937726
bestSuite:1566,1339,1729,1013,2436,2640,869,2485,120,2689,2546,2516

test suite303
bestAPFD:0.935650
bestSuite:180,1560,2366,1737,1671,2536,2516,2404,2700,1404

test suite304
bestAPFD:0.934794
bestSuite:2590,1561,1737,1578,2178,173,2392,2478,2697,2453

test suite305
bestAPFD:0.938476
bestSuite:2573,1401,618,25,177,1732,2465,1083,1567,2689,2515,1404

test suite306
bestAPFD:0.936951
bestSuite:1570,1141,1737,69,1378,1579,2319,1804,2692,2531,2527

test suite307
bestAPFD:0.938269
bestSuite:2568,1780,2507,675,2462,148,666,400,2691,2477,566,2548,1663

test suite308
bestAPFD:0.938021
bestSuite:2656,2385,2354,1716,760,2529,2429,2486,1680,2706,2459

test suite309
bestAPFD:0.943218
bestSuite:1020,1579,1729,86,2073,2112,2508,1519,2498,863,532,1616,2685,1684,2455

test suite310
bestAPFD:0.942265
bestSuite:2577,2412,328,980,1023,1737,2462,2478,2035,2533,2696,2455

test suite311
bestAPFD:0.933584
bestSuite:2541,1876,1554,1729,1586,2375,2469,2533,2683,2550

test suite312
bestAPFD:0.925556
bestSuite:1563,1361,2368,2438,1732,2530,2547,2697

test suite313
bestAPFD:0.935016
bestSuite:1061,1561,1825,1720,1554,1861,745,2502,2545,2702

test suite314
bestAPFD:0.941638
bestSuite:1579,79,288,81,2263,1764,1581,1732,2532,1861,2477,2454,2693,2368

test suite315
bestAPFD:0.937924
bestSuite:2246,1565,72,2407,2375,2430,2305,1756,2480,2710,2406,2547,1728

test suite316
bestAPFD:0.942541
bestSuite:1572,2643,951,70,2460,1737,327,513,2537,1522,2515,2511,2697,2523

test suite317
bestAPFD:0.938997
bestSuite:1558,1849,1920,2374,2630,1726,2392,1546,2473,2550,2697,24

test suite318
bestAPFD:0.936272
bestSuite:1020,2540,159,2534,1569,765,1729,2505,2522,2702

test suite319
bestAPFD:0.941697
bestSuite:2214,1660,1737,2117,250,2475,2340,1431,2472,2416,2686,2526,2462

test suite320
bestAPFD:0.939048
bestSuite:2238,298,2407,2442,2450,1104,1728,24,2529,1442,2689,2525,2480

test suite321
bestAPFD:0.939831
bestSuite:251,2465,1631,1485,1178,1835,1730,2536,2681,999,2458,2164

test suite322
bestAPFD:0.937435
bestSuite:2441,1574,1720,78,794,1432,2493,2533,2532,2548,2706

test suite323
bestAPFD:0.931077
bestSuite:840,2540,1726,97,1820,1569,2509,2689,2522

test suite324
bestAPFD:0.939108
bestSuite:1572,2270,1726,82,1851,1574,2540,1536,2486,2691,1403

test suite325
bestAPFD:0.940623
bestSuite:2424,2496,1577,2668,1732,2355,2475,1895,599,2681,2529,2455

test suite326
bestAPFD:0.937062
bestSuite:1918,1595,2568,45,2489,2431,1579,2406,2700,2459,2485

test suite327
bestAPFD:0.940063
bestSuite:2440,2407,20,2111,2557,1737,2537,2488,2478,2687,2521,1531

test suite328
bestAPFD:0.935988
bestSuite:2177,1530,183,2080,2535,1737,2415,2494,2549,2708,1817

test suite329
bestAPFD:0.935487
bestSuite:77,1565,169,1726,1781,1660,2415,2533,2688,1403

test suite330
bestAPFD:0.938000
bestSuite:2426,2483,190,229,2465,1726,2480,2373,2694,2549,2397,1250

test suite331
bestAPFD:0.940565
bestSuite:2666,1585,2672,1729,2237,1663,2529,592,2373,2687,2520

test suite332
bestAPFD:0.931986
bestSuite:2580,939,2394,736,2597,1726,1571,2540,2698,2455

test suite333
bestAPFD:0.937112
bestSuite:1557,2580,187,2201,200,1737,492,2505,1644,1404,2706

test suite334
bestAPFD:0.941081
bestSuite:218,1578,81,1143,1737,2502,441,2534,2516,2486,2710,2453,2490

test suite335
bestAPFD:0.937817
bestSuite:2613,1153,2407,1819,1726,379,2475,1542,2531,2709,1404,582

test suite336
bestAPFD:0.933515
bestSuite:2652,1557,2590,1726,249,2392,2507,2684,2452

test suite337
bestAPFD:0.930696
bestSuite:2620,1666,1186,2480,2539,2440,2691,2459,2568

test suite338
bestAPFD:0.933041
bestSuite:2637,150,1660,2385,1737,974,1156,2502,2709,2553

test suite339
bestAPFD:0.936726
bestSuite:1130,1578,129,1820,2163,1729,2533,2710,2453,2478,2472

test suite340
bestAPFD:0.936558
bestSuite:1057,2675,2450,2374,1720,2392,2429,2485,2689,2550,491

test suite341
bestAPFD:0.939765
bestSuite:1087,2507,1924,1720,2513,1803,2639,2501,2400,418,2698,2528

test suite342
bestAPFD:0.940538
bestSuite:219,1571,2320,1904,2087,1826,1728,2437,2533,2489,2549,2708

test suite343
bestAPFD:0.935069
bestSuite:1573,935,870,1720,106,1851,1518,2535,2483,2704,2456

test suite344
bestAPFD:0.936868
bestSuite:77,2407,2439,1578,711,1278,1737,2531,1406,2693

test suite345
bestAPFD:0.934941
bestSuite:870,1036,2422,1631,2584,2685,2533,1716,71,1848,2523,2464

test suite346
bestAPFD:0.929982
bestSuite:1250,1565,2501,2568,2479,2515,2704,2547,2628

test suite347
bestAPFD:0.939046
bestSuite:1558,80,1729,1320,1774,2346,1560,2406,2494,2703,2547

test suite348
bestAPFD:0.939549
bestSuite:1570,1575,695,1729,173,1793,1337,2489,2710,2380,2525,320

test suite349
bestAPFD:0.929944
bestSuite:1135,1402,1286,1811,1729,2378,2537,2548,2702

test suite350
bestAPFD:0.937022
bestSuite:624,1577,1576,2568,1717,172,1569,1819,2706,2477,2550

test suite351
bestAPFD:0.938415
bestSuite:1256,45,1680,2537,1737,1851,962,2404,2492,2686,2526

test suite352
bestAPFD:0.942452
bestSuite:1558,2407,2580,2040,50,205,1720,2462,2508,1165,2690,2523,2472

test suite353
bestAPFD:0.932757
bestSuite:1572,29,2568,2075,2368,2534,2473,2452,2689

test suite354
bestAPFD:0.934999
bestSuite:873,1578,1774,166,1720,2498,2380,2473,2526,2688

test suite355
bestAPFD:0.939519
bestSuite:1907,225,1670,1732,2428,2375,365,426,2509,2681,2454,2406

test suite356
bestAPFD:0.935031
bestSuite:2343,1571,1737,1999,8,2529,2412,1683,2685,2550

test suite357
bestAPFD:0.939141
bestSuite:2577,1557,2060,2412,1252,1729,1682,236,2487,2688,1406,2511

test suite358
bestAPFD:0.941001
bestSuite:1568,1857,1475,2107,2624,1730,2496,2530,2477,2705,2551

test suite359
bestAPFD:0.939697
bestSuite:2190,1546,20,1393,1557,2427,2464,2538,2394,1438,2697,2523,1730

test suite360
bestAPFD:0.938200
bestSuite:1558,930,119,895,2538,1729,2513,2477,1404,2701

test suite361
bestAPFD:0.940177
bestSuite:2041,1826,2479,1070,2532,1716,256,2439,2503,1406,2684,1616

test suite362
bestAPFD:0.941481
bestSuite:2124,1581,2651,1737,2343,1714,2394,2535,1671,2483,2681,2551

test suite363
bestAPFD:0.934742
bestSuite:1371,1562,76,1887,1732,1561,2375,2478,2710,2452

test suite364
bestAPFD:0.937208
bestSuite:31,1579,2641,1816,204,1729,2410,1667,2685,2457,2536

test suite365
bestAPFD:0.935339
bestSuite:122,1579,1729,2431,2536,1571,2638,2516,2709,2521

test suite366
bestAPFD:0.936786
bestSuite:1558,1920,2582,2568,2537,1561,1833,2696,2546,2480

test suite367
bestAPFD:0.937204
bestSuite:2589,1585,2355,2568,2613,1644,2538,2530,2708,2525

test suite368
bestAPFD:0.937091
bestSuite:768,1514,800,171,1035,2400,2485,196,2477,2707,1405,1730

test suite369
bestAPFD:0.940369
bestSuite:2107,1416,1563,916,2674,1729,103,2464,2533,2684,1829,2525,2385

test suite370
bestAPFD:0.934570
bestSuite:2334,2507,472,2568,1816,2491,156,438,2501,2523,2703

test suite371
bestAPFD:0.938821
bestSuite:2577,1643,1283,1438,1729,2513,1576,2643,2494,2525,2704,72

test suite372
bestAPFD:0.937556
bestSuite:2616,2538,2205,2449,1729,1800,2357,1625,2530,2694,2452,2016

test suite373
bestAPFD:0.938996
bestSuite:2642,1660,1309,1728,2518,2248,2479,2406,2690,2525,2437

test suite374
bestAPFD:0.934279
bestSuite:82,738,1580,1780,2403,441,1720,2538,2700,2520,409

test suite375
bestAPFD:0.938150
bestSuite:2461,1260,201,1832,1726,1565,2516,1525,2705,2547

test suite376
bestAPFD:0.937672
bestSuite:2449,2568,977,1100,162,1778,2375,2536,1647,2681,2522

test suite377
bestAPFD:0.937309
bestSuite:1570,711,2583,2568,2630,861,112,1660,2539,2689,2521

test suite378
bestAPFD:0.932634
bestSuite:1971,1563,1732,75,2538,1889,2498,2693,2526

test suite379
bestAPFD:0.941605
bestSuite:947,1566,2395,2591,2623,1737,2254,2491,2486,2506,2686,2456

test suite380
bestAPFD:0.937044
bestSuite:1046,1554,1221,1853,2654,2533,1726,2511,25,2703,1405

test suite381
bestAPFD:0.925457
bestSuite:107,2507,2537,2532,2568,2709,1404,2581

test suite382
bestAPFD:0.937864
bestSuite:603,2407,1729,2090,1805,1625,133,2498,2682,2504,2459,2403

test suite383
bestAPFD:0.941162
bestSuite:1584,1000,2353,1729,1754,358,1583,2575,2537,2523,2686,2377

test suite384
bestAPFD:0.937912
bestSuite:1971,2416,80,113,2323,2477,1737,2492,2707,2485,2459,1631

test suite385
bestAPFD:0.941377
bestSuite:2366,2496,2085,2121,46,1728,592,2495,1972,1809,2530,2550,2699

test suite386
bestAPFD:0.938054
bestSuite:1934,2378,803,1729,147,192,2500,2375,1680,2697,2459,2539

test suite387
bestAPFD:0.935987
bestSuite:108,1542,2517,1868,2539,1729,759,2482,2692,2454

test suite388
bestAPFD:0.938008
bestSuite:174,1254,2540,1191,1728,1820,2505,399,2509,2700,1660,1405

test suite389
bestAPFD:0.933123
bestSuite:1036,1586,2514,1716,2406,33,1578,2575,2705,2528

test suite390
bestAPFD:0.941796
bestSuite:2620,1631,1728,1759,2462,1810,1440,2537,2400,364,2521,2705

test suite391
bestAPFD:0.940659
bestSuite:2138,1546,2662,1729,1131,1236,1569,1963,2491,2523,2702,2509

test suite392
bestAPFD:0.940111
bestSuite:1576,2445,2676,1606,968,1663,1730,2502,2492,336,2544,2693

test suite393
bestAPFD:0.934130
bestSuite:2442,1726,1595,2651,2539,2392,2335,2504,2688,2520

test suite394
bestAPFD:0.937911
bestSuite:2138,1577,119,1726,299,2315,2392,1793,2530,2692,2546,1530

test suite395
bestAPFD:0.942130
bestSuite:1559,275,633,2439,1971,1396,1730,1443,2535,1522,2384,2707,2523

test suite396
bestAPFD:0.942561
bestSuite:1128,2496,2636,2404,1716,1832,1680,348,1859,2502,2696,2551,377

test suite397
bestAPFD:0.931706
bestSuite:630,1573,2231,2568,2536,1794,2681,189,2547

test suite398
bestAPFD:0.938616
bestSuite:1307,289,2530,1728,2529,2475,1643,2431,599,2699,1403

test suite399
bestAPFD:0.936705
bestSuite:2556,8,2538,2220,1660,2568,2430,303,2516,2459,2693

test suite400
bestAPFD:0.923861
bestSuite:662,1575,114,2533,2534,1730,2704,2458

test suite401
bestAPFD:0.934171
bestSuite:2424,1582,1579,737,177,1732,2486,2692,2454,2487

test suite402
bestAPFD:0.940101
bestSuite:2662,2407,1720,2122,1401,2427,2060,2485,2392,1404,2696,1631

test suite403
bestAPFD:0.937231
bestSuite:1570,1384,1934,2395,283,1503,1726,1522,2491,2694,2525

test suite404
bestAPFD:0.938853
bestSuite:1728,1570,2601,710,827,1574,2395,1825,2434,2500,2539,2682,2551

test suite405
bestAPFD:0.937257
bestSuite:2568,2460,2394,1447,1582,2515,1805,2557,2702,1608,2455

test suite406
bestAPFD:0.931722
bestSuite:119,2449,2437,1726,2560,2517,2530,2544,2694

test suite407
bestAPFD:0.939609
bestSuite:2311,1611,2486,1771,2385,1728,2627,2540,2480,2547,332,2684,223

test suite408
bestAPFD:0.938343
bestSuite:1568,2636,2587,1729,902,2473,2516,2489,2695,1404,1643

test suite409
bestAPFD:0.938201
bestSuite:1568,2619,1832,277,1728,2415,1516,2533,2455,2708

test suite410
bestAPFD:0.933517
bestSuite:920,2395,2679,1716,2491,772,1670,2691,1404,2513

test suite411
bestAPFD:0.932505
bestSuite:1557,1728,140,1565,828,2429,2472,2702,2550

test suite412
bestAPFD:0.941554
bestSuite:2274,1542,1728,1579,717,2446,1110,21,2538,2367,2708,2525

test suite413
bestAPFD:0.939776
bestSuite:1329,1563,1737,1853,2378,589,26,2508,579,2535,2689,2454

test suite414
bestAPFD:0.939057
bestSuite:1584,102,1729,1863,2408,2560,2513,1609,2494,2544,2683

test suite415
bestAPFD:0.931653
bestSuite:2466,1880,1729,885,2502,2689,2500,2521,2384

test suite416
bestAPFD:0.935070
bestSuite:1570,2218,13,1716,660,2502,2373,2494,2526,2689

test suite417
bestAPFD:0.936741
bestSuite:1557,1729,900,2582,227,1563,1505,824,2707,2477,2459

test suite418
bestAPFD:0.934062
bestSuite:963,1564,2407,1716,2584,2531,2450,2532,2694,2456

test suite419
bestAPFD:0.936990
bestSuite:2583,1728,2533,1997,1968,181,521,270,2518,2704,1403,2397

test suite420
bestAPFD:0.936120
bestSuite:1572,1870,2046,1737,1557,2427,10,2531,2694,2526

test suite421
bestAPFD:0.941552
bestSuite:2201,2465,288,1720,132,1721,1799,1569,2516,2482,2553,2701

test suite422
bestAPFD:0.941019
bestSuite:2355,2496,254,2591,283,1730,1324,2486,1531,2482,2516,1406,2688

test suite423
bestAPFD:0.932100
bestSuite:2092,2404,289,1732,2533,534,2495,2681,2455

test suite424
bestAPFD:0.933214
bestSuite:1363,1563,1730,2377,2477,2530,2383,2455,2684

test suite425
bestAPFD:0.942484
bestSuite:1558,903,130,1912,2028,1643,621,1716,2513,2509,2681,2458

test suite426
bestAPFD:0.937002
bestSuite:2445,2448,1720,2637,243,1560,612,2529,2489,2456,2698

test suite427
bestAPFD:0.934885
bestSuite:1729,1190,643,2538,282,375,2438,2397,2522,2705,2510

test suite428
bestAPFD:0.937629
bestSuite:274,882,2412,1720,1849,1666,1007,2531,2695,395,2452,2490

test suite429
bestAPFD:0.935116
bestSuite:2237,1208,1565,2437,2475,143,1732,2501,2706,2549,2483

test suite430
bestAPFD:0.938387
bestSuite:2078,1728,2408,1644,1805,2624,1313,2368,2485,2544,2693,1567

test suite431
bestAPFD:0.937891
bestSuite:1572,1051,1737,1857,84,1744,2462,2514,2681,2457

test suite432
bestAPFD:0.939878
bestSuite:1322,2540,2478,2509,2568,10,1518,2583,2265,152,2547,2693

test suite433
bestAPFD:0.934618
bestSuite:2066,2465,1315,1007,167,1569,1728,2514,2695,2520

test suite434
bestAPFD:0.933651
bestSuite:1583,698,2575,2479,1879,2395,1730,2485,7,2685,2452

test suite435
bestAPFD:0.933555
bestSuite:219,1561,2649,864,1716,1402,1850,2505,2552,2692

test suite436
bestAPFD:0.938061
bestSuite:169,823,1585,1729,1576,2476,1007,2514,1823,2687,2456

test suite437
bestAPFD:0.940889
bestSuite:1888,2538,1670,1720,156,638,2510,1786,1847,2696,2552,2531

test suite438
bestAPFD:0.934417
bestSuite:1295,1542,1743,2647,1720,2533,2588,2483,2453,2695

test suite439
bestAPFD:0.938961
bestSuite:967,1557,2655,1732,2660,2385,1849,1611,2494,2690,2525

test suite440
bestAPFD:0.938994
bestSuite:2587,1560,51,1726,1762,1494,999,2536,1683,2545,2682,2515

test suite441
bestAPFD:0.938301
bestSuite:794,239,1531,1729,1851,2400,2485,454,2696,2546,2472

test suite442
bestAPFD:0.932606
bestSuite:1894,2460,691,2395,512,1730,1808,2697,1404,2477

test suite443
bestAPFD:0.937902
bestSuite:708,2465,134,1579,1778,1145,2368,1730,2481,1616,2552,2697

test suite444
bestAPFD:0.937274
bestSuite:1726,1850,1402,1156,2540,1291,2408,400,1683,340,2703,2544

test suite445
bestAPFD:0.930530
bestSuite:976,2538,172,2591,1720,2403,2688,2456,2483

test suite446
bestAPFD:0.935102
bestSuite:253,1216,1680,1439,2498,1567,1728,2703,2505,2452,1798

test suite447
bestAPFD:0.938218
bestSuite:1030,1583,972,190,1732,2487,2394,2549,2485,2708,1863

test suite448
bestAPFD:0.938920
bestSuite:1558,278,1730,1416,871,1478,2400,2488,2694,2502,2547

test suite449
bestAPFD:0.940876
bestSuite:215,2539,1062,1232,2514,192,1729,2406,2493,2690,2528,1644

test suite450
bestAPFD:0.939900
bestSuite:750,2509,758,1803,1729,2536,2595,2394,2478,2525,2687,197

test suite451
bestAPFD:0.936671
bestSuite:1563,2442,924,2395,1732,1499,2476,2494,2681,2456

test suite452
bestAPFD:0.934021
bestSuite:54,966,2533,24,2462,1737,2517,1862,2703,2384,2525

test suite453
bestAPFD:0.935480
bestSuite:2577,1573,1078,2392,88,1730,2476,2705,2545,1586

test suite454
bestAPFD:0.935419
bestSuite:1386,1602,1,1720,1416,1808,2505,2513,2681,2455

test suite455
bestAPFD:0.937594
bestSuite:1570,775,2368,31,1728,1581,1807,2385,2482,2683,2520

test suite456
bestAPFD:0.937250
bestSuite:1960,1560,1728,265,1853,2477,1616,2478,2681,2454

test suite457
bestAPFD:0.936648
bestSuite:1283,166,1577,1720,2438,2407,2517,2473,2688,2632,2521

test suite458
bestAPFD:0.937144
bestSuite:230,1301,2403,744,1487,2486,1732,2515,2373,2706,2553

test suite459
bestAPFD:0.937416
bestSuite:2329,1586,44,1585,1682,1716,1830,2486,2515,2709,2522

test suite460
bestAPFD:0.937692
bestSuite:1726,1401,2250,1847,2512,464,10,2487,2507,2532,2546,2685

test suite461
bestAPFD:0.937270
bestSuite:1269,1578,1729,130,1807,2385,1569,2515,2518,1406,2707

test suite462
bestAPFD:0.931609
bestSuite:1577,751,2250,1720,2539,2498,2485,2695,2523,1500

test suite463
bestAPFD:0.937785
bestSuite:825,1560,253,2540,1737,342,2494,1522,2682,1937,2522

test suite464
bestAPFD:0.936337
bestSuite:620,1579,2462,1864,2540,134,1729,505,2695,2459,1554

test suite465
bestAPFD:0.933463
bestSuite:2568,1402,240,1276,2436,2408,2483,2478,2528,2703

test suite466
bestAPFD:0.936996
bestSuite:168,1682,682,746,1737,1771,1560,2531,2698,1406,1411

test suite467
bestAPFD:0.937969
bestSuite:928,1401,1720,1200,568,204,2486,2514,2483,2692,2551

test suite468
bestAPFD:0.937239
bestSuite:2577,2460,1729,803,1562,2080,2378,290,2703,2459,2495

test suite469
bestAPFD:0.928088
bestSuite:808,2374,1729,2143,2502,2438,1680,2544,2689

test suite470
bestAPFD:0.928032
bestSuite:1584,2460,262,1716,2514,2377,2709,1403

test suite471
bestAPFD:0.938548
bestSuite:1966,52,1583,1690,2568,2538,1600,2400,2708,2514,2528,2679

test suite472
bestAPFD:0.939712
bestSuite:935,80,1522,1832,1716,2003,2400,1255,2512,372,2539,2700,2552

test suite473
bestAPFD:0.943881
bestSuite:2226,1571,14,1213,2189,1545,1730,874,2406,2374,1683,2483,2699,2545

test suite474
bestAPFD:0.936919
bestSuite:2585,1546,2392,2568,1061,156,2479,2478,1403,2693

test suite475
bestAPFD:0.930753
bestSuite:2145,2496,2494,2633,2478,299,2568,2685,2528

test suite476
bestAPFD:0.933333
bestSuite:2587,1595,2538,2624,1716,2503,482,2684,1403

test suite477
bestAPFD:0.929464
bestSuite:2285,9,1569,937,1720,2697,2479,1403,2498

test suite478
bestAPFD:0.928590
bestSuite:179,2462,1729,1822,2538,2518,2681,2523

test suite479
bestAPFD:0.940193
bestSuite:210,1576,1731,809,1716,167,2437,2410,2537,1592,2682,2489,1403

test suite480
bestAPFD:0.936466
bestSuite:1557,1737,728,104,1995,2408,1542,2477,2452,2702

test suite481
bestAPFD:0.935165
bestSuite:2590,2448,2505,1974,243,1720,2478,575,2695,2546

test suite482
bestAPFD:0.941433
bestSuite:2441,1577,1729,1197,530,2616,2374,235,2485,2477,2702,1404

test suite483
bestAPFD:0.933022
bestSuite:2066,1566,2677,2568,151,2539,2702,2527,1628

test suite484
bestAPFD:0.939154
bestSuite:1559,1052,123,1716,1664,2378,2477,1769,2476,2683,2544

test suite485
bestAPFD:0.944568
bestSuite:2461,1729,1106,1122,547,1627,2511,1866,2535,369,2380,2524,2687

test suite486
bestAPFD:0.938815
bestSuite:1364,1576,1283,1729,1794,71,741,1578,2517,2498,2683,2527

test suite487
bestAPFD:0.933664
bestSuite:655,2131,1585,149,1716,2412,1798,2704,2494,1405,2478

test suite488
bestAPFD:0.940734
bestSuite:1557,763,1728,111,2025,1661,2511,1835,2477,2378,2707,61,2523,600

test suite489
bestAPFD:0.933122
bestSuite:1557,2312,1730,441,2513,1542,440,2708,2455

test suite490
bestAPFD:0.939220
bestSuite:84,1595,841,2535,1720,385,2514,1861,495,320,2700,2553

test suite491
bestAPFD:0.940220
bestSuite:2446,1566,2537,1730,782,111,988,2493,1646,2394,2703,2548,2494

test suite492
bestAPFD:0.941085
bestSuite:1568,1726,805,1794,958,2513,1644,2489,2516,2705,2523

test suite493
bestAPFD:0.937271
bestSuite:1401,1726,2653,2615,1873,2429,2491,2380,2498,2689,2548

test suite494
bestAPFD:0.936846
bestSuite:2581,301,1123,1651,281,2368,336,1116,2490,1732,2502,2685,2380,1405

test suite495
bestAPFD:0.937130
bestSuite:718,1575,2575,990,2568,1806,2487,2496,2532,2707,2455

test suite496
bestAPFD:0.933450
bestSuite:947,2507,183,2590,1729,115,780,2697,2551,2529

test suite497
bestAPFD:0.940291
bestSuite:230,995,1670,1862,2529,1729,2530,1264,2481,1495,2528,2690

test suite498
bestAPFD:0.937498
bestSuite:2344,2408,2591,246,2614,1730,2397,2502,2495,2453,2695

test suite499
bestAPFD:0.936584
bestSuite:1039,1401,884,2598,1043,2233,1729,173,1580,2691,2522,2535

test suite500
bestAPFD:0.936107
bestSuite:2461,1728,611,156,1644,1666,2415,2494,1403,2685

