test suite1
bestAPFD:0.953835
bestSuite:201,2374,2704,2208,1720,2552,1570,1514,38,2514,992

test suite2
bestAPFD:0.954545
bestSuite:2463,869,1720,2460,2688,2479,1563,1818,1722,2524,446

test suite3
bestAPFD:0.952415
bestSuite:2237,1546,1517,245,2531,2538,2051,2694,1732,1566,1404

test suite4
bestAPFD:0.957031
bestSuite:1257,1595,2406,1576,1728,1830,2528,2703,2498,11,2385,1175

test suite5
bestAPFD:0.948438
bestSuite:1292,1576,1976,2397,2697,1716,2524,3,2535,2514

test suite6
bestAPFD:0.957682
bestSuite:262,1580,2494,1732,933,161,2521,2704,2438,2448,2406,795

test suite7
bestAPFD:0.944531
bestSuite:1387,2605,1683,1822,2412,2476,1737,2553,2392,2708

test suite8
bestAPFD:0.949219
bestSuite:179,2540,1585,2159,1720,2537,563,2478,2527,2701

test suite9
bestAPFD:0.953125
bestSuite:1570,2568,458,1247,2435,2538,2377,2547,701,2683,181

test suite10
bestAPFD:0.943576
bestSuite:218,2536,1595,1716,2710,2523,1557,1622,2587

test suite11
bestAPFD:0.956380
bestSuite:1401,1732,2262,1830,673,2638,1631,2375,1279,2710,2540,2547

test suite12
bestAPFD:0.950284
bestSuite:2191,2556,82,1683,2704,2515,2383,1728,2458,2407,2513

test suite13
bestAPFD:0.955078
bestSuite:1897,1726,2395,1781,2490,2710,2549,2501,1565,239,1160,2489

test suite14
bestAPFD:0.960337
bestSuite:2221,2509,1716,2489,2683,2548,2182,1847,2492,2406,111,1487,2377

test suite15
bestAPFD:0.960938
bestSuite:154,2462,2702,2479,1354,1732,1766,1769,2492,2415,2553,1200,1536

test suite16
bestAPFD:0.948438
bestSuite:2073,2536,849,1616,71,2682,1403,2568,2481,1560

test suite17
bestAPFD:0.949219
bestSuite:218,2395,2459,2706,1578,2494,2485,1168,2066,1730

test suite18
bestAPFD:0.955729
bestSuite:1579,2489,1780,1663,2551,2380,863,2034,2703,2462,184,1737

test suite19
bestAPFD:0.953125
bestSuite:2022,1585,2502,1830,1737,1579,2604,499,2063,2453,2699

test suite20
bestAPFD:0.948153
bestSuite:933,464,2412,1730,1377,2708,2544,2427,1683,1564,2533

test suite21
bestAPFD:0.957031
bestSuite:1329,2460,1833,2502,1406,2436,111,1644,2448,2684,1728,2415

test suite22
bestAPFD:0.952415
bestSuite:2159,1728,2530,2694,1531,2521,269,2537,787,2492,2045

test suite23
bestAPFD:0.936523
bestSuite:2617,2416,1716,2459,2699,2502,1569,1450

test suite24
bestAPFD:0.954427
bestSuite:1726,2462,379,2430,1561,2467,103,869,2513,2458,700,2704

test suite25
bestAPFD:0.955078
bestSuite:140,939,1522,1810,1467,2412,2501,2568,2696,2529,2527,1524

test suite26
bestAPFD:0.962612
bestSuite:610,1726,2516,2447,2687,2549,449,929,223,2502,2369,2496,1486,445

test suite27
bestAPFD:0.952415
bestSuite:2301,2535,65,2519,2403,2686,2495,2462,1737,2545,1864

test suite28
bestAPFD:0.959736
bestSuite:84,1141,2378,2584,2476,2695,2464,1661,2148,2392,1730,354,2458

test suite29
bestAPFD:0.958333
bestSuite:1572,2528,1637,1730,28,2403,13,2700,831,2482,1278,2502

test suite30
bestAPFD:0.946875
bestSuite:1751,2448,2698,2406,2553,2400,970,1849,2514,1737

test suite31
bestAPFD:0.957031
bestSuite:620,1611,2456,1771,942,2685,1726,2225,2477,350,2535,143

test suite32
bestAPFD:0.957031
bestSuite:1132,2412,11,1563,2458,2476,2428,1729,2490,1196,2392,2704

test suite33
bestAPFD:0.953835
bestSuite:107,1575,604,222,2529,2458,2578,2687,1720,2400,2445

test suite34
bestAPFD:0.942708
bestSuite:1242,1583,2502,2483,2549,2692,1726,2436,151

test suite35
bestAPFD:0.952415
bestSuite:1062,1581,127,2552,1732,2540,2499,202,1871,1807,2693

test suite36
bestAPFD:0.951705
bestSuite:232,904,2377,2699,2576,2515,2544,2568,1611,1032,2501

test suite37
bestAPFD:0.961538
bestSuite:2461,2507,2639,1485,1297,2455,1567,1729,2517,2693,1670,842,2431

test suite38
bestAPFD:0.957031
bestSuite:2073,2412,1730,2546,1661,2699,534,1748,216,2514,776,2485

test suite39
bestAPFD:0.951705
bestSuite:2568,2449,2685,2340,2521,113,2486,2368,2407,614,1811

test suite40
bestAPFD:0.960337
bestSuite:2221,2538,1882,535,2397,1817,2524,2373,2504,2706,346,72,1716

test suite41
bestAPFD:0.957682
bestSuite:2620,1522,2457,2460,1798,2694,2477,2506,2194,1730,1671,2415

test suite42
bestAPFD:0.958333
bestSuite:1568,1556,1809,2708,2420,2473,2550,2539,1716,1221,2218,1477

test suite43
bestAPFD:0.946875
bestSuite:52,1726,2509,2605,1538,2517,2694,2458,2406,2582

test suite44
bestAPFD:0.955729
bestSuite:2208,2460,2260,2684,1729,1404,2505,2395,1336,1866,398,1724

test suite45
bestAPFD:0.951705
bestSuite:2227,1602,1027,208,2507,1716,2489,2524,1803,2478,2708

test suite46
bestAPFD:0.942708
bestSuite:1359,1582,1720,2380,2702,2458,256,2529,1810

test suite47
bestAPFD:0.964286
bestSuite:1558,1720,2460,2584,1313,2375,2133,241,2481,2385,91,902,2690,2458

test suite48
bestAPFD:0.950284
bestSuite:1726,2130,1569,2416,211,2706,199,1402,2428,2456,2472

test suite49
bestAPFD:0.958333
bestSuite:1568,2545,1570,1729,2425,2451,2087,2514,2394,2700,615,286

test suite50
bestAPFD:0.956380
bestSuite:210,1576,2690,1616,2659,2456,1778,1170,2486,1730,2539,1902

test suite51
bestAPFD:0.946094
bestSuite:1981,1800,2462,2496,2568,2695,2626,2375,1272,2523

test suite52
bestAPFD:0.942708
bestSuite:928,2412,19,2477,2681,2546,1726,1680,2538

test suite53
bestAPFD:0.953125
bestSuite:825,2509,2453,1683,2568,2537,2534,2504,54,2501,2692

test suite54
bestAPFD:0.955078
bestSuite:2568,1484,1666,25,2101,1405,1086,2510,2539,1698,2710,1771

test suite55
bestAPFD:0.950000
bestSuite:2461,1728,835,2489,2695,1580,1985,2547,154,2476

test suite56
bestAPFD:0.950000
bestSuite:2461,1732,250,2335,2703,1308,2407,2467,2526,2498

test suite57
bestAPFD:0.960337
bestSuite:1310,2449,2485,2493,1732,1861,1406,971,2412,2683,1407,216,2494

test suite58
bestAPFD:0.942708
bestSuite:2309,1566,2458,1557,2516,2681,505,2633,2568

test suite59
bestAPFD:0.954427
bestSuite:870,2469,1573,800,2520,1720,2501,1771,2536,202,2368,2683

test suite60
bestAPFD:0.953835
bestSuite:178,1631,2537,1404,1269,1489,1560,1887,2698,2478,1729

test suite61
bestAPFD:0.958333
bestSuite:2463,1732,1403,2700,500,1885,294,998,1572,2446,2502,404

test suite62
bestAPFD:0.948438
bestSuite:677,1663,2412,2535,1823,2522,1730,2699,1570,258

test suite63
bestAPFD:0.954545
bestSuite:1558,1217,1730,2708,123,2540,2454,929,1771,1070,2407

test suite64
bestAPFD:0.942708
bestSuite:1147,2536,2550,2583,1730,2488,2690,123,2451

test suite65
bestAPFD:0.960337
bestSuite:2339,1663,2501,2506,1737,2668,2495,2277,2516,2545,1615,1857,2693

test suite66
bestAPFD:0.934570
bestSuite:2647,1726,2536,1393,2448,2528,2695,2438

test suite67
bestAPFD:0.943576
bestSuite:91,1580,2551,1716,2535,2591,2698,1569,1762

test suite68
bestAPFD:0.963170
bestSuite:2066,1561,2685,2368,2568,2546,1666,1032,2481,2476,283,441,1053,934

test suite69
bestAPFD:0.949219
bestSuite:178,1585,1737,1781,2699,624,1405,2538,534,2502

test suite70
bestAPFD:0.957031
bestSuite:2424,1585,1567,592,2392,2690,883,159,2501,1737,2394,2527

test suite71
bestAPFD:0.949574
bestSuite:698,2408,832,1780,2476,1737,2553,2498,2701,1670,258

test suite72
bestAPFD:0.952415
bestSuite:921,2539,184,2391,2523,2681,2410,2078,2482,1847,1729

test suite73
bestAPFD:0.956380
bestSuite:1015,1585,2581,2700,714,2532,2516,2519,2404,1732,80,1404

test suite74
bestAPFD:0.959135
bestSuite:245,995,2505,2682,1732,1101,1514,1818,2486,1479,1001,2517,2553

test suite75
bestAPFD:0.950000
bestSuite:2461,1794,1297,134,2514,1651,1580,2706,1737,2457

test suite76
bestAPFD:0.943576
bestSuite:107,2404,2691,2478,1546,2477,1888,2544,1729

test suite77
bestAPFD:0.938368
bestSuite:1571,159,2161,2368,2530,2683,1737,2545,2299

test suite78
bestAPFD:0.954545
bestSuite:1572,2516,1730,863,1774,2523,2563,2476,2704,2395,107

test suite79
bestAPFD:0.943576
bestSuite:168,1570,1663,2700,2415,1728,1809,2495,2545

test suite80
bestAPFD:0.950000
bestSuite:1558,2513,290,2465,2693,2590,2547,948,752,1730

test suite81
bestAPFD:0.950000
bestSuite:1558,1557,2434,1406,2529,1898,1730,2273,2706,157

test suite82
bestAPFD:0.963170
bestSuite:1912,1583,2415,2501,149,475,2482,666,2491,847,1732,2454,2625,2707

test suite83
bestAPFD:0.933594
bestSuite:2448,730,2505,1726,1192,2697,2523,2476

test suite84
bestAPFD:0.953835
bestSuite:2652,2378,189,2521,1732,1793,2529,2694,1574,2301,838

test suite85
bestAPFD:0.940104
bestSuite:753,228,2533,2705,1729,2546,1595,532,2477

test suite86
bestAPFD:0.943576
bestSuite:2620,1680,2539,2700,2508,479,1853,2528,2568

test suite87
bestAPFD:0.954545
bestSuite:2461,2549,2496,2690,2515,1726,282,1912,265,2493,957

test suite88
bestAPFD:0.958333
bestSuite:2461,2668,2533,2448,1475,2522,1757,2490,2683,1576,2432,1729

test suite89
bestAPFD:0.949219
bestSuite:100,2533,1230,760,2577,1729,2707,2553,1874,1575

test suite90
bestAPFD:0.948438
bestSuite:1905,2465,2513,2450,2696,1729,2520,1832,1740,2497

test suite91
bestAPFD:0.953125
bestSuite:2007,1663,231,2506,1728,2459,2537,2412,2434,253,2704

test suite92
bestAPFD:0.962054
bestSuite:1575,1728,1661,2695,888,2540,2532,1818,195,1082,2398,2550,1383,2056

test suite93
bestAPFD:0.954545
bestSuite:1572,2520,286,800,2491,1580,2690,2501,1730,1656,710

test suite94
bestAPFD:0.957031
bestSuite:1369,1574,2549,1670,228,2702,2517,2485,1560,2469,1720,1534

test suite95
bestAPFD:0.961538
bestSuite:1568,2450,2689,2532,813,2374,281,2435,2368,583,1720,2522,848

test suite96
bestAPFD:0.943576
bestSuite:16,2400,1822,2457,1726,2473,2531,2689,1546

test suite97
bestAPFD:0.950000
bestSuite:1572,103,2513,1726,1798,1504,2523,773,2689,387

test suite98
bestAPFD:0.949219
bestSuite:126,2538,2410,2537,1732,2077,2551,2506,2440,2684

test suite99
bestAPFD:0.959135
bestSuite:609,2374,1720,2531,2574,2709,2523,1571,1423,212,2053,1482,1376

test suite100
bestAPFD:0.935547
bestSuite:2468,1595,1560,2533,1730,24,2552,2702

test suite101
bestAPFD:0.940972
bestSuite:1922,1726,1402,1864,2709,582,2457,2478,2538

test suite102
bestAPFD:0.950000
bestSuite:2461,397,2522,1359,2516,1729,1537,208,1574,2685

test suite103
bestAPFD:0.957031
bestSuite:835,1561,1403,1523,1862,2693,1595,1579,181,1958,2368,1728

test suite104
bestAPFD:0.957031
bestSuite:1174,2378,2521,2375,1683,117,2462,2588,1450,1716,2202,2689

test suite105
bestAPFD:0.955729
bestSuite:58,972,2479,1564,2698,2598,2237,1517,2548,2462,1729,2496

test suite106
bestAPFD:0.957031
bestSuite:2441,1566,2400,1586,2691,2457,1726,2505,1345,299,2330,2530

test suite107
bestAPFD:0.954545
bestSuite:1572,2568,783,2457,2686,260,2477,411,2145,2540,669

test suite108
bestAPFD:0.957682
bestSuite:2577,1401,1570,2490,1282,1187,2547,2568,2052,2709,2538,72

test suite109
bestAPFD:0.933594
bestSuite:1169,1726,2535,2453,2488,2692,2597,1682

test suite110
bestAPFD:0.964286
bestSuite:1568,2696,2488,2485,2484,2553,2368,1720,252,1708,2038,2400,1769,2047

test suite111
bestAPFD:0.958705
bestSuite:1366,2582,1531,2481,223,2682,2533,2505,2374,1716,938,1338,367,2550

test suite112
bestAPFD:0.950000
bestSuite:1572,1772,2451,2502,1720,2694,2095,2522,2477,1288

test suite113
bestAPFD:0.934570
bestSuite:2066,2516,1726,1670,2709,212,2524,2498

test suite114
bestAPFD:0.964583
bestSuite:240,2478,1522,1863,777,1737,565,2695,277,2375,2525,2464,442,1922,2404

test suite115
bestAPFD:0.952415
bestSuite:13,2460,2453,909,2699,1579,1670,2568,2529,2373,2438

test suite116
bestAPFD:0.950000
bestSuite:1568,2586,205,2685,2472,1720,1557,2048,254,2523

test suite117
bestAPFD:0.949219
bestSuite:121,1574,2505,2070,580,1716,1561,2688,1830,2525

test suite118
bestAPFD:0.953125
bestSuite:1203,2538,2609,2545,1794,1554,1512,2701,573,2518,1720

test suite119
bestAPFD:0.953835
bestSuite:154,1644,1726,2515,2432,1231,1561,2553,2684,1579,2016

test suite120
bestAPFD:0.960337
bestSuite:1562,1737,44,2687,2395,2594,1962,1830,2323,2478,2487,2525,2

test suite121
bestAPFD:0.957031
bestSuite:1557,2541,2515,2522,2582,2693,1573,2377,1716,1824,1316,1971

test suite122
bestAPFD:0.960379
bestSuite:265,1500,1182,2540,2483,2694,2545,1729,2412,1567,1783,1516,1569,1807

test suite123
bestAPFD:0.963728
bestSuite:2466,1557,2682,2506,2302,717,1502,2368,2453,236,1726,2590,710,862

test suite124
bestAPFD:0.946875
bestSuite:1579,2498,2460,1405,12,1720,2696,263,1810,2654

test suite125
bestAPFD:0.953125
bestSuite:1329,2538,2378,1726,1519,1781,2544,2694,1574,245,2368

test suite126
bestAPFD:0.944444
bestSuite:2461,2394,2455,385,2491,2688,1275,807,1728

test suite127
bestAPFD:0.946875
bestSuite:1575,1864,2539,256,1710,567,2526,1737,2689,1660

test suite128
bestAPFD:0.953835
bestSuite:180,2516,2066,2062,2076,2525,1566,1716,1473,2537,2696

test suite129
bestAPFD:0.957031
bestSuite:2445,1402,2385,1826,2392,1729,2309,2547,2697,2533,143,2266

test suite130
bestAPFD:0.951705
bestSuite:129,2363,2479,1737,1631,2001,2526,2576,734,2501,2701

test suite131
bestAPFD:0.957031
bestSuite:1557,2582,2511,2638,2702,1356,2458,2394,2392,1536,1596,1729

test suite132
bestAPFD:0.948438
bestSuite:712,2448,2536,2694,1804,1157,2675,1720,2476,2522

test suite133
bestAPFD:0.953835
bestSuite:237,2483,1362,2510,2435,2544,1720,2486,232,1680,2681

test suite134
bestAPFD:0.952415
bestSuite:2573,1661,2561,1569,2453,1726,2515,27,2708,1586,2512

test suite135
bestAPFD:0.950000
bestSuite:1568,2655,1730,2408,2528,2299,499,2502,378,2695

test suite136
bestAPFD:0.959736
bestSuite:8,1602,2537,9,1863,722,2703,2548,1729,2374,1050,2488,2288

test suite137
bestAPFD:0.953125
bestSuite:1929,2449,2685,1403,1557,1716,2490,2404,1288,2655,2517

test suite138
bestAPFD:0.951705
bestSuite:66,1722,2449,2580,1730,1580,2526,1780,2486,2375,2682

test suite139
bestAPFD:0.950000
bestSuite:1559,1203,2406,1716,1560,1866,2701,2457,62,2513

test suite140
bestAPFD:0.933594
bestSuite:2137,2509,2514,133,2692,2502,2455,1716

test suite141
bestAPFD:0.954545
bestSuite:2463,2691,2427,2568,2452,474,1020,2408,193,2397,2535

test suite142
bestAPFD:0.953835
bestSuite:34,1581,2590,1869,2686,2485,2457,2375,2497,1737,2404

test suite143
bestAPFD:0.957031
bestSuite:1233,1574,2523,1732,408,2686,1137,2434,2407,2539,2609,300

test suite144
bestAPFD:0.959736
bestSuite:13,1571,2540,2688,469,1588,2517,2594,1850,2525,2485,2568,23

test suite145
bestAPFD:0.952415
bestSuite:2329,2483,294,319,2384,1531,2704,1728,2501,2073,2550

test suite146
bestAPFD:0.956380
bestSuite:203,1602,2686,2501,1720,1711,2548,1000,2378,440,1819,2531

test suite147
bestAPFD:0.953125
bestSuite:2117,1580,2478,2698,2368,2453,1575,1726,1254,288,463

test suite148
bestAPFD:0.953835
bestSuite:2617,2516,2066,1643,1730,2682,2415,1405,2292,2537,1058

test suite149
bestAPFD:0.957682
bestSuite:2662,1536,2568,2473,202,1745,2585,360,2515,1557,1403,2687

test suite150
bestAPFD:0.953125
bestSuite:1563,1284,2476,2709,1538,1726,2404,2456,2540,2580,2554

test suite151
bestAPFD:0.959135
bestSuite:614,1583,2513,2698,2486,1737,2459,1804,277,1630,1561,804,2481

test suite152
bestAPFD:0.955078
bestSuite:2568,2395,2643,290,2457,2681,2513,2236,529,2490,2476,1631

test suite153
bestAPFD:0.957031
bestSuite:1920,1573,1512,2539,1720,1455,1780,2394,1360,1509,2706,2452

test suite154
bestAPFD:0.943576
bestSuite:2642,1401,2454,1732,2442,2531,2706,2404,1618

test suite155
bestAPFD:0.953125
bestSuite:903,1583,58,2510,2685,2498,2509,1882,2525,2237,1732

test suite156
bestAPFD:0.954545
bestSuite:2461,2236,2375,2090,2538,1563,2547,1607,1732,2709,2355

test suite157
bestAPFD:0.959135
bestSuite:1220,2450,2698,2667,1405,2486,1825,2087,2479,2375,1835,1716,2093

test suite158
bestAPFD:0.963170
bestSuite:2291,1577,1169,2534,1661,2528,1992,2374,1175,2538,413,1730,2708,2368

test suite159
bestAPFD:0.954545
bestSuite:1559,2683,1804,691,2517,2128,2620,2547,2478,2373,1737

test suite160
bestAPFD:0.953125
bestSuite:2317,1575,2495,1961,2611,2704,2538,411,1737,2550,2342

test suite161
bestAPFD:0.955729
bestSuite:1039,1571,2498,2695,851,1236,1799,2392,419,2547,2395,1729

test suite162
bestAPFD:0.949219
bestSuite:18,2535,1670,2251,2520,1853,2686,2023,2504,2568

test suite163
bestAPFD:0.964286
bestSuite:1568,1515,2452,1268,2647,228,1726,382,2436,2394,1784,2406,2502,2710

test suite164
bestAPFD:0.965625
bestSuite:2591,1563,1730,2696,1263,1570,138,654,2515,732,2415,2349,1405,366,2467

test suite165
bestAPFD:0.954545
bestSuite:1559,401,1905,2527,2708,1716,154,1557,2475,2392,1811

test suite166
bestAPFD:0.954545
bestSuite:1558,2343,2507,2478,2418,2487,495,2332,2681,2452,1729

test suite167
bestAPFD:0.951705
bestSuite:1188,2540,1099,1728,2682,2663,2552,1530,2494,837,2532

test suite168
bestAPFD:0.946875
bestSuite:284,1341,1631,2701,2539,2513,422,2548,1720,1738

test suite169
bestAPFD:0.946094
bestSuite:2668,1582,2502,2456,2538,2531,2560,1737,2683,1793

test suite170
bestAPFD:0.954545
bestSuite:1568,2710,2537,1729,163,683,2464,2522,2441,2384,1422

test suite171
bestAPFD:0.958333
bestSuite:2461,1716,2514,1974,2576,2455,1583,1576,1693,2622,2480,2693

test suite172
bestAPFD:0.946875
bestSuite:2568,2460,2516,2526,1289,2701,19,1001,715,1832

test suite173
bestAPFD:0.948438
bestSuite:2074,2496,2537,87,2532,2521,2701,1965,191,1729

test suite174
bestAPFD:0.958333
bestSuite:1584,599,564,1309,2548,2498,1094,2505,2583,1737,2686,86

test suite175
bestAPFD:0.948864
bestSuite:1112,2496,2707,1710,2526,2384,265,2515,2428,1732,2486

test suite176
bestAPFD:0.960938
bestSuite:2620,2535,2256,2395,1628,1574,1729,2458,2682,1606,2465,1071,1798

test suite177
bestAPFD:0.957031
bestSuite:2441,2451,1493,980,1160,2500,2536,2525,2392,2607,2568,2690

test suite178
bestAPFD:0.963170
bestSuite:2590,2540,1486,200,2011,1720,2706,1530,1636,2485,2524,1108,2490,2394

test suite179
bestAPFD:0.948438
bestSuite:1891,1402,2689,2544,2395,2536,2392,106,1728,2436

test suite180
bestAPFD:0.955729
bestSuite:203,1108,2539,2400,2545,317,1983,2429,2511,2708,1720,2451

test suite181
bestAPFD:0.958333
bestSuite:1572,1716,1571,966,898,1863,2524,283,1665,2690,1599,2502

test suite182
bestAPFD:0.953125
bestSuite:2440,2540,2694,236,2531,1737,2328,2532,375,2547,1402

test suite183
bestAPFD:0.957682
bestSuite:2466,2568,2708,2406,2525,1557,265,1822,2472,1022,1542,1537

test suite184
bestAPFD:0.953125
bestSuite:1570,570,1582,2528,2407,216,1737,2693,1830,271,2516

test suite185
bestAPFD:0.954427
bestSuite:102,1830,786,1576,2384,2456,1728,2702,1611,2090,2368,2539

test suite186
bestAPFD:0.957031
bestSuite:866,2509,2682,912,2531,99,371,134,2406,1405,1716,1823

test suite187
bestAPFD:0.953835
bestSuite:179,1643,1728,2373,2502,2446,2523,847,663,2207,2699

test suite188
bestAPFD:0.949219
bestSuite:2618,1582,2699,2552,2531,2670,2568,2576,2119,2479

test suite189
bestAPFD:0.953125
bestSuite:1309,1595,2505,2462,2434,2709,84,2448,2522,1716,439

test suite190
bestAPFD:0.961538
bestSuite:1558,1336,1406,1023,2407,2708,1774,2514,1110,121,308,1732,2476

test suite191
bestAPFD:0.949219
bestSuite:2662,1644,1857,2374,2537,2508,2457,1729,2709,2274

test suite192
bestAPFD:0.946875
bestSuite:1375,2631,1631,1732,2517,2394,1804,2476,2708,2546

test suite193
bestAPFD:0.953835
bestSuite:2678,1562,1716,2708,2117,2498,516,1795,2377,2454,684

test suite194
bestAPFD:0.953125
bestSuite:2585,2509,2701,197,1446,2452,2103,1132,1737,2513,2486

test suite195
bestAPFD:0.955729
bestSuite:2568,1595,2702,2384,2406,444,2528,1876,960,205,2518,2472

test suite196
bestAPFD:0.958333
bestSuite:2463,2605,2710,1832,1726,2535,1579,2504,548,1403,2462,102

test suite197
bestAPFD:0.953835
bestSuite:215,2496,675,2498,2521,153,2576,2686,2479,1726,793

test suite198
bestAPFD:0.957031
bestSuite:2226,2496,2686,704,2460,378,2305,2568,818,2527,246,2513

test suite199
bestAPFD:0.942708
bestSuite:788,2378,51,2435,1531,2525,1728,2704,2513

test suite200
bestAPFD:0.942708
bestSuite:1563,2078,2491,1726,2709,1771,2407,2537,2457

test suite201
bestAPFD:0.952415
bestSuite:2541,1732,1569,2438,2419,2547,2515,2380,924,2338,2693

test suite202
bestAPFD:0.957031
bestSuite:1570,2446,2454,871,2392,1730,2394,1666,45,2510,1760,2700

test suite203
bestAPFD:0.960938
bestSuite:260,1560,2467,2485,1729,2524,1818,1430,2697,305,2479,1733,1661

test suite204
bestAPFD:0.953835
bestSuite:126,1522,2698,2472,1720,2522,1569,1625,722,1365,2412

test suite205
bestAPFD:0.954545
bestSuite:1559,2638,2446,2406,2521,1730,2702,1104,2400,189,2368

test suite206
bestAPFD:0.953125
bestSuite:603,2460,2412,1730,670,2660,2537,1406,1817,85,2701

test suite207
bestAPFD:0.955729
bestSuite:232,706,1571,2698,2516,2377,1756,2485,2520,2582,1728,1627

test suite208
bestAPFD:0.953125
bestSuite:2446,2408,2464,1728,2691,2458,2513,2004,181,369,1660

test suite209
bestAPFD:0.960337
bestSuite:1929,1562,2392,1649,1630,2518,1720,723,2536,2692,30,1830,2546

test suite210
bestAPFD:0.953125
bestSuite:773,1530,2703,1738,2654,2549,1162,277,1557,1720,2495

test suite211
bestAPFD:0.950284
bestSuite:150,1697,1644,2428,2535,2553,1729,2077,2492,2406,2688

test suite212
bestAPFD:0.956380
bestSuite:2541,1569,1199,1586,1522,192,2691,1720,2131,2438,2533,1404

test suite213
bestAPFD:0.948438
bestSuite:1310,2540,2159,1631,1728,2553,2514,2406,1609,2704

test suite214
bestAPFD:0.953125
bestSuite:2117,1566,2513,1643,1728,2278,2547,2479,142,2686,1814

test suite215
bestAPFD:0.953125
bestSuite:1092,1573,2548,244,1720,2429,2628,1833,1139,2701,2533

test suite216
bestAPFD:0.959135
bestSuite:865,1830,1531,583,2706,2498,348,2374,2545,1110,207,2473,1716

test suite217
bestAPFD:0.948438
bestSuite:2138,2536,2525,225,2430,2448,2699,2395,845,1730

test suite218
bestAPFD:0.953835
bestSuite:2577,2451,1585,1716,2368,2551,71,2689,2539,2330,1873

test suite219
bestAPFD:0.945313
bestSuite:1726,348,1666,2691,2526,2404,937,2532,30,2517

test suite220
bestAPFD:0.956380
bestSuite:250,2378,2485,2511,2701,1070,965,1536,1785,2454,1726,2535

test suite221
bestAPFD:0.941840
bestSuite:2603,1269,2462,2502,2447,1730,2530,2527,2708

test suite222
bestAPFD:0.958333
bestSuite:1558,1419,1832,1560,2548,223,226,1870,1729,2494,2693,2501

test suite223
bestAPFD:0.942708
bestSuite:2293,1578,2709,1670,73,2459,1730,2149,2535

test suite224
bestAPFD:0.947656
bestSuite:1128,1729,2395,1968,1804,2502,2686,2404,265,2523

test suite225
bestAPFD:0.957031
bestSuite:852,1644,2467,177,535,2288,2539,2687,1811,2394,2550,2568

test suite226
bestAPFD:0.960337
bestSuite:1557,451,655,190,1404,1720,1456,2299,90,2688,770,1602,2491

test suite227
bestAPFD:0.963170
bestSuite:2073,1583,2568,2517,713,2684,2392,2473,2046,62,2526,1432,1937,2384

test suite228
bestAPFD:0.961496
bestSuite:2465,1726,96,1522,1412,941,957,847,2483,1847,2526,2519,2385,2703

test suite229
bestAPFD:0.946094
bestSuite:818,1737,1660,156,1887,2503,2701,2545,383,2539

test suite230
bestAPFD:0.947656
bestSuite:1401,743,812,2502,2516,2492,2552,57,1729,2685

test suite231
bestAPFD:0.959736
bestSuite:2440,20,2410,2416,2688,1336,2498,1405,2494,1732,2500,1970,675

test suite232
bestAPFD:0.950000
bestSuite:1572,1732,2525,2708,2476,2542,15,2516,2238,2373

test suite233
bestAPFD:0.942708
bestSuite:2339,2538,2667,1720,2477,2483,1522,2686,2459

test suite234
bestAPFD:0.946875
bestSuite:52,2359,1581,1405,2514,2485,2690,1794,1737,2465

test suite235
bestAPFD:0.951705
bestSuite:1146,137,2462,1291,2516,2507,1730,2457,2500,1817,2697

test suite236
bestAPFD:0.954545
bestSuite:2461,1205,1877,1535,2545,2408,1661,2692,1728,2489,1160

test suite237
bestAPFD:0.958333
bestSuite:2461,1575,2332,1811,2568,2513,2407,2683,2403,2631,2524,152

test suite238
bestAPFD:0.942708
bestSuite:1909,2540,2454,2516,2437,2507,1729,2675,2691

test suite239
bestAPFD:0.954545
bestSuite:1568,1967,2239,212,2585,1728,2694,1643,2529,2540,1405

test suite240
bestAPFD:0.957682
bestSuite:17,2483,1755,2433,1530,1737,2521,2310,2529,2487,1843,2704

test suite241
bestAPFD:0.935547
bestSuite:2218,1561,2544,2703,1661,2538,2576,1720

test suite242
bestAPFD:0.948438
bestSuite:1316,1585,2687,1716,2473,1094,1819,2483,2521,289

test suite243
bestAPFD:0.948438
bestSuite:947,2538,2455,1793,1728,151,2701,2495,524,1651

test suite244
bestAPFD:0.948438
bestSuite:967,1602,2455,2687,2489,2406,2299,2415,2464,1716

test suite245
bestAPFD:0.953125
bestSuite:2446,1561,1319,2458,1730,156,2705,2529,2482,1531,2412

test suite246
bestAPFD:0.943576
bestSuite:260,1546,2528,1586,1832,2702,226,2536,1726

test suite247
bestAPFD:0.953835
bestSuite:2577,2374,2490,2513,2708,1570,1720,154,2520,2448,1266

test suite248
bestAPFD:0.957031
bestSuite:2211,1577,2547,2702,2568,490,2384,2581,1416,2517,246,2502

test suite249
bestAPFD:0.957031
bestSuite:2441,1566,2403,2695,1728,2186,2539,2459,1009,2375,249,2671

test suite250
bestAPFD:0.948438
bestSuite:833,2496,543,582,2703,1111,1729,2527,1578,2513

test suite251
bestAPFD:0.961538
bestSuite:1568,2611,2523,2413,2429,1666,2515,1729,2485,1465,1217,2380,2687

test suite252
bestAPFD:0.956380
bestSuite:1757,1580,2537,71,2517,2148,1829,1403,1170,1732,1631,2695

test suite253
bestAPFD:0.949219
bestSuite:2678,2400,1315,2693,1732,1514,2513,2519,2673,2458

test suite254
bestAPFD:0.960337
bestSuite:1912,1583,2694,1114,2517,2506,138,563,2462,2003,2520,2415,1728

test suite255
bestAPFD:0.949219
bestSuite:2466,1969,2457,2518,2535,238,2684,1743,1798,1720

test suite256
bestAPFD:0.954545
bestSuite:1572,1586,2692,2438,2538,391,2477,1406,1908,2611,1737

test suite257
bestAPFD:0.949219
bestSuite:107,2448,2533,1576,1726,2700,2487,1616,2299,2553

test suite258
bestAPFD:0.950000
bestSuite:1572,1730,2705,2456,2460,1485,2649,1850,780,2483

test suite259
bestAPFD:0.953125
bestSuite:2444,2412,1546,2693,1737,2514,200,904,2513,2552,2288

test suite260
bestAPFD:0.954545
bestSuite:2461,1795,77,35,2514,1563,2686,1728,2435,2521,2374

test suite261
bestAPFD:0.948438
bestSuite:2091,1571,2522,2705,2513,2539,1420,1665,1726,261

test suite262
bestAPFD:0.957031
bestSuite:795,1514,2706,2502,2518,2404,2375,2568,1774,102,2456,1396

test suite263
bestAPFD:0.961538
bestSuite:1559,687,1799,2483,1720,683,2690,2550,15,1570,1,1010,2384

test suite264
bestAPFD:0.956380
bestSuite:1051,1561,2492,2100,1726,1651,2522,2479,2641,2681,1866,551

test suite265
bestAPFD:0.949219
bestSuite:252,2538,2690,1782,2516,1644,2545,2073,393,2568

test suite266
bestAPFD:0.955078
bestSuite:813,2460,1716,990,2490,2576,24,2706,2395,2489,1522,2528

test suite267
bestAPFD:0.963170
bestSuite:2424,1577,918,2377,2539,2697,241,2488,1716,2455,1701,1140,26,2476

test suite268
bestAPFD:0.941840
bestSuite:230,832,2509,1952,2535,1729,2526,2013,2681

test suite269
bestAPFD:0.957031
bestSuite:1570,246,1702,2683,1716,837,2458,2507,971,2494,1412,2438

test suite270
bestAPFD:0.949219
bestSuite:2466,2568,393,2683,1931,1406,84,1864,903,2536

test suite271
bestAPFD:0.959135
bestSuite:2031,2507,151,2438,2458,2529,2374,800,1536,2703,1298,581,1716

test suite272
bestAPFD:0.942708
bestSuite:1557,2446,2568,2533,2705,1660,193,2384,2459

test suite273
bestAPFD:0.955729
bestSuite:836,1578,2008,2710,2483,2501,2368,1716,258,2447,1405,41

test suite274
bestAPFD:0.954545
bestSuite:2463,1586,1570,122,1609,2683,1405,1929,2489,1720,2425

test suite275
bestAPFD:0.953835
bestSuite:154,1574,1759,2548,1348,1771,1974,2700,2538,1680,1716

test suite276
bestAPFD:0.960337
bestSuite:1960,1566,210,2415,2710,2586,2514,1728,2535,2552,2594,2450,905

test suite277
bestAPFD:0.953835
bestSuite:2466,2355,1819,2655,1728,2415,324,2546,2697,1530,2535

test suite278
bestAPFD:0.957031
bestSuite:1557,971,270,1643,2491,2458,1729,1800,2705,2605,646,1947

test suite279
bestAPFD:0.948438
bestSuite:2442,2509,2486,278,701,414,2489,2550,1737,2703

test suite280
bestAPFD:0.957682
bestSuite:2466,268,2691,2535,1780,159,2526,2378,2578,2491,1319,1726

test suite281
bestAPFD:0.957682
bestSuite:224,1680,2709,2501,2573,1737,1355,2494,2505,316,2546,2111

test suite282
bestAPFD:0.947656
bestSuite:1747,1644,2537,2404,2710,44,2522,2494,1816,1732

test suite283
bestAPFD:0.954545
bestSuite:1559,1934,1680,2384,2656,2458,2531,2607,1729,40,2688

test suite284
bestAPFD:0.962054
bestSuite:35,1709,1611,690,1864,431,2407,1564,2529,2695,276,1069,1716,2548

test suite285
bestAPFD:0.937500
bestSuite:1572,2535,2602,2453,791,1729,2686,1944

test suite286
bestAPFD:0.956380
bestSuite:1309,2505,1853,2698,66,648,2397,2473,2468,1716,2544,2374

test suite287
bestAPFD:0.957682
bestSuite:126,1560,1816,2457,1011,2478,1729,2598,2703,2504,1571,2472

test suite288
bestAPFD:0.957682
bestSuite:105,2536,1720,1117,2520,2507,1832,2695,2106,2514,1337,2519

test suite289
bestAPFD:0.956380
bestSuite:2616,1663,2283,2686,1552,1726,2495,2520,2334,2486,2380,1819

test suite290
bestAPFD:0.927455
bestSuite:218,2449,1728,2551,2709,2438,2533

test suite291
bestAPFD:0.956380
bestSuite:635,1574,1799,2537,146,2700,1730,2459,1440,1450,1741,2415

test suite292
bestAPFD:0.949219
bestSuite:2466,2567,2655,2702,1403,909,1156,1720,2486,2516

test suite293
bestAPFD:0.948438
bestSuite:1258,2509,2696,2502,490,1866,2631,1661,2551,1737

test suite294
bestAPFD:0.953835
bestSuite:2619,1666,10,2217,2394,2537,2476,2587,1732,2456,2704

test suite295
bestAPFD:0.957933
bestSuite:1070,766,2449,1161,2534,2686,2086,2531,1720,1404,2394,1246,1637

test suite296
bestAPFD:0.957031
bestSuite:1332,2460,62,2378,2523,347,1567,2392,2573,1729,2396,2695

test suite297
bestAPFD:0.952415
bestSuite:2116,1561,1479,1720,2493,1577,1778,165,2549,2472,2681

test suite298
bestAPFD:0.957031
bestSuite:2588,1611,2682,2459,162,2513,2297,2406,2400,2462,2568,1556

test suite299
bestAPFD:0.953776
bestSuite:2562,213,1651,1949,2429,2692,2510,1728,2543,2539,2452,2380

test suite300
bestAPFD:0.957031
bestSuite:1557,97,2511,1857,2494,2689,2568,2621,2457,811,2394,1530

test suite301
bestAPFD:0.953835
bestSuite:215,1561,2404,2457,1737,2469,2687,2486,1019,2640,2537

test suite302
bestAPFD:0.956380
bestSuite:2640,2516,2436,869,1566,1729,2689,2485,120,1339,2546,1013

test suite303
bestAPFD:0.949219
bestSuite:180,2404,2700,1671,2516,1737,1404,2366,2536,1560

test suite304
bestAPFD:0.948438
bestSuite:2178,1578,2590,173,1561,2392,2453,2697,1737,2478

test suite305
bestAPFD:0.957031
bestSuite:618,1401,1404,2515,1567,177,2465,1732,1083,2573,2689,25

test suite306
bestAPFD:0.953125
bestSuite:1570,1737,2692,1804,2531,2527,1378,1141,1579,69,2319

test suite307
bestAPFD:0.958534
bestSuite:2568,1780,1663,2691,400,2462,148,2548,566,666,2507,675,2477

test suite308
bestAPFD:0.953835
bestSuite:2656,1680,2429,2486,2459,2706,1716,760,2354,2529,2385

test suite309
bestAPFD:0.965625
bestSuite:1020,1579,1519,2073,2112,2498,1684,2455,2685,1729,532,1616,86,863,2508

test suite310
bestAPFD:0.957682
bestSuite:2577,2533,328,2412,2696,2478,1023,2455,980,2462,1737,2035

test suite311
bestAPFD:0.947656
bestSuite:2541,1586,1876,2683,2550,2469,1729,2533,1554,2375

test suite312
bestAPFD:0.935547
bestSuite:1563,1361,1732,2547,2530,2368,2438,2697

test suite313
bestAPFD:0.946875
bestSuite:1061,1561,1825,2502,745,2545,1861,2702,1554,1720

test suite314
bestAPFD:0.963170
bestSuite:2263,1579,288,1732,81,1861,2532,1581,79,2693,2368,1764,2454,2477

test suite315
bestAPFD:0.959135
bestSuite:2246,72,2407,1756,2480,2547,2375,2305,2430,2406,2710,1728,1565

test suite316
bestAPFD:0.964286
bestSuite:1572,1737,2511,1522,2515,2523,327,951,2460,513,2643,2697,2537,70

test suite317
bestAPFD:0.958333
bestSuite:1558,1920,1849,1726,2630,2374,2473,24,2392,2697,2550,1546

test suite318
bestAPFD:0.948438
bestSuite:1020,2540,2702,765,159,1569,2534,2522,2505,1729

test suite319
bestAPFD:0.960337
bestSuite:2117,1660,1431,2462,2214,1737,2416,2472,2686,2340,2475,2526,250

test suite320
bestAPFD:0.959736
bestSuite:2238,2450,2480,2442,1442,24,2407,1728,2689,2529,298,1104,2525

test suite321
bestAPFD:0.957682
bestSuite:251,1631,2681,2164,1835,1730,2465,999,2536,2458,1485,1178

test suite322
bestAPFD:0.953125
bestSuite:794,1574,78,2493,2706,1720,2548,2533,2532,1432,2441

test suite323
bestAPFD:0.942708
bestSuite:840,2509,1569,97,1820,2522,1726,2540,2689

test suite324
bestAPFD:0.954545
bestSuite:1572,2270,2540,82,1403,1726,2691,1574,1536,1851,2486

test suite325
bestAPFD:0.957031
bestSuite:2355,1577,2668,1895,2455,1732,599,2681,2529,2424,2496,2475

test suite326
bestAPFD:0.953125
bestSuite:1918,1579,45,2568,2459,2700,2406,2485,2489,2431,1595

test suite327
bestAPFD:0.956380
bestSuite:2440,1531,20,2488,1737,2521,2557,2478,2407,2537,2687,2111

test suite328
bestAPFD:0.951705
bestSuite:2080,1530,2177,1737,2535,183,2415,1817,2494,2549,2708

test suite329
bestAPFD:0.949219
bestSuite:77,1565,1726,2533,1660,1403,2415,2688,1781,169

test suite330
bestAPFD:0.957031
bestSuite:2426,2483,2480,1250,2694,2373,2549,2465,2397,190,1726,229

test suite331
bestAPFD:0.953835
bestSuite:2666,1585,592,2520,2687,2373,2529,1729,1663,2237,2672

test suite332
bestAPFD:0.946094
bestSuite:2580,736,1571,1726,2455,2540,939,2394,2698,2597

test suite333
bestAPFD:0.953125
bestSuite:1557,200,187,1644,2201,1404,2706,492,1737,2505,2580

test suite334
bestAPFD:0.960938
bestSuite:218,1578,2486,81,1143,2710,2490,2502,2453,1737,2534,441,2516

test suite335
bestAPFD:0.955729
bestSuite:2613,1726,2407,2475,2709,379,582,1542,1153,2531,1404,1819

test suite336
bestAPFD:0.943576
bestSuite:2652,2507,2684,249,2392,2590,2452,1726,1557

test suite337
bestAPFD:0.943576
bestSuite:2620,1666,2691,2459,2539,2568,1186,2480,2440

test suite338
bestAPFD:0.946875
bestSuite:2637,1156,1660,2553,2709,2385,2502,1737,974,150

test suite339
bestAPFD:0.953125
bestSuite:1130,1578,2478,2472,2533,1729,1820,2710,2453,2163,129

test suite340
bestAPFD:0.952415
bestSuite:1057,1720,2450,2689,2429,491,2550,2392,2374,2675,2485

test suite341
bestAPFD:0.957031
bestSuite:1087,2507,2528,2513,2501,2639,1803,1720,1924,2400,2698,418

test suite342
bestAPFD:0.957031
bestSuite:2320,1571,2533,2087,2549,1728,2489,219,1904,1826,2708,2437

test suite343
bestAPFD:0.950994
bestSuite:935,106,2483,1573,2456,2535,870,2704,1518,1851,1720

test suite344
bestAPFD:0.949219
bestSuite:77,2407,2439,1737,1406,2531,2693,1278,711,1578

test suite345
bestAPFD:0.953776
bestSuite:1036,71,1631,2584,2685,2533,2523,1716,870,1848,2464,2422

test suite346
bestAPFD:0.942708
bestSuite:1250,1565,2479,2628,2501,2547,2704,2515,2568

test suite347
bestAPFD:0.954545
bestSuite:1558,1729,2346,1560,2494,2406,1320,80,1774,2547,2703

test suite348
bestAPFD:0.957031
bestSuite:1570,695,1729,173,2710,320,1337,1575,2525,2380,2489,1793

test suite349
bestAPFD:0.940104
bestSuite:1135,2378,1286,1402,1729,2548,1811,2702,2537

test suite350
bestAPFD:0.953125
bestSuite:624,1576,1819,172,1569,1717,2568,2477,2550,2706,1577

test suite351
bestAPFD:0.952415
bestSuite:1256,2404,1737,1851,2526,45,2537,2686,2492,1680,962

test suite352
bestAPFD:0.961538
bestSuite:1558,2690,2407,2508,2462,2472,2580,205,1720,2523,2040,1165,50

test suite353
bestAPFD:0.944444
bestSuite:1572,29,2452,2075,2689,2568,2368,2534,2473

test suite354
bestAPFD:0.948438
bestSuite:873,1578,1774,166,2380,2498,1720,2526,2688,2473

test suite355
bestAPFD:0.955729
bestSuite:1907,225,2509,2428,2375,1732,2406,365,426,2681,2454,1670

test suite356
bestAPFD:0.948438
bestSuite:2343,2412,2685,8,1999,1737,1571,1683,2529,2550

test suite357
bestAPFD:0.957682
bestSuite:2577,1557,1252,2511,2060,1682,2412,2688,1729,1406,236,2487

test suite358
bestAPFD:0.954545
bestSuite:1568,2477,2551,2107,2624,2496,2530,1475,1857,2705,1730

test suite359
bestAPFD:0.960337
bestSuite:2190,1546,2427,2394,1730,2464,2523,2697,1557,20,1393,1438,2538

test suite360
bestAPFD:0.950000
bestSuite:1558,1729,895,2513,119,2538,1404,930,2701,2477

test suite361
bestAPFD:0.956380
bestSuite:2041,2439,2479,1616,1716,2532,1826,256,2503,1070,1406,2684

test suite362
bestAPFD:0.957031
bestSuite:2343,1581,1714,2535,2551,2681,2124,2651,2483,2394,1671,1737

test suite363
bestAPFD:0.948438
bestSuite:1562,1371,2710,1561,1732,2478,1887,2375,2452,76

test suite364
bestAPFD:0.953835
bestSuite:31,2536,1667,1579,2410,1816,2457,2641,2685,204,1729

test suite365
bestAPFD:0.949219
bestSuite:122,1571,2516,1579,2709,2521,2536,1729,2431,2638

test suite366
bestAPFD:0.950000
bestSuite:1558,2568,1920,2480,2546,1561,2537,1833,2582,2696

test suite367
bestAPFD:0.949219
bestSuite:2589,2530,1585,1644,2708,2355,2613,2568,2538,2525

test suite368
bestAPFD:0.955078
bestSuite:768,1514,800,1035,1405,196,1730,2400,2707,2485,2477,171

test suite369
bestAPFD:0.960337
bestSuite:1563,2107,2385,1416,2533,2674,2464,1829,1729,916,103,2525,2684

test suite370
bestAPFD:0.950284
bestSuite:2568,2334,2507,472,2501,1816,156,438,2491,2703,2523

test suite371
bestAPFD:0.957682
bestSuite:2577,1576,2704,72,1643,2643,1438,2494,2513,2525,1283,1729

test suite372
bestAPFD:0.956380
bestSuite:2616,2016,2538,1625,2530,2694,2205,2357,1800,1729,2452,2449

test suite373
bestAPFD:0.953835
bestSuite:2642,1660,1728,2437,2518,2525,2248,2479,2406,2690,1309

test suite374
bestAPFD:0.950284
bestSuite:82,738,2538,409,2700,2403,1780,1580,2520,441,1720

test suite375
bestAPFD:0.950000
bestSuite:2461,201,1525,1260,2516,1832,2705,1726,1565,2547

test suite376
bestAPFD:0.951705
bestSuite:2568,2449,1778,162,2522,1647,2681,977,1100,2375,2536

test suite377
bestAPFD:0.953125
bestSuite:1570,861,2630,2539,2568,711,2521,112,1660,2583,2689

test suite378
bestAPFD:0.942708
bestSuite:1563,1971,2693,1732,75,1889,2538,2526,2498

test suite379
bestAPFD:0.957031
bestSuite:947,1566,2591,1737,2254,2486,2686,2491,2506,2395,2623,2456

test suite380
bestAPFD:0.953125
bestSuite:1046,1554,1405,2511,1726,1853,1221,2654,2533,25,2703

test suite381
bestAPFD:0.936523
bestSuite:107,2507,2532,2568,2709,2537,1404,2581

test suite382
bestAPFD:0.956380
bestSuite:603,1729,2407,2090,2682,2498,2504,1805,133,2403,2459,1625

test suite383
bestAPFD:0.958333
bestSuite:1584,1583,2537,2377,1729,2575,2523,2353,358,2686,1754,1000

test suite384
bestAPFD:0.956380
bestSuite:1971,2416,80,2492,2323,2485,2477,1631,113,1737,2459,2707

test suite385
bestAPFD:0.959135
bestSuite:2366,1809,2530,46,2121,1728,2085,592,2496,2699,2550,1972,2495

test suite386
bestAPFD:0.955729
bestSuite:1934,1729,1680,803,2375,2539,2378,2459,2500,2697,192,147

test suite387
bestAPFD:0.949219
bestSuite:108,1542,2482,1729,1868,2454,2539,759,2692,2517

test suite388
bestAPFD:0.955729
bestSuite:174,1254,1660,399,2700,1820,2505,1405,2540,1728,1191,2509

test suite389
bestAPFD:0.945313
bestSuite:33,1036,1578,2528,1586,2514,2575,1716,2406,2705

test suite390
bestAPFD:0.957682
bestSuite:2620,2400,2537,1728,1759,2705,2521,2462,1631,1810,1440,364

test suite391
bestAPFD:0.957682
bestSuite:2662,1546,2702,1131,2523,2138,2509,1729,1963,1569,1236,2491

test suite392
bestAPFD:0.957031
bestSuite:2445,1576,2676,2502,1730,1663,1606,2693,968,2544,2492,336

test suite393
bestAPFD:0.948438
bestSuite:2442,1595,2392,2651,1726,2539,2335,2520,2504,2688

test suite394
bestAPFD:0.957682
bestSuite:119,1577,2692,2392,299,2315,2546,1530,1793,2530,1726,2138

test suite395
bestAPFD:0.961538
bestSuite:1559,2523,1396,275,2439,2707,1971,1443,1730,1522,2384,2535,633

test suite396
bestAPFD:0.960337
bestSuite:1128,2496,377,348,1832,2404,1859,1716,2696,2551,1680,2636,2502

test suite397
bestAPFD:0.942708
bestSuite:630,1573,2681,1794,2536,189,2568,2547,2231

test suite398
bestAPFD:0.953125
bestSuite:1307,1643,2529,1728,2475,2699,2530,2431,289,599,1403

test suite399
bestAPFD:0.951705
bestSuite:8,2568,2538,2516,2693,2220,1660,2459,2430,303,2556

test suite400
bestAPFD:0.934570
bestSuite:114,1575,662,2458,1730,2533,2704,2534

test suite401
bestAPFD:0.948438
bestSuite:737,1582,2424,2487,2692,177,1579,1732,2486,2454

test suite402
bestAPFD:0.957682
bestSuite:2662,2407,2392,1631,2485,2122,2696,1404,1720,2427,1401,2060

test suite403
bestAPFD:0.953125
bestSuite:1570,283,2525,1384,1726,1503,1522,2694,2491,2395,1934

test suite404
bestAPFD:0.960337
bestSuite:1570,1728,2682,1574,2395,827,2500,1825,2601,2434,710,2539,2551

test suite405
bestAPFD:0.951705
bestSuite:2568,2460,2702,2515,1805,1582,1447,2455,2394,2557,1608

test suite406
bestAPFD:0.943576
bestSuite:119,2530,2437,1726,2694,2517,2544,2449,2560

test suite407
bestAPFD:0.959135
bestSuite:2311,223,2385,332,1728,2486,2540,2480,2684,1611,2627,1771,2547

test suite408
bestAPFD:0.954545
bestSuite:1568,2695,2636,1729,1404,902,2587,2473,2489,1643,2516

test suite409
bestAPFD:0.950000
bestSuite:1568,1728,2533,1516,2708,1832,2619,277,2415,2455

test suite410
bestAPFD:0.947656
bestSuite:920,2491,2395,2513,2691,1670,772,1716,1404,2679

test suite411
bestAPFD:0.942708
bestSuite:1557,828,2429,2550,2702,1728,1565,2472,140

test suite412
bestAPFD:0.957031
bestSuite:2274,1579,2525,2446,1542,2708,717,2367,1110,1728,2538,21

test suite413
bestAPFD:0.957031
bestSuite:1329,1563,2508,1737,579,2689,1853,26,589,2454,2535,2378

test suite414
bestAPFD:0.954545
bestSuite:1584,2513,2544,1863,1729,2683,2408,1609,2494,102,2560

test suite415
bestAPFD:0.943576
bestSuite:2466,885,2689,2384,2521,2500,2502,1729,1880

test suite416
bestAPFD:0.948438
bestSuite:2218,1570,1716,13,2494,2373,660,2689,2502,2526

test suite417
bestAPFD:0.953125
bestSuite:1563,900,2459,2477,2707,824,227,1505,2582,1557,1729

test suite418
bestAPFD:0.947656
bestSuite:963,1564,2407,1716,2450,2532,2584,2456,2694,2531

test suite419
bestAPFD:0.955078
bestSuite:2583,1728,2397,1403,2533,2518,181,2704,1997,521,1968,270

test suite420
bestAPFD:0.950000
bestSuite:1572,2694,10,2531,2427,1870,1557,2046,1737,2526

test suite421
bestAPFD:0.957031
bestSuite:2201,2465,2553,2482,2701,1721,1569,1799,288,1720,132,2516

test suite422
bestAPFD:0.960337
bestSuite:2591,2496,1406,1324,2516,2482,2355,1531,254,2486,1730,283,2688

test suite423
bestAPFD:0.941840
bestSuite:2092,2404,289,2533,1732,2681,2455,534,2495

test suite424
bestAPFD:0.942708
bestSuite:1563,1363,2377,2477,2684,2530,2455,1730,2383

test suite425
bestAPFD:0.958333
bestSuite:1558,903,2681,2458,2509,1716,1912,2028,1643,2513,621,130

test suite426
bestAPFD:0.953125
bestSuite:2445,1560,2637,2448,243,2489,2529,2456,2698,1720,612

test suite427
bestAPFD:0.951705
bestSuite:282,643,2397,375,1190,2510,2522,2538,2705,1729,2438

test suite428
bestAPFD:0.955729
bestSuite:274,882,1666,1720,2412,2452,2490,1007,395,1849,2531,2695

test suite429
bestAPFD:0.950994
bestSuite:1208,143,2483,2501,2437,2475,2237,1565,1732,2549,2706

test suite430
bestAPFD:0.955078
bestSuite:2078,1728,2408,2624,2544,2485,2693,1313,1644,1805,2368,1567

test suite431
bestAPFD:0.950000
bestSuite:1572,2457,1737,1857,84,2514,2462,1051,1744,2681

test suite432
bestAPFD:0.955729
bestSuite:1322,2509,2478,2583,10,2265,2693,152,2568,2547,2540,1518

test suite433
bestAPFD:0.948438
bestSuite:1315,2465,1007,2520,2514,1728,2695,167,2066,1569

test suite434
bestAPFD:0.951705
bestSuite:7,2479,2575,1583,2685,1730,2485,1879,2452,2395,698

test suite435
bestAPFD:0.947656
bestSuite:219,2649,1402,864,1850,2692,1716,2505,1561,2552

test suite436
bestAPFD:0.951705
bestSuite:169,823,1576,1007,1823,1585,2514,2476,2687,2456,1729

test suite437
bestAPFD:0.957031
bestSuite:1888,2538,2531,638,1786,2552,1847,1670,2510,2696,156,1720

test suite438
bestAPFD:0.948438
bestSuite:2588,1542,2695,2647,1743,1720,2483,2453,1295,2533

test suite439
bestAPFD:0.953125
bestSuite:1557,967,1732,2655,1849,2660,2525,2690,2385,1611,2494

test suite440
bestAPFD:0.957031
bestSuite:2587,2536,2682,2515,51,1726,1762,2545,1494,1683,1560,999

test suite441
bestAPFD:0.952415
bestSuite:794,2400,454,239,2485,2546,2696,1531,2472,1729,1851

test suite442
bestAPFD:0.946094
bestSuite:1894,2460,1730,691,2395,2477,2697,1404,512,1808

test suite443
bestAPFD:0.955729
bestSuite:708,2465,2697,1730,1145,1778,1616,1579,2368,2552,2481,134

test suite444
bestAPFD:0.954427
bestSuite:1726,1850,1683,400,2703,2540,1291,2544,1156,2408,1402,340

test suite445
bestAPFD:0.942708
bestSuite:2591,2538,1720,2688,172,2403,2483,2456,976

test suite446
bestAPFD:0.951705
bestSuite:253,1728,1680,1567,1439,1216,2452,2505,1798,2703,2498

test suite447
bestAPFD:0.953125
bestSuite:1030,1583,972,2549,2487,2394,190,1863,1732,2485,2708

test suite448
bestAPFD:0.954545
bestSuite:1558,2488,871,1730,278,2694,2400,2502,1478,2547,1416

test suite449
bestAPFD:0.957682
bestSuite:215,1644,1232,192,1729,2690,2514,1062,2493,2528,2539,2406

test suite450
bestAPFD:0.957031
bestSuite:750,2536,758,197,1729,2595,2478,2525,2394,2509,1803,2687

test suite451
bestAPFD:0.948438
bestSuite:1563,2442,1732,2494,2681,924,2395,1499,2456,2476

test suite452
bestAPFD:0.950994
bestSuite:966,24,2462,1737,2703,2517,2525,2533,54,1862,2384

test suite453
bestAPFD:0.949219
bestSuite:2577,1586,1573,2392,2705,2545,1078,2476,88,1730

test suite454
bestAPFD:0.946875
bestSuite:1386,1602,1416,2681,2455,1808,1,2513,1720,2505

test suite455
bestAPFD:0.953835
bestSuite:31,1570,2385,1728,775,1581,2368,2520,2482,2683,1807

test suite456
bestAPFD:0.948438
bestSuite:1960,1560,2478,1853,2454,1616,265,2477,1728,2681

test suite457
bestAPFD:0.951705
bestSuite:1283,166,2407,2473,2438,1720,2632,2517,2688,1577,2521

test suite458
bestAPFD:0.952415
bestSuite:230,2373,1732,2515,2706,1301,2553,2403,2486,744,1487

test suite459
bestAPFD:0.953125
bestSuite:2329,1585,44,1586,2486,2515,2522,1682,1716,2709,1830

test suite460
bestAPFD:0.956380
bestSuite:1401,1726,2546,2507,2532,1847,2250,464,2685,10,2512,2487

test suite461
bestAPFD:0.953125
bestSuite:1269,1578,2515,1569,2518,1807,1729,2707,1406,130,2385

test suite462
bestAPFD:0.946094
bestSuite:2250,1500,1577,2523,2695,751,2498,2485,1720,2539

test suite463
bestAPFD:0.953125
bestSuite:825,2540,253,2494,2522,1560,1737,1937,1522,342,2682

test suite464
bestAPFD:0.953125
bestSuite:620,1579,505,1554,2462,1864,1729,2459,2540,134,2695

test suite465
bestAPFD:0.946875
bestSuite:240,2478,2408,2568,2703,2483,2528,2436,1276,1402

test suite466
bestAPFD:0.953835
bestSuite:168,1682,1737,1406,1411,2698,1771,746,682,1560,2531

test suite467
bestAPFD:0.953125
bestSuite:928,1401,2483,1720,1200,568,204,2692,2486,2551,2514

test suite468
bestAPFD:0.953835
bestSuite:2577,2460,290,2378,2080,2703,1729,1562,2459,2495,803

test suite469
bestAPFD:0.940104
bestSuite:808,1729,1680,2502,2689,2544,2143,2374,2438

test suite470
bestAPFD:0.937500
bestSuite:1584,262,2377,1716,2709,2460,2514,1403

test suite471
bestAPFD:0.955729
bestSuite:1966,1583,1690,2528,2708,2514,2568,52,2679,2538,1600,2400

test suite472
bestAPFD:0.958534
bestSuite:935,80,1522,1255,2700,1716,372,2400,1832,2003,2512,2552,2539

test suite473
bestAPFD:0.963170
bestSuite:2226,1571,1730,2406,2545,2699,2189,2374,874,1683,14,1213,2483,1545

test suite474
bestAPFD:0.948438
bestSuite:2585,1546,2392,1403,2478,156,2479,1061,2568,2693

test suite475
bestAPFD:0.942708
bestSuite:2145,2496,2494,2568,2528,2633,299,2478,2685

test suite476
bestAPFD:0.942708
bestSuite:2587,1595,2684,2538,1403,482,2503,2624,1716

test suite477
bestAPFD:0.941840
bestSuite:2285,1720,2479,1403,9,2498,2697,937,1569

test suite478
bestAPFD:0.936523
bestSuite:179,2538,1729,2518,2523,2462,1822,2681

test suite479
bestAPFD:0.959736
bestSuite:210,1576,2489,2682,1592,1403,1716,1731,2537,2410,2437,167,809

test suite480
bestAPFD:0.948438
bestSuite:1557,1995,728,2702,2452,1542,104,2477,2408,1737

test suite481
bestAPFD:0.948438
bestSuite:2590,2448,2695,2546,243,575,2505,1720,1974,2478

test suite482
bestAPFD:0.957031
bestSuite:2441,1577,2485,2702,1729,2477,235,2616,2374,1197,1404,530

test suite483
bestAPFD:0.942708
bestSuite:2066,1566,151,2702,2568,1628,2527,2677,2539

test suite484
bestAPFD:0.954545
bestSuite:1559,2378,2477,123,2476,1052,2683,1769,2544,1716,1664

test suite485
bestAPFD:0.961538
bestSuite:2461,1866,547,2535,1729,2524,2687,2511,1106,2380,1627,369,1122

test suite486
bestAPFD:0.956380
bestSuite:1364,1576,2498,71,2517,2683,2527,1794,741,1729,1283,1578

test suite487
bestAPFD:0.949574
bestSuite:655,1585,2131,2704,2412,1405,2494,1798,2478,149,1716

test suite488
bestAPFD:0.963170
bestSuite:1557,1728,2523,2707,111,1835,2378,2477,2511,600,763,1661,2025,61

test suite489
bestAPFD:0.942708
bestSuite:1557,440,2513,1542,2312,441,2455,2708,1730

test suite490
bestAPFD:0.956380
bestSuite:84,841,1595,1861,2514,1720,2535,495,2700,2553,385,320

test suite491
bestAPFD:0.960337
bestSuite:2446,1566,2703,2494,2493,782,2548,2537,988,2394,1730,1646,111

test suite492
bestAPFD:0.954545
bestSuite:1568,2489,1644,2523,2513,1726,958,1794,2516,805,2705

test suite493
bestAPFD:0.953835
bestSuite:2653,1401,2491,2548,2429,2615,1726,1873,2689,2498,2380

test suite494
bestAPFD:0.959821
bestSuite:1123,1651,301,336,2490,1732,2368,1116,2380,2581,1405,281,2685,2502

test suite495
bestAPFD:0.952415
bestSuite:718,1575,990,2707,2568,2496,2487,2575,1806,2532,2455

test suite496
bestAPFD:0.948438
bestSuite:2590,2507,1729,2697,2551,947,2529,183,780,115

test suite497
bestAPFD:0.956380
bestSuite:230,995,1670,1862,2481,2690,1264,2529,2530,2528,1495,1729

test suite498
bestAPFD:0.953125
bestSuite:2591,2408,2495,2614,2695,2344,2397,1730,2502,2453,246

test suite499
bestAPFD:0.956380
bestSuite:1401,884,1039,1580,173,2598,2691,2233,1043,2535,1729,2522

test suite500
bestAPFD:0.950000
bestSuite:2461,2415,2494,2685,611,156,1728,1403,1644,1666

