410641,1
410645,1
410647,4
410651,1
420902,1
420903,1
420911,1
420920,1
420921,1
420410,1
420923,1
420928,3
420931,3
420433,1
420435,1
410203,1
410223,43
410224,30
410815,1
410240,1
410561,1
410764,1
410259,1
410260,1
420502,3
420503,2
410265,1
420510,1
411808,1
411811,1
411812,1
410801,1
410803,1
410809,1
410810,25
410812,2
410813,1
410302,1
410303,1
410308,93
410312,5215
410828,1
410831,1
410834,1
410837,1
410843,1
410845,1
410846,1
410847,1
410848,1
410851,1
410361,4
411519,11
410381,1
410925,1
410501,84
410410,12
410411,1
410413,1
410415,2
410421,54
410423,1
410426,2
410427,1
410428,1
410445,1
410452,1
410455,3
410456,1
410457,1
410458,1
410463,1
410464,1
410465,1
410466,1
410468,1
410469,1
410470,1
410481,1
411511,1
410488,1
411513,25
410490,1
411518,5
410495,1
411520,18
411521,2
410500,1
411525,46
410503,278
410504,19
410505,1
410510,4
410512,3
410516,2
410530,35
410533,1
410535,1
410545,3
410546,1
410549,1
120252,2249
410558,45
410560,1
420512,1
410562,2
410563,1
410564,1
410573,1
410592,1
410601,1
410605,26
410606,1
410608,3
410609,1
410611,1
410618,1
410621,2191
