410501 410312
410501 410312 410223 410224 410312
410501 410312 410223 410224
410501 410312 410224 410223 410312
410501 410312 410501 410312
410501 410312 410224 410223
410504 410308 410503
410308 410503
410504 410308 410558 410530 410503
410308 410504 410503
410504 410308
410308 410504 410558 410530 410503
410558 410530 410503
410312 410501 410312
410504 410308 410530 410558 410503
410504 410308 410558 410503 410530
410308 410504
410530 410558 410503
410501 410312 410558 410530
410558 410503 410530
410501 410312 410558 410530 410312
410308 410504 410530 410558 410503
410308 410558 410530 410503
410501 410312 410530 410558
410308 410504 410558 410503 410530
410504 410308 410503 410530 410558
410504 410308 410530 410503 410558
410308 410558 410503 410530
410504 410308 410503 410558 410530
410501 410312 410530 410558 410312
410308 410530 410558 410503
410503 410530 410558
410503 410558 410530
410223 410224 410312
410312 410501
410308 410504 410503 410558 410530
410308 410504 410530 410503 410558
410530 410503 410558
410308 410504 410503 410530 410558
410308 410503 410530 410558
410501 410312 410501 410312 410501 410312
410224 410223 410312
410308 410530 410503 410558
410308 410503 410558 410530
410312 410223 410224 410312
410503 410421
410312 410224 410223 410312
410558 410530 410312
410501 410558 410312 410530
410501 410558 410530 410312
410530 410558 410312
410558 410308 410530 410503
410312 410530
410503 410421 410411 410503
410501 410312 410558
410501 410558 410312 410530 410312
410501 410530 410558 410312
410501 410312 411525 410312
410558 410530
410501 410312 411525
410558 410308 410503 410530
410501 410312 410558 410312
410223 410224
410501 410312 410558 410530 410223 410224
410530 410558
410501 410312 410501 410312 410501 410312 410501 410312
410501 410312 410223 410224 410501 410312
410224 410223
410501 410530 410312 410558
410501 410312 410530 410601 410608 410312
410501 410312 410618 410312
410501 410312 410223 410224 410223 410224 410312
410501 410312 410530 410601 410608
410312 410530 410312
410504 410503
410501 410312 410558 410530 410558 410530
410501 410312 410618
410501 410312 410224 410223 410501 410312
410530 410308 410558 410503
410501 410312 411520 410312
410530 410558 410308 410503
411518 411519
410501 410312 410224 410223 410224
410312 410530 410558
410501 410312 410224 410223 410224 410312
410501 410312 410223 410224 410223 410312
410558 410530 410308 410503
410501 410312 410530 410558 410224 410223
410501 410312 410530 410558 410223 410224
410503 410308
410501 410312 410558 410530 410224 410223
410501 410312 410223 410224 410312 410501 410312
410240 410573 410641
410501 410312 410558 410530 410558 410530 410312
410501 410312 410601 410530 410608
410501 410312 410530 410558 410530
410501 410312 410601 410530 410608 410312
410501 410312 410223 410224 410223 410224
410558 410530 410503 410558 410530 410503
410308 410503 410421 410411 410503
410501 410530 410312 410558 410312
410312 410223 410224
410501 410312 410224 410223 410224 410223 410312
410312 410224 410223
410501 410312 411520
410421 410411 410503
410312 410501 410223 410224
410312 410501 410312 410501 410312
410501 410312 410530 410312
410308 410503 410421
411519 411518
410503 410421 410503
410421 410503
410530 410312
410501 410312 410558 410530 410558 410312
410240 410641 410573
410501 410312 410530 410558 410530 410558
410501 410504 410308 410503
410501 410312 410501
410501 410312 410558 410530 410558
410501 410312 410530
410308 410503 410240 410573 410641
410501 410312 410223 410224 410223
410501 410312 410810 410562
410504 410308 410503 410240 410641 410573
410501 410312 410501 410312 410223 410224 410312
410312 410558 410530
410308 410558 410530 410503 410240 410573 410641
410312 410558 410530 410312
410558 410530 410503 410530 410558 410503
410504 410308 410503 410421 410411 410503
410308 410504 410503 410240 410641 410573
410530 410558 410503 410530 410558 410503
410501 410312 410558 410530 410501 410312
410558 410503 410308 410530
410312 410530 410558 410312
410501 410312 410562 410312
410558 410312
410308 410504 410503 410421
410501 410312 410501 410312 410223 410224
410504 410308 410504 410308
410312 410558 410312
410308 410503 410240 410641 410573 410503
410558 410503 410530 410558 410530 410503
410504 410308 410558 410530 410503 410421
410504 410308 410503 410421
410530 410558 410530 410558 410312
410530 410558 410503 410558 410530 410503
410308 410503 410240 410641 410573
410573 410240 410641
410308 410503 410240 410573 410641 410503
410504 410503 410308
410501 410312 410224 410223 410224 410223
410308 410503 410605
410503 410308 410503
410558 410530 410558 410312
410501 410312 410558 410530 410223 410224 410312
410618 410312
410308 410503 410510 410503
410504 410308 410503 410240 410573 410641
410501 410558 410312 410530 410223 410224
410501 410312 410558 410530 410224 410223 410312
410501 410312 410558 410530 410558 410530 410558 410530
410501 410312 410224 410223 410312 410501 410312
410510 410503
410504 410501 410308 410503
410308 410530 410558 410503 410240 410573 410641
410503 410308 410530 410558
410501 410312 411520 411525 410312
410312 410501 410224 410223
410501 410312 410530 410558 410530 410558 410312
410504 410308 410558 410530 410503 410558 410503 410530
410503 410558 410530 410558 410530 410503
410501 410312 410530 410558 410530 410312
410312 410558
410504 410308 410558 410530 410503 410240 410573 410641
410308 410558 410503 410530 410240 410573 410641
410308 410503 410605 410503 410421 410411 410503
410501 410308 410504 410503
410530 410308 410503 410558
410503 410558 410530 410558 410503
410530 410558 410530 410312
410501 410312 410501 410312 410224 410223 410312
410504 410308 410558 410530 410503 410558 410530 410503
410308 410558 410530 410503 410530 410558 410503
410308 410504 410308
410503 410421 410411 410503 410510 410421
410312 411520 410312
410501 410312 410501 410312 410501 410312 410501 410312 410501 410312
410558 410530 410503 410558 410530
410501 410312 410501 410312 410224 410223
410558 410503 410530 410558 410503
410530 410558 410530 410558
410501 410530 410312
410308 410501 410504 410503
410312 410618 410312
410558 410503 410530 410558 410503 410530
410503 410558 410530 410308
410510 410421
410558 410530 410558 410530 410312
410308 410504 410558 410530 410503 410240 410641 410573
410308 410503 410308 410503
410504 410308 410530 410558 410503 410240 410573 410641
410308 410504 410503 410421 410411 410503
410530 410558 410530
410308 410530 410558 410503 410421
410501 410558 410312 410530 410558 410530
410504 410308 410503 410240 410573 410641 410503
410312 410530 410312 410530
410530 410558 410503 410558 410503 410530
410504 410308 410558 410503 410530 410240 410573 410641
410312 410501 410558 410530 410312
410558 410530 410503 410558 410503 410530
410501 410312 410562
410504 410308 410504
410312 410501 410223 410224 410312
410501 410504 410308
410501 410312 410530 410558 410530 410558 410530
410308 410558 410530 410503 410558 410530 410503
410312 410530 410312 410530 410312
410308 410503 410573 410240 410641
410308 410503 410504
410558 410503 410530 410503 410558 410530
