6410308
6410501
6410504
6410503
6410558
6410530
6410312
6410421
6410510
6410415
6410512
6410411
6410240
6410410
6410573
6410223
6410224
6410605
6411513
6410641
6410413
6411520
6411519
6420503
6420502
6410601
6411518
6410455
6410516
6410618
6410621
6411525
6410608
6410545
6120252
6411521
6410810
6410812
6410606
6410562
6410457
6410647
6420928
6410572
6411511
6410809
6410834
6410815
6420931
6410456
6410361
6420512
6410466
6410560
6410801
6410651
6410589
6410302
6410465
6410203
6420414
6410609
6410505
6410427
6410305
6410561
6410911
6410610
6410303
6420510
6410652
6410837
6410468
6410459
6410549
6420920
6410452
