410308
410501
410504
410503
410558
410530
410312
410421
410510
410415
410512
410411
410240
410410
410573
410223
410224
410605
411513
410641
410413
411520
411519
420503
420502
410601
411518
410455
410516
410618
410621
411525
410608
410545
120252
411521
410810
410812
410606
410562
410457
410647
420928
410572
411511
410809
410834
410815
420931
410456
410361
420512
410466
410560
410801
410651
410589
410302
410465
410203
420414
410609
410505
410427
410305
410561
410911
410610
410303
420510
410652
410837
410468
410459
410549
420920
410452
